mutant	kcat	Km	kcat_Km	kcat_sd	Km_sd	sd	mean_log_kcat	mean_log_Km	log_kcat_sd	log_Km_sd	log_kcat_over_Km	log_sd
A180T	3.524373868	0.31835835655	11.095121175956292	0.014428526598033523	0.021885807294948344	0.7640945370803263	1.2596986043120206	-1.1457605184857815	0.00409393765896527	0.06880004876404115	2.405459122797802	0.06892174573739361
D79S	4.071414921888889	1.7071753636333333	2.9725016806228752	0.9600861861114657	0.677744306017837	1.3725557513444797	1.375873506149436	0.4607155942279225	0.2602675050924419	0.4158631370973198	0.9151579119215135	0.4905928281207019
F58A	8.6072102335	0.24875871875	35.79613982708865	1.1385352596188458	0.06973554280813021	11.09590098809739	2.146000801749026	-1.4217769652849725	0.13278275351895052	0.28753604972293617	3.5677777670339985	0.3167147605059562
G80A	8.829394193	0.30775177266666665	28.834850503076712	0.2412767700854048	0.025500466265464403	2.5158472955738675	2.177837342866391	-1.180822093928062	0.027338752094759868	0.08478778549707272	3.3586594367944533	0.08908633978111545
H141E	6.927424868666667	0.11428224663333333	60.91147381627717	1.450004336998934	0.00803742266574712	13.450053308891167	1.921772817904298	-2.1707068223062373	0.19945638172866956	0.06949305095186997	4.092479640210535	0.21121584302057445
H141R	7.22074108275	0.130603618155	54.210372697817576	3.0640722747367932	0.04670443480187484	30.083000013716518	1.9035108776073622	-2.085328071744217	0.4496800819139538	0.36647107674763624	3.988838949351579	0.5800976005490043
K101R	8.2298123605	0.190887642525	44.717727653356484	2.445462133292696	0.028249374592533023	14.844474212628317	2.0726703132946396	-1.665112893635075	0.3098256327425867	0.15901171247969187	3.7377832069297146	0.3482479682784501
K132H	6.728329598666667	5.571179754	1.2056087097861605	0.7737376217035544	0.231912446091292	0.14744514652977572	1.901691900902117	1.717026785902105	0.11936360918470056	0.04175907393626256	0.18466511500001204	0.1264574689514707
K143W	10.1883856	0.2297296215	54.399031759064385	0.3680639527078745	0.1381718790881343	32.77750023245563	2.3208187262603643	-1.5794805428620553	0.03579120532454461	0.5509773072603463	3.90029926912242	0.5521385727283014
Q147E	7.6331000985	0.670449836825	11.634727725547819	1.2955045996847596	0.07476139480746015	2.36273402392511	2.022095396304547	-0.4044916271078261	0.16491572009308034	0.1118667460946628	2.4265870234123734	0.19927710258739456
R108A	7.82154127825	0.189623639325	41.97903660428629	0.6478804187280457	0.02240241775247396	6.057021910950113	2.0542949289213035	-1.6679294803180171	0.08315238340613093	0.11779108360898881	3.7222244092393204	0.1441841123144294
R108G	9.237449303333333	0.1134631272	82.30028678754653	0.2848511776373617	0.015773165406925624	11.7191335288909	2.2229455159803115	-2.182474227629909	0.0310777287427457	0.13497978930145169	4.405419743610221	0.13851125854482724
R108I	13.206340280000001	3.1367771133333333	4.272077185593388	3.8808177497313197	1.1351742581965727	1.991537590708293	2.5541342594116894	1.103319005932922	0.276048908393223	0.33698011246828935	1.4508152534787673	0.43561289699024175
R108L	5.18639056225	0.30032367055	19.326487494528205	1.2589228252764753	0.14658774782831982	10.535356137689625	1.6245980165769613	-1.30111837561333	0.23718124012489325	0.5200795545291186	2.9257163921902913	0.5716097302411749
R108Q	9.183089296	0.1500979264	61.224147397713075	0.04410670814230287	0.004844771675469386	1.9979157716314988	2.217355989470302	-1.8968107269758978	0.0047999670534127565	0.032003973938811874	4.1141667164462	0.03236192255707311
R108Y	6.3696695794	0.2389536501	30.30147891371084	3.6607788790755187	0.10977640107444092	22.29488994323027	1.706952258471655	-1.5189637458823488	0.6114627135385512	0.477144203363083	3.225916004354004	0.7755986338634948
R78K	4.317556307	2.06879969625	2.3770344470877087	1.46502035407727	1.1861204065428517	1.583632921966953	1.4194832436238765	0.5865576501351584	0.3388180666731648	0.6255698125557564	0.8329255934887181	0.711431846830872
T34A	6.2300556405	1.73118435525	3.7774084163027766	1.6873079704430318	0.532525472737083	1.5481534094994083	1.797950917052974	0.5090930957692508	0.29942850227644363	0.3348682664127093	1.2888578212837232	0.44921507524321513
T34E	8.930140410166667	1.4006595478333335	6.482010217258546	0.5606593204814126	0.21569960076046432	1.0779886680827964	2.1877979719147214	0.3260906199775469	0.0625564704009599	0.16538298128519424	1.8617073519371745	0.17681867120811953
T34G	5.0261257052	0.75141006058	7.102153883176611	1.8125990197588162	0.2784986978383859	3.6727685223734534	1.568994532651316	-0.34821989475687765	0.32731322968711773	0.4063837611287413	1.9172144274081937	0.5218062012254682
T34L	15.17425879	2.0404902253333335	7.5089905825620225	2.202184397887039	0.170413892072841	1.2573153386394513	2.7126877860543144	0.7109268883895098	0.14343774568562107	0.08183268070826237	2.0017608976648047	0.1651392579590732
T34Q	5.420764411	2.2163292623333333	2.499610299464431	0.34159678275891053	0.4483170795514854	0.529586511742337	1.6888871668139687	0.7808698462931907	0.06393809027392776	0.21680735412946076	0.908017320520778	0.22603873162025648
T34S	6.8928271535	0.43533253075	15.830803176885606	0.3972618464054745	0.022213418776217506	1.218599096327318	1.929650215376383	-0.832296446924887	0.05766603267585357	0.051048484097150945	2.76194666230127	0.07701505731472051
WT	8.9229255175	0.44755020428750003	23.89662643545018	1.5195268476795305	0.24291143185598651	13.593515140158427	2.176932407276331	-0.9172838332422976	0.16028015562520112	0.4973521626939804	3.094216240518629	0.522540813739576
Y157A	4.462840681	0.12415305833333333	37.092319066170376	0.9965532461040691	0.02136341889623362	10.456625524808226	1.4802256843733987	-2.095610154422677	0.2122418381390279	0.1653757558595613	3.575835838796076	0.26906456192288597
