data	ICF	FCF	[S]	kintr	basS	EvapC	basA	basR	toff	kcat	Km	[E]	end_time	time_interval
20190212-PE1_WT-C3-8-1-20	6745.322608	21463.97219	5.75	0	-0.1428971475	0	0	0	0	7.768999416	0.3145807725	8.5e-4	3260	4
20190212-PE1_WT-C4-8-1-20	6696.330029	21386.87436	5.7	0	-0.1621935885	0	0	0	0	8.06472007	0.3255349173	8.5e-4	3260	4
20190222-PE1_WT-G3-8-1-20	6626.468222	19629.78117	5.2	0	-0.148398529	0	0	0	0	7.801459449	0.2317340912	9.5e-4	4800	5
20190222-PE1_WT-G4-8-1-20	6771.086109	20128.62438	5.2	0	-0.226436014	0	0	0	0	8.818662588	0.2421712894	9.5e-4	4800	5
20190524-PE1_WT-A2-7-1-20	7143.820281	29305.09716	8.35	0	-0.1573272236	0	0	0	0	7.493835322	0.4535849289	8.5e-4	4800	5
20200531-PE1_WT-G2-8-1-20	9281.134349	20856.37954	4.41	0	-0.6311934502	0	0	0	0	11.98595297	0.3949819649	0.001	915	5
20190213-PE2_T34A-G3-8-1-20	6522.697982	13367.69531	2.7	0	-0.0579058452	0	0	0	0	7.115416403	2.016019356	9e-4	3960	4
20190213-PE2_T34A-G4-8-1-20	6449.365586	13428.07217	2.7	0	-0.04958964777	0	0	0	0	7.857644035	2.280011984	9e-4	3960	4
20190606-PE2_T34A-A5-45-3-70	-11561.62977	34185.17326	30.7	0	0.6234397885	0	0	0	620	3.985993049	1.560229741	0.003	4980	5
20190715-PE2_T34A-A4-15-1-70	-4719.21593	22294.9193	18	0	0.3529511298	0	0	0	700	5.961169075	1.06847634	0.001	4980	5
20200602-PE2_T34A-A5-30-3-70	10626.0269	25017.34771	16.8	0	-0.1713084491	0	0	0	0	24.18290316	4.715452258	0.003	4980	5
20190212-PE3_T34E-C6-8-1-20	6051.966838	15469.82262	3.65	0	-0.1008413729	0	0	0	0	8.761522377	1.512439209	8.5e-4	3260	4
20190212-PE3_T34E-C7-8-1-20	5957.704094	15359.58669	3.65	0	-0.09431945613	0	0	0	0	8.594350149	1.494738904	8.5e-4	3260	4
20190220-PE3_T34E-E3-16-1-20	6283.155349	23379.52642	6.6	0	-0.02288708756	0	0	0	0	8.961824732	1.402529572	7.8e-4	4800	5
20190220-PE3_T34E-E4-16-1-20	6227.488771	23290.76208	6.6	0	-0.02859458337	0	0	0	0	9.318881969	1.308647766	7.5e-4	4800	5
20190220-PE3_T34E-E6-8-1-20	6099.374324	14174.96713	3.26	0	-0.0523642413	0	0	0	0	8.173740482	1.029654735	7.5e-4	4800	5
20190530-PE3_T34E-E2-25-2-50	6287.888849	19498.94781	11.8	0	-0.08107205549	0	0	0	0	9.770522752	1.655947101	0.0019	2715	5
20190212-PE4_R108L-E2-8-1-20	5949.070475	23492.54535	6.6	0	-0.0679728925	0	0	0	0	4.1131697	0.1699944087	8.5e-4	4980	5
20190212-PE4_R108L-E3-8-1-20	5998.561441	23843.00505	6.7	0	-0.06344534635	0	0	0	0	4.263657428	0.1773283786	8.5e-4	4980	5
20190226-PE4_R108L-A4-8-1-20	5854.573417	24306.54294	7.1	0	-0.1672471623	0	0	0	0	5.568127183	0.4384681146	9.1e-4	4800	5
20190226-PE4_R108L-A5-8-1-20	5788.290495	23887.24556	7	0	-0.1702193185	0	0	0	0	6.800607938	0.4155037803	9.1e-4	4800	5
20190212-PE5_R108A-C10-8-1-20	6312.73907	22418.91006	6.2	0	-0.2070349055	0	0	0	0	7.133951343	0.2145792161	8.5e-4	3260	4
20190212-PE5_R108A-C9-8-1-20	6359.419638	22626.49851	6.3	0	-0.2294625035	0	0	0	0	7.412808813	0.2025183845	8.5e-4	3260	4
20190227-PE5_R108A-D3-8-1-20	5867.001049	20933.32923	5.9	0	-0.1386915242	0	0	0	0	8.273672377	0.1710348281	0.00093	4800	5
20190227-PE5_R108A-D4-8-1-20	5779.381761	20806.40328	5.9	0	-0.1819174913	0	0	0	0	8.46573258	0.1703621286	0.00093	4800	5
20190212-PE7_Q147E-E5-8-1-20	5895.717006	20565.88147	5.65	0	-0.05311768202	0	0	0	0	6.736969267	0.7347796308	8.5e-4	4980	5
20190212-PE7_Q147E-E6-8-1-20	5871.779804	20629.44221	5.65	0	-0.06989181057	0	0	0	0	6.541330126	0.7355772383	8.5e-4	4980	5
20190222-PE7_Q147E-G6-8-1-20	6451.76453	19944.94738	5.2	0	-0.1098207564	0	0	0	0	7.897629648	0.6036822543	9.5e-4	4800	5
20190222-PE7_Q147E-G7-8-1-20	6528.039731	20008.34706	5.3	0	-0.1063592255	0	0	0	0	9.356471353	0.6077602239	9.5e-4	4800	5
20190222-PE8_F58A-G10-8-1-20	6477.552243	17000.96813	4.2	0	-0.08433196567	0	0	0	0	7.564399279	0.1734594373	9.5e-4	4800	5
20190222-PE8_F58A-G9-8-1-20	6495.80018	17108.10382	4.2	0	-0.1054873325	0	0	0	0	7.686214537	0.2099327061	9.5e-4	4800	5
20190227-PE8_F58A-D6-8-1-20	6166.036027	19320.79214	5.15	0	-0.1652722894	0	0	0	0	9.477687415	0.2846151713	0.00093	4800	5
20190227-PE8_F58A-D7-8-1-20	6187.331128	19335.20669	5.15	0	-0.1749057487	0	0	0	0	9.700539703	0.3270275603	0.00093	4800	5
20190213-PE9_D79S-G6-8-1-20	6967.535482	23894.37683	6.5	0	-0.04083004309	0	0	0	0	4.938517268	0.8170073047	9e-4	3960	4
20190213-PE9_D79S-G7-8-1-20	6904.774679	24283.08542	6.5	0	-0.09217431343	0	0	0	0	4.707800561	1.025198422	9e-4	3960	4
20190227-PE9_D79S-E3-12-1-20	6212.984956	32054.20253	9.3	0	-0.2482789321	0	0	0	0	4.17062493	1.510985483	0.00093	4800	5
20190227-PE9_D79S-E4-12-1-20	6256.854485	33066.43469	9.4	0	-0.447175144	0	0	0	0	4.003266108	1.526691668	0.00093	4800	5
20190315-PE9_D79S-C3-20-3-20	5466.334868	18041.30577	5.1	0	-0.04128959349	0	0	0	0	4.220267929	2.152549706	0.0027	4980	5
20190315-PE9_D79S-C4-20-3-20	5596.310003	18062.3187	5.1	0	-0.04536880962	0	0	0	0	3.999215957	1.852383073	0.0027	4980	5
20190315-PE9_D79S-E3-42-3-20	5687.782394	26385.40429	9.33	0	0.3305039895	0	0	0	0	2.608789572	2.753463858	0.0025	4980	5
20190315-PE9_D79S-E4-42-3-20	6024.051476	27700.34051	9	0	0.3626843746	0	0	0	0	2.578481683	2.564335237	0.0025	4980	5
20190531-PE9_D79S-E10-30-5-70	8936.807094	35658.62567	27.9	0	-0.1399206692	0	0	0	0	5.415770289	1.161963521	0.005	3342	6
20190227-PE10_G80A-D10-8-1-20	5913.257312	22392.61232	6.48	0	-0.1138563091	0	0	0	0	8.831357436	0.278745778	0.00093	4800	5
20190227-PE10_G80A-D9-8-1-20	5831.627127	22570.8647	6.48	0	-0.165776487	0	0	0	0	9.069683351	0.3178658083	0.00093	4800	5
20190605-PE10_G80A-G2-10-1-20	6837.814425	26574.67769	7.6	0	-0.1825513178	0	0	0	0	8.587141792	0.3266437317	0.001	4800	5
20190213-PE11_T34G-A6-8-1-20	6032.69302	22937.54871	6.3	0	-0.01653843897	0	0	0	0	3.991646735	0.4634619247	9e-4	3885	5
20190213-PE11_T34G-A7-8-1-20	5949.102765	22584.22185	6.3	0	0.04149728259	0	0	0	0	3.427633445	0.4484327877	9e-4	3885	5
20190227-PE11_T34G-E7-11-1-20	6266.650693	28886.9089	8.6	0	-0.0657952491	0	0	0	0	4.421552925	1.017633879	0.00093	4800	5
20190227-PE11_T34G-E6-11-1-20	6392.705087	29249.27815	8.7	0	-0.04573831897	0	0	0	0	5.246616136	0.991046233	0.00093	4800	5
20190530-PE11_T34G-E4-25-2-50	6787.065838	27958.20447	19.2	0	0.09424449908	0	0	0	0	8.043179285	0.8364754785	0.0019	2715	5
20190214-PE12_H141R-C3-8-1-20	6210.274616	23373.96686	6.8	0	-0.09536691965	0	0	0	0	9.83880892	0.158773981	9.1e-4	4980	5
20190214-PE12_H141R-C4-8-1-20	6203.642364	23311.62125	6.7	0	-0.08363424369	0	0	0	0	9.883031364	0.1814573828	9.1e-4	4980	5
20190227-PE12_H141R-E10-8-1-20	6343.881647	22242.98522	6.1	0	-0.09448896645	0	0	0	0	4.20475819	0.08651817457	0.00093	4800	5
20190227-PE12_H141R-E9-8-1-20	6322.297844	22501.89901	6.2	0	-0.1033251376	0	0	0	0	4.956365857	0.09566493425	0.00093	4800	5
20200603-PE12_H141R-C5-8-1-20	6981.376206	21923.19042	5.86	0	-0.1152277938	0	0	0	0	6.984547882	0.1080132427	0.001	4800	5
20190213-PE13_T34Q-G10-8-1-20	6370.626846	16350.48089	3.8	0	-0.02119528564	0	0	0	0	5.525999966	2.427810502	9e-4	3960	4
20190213-PE13_T34Q-G9-8-1-20	6559.87991	16518.63307	3.8	0	-0.0301633751	0	0	0	0	5.697361564	2.519789043	9e-4	3960	4
20190605-PE13_T34Q-G8-45-3-70	-9528.128121	27534.40061	21.3	0	0.05780911185	0	0	0	420	5.038931703	1.701388242	0.003	2775	5
20190529-PE14_Y157A-C4-6-1-20	8534.193299	27701.40506	7.5	0	-0.4961529386	0	0	0	0	12.14940528	0.2214672363	9.7e-4	3520	5
20190606-PE14_Y157A-C8-8-1-20	-11471.61807	19971.87067	6	0	-0.2435762644	0	0	0	400	5.61268512	0.1099557342	0.001	4415	5
20200608-PE14_Y157A-G5-8-1-20	7049.349851	24591.00933	6.7	0	-0.4934135825	0	0	0	0	8.541806031	0.1271667266	0.001	4975	5
20190315-PE15_T34L-C10-15-3-20	7372.275805	26003.40488	8	0	-0.07585748228	0	0	0	0	14.77408911	1.921447049	0.0025	4980	5
20190315-PE15_T34L-C9-15-3-20	7779.823455	26266.42951	8	0	-0.1254309502	0	0	0	0	17.54908828	1.964319381	0.0025	4980	5
20190605-PE15_T34L-G4-20-1-20	6640.351696	27179.63119	7.9	0	0.01990431109	0	0	0	0	13.19959898	2.235704246	0.001	4800	5
20190214-PE16_R108I-C6-8-1-20	6239.053047	23695.06272	7	0	0.02484703	0	0	0	0	11.02244025	2.46029183	9.1e-4	4980	5
20190214-PE16_R108I-C7-8-1-20	6182.939334	23607.12579	7	0	0.03239591881	0	0	0	0	10.90953213	2.502704815	9.1e-4	4980	5
20190228-PE16_R108I-G5-12-1-20	6784.818424	25742.60097	7.3	0	-0.1703408921	0	0	0	0	17.68704846	4.447334695	8e-4	5940	6
20190228-PE18_R108Y-G7-8-1-20	4635.106961	11421.02487	2.8	0	-0.2591021134	0	0	0	0	10.20005311	0.1934500346	8.4e-4	5940	6
20190530-PE18_R108Y-E6-15-2-50	6123.834412	24388.04253	16	0	-0.2094848735	0	0	0	0	10.29418296	0.4083110471	0.0019	2715	5
20190606-PE18_R108Y-C10-8-1-20	-3565.417374	16662.8731	5	0	-0.1338250724	0	0	0	200	5.301452309	0.1098564905	0.001	4415	5
20200603-PE18_R108Y-C7-8-1-20	5827.090056	19602.72327	5.34	0	-0.08104911069	0	0	0	0	5.537322492	0.1619797419	0.001	4800	5
20190214-PE19_R78K-C10-8-1-20	4726.792065	14648.93253	3.9	0	0.01855098912	0	0	0	0	3.075926184	1.030663565	9.1e-4	4980	5
20190214-PE19_R78K-C9-8-1-20	4768.509361	14637.64401	3.9	0	0.01987892615	0	0	0	0	3.146532704	1.063788279	9.1e-4	4980	5
20190315-PE19_R78K-E6-24-3-20	10209.49405	36190.17198	10.5	0	0.1843019411	0	0	0	0	6.078618815	3.241443534	0.0025	4980	5
20190315-PE19_R78K-E7-24-3-20	10043.09895	36047.33937	10.5	0	0.3049432996	0	0	0	0	4.969147525	2.939303407	0.0025	4980	5
20190315-PE20_K132H-E10-32-3-20	6765.369394	32217.52628	10.8	0	0.5775942946	0	0	0	0	5.835037704	5.330427349	0.0025	4980	5
20190315-PE20_K132H-E9-32-3-20	6803.231502	32657.88737	10.6	0	0.3709926593	0	0	0	0	7.188835576	5.590007484	0.0025	4980	5
20190606-PE20_K132H-A9-40-3-70	-9262.771628	32720.46685	27.9	0	0.3346075436	0	0	0	350	7.161115516	5.793104429	0.003	4980	5
20190215-PE22_K143W-G3-8-1-20	6330.915824	21576.67409	6	0	-0.08385661296	0	0	0	0	10.02372509	0.1523166771	7.1e-4	4980	5
20190215-PE22_K143W-G4-8-1-20	6274.879814	21605.27666	6	0	-0.07784925301	0	0	0	0	10.6100332	0.1476184824	7.1e-4	4980	5
20190605-PE22_K143W-G6-10-1-20	6930.628866	21509.31875	5.7	0	-0.168872715	0	0	0	0	7.776907695	0.09988882189	0.001	4800	5
20190215-PE25_R108G-G6-8-1-20	5839.647148	15278.9291	3.8	0	-0.0889124967	0	0	0	0	9.452886859	0.1314221591	7.1e-4	4980	5
20190215-PE25_R108G-G7-8-1-20	5950.28845	15273.77244	3.8	0	-0.09525409599	0	0	0	0	9.34497501	0.1018572779	7.1e-4	4980	5
20190314-PE25_R108G-A3-8-1-20	6297.693206	16605.11186	4	0	-0.2042105862	0	0	0	0	8.914486041	0.1071099446	8e-4	3425	5
20190215-PE26_R108Q-G10-8-1-20	6033.843294	19280.71874	5.2	0	-0.07952400495	0	0	0	0	9.174878094	0.1556584336	7.1e-4	4980	5
20190215-PE26_R108Q-G9-8-1-20	5989.364258	19485.79815	5.2	0	-0.08425015016	0	0	0	0	9.230724586	0.1467862762	7.1e-4	4980	5
20190314-PE26_R108Q-A5-8-1-20	6553.97109	24631.07628	7	0	-0.2718152646	0	0	0	0	9.143665208	0.1478490694	8e-4	3425	5
20190215-PE27_H141E-C3-8-1-20	6285.953987	21868.41338	6.65	0	0.3255568216	0	0	0	0	6.152494676	0.1232048245	7.1e-4	4980	5
20190215-PE27_H141E-C4-8-1-20	6254.293524	21971.35534	6.65	0	0.2941137717	0	0	0	0	6.029539828	0.1076094274	7.1e-4	4980	5
20190314-PE27_H141E-A7-8-1-20	7150.330092	25254.58498	7	0	0.01263213722	0	0	0	0	8.600240102	0.112032488	8e-4	3425	5
20190215-PE28_K101R-C6-8-1-20	5740.810855	21777.61234	6.3	0	-0.004888909445	0	0	0	0	6.710525184	0.212507159	7.1e-4	4980	5
20190215-PE28_K101R-C7-8-1-20	5727.128365	21424.66769	6.3	0	0.05118643775	0	0	0	0	5.589740298	0.1949290383	7.1e-4	4980	5
20190314-PE28_K101R-A9-8-1-20	6408.115235	24165.81326	6.75	0	-0.2541860214	0	0	0	0	10.23041456	0.1499404306	8e-4	3425	5
20190529-PE28_K101R-C6-7-1-20	7236.912084	23849.59112	6.5	0	-0.1572094334	0	0	0	0	10.3885694	0.2061739422	9.7e-4	3520	5
20200604-PE29_R112S-E7-9-3-20	4617.050293	14103.22912	3.8	0	-0.1013931193	0	0	0	0	6.689403255	4.947653658	0.003	4980	5
20200608-PE29_R112S-G7-20-3-50	7391.502477	33748.96368	22.3	0	-0.08104866581	0	0	0	0	5.48590858	2.674134505	0.003	4975	5
20200609-PE29_R112S-A7-20-3-50	8412.631508	24040.22713	13.5	0	-0.0871830681	0	0	0	0	2.401563355	1.501672246	0.003	4795	5
20190215-PE31_T34S-C10-8-1-20	5439.76913	19524.45157	5.6	0	0.03613334911	0	0	0	0	7.173733699	0.4510397898	7.1e-4	4980	5
20190215-PE31_T34S-C9-8-1-20	5398.248053	19519.02554	5.6	0	0.009547871568	0	0	0	0	6.611920608	0.4196252717	7.1e-4	4980	5
20200603-PE32_D79A-C11-25-3-50	8902.217861	31252.21178	20.7	0	0.1502855287	0	0	0	0	5.833883206	1.063739461	0.003	4800	5
20200604-PE32_D79A-E9-20-3-50	10729.44847	38509.47632	25.4	0	-0.2567862073	0	0	0	0	16.34240443	6.457972048	0.003	4980	5
20200608-PE32_D79A-G9-20-3-50	8524.287301	40724.73335	28.2	0	-0.1661793757	0	0	0	0	13.41363212	3.885348571	0.003	4975	5
20200609-PE32_D79A-A9-20-3-50	9475.090382	39935.22202	27.2	0	-0.07939145202	0	0	0	0	12.10185114	3.149645619	0.003	4795	5
20190214-PE39_A180T-A10-8-1-20	5650.541599	20569.96077	6.1	0	0.2417430018	0	0	0	0	3.534576377	0.3338339593	9e-4	4980	5
20190214-PE39_A180T-A9-8-1-20	5779.976708	20459.94227	6.1	0	0.2543024626	0	0	0	0	3.514171359	0.3028827538	9e-4	4980	5
20200609-PE39_A180T-A5-8-1-20	6406.90988	22851.47916	6.2	0	-0.120654301	0	0	0	0	5.008086114	0.4494138975	0.001	4795	5
