mutant	mean_kcat	kcat_se	mean_Km	Km_se	mean_kcat_Km	se
A180T	4.0189446166666665	0.4946058253801764	0.3620435368666667	0.04458953247259888	11.111278859849234	0.2933314842478358
D79A	11.922942724	2.2147695644093783	3.63917642475	1.113505180921593	3.82738665569205	0.6169813115760557
D79S	4.071414921888889	0.32002872870382193	1.7071753636333333	0.22591476867261234	2.9725016806228752	0.5861262976268766
F58A	8.6072102335	0.5692676298094229	0.24875871875	0.034867771404065113	35.79613982708865	2.9658792995985266
G80A	8.829394193	0.13930120815801192	0.30775177266666665	0.014722701062826844	28.834850503076712	1.5642544466282167
H141E	6.927424868666667	0.8371603942924594	0.11428224663333333	0.0046404081396598995	60.91147381627717	8.119949597073653
H141R	7.1735024426	1.1876499167872776	0.126085543064	0.018644265527295555	56.301060303723844	3.040547181291971
K101R	8.2298123605	1.222731066646348	0.190887642525	0.01412468729626651	44.717727653356484	9.196763991771228
K132H	6.728329598666667	0.44671762417268795	5.571179754	0.13389471317923202	1.2056087097861605	0.057309045866703184
K143W	9.470221995	0.8634088040824598	0.13327466046333333	0.01674792446139004	71.84626112192439	3.477750663330636
Q147E	7.6331000985	0.6477522998423798	0.670449836825	0.03738069740373008	11.634727725547819	1.576787146441906
R108A	7.82154127825	0.32394020936402285	0.189623639325	0.01120120887623698	41.97903660428629	4.138828152287857
R108G	9.237449303333333	0.16445890408791267	0.1134631272	0.009106641293661002	82.30028678754653	5.739751725593654
R108I	13.206340280000001	2.240591172483255	3.1367771133333333	0.655393163546925	4.272077185593388	0.15161976528206472
R108L	5.18639056225	0.6294614126382375	0.30032367055	0.07329387391415991	19.326487494528205	2.8671347666035736
R108Q	9.183089296	0.02546501981902682	0.1500979264	0.002797130230994524	61.224147397713075	1.1797904128451868
R108Y	7.833252717750001	1.3946095829190128	0.218399328525	0.06560846335199655	40.095486422961315	6.341944987642269
R112S	4.858958396666667	1.2768702167532244	3.041153469666667	1.011553947034153	1.6675885015846417	0.20477960908681753
R78K	4.317556307	0.732510177038635	2.06879969625	0.5930602032714258	2.3770344470877087	0.3451122479619765
T34A	9.8206251444	3.6495534782223396	2.3280379358	0.631483731763878	4.047614274209561	0.5644660010708255
T34E	8.930140410166667	0.22888820911916782	1.4006595478333335	0.08805899326419733	6.482010217258546	0.35995926749299956
T34G	5.0261257052	0.8106189248260395	0.75141006058	0.12454840400236092	7.102153883176611	0.994073377559144
T34L	15.17425879	1.2714317549252756	2.0404902253333335	0.09838850646190658	7.5089905825620225	0.8792856227888965
T34Q	5.420764411	0.1972209944801671	2.2163292623333333	0.258835986561357	2.499610299464431	0.23106532086043968
T34S	6.8928271535	0.2809065454999997	0.43533253075	0.015707259049999978	15.830803176885606	0.07407674996292446
WT	9.218079677125	0.6591214965507379	0.38032879385	0.04449072921276195	25.952271186420596	2.5729903719228266
Y157A	8.767965477	1.8903737446863849	0.15286323236666666	0.03465995086364966	57.69126265235815	4.865625077815645
