mutant	kcat	kcat_se	Km	Km_se	kcat_Km	kcat_Km_se
A180T	2.3194293848835783	0.045256933580768315	1.1674162273137016	0.09049977730434604	1.986805845778529	0.1588239015426029
D79A	3.1958357102208677	0.13577903499215646	2.6472653081396653	0.31421950225219536	1.2072215430748434	0.1521951329581803
D79S	2.2253334207102613	0.12310767111049095	0.8558267352436905	0.20680044235746659	2.600214890548627	0.6445671991474422
F58A	1.9393596541408973	0.05949407172721682	1.5950874625642582	0.1582250299675979	1.2158327989257642	0.12624055773262272
G80A	1.2452899971563536	0.0975117354123563	1.0362586639112665	0.3305994907518634	1.2017173322885588	0.394765313213143
H141R	0.5974139845472766	0.027223278940470025	0.5	0.12501138460352604	1.1948279690945531	0.30365531191852546
H141V	0.47884813324398096	0.034460159335053975	0.5	0.20181912393738824	0.9576962664879619	0.39265868373808643
K101R	4.0387432600355675	0.4171208891393141	304.87676352143734	50.521757520330404	0.013247133738191839	0.0025866608556544173
K132H	1.8753830329735115	0.16623418163111023	1.6499726478213903	0.4935147713352796	1.136614619308842	0.35458143523254804
K143W	1.1932043865542816	0.0760391166360622	0.6487610252157309	0.19732732886627324	1.8392047921767625	0.5715595657584446
N105L	0.3642472836472065	0.021509277180147567	1.8850855228567949	0.3485213644128822	0.19322586653532822	0.03750224644679397
Q147E	1.9304212903467242	0.07011511630423106	1.3821705323294495	0.1778823693482698	1.3966592726393008	0.18676818557092134
R108A	2.9975877916161546	0.13121752726655728	0.9378627973014934	0.16015560307874155	3.1961901039694665	0.5634495497501012
R108G	5.424134684083269	0.11874803870828975	8.484065013129658	0.5497407523462984	0.6393320508139739	0.0437273009635867
R108I	8.12804341496203	0.5543898900617621	149.15949328115644	15.73253150847962	0.05449229704502395	0.00684460655478967
R108L	3.3993469920018375	0.0822556221136576	49.15472185503719	2.9472504045198114	0.06915606199597456	0.004471439062284889
R108Q	3.812121561576347	0.10245368443541833	8.68674025057084	0.6370463122457106	0.4388437378826697	0.034275915839534335
R108Y	4.464454655076257	0.14494092448570603	19.301079739359956	1.5943031410348856	0.23130595362352008	0.02052905404578912
R112S	0.7766055741244781	0.122637046061123	4.0912329942447645	1.2777038630382695	0.18982188871104327	0.06642952129116585
R78K	3.515020487423963	0.19338426370530712	10.233922729038134	1.4313316837095673	0.34346756180309096	0.051620850507795114
T34A	1.8465395050790019	0.09906674213013973	0.8654968315217166	0.21733715741251664	2.13350232817423	0.5478402489655103
T34E	1.7007108116934928	0.06944415793020854	1.0206475133351565	0.17437132103686856	1.666305741671875	0.29269597668501746
T34G	2.518658812069154	0.14042708522005806	1.3785284844568608	0.28136991138754847	1.8270633073363758	0.38658269555775643
T34L	1.9609485367374915	0.10550008611747118	1.6255790115273423	0.35023231027630375	1.20630773578643	0.2678805851602796
T34Q	1.2872919206182445	0.04523743692610514	0.9595859579363974	0.1401296421071087	1.3415076679389757	0.20149466036795508
WT	2.975605773521837	0.08220515983765465	0.9153175393456233	0.12158749709733047	3.250899983462734	0.4410781035066914
Y157A	0.9931915864659948	0.05625226607640952	1.0466305856539229	0.23854987243866288	0.948941871257718	0.22286233219452198
