sample	mutant	kcat	kcat_sd	Km	Km_sd	kcat_Km	kcat_Km_sd
PE39_A180T	A180T	2.319429385	0.045256934	1.167416227	0.090499777	1.986805846	0.158823902
PE9_D79S	D79S	2.225333421	0.123107671	0.855826735	0.206800442	2.600214891	0.644567199
PE8_F58A	F58A	1.939359654	0.059494072	1.595087463	0.15822503	1.215832799	0.126240558
PE10_G80A	G80A	1.245289997	0.097511735	1.036258664	0.330599491	1.201717332	0.394765313
PE12_H141R	H141R	0.597413985	0.027223279	0.5	0.125011385	1.194827969	0.303655312
PE6_H141V	H141V	0.478848133	0.034460159	0.5	0.201819124	0.957696266	0.392658684
PE28_K101R	K101R	4.03874326	0.417120889	304.8767635	50.52175752	0.013247134	0.002586661
PE20_K132H	K132H	1.875383033	0.166234182	1.649972648	0.493514771	1.136614619	0.354581435
PE22_K143W	K143W	1.193204387	0.076039117	0.648761025	0.197327329	1.839204792	0.571559566
PE7_Q147E	Q147E	1.93042129	0.070115116	1.382170532	0.177882369	1.396659273	0.186768186
PE5_R108A	R108A	2.997587792	0.131217527	0.937862797	0.160155603	3.196190104	0.56344955
PE25_R108G	R108G	5.424134684	0.118748039	8.484065013	0.549740752	0.639332051	0.043727301
PE16_R108I	R108I	8.128043415	0.55438989	149.1594933	15.73253151	0.054492297	0.006844607
PE4_R108L	R108L	3.399346992	0.082255622	49.15472186	2.947250405	0.069156062	0.004471439
PE26_R108Q	R108Q	3.812121562	0.102453684	8.686740251	0.637046312	0.438843738	0.034275916
PE18_R108Y	R108Y	4.464454655	0.144940924	19.30107974	1.594303141	0.231305954	0.020529054
PE29_R112S	R112S	0.776605574	0.122637046	4.091232994	1.277703863	0.189821889	0.066429521
PE19_R78K	R78K	3.515020487	0.193384264	10.23392273	1.431331684	0.343467562	0.051620851
PE2_T34A	T34A	1.846539505	0.099066742	0.865496832	0.217337157	2.133502328	0.547840249
PE3_T34E	T34E	1.700710812	0.069444158	1.020647513	0.174371321	1.666305742	0.292695977
PE11_T34G	T34G	2.518658812	0.140427085	1.378528484	0.281369911	1.827063307	0.386582696
PE15_T34L	T34L	1.960948537	0.105500086	1.625579012	0.35023231	1.206307736	0.267880585
PE13_T34Q	T34Q	1.287291921	0.045237437	0.959585958	0.140129642	1.341507668	0.20149466
PE1_WT	WT	2.975605774	0.08220516	0.915317539	0.121587497	3.250899983	0.441078104
PE14_Y157A	Y157A	0.993191586	0.056252266	1.046630586	0.238549872	0.948941871	0.222862332