Protein	A180T	D79A	D79S	G80A	H141E	H141I	H141R	H141V	K132H	K143W	Q147E	R108G	R108L	R108Y	R112S	R78K	T34A	T34E	T34G	T34L	WT	Y148I
R0030W	19.3098546088794	21.6007847081169	20.2713811422119	18.9597632651587	19.6084645904524	19.5911494543732	18.7848012683385	18.3403604673401	19.0844704534357	19.4269746804375	19.8506623810331	20.1828864931412	NA	19.4197926980318	19.4017955360529	19.3679073383156	20.9074926074583	20.1207832483186	19.8025211361114	19.9722888892934	17.7904255333472	NA
YAL001C	19.5045555225849	15.931315002597	17.3482474566186	17.3886983289163	16.6131214534552	18.0715213425693	18.2247201302085	17.7125922228465	18.784194662955	17.5900512270316	18.2576070355091	18.9798270895603	NA	17.0931088618859	16.6618389525641	15.9967435288531	21.2049363234216	19.3800622187731	19.448875500048	18.916813333946	16.4966571858345	17.3733969649011
YAL013W	22.3274343092539	18.7350190478696	19.5537956896485	20.1404828611569	19.6423419939163	20.8814136556992	23.9253042072937	23.3966541568934	23.1468013129921	22.2588352293724	22.1892173837742	21.5734920551691	19.3735332470859	18.5602762257172	21.013061403985	22.3866765835578	23.7048272481625	22.4496077731129	21.4604379381736	20.009710075068	19.498549833483	23.0459067194186
YAL035W	18.3354222913648	16.4872415226211	17.3641647571684	16.044339086939	16.0358067430431	18.6871939951575	20.6340885188736	18.3442038423445	18.0079688675429	16.5982763757044	17.0028296077013	16.0564524222991	NA	NA	16.2947392982505	18.1954733616651	20.7869622622671	17.9425510075191	20.2098245745402	18.1726583993379	16.9866875818857	17.8430937936552
YAL059W	20.53574518834	NA	NA	NA	NA	20.5225956360119	22.7465803196242	19.7672637385142	19.9814578765953	NA	19.7595459935953	NA	NA	NA	19.6436417284822	NA	20.8953304585243	21.071311011313	21.9762023781288	21.3776485937966	19.7183091740673	NA
YBL002W	22.7606662130015	21.8244636858728	22.1407014757779	21.3453313074767	22.212922103994	20.9116353323389	21.112447799805	21.0222943574508	20.8389566606236	22.0163230418967	21.1221601710635	21.9118113057332	17.4309748567799	21.7079876022132	20.0395424106927	20.5803296486393	22.7036158326713	21.7980501531742	21.3936168147915	22.2148997570116	20.1712724684709	21.1978991881517
YBL008W	19.6371237033717	18.7970292744399	19.8820517837409	18.6282692863238	18.9088513366261	19.3459941862979	19.0974525352961	17.6413151251051	20.0896057987261	19.6604514183587	18.8692894320189	19.3947059491767	NA	16.9341163128942	16.9174688805207	19.5889582792389	21.6194105704405	22.224348370789	19.6869381295217	20.8967781303627	16.7269633293656	19.1175696311503
YBL039C	16.4434608053128	15.8486466067728	16.3454674536457	16.827543762028	19.29390164528	21.8182263004653	19.2369455675416	21.6861421578657	19.3037007981958	19.4063386544348	18.7803853102776	17.5086572744303	18.2431882037584	16.9023761006375	16.5012230714041	18.1427019602037	17.2547628422157	18.4631031205455	18.5704443220059	16.4695804163516	17.2007851486888	22.3216015774136
YBL103C	21.5182926964893	19.7561061164089	20.6797219674238	18.3363592857765	19.5209664555328	18.9638895985822	18.3083140189367	19.7037961253979	20.3539936821573	19.9237585981797	19.9039929195637	18.1294021497172	NA	17.4486665434767	19.5628304736925	19.6120169240237	21.1213258670445	19.8677888464229	21.2408429408813	18.3807080147606	17.8197688202323	17.8634033430361
YBR031W	25.5093816791094	24.5713318846095	24.014403043735	24.1487373270734	23.5322666017844	25.4298202480111	27.2130467277754	25.0450191271435	25.0537581410669	25.1332008547702	24.1967151171214	24.2393696148152	23.117349610405	23.8716647967541	24.9738055278966	25.1961956784579	26.5973114767794	25.9593060801901	26.5017209604534	25.757345270784	24.3554509817168	24.4377767648517
YBR049C	22.1418120084423	20.6141529698142	20.7729661885504	19.7930750178048	20.4118387443569	20.6281322979388	19.2857452542532	20.3107318846961	20.2644633015237	21.1777381707393	20.9868028377418	20.8222616398245	16.4152423323841	20.2765047759904	18.0513179409599	20.1621558366433	21.4105397916487	19.985281345367	22.0487671649208	20.2501973068579	20.4310375650969	20.0262993483474
YBR060C	19.0050529273103	17.0515451901556	18.1592109615837	18.4237319859431	17.4201325364096	18.8891541222886	19.5765988871121	18.0635655506333	19.5675894007785	19.4526151371718	17.1955688496537	19.9471175879005	NA	17.3487456174187	17.1262709705278	16.9531571428537	20.6920216785064	21.9944963134155	19.4830636097632	20.9457184328444	17.1378752053673	19.1827413507595
YBR081C	20.1505148528706	17.7286439471479	18.1762603396763	17.9242683600071	18.2489454983637	17.9795832611654	17.6541156313569	16.1958934486364	17.2986928347371	17.4796305966469	17.4646395674606	18.8428550454122	17.815972308682	18.2055378558664	16.730373712552	18.5691841835414	19.9908852260711	20.3382923868685	19.8390240677631	16.70979964	17.2504111195378	16.8943238221426
YBR087W	21.4051493246889	19.7750071905001	20.148897457269	20.0844740749301	20.2635289094505	20.8658605600136	21.2003803104838	20.0385247717605	20.4795237673041	19.8934971153496	20.2071742703749	20.5490619629593	17.8064333638526	19.2678945704422	19.1959942926705	20.3053825425855	22.1819160914245	22.6877428077757	20.8700756510913	21.2634014382538	19.0135249375233	19.9700019066736
YBR117C	18.1670334122709	20.1246616108493	19.7859861975368	19.9458420390892	18.5420084541032	20.6458465657146	20.0227854251962	19.631795353586	20.6093040238287	21.5275527624768	20.408192662706	20.4662246007722	20.5379473596705	20.4591207715171	20.8097044697086	21.4863491058367	20.1575625257145	20.5590679437717	21.6049727906511	20.6789200554897	20.9128714723999	20.0607497265344
YBR154C	23.617561440718	20.746457377906	21.5245088891596	20.8864785249723	20.7793726498544	22.526210748473	22.0726110697845	22.1295592657301	22.5048843079025	22.816145794312	22.5534122529247	22.3081807641139	17.8083291746982	20.9728316284057	19.4003920921681	21.1777515200695	24.2062698387391	23.5913370973348	23.3241465568308	23.2241000377196	19.2796213744082	21.3767654562175
YBR198C	20.265906994149	18.127832026416	18.2793138895501	19.060815520804	18.6988354723007	19.9647629236827	19.4606588820157	19.1618918022968	19.2213596313566	19.5149769236416	19.5081826913617	19.3448174833184	15.9890641329477	17.4265682919524	18.1964348472615	18.9308759438189	20.6450986669101	21.1113752951282	20.6837065655582	19.7905285548432	17.9752627490457	18.5455975691531
YBR215W	20.1077831641776	18.3374350392553	19.6952401359051	19.6356972667064	18.8998468379594	18.9285742124645	19.7656074543002	17.9634379929402	19.7923549925339	18.6012903908728	17.9724619945721	19.3948611539182	NA	16.708917633918	17.7000849788842	19.6580270700246	21.9598336837274	22.4548314678226	20.1691624483657	20.7183069404426	17.5054096857183	18.6713318761642
YBR231C	18.2612795803947	18.6431258288757	18.6471380852313	15.0116579448237	18.3233463191964	17.1502089456248	14.7448247748105	13.9948414131045	17.3261124882024	16.4236447671161	16.9329978288848	16.7142303297237	17.1054474053412	18.4666001361846	19.0668617253439	18.4926861019773	16.9885683649334	17.2160758441026	15.6287760917106	16.8142710709995	16.9532521513236	16.2998627434311
YBR245C	21.7454084074062	21.1084458491781	21.8615390199833	20.6387954768311	20.7764792919766	21.2186246512196	20.4104128967201	20.7549017538871	21.2872888902675	21.4352394988305	21.9865647011881	21.268470584221	17.0792858635863	20.698647968575	19.7663267063861	21.4353562114367	22.9892489002738	21.8340995446917	23.1682472982137	21.7171688236151	18.9257799494035	20.7864016099966
YBR289W	18.0950432024049	16.8067084329274	17.9078897611395	16.9126405318138	NA	16.5698753470958	17.5751118831555	16.4811699424699	18.3150221867433	17.7352656571783	NA	17.3322369507719	NA	NA	17.0216286445109	16.9370535576103	21.6288720643992	20.9917252025062	19.1026554043578	19.3163075653149	NA	17.4916780937418
YCL011C	20.0188368196771	19.4113573593139	19.1168004980394	19.1092296570127	NA	19.6902980043879	21.6143474206781	20.2709004843612	19.1943770133943	18.5859786835628	19.1615373921996	18.7216562485951	NA	18.3660638859864	18.32938148495	19.5632940849366	21.708198021868	22.2272944018333	21.7611892024347	20.5308827805885	19.1434220168612	18.610556328112
YCL035C	18.3171599012763	18.1630967435622	19.1799868143092	18.9635948290014	19.1962031856843	18.785785657776	18.1933679253737	18.2556994768188	17.8900751041007	NA	18.4810465058818	19.1768478237761	18.5915236880468	18.6034727597983	19.1132361808339	22.2189576124755	20.7814697803004	21.8087111898487	20.0466436595651	18.1030814020205	18.9152503113316	17.8897785046597
YCL050C	19.5699051317426	17.9414935299879	20.0084555500142	19.5630330710579	17.8729580733927	21.5597506073288	18.9340737261539	22.677811724858	21.0105942973638	21.5007915621276	20.0643941394586	18.9635863731147	19.5874974048737	19.084353688892	19.3701007910041	19.5569570403829	21.0613872923576	23.0117912768643	19.4820921850893	18.8204213526471	18.8319735174557	22.1210366691816
YCL054W	16.7784147038813	16.8056622348104	16.2785246998059	17.0750490376698	17.2392796759049	18.4543141059362	19.2818683494507	17.8383487329449	16.4973729467388	NA	NA	17.0114580317678	NA	NA	16.417332994703	16.6295060854765	20.1488126618184	19.5143870617841	19.1759107297262	17.5348538065495	16.8911843202388	17.3696044797426
YCL059C	17.686892538621	15.8230352966378	14.3351237201675	16.4234671274683	15.0871133465889	18.4417237771978	19.5799009052554	17.1887870459446	15.6686937332245	16.1966649257968	16.2356676898271	15.8597761932116	13.9175045102946	17.4357997038763	16.6499714711796	14.4432756591506	20.9046670471407	21.2870798815529	19.6749361603361	17.8908224821532	14.4257919864441	16.2121139644612
YCR028C-A	23.2596335905033	21.7276675057901	21.9297445958614	22.4318845520068	19.3033184024139	21.7224831204337	22.9893395276755	21.793189775531	23.6590298121515	23.3383514039616	20.9825619570667	23.76316844338	18.0395040614702	21.251695887124	20.8270171713808	21.8812258025572	25.0979074281514	24.9158315663749	22.6618833027127	24.4357074943404	20.8508907535111	22.4500651615472
YCR042C	16.5137127762511	NA	15.984646530864	17.862788309726	NA	16.4900328418011	18.4588416059144	17.1485817939546	15.9790592150283	NA	18.7493252075744	17.6260296674586	NA	15.9616666111885	16.2263219230003	16.0819345855074	16.5986973930214	20.2362936236375	16.8883288291091	17.1658241496148	16.1473766553772	15.7528942271113
YCR052W	21.9367024155339	20.1443822056618	20.5370303882479	20.0117124629069	19.1186786626484	20.1068277370529	19.2803917806258	19.9979382056184	19.8366918844735	20.9822754862561	19.7676538351199	20.5111035673255	16.7544981031677	19.3539951862058	18.9984722352934	19.0664600051263	21.2168194154301	20.7748174300388	21.4342306062252	20.6504632480011	18.4885571914618	19.8636703612645
YCR087C-A	18.4051561187838	18.8653218218915	17.3048977941193	17.1752444372723	17.0119788199618	18.839000214761	20.3414385361638	17.1701446713492	17.9374245204025	17.6485112837031	18.7205599099787	19.1734087565391	19.0633967973265	20.287383026159	20.3754940153142	19.6228233921691	20.6784494676224	19.8781313679396	19.1687591689006	18.9395452379301	17.6146774760634	18.6981373633581
YCR092C	18.7284363518794	18.7673968346824	18.3288558585282	18.6750524768467	17.3105132314071	19.6318768730097	20.0522729783035	18.8632614905228	20.6139988019273	20.01825999061	19.8821582008444	20.3382574810676	18.4383344889695	17.8288232031175	17.9684987274899	17.7046362468473	22.0165811710046	22.5280478848475	19.5133412540289	21.2001557093799	17.2299842188919	20.0501890677411
YDL002C	22.5288850143733	20.7858145660999	21.5889174996592	21.0307448790204	20.8089357084815	21.6931186196772	21.0834047573863	21.3531227858964	21.3045173925286	22.2486601858079	21.7049526659584	22.0391220894319	NA	19.7949106109082	18.9968773148728	20.010474685087	23.2293672122261	22.4322964367363	21.9596697532393	22.6908538347222	19.347928994152	21.2074099612112
YDL081C	23.7116152015884	22.7322971636506	21.1343109005539	21.978192924883	20.3238200853685	23.6346651765859	25.6068736383072	22.3516343511606	23.2192808169564	21.9434216646131	21.6520962461929	21.99423937486	20.8867115027465	21.4563285439609	22.0324334164012	23.3202694908859	23.9757492812073	23.9723625148519	21.8612822803174	23.1129235829277	22.2741241138596	22.1157808109977
YDL092W	20.2775992485977	19.9409558947689	19.9658089986488	19.0552568857311	19.3772595186665	20.1919203460569	22.2415152263129	19.7096674584861	19.905264587399	19.3061297316076	19.4078886719122	19.4763134650634	19.0113166909882	20.0855413172183	19.781272475244	20.5758972148522	21.298931769885	20.5955764402949	20.999429672577	20.0721828187969	19.8923797554103	19.6013998971068
YDL140C	21.6855376981261	20.1644907185052	20.7787192853097	20.206422922545	21.3810607317102	21.1222877253554	19.3674575644897	21.0957963654916	20.7176094874587	20.3092549770399	20.8774284308089	20.1761270432852	17.2781401506103	18.527420589154	17.8674550511472	20.4848247222492	21.373826160937	21.9821684043056	22.21152459854	20.4984772597297	19.0228341615275	19.6210007449021
YDL150W	22.9326201293131	20.9878852197332	21.2365862417785	20.8173127024424	19.8097158445036	22.0601584433446	21.8165461736924	21.5829576998838	22.1692693846873	22.2942076843354	21.976154615692	21.8095107079032	16.5319912817881	19.4090252585256	19.5277199485441	21.1546654128219	23.5062842539324	23.6443123145721	22.9405717742447	22.9578820298651	18.8780734813394	21.2350876453385
YDL156W	22.0917541115895	20.8164561693211	20.9317533266841	19.3825691256748	20.2750229665528	20.7172373204581	20.5509838208049	19.6027605923551	20.9608389395257	21.0019553806112	19.9896895961037	20.5995983458116	15.142905849471	18.5091418616658	18.9801416091661	19.0443698090497	22.6052593896706	21.593388795384	21.8862397066243	21.886595785536	17.4341179175605	20.3564806901158
YDL164C	17.3216692371329	16.2421370335151	16.7650709098405	16.6476385881494	19.6370623238186	19.6543146793852	19.2584766913578	19.2347848932134	16.7272004960353	17.7837471046657	16.5014771989304	17.4642921565478	17.8652925534773	17.9976548893437	17.3179083222459	16.2091791018617	17.4295784518187	20.2952976198681	16.7666616038766	17.0956774264264	17.3931918161653	19.5148211501196
YDL208W	21.3938770343739	20.238734786928	20.6378685547748	20.3138086679508	19.4807020805858	21.8246517859531	24.0113394132458	20.3797495971691	21.9264602922892	20.5858051379487	21.0112415469622	20.9204773576326	NA	19.7947621292195	20.3217391823066	21.4817975310499	23.7261814779541	22.6342881730497	23.2930217343049	22.1586438233906	20.9329220419133	20.4115723286444
YDL213C	19.3670198201901	18.1188739217763	NA	17.8500868572853	17.552464786063	19.0458410999371	22.3039773041261	18.0666838030041	19.21433159479	18.4295138074105	NA	18.202517742757	NA	17.9067081605047	17.9459649050709	19.2697275433647	21.9074705952033	21.1944804992209	21.4860891668159	20.0623235209465	19.4598851862655	18.8098833302684
YDR002W	20.9240083603581	23.7777892375806	23.0166851813691	23.0867702509291	24.046954859651	23.9041072696143	24.0254615960478	24.3103983147295	24.2291208546758	23.9183858363787	22.1379181849323	23.2619772875813	23.6664377698934	23.0078046443185	23.3480829862657	22.0413724598639	21.8853551659298	21.1624227667184	21.2009005333797	21.7621445677699	21.7583192257947	22.1229600733081
YDR037W	17.1235016591261	17.5773500317945	17.0956837100554	17.1634358906893	18.8722234649914	19.5141454530341	17.0797109723491	19.7206069026416	17.5532418690116	16.8967237137087	17.2240240804398	18.018332038671	15.906651823156	16.0978854112088	17.6409402846231	18.608146251066	18.0357552892476	18.3540113196447	18.0029092899939	16.9942063997374	16.6947795828472	20.0935812741431
YDR045C	21.2545919056328	19.3755584877197	18.857164118271	18.9259158437292	18.5567100215545	19.9498105721575	20.1832699395507	18.939230115192	21.1507575483212	20.373363335727	20.3779011053033	20.1144244279939	NA	18.2237641075322	17.9466222084023	19.3320936563827	21.9614307266866	22.2206752121984	21.3916309529159	20.76542197549	18.079420879335	19.4268736492338
YDR083W	18.970580305329	NA	18.4097977707781	NA	NA	18.4618299732685	21.4222632004892	18.2811094907584	18.0122055787712	19.0288540351596	NA	18.2251327133502	NA	NA	NA	NA	18.1063108541229	18.927807759019	18.8306229979004	18.4111921989689	NA	17.8294611318144
YDR121W	20.3402445631703	18.7893359684281	20.8936161385625	18.6623299620472	17.6956342217609	19.3651075398576	18.7808341863584	18.283690044865	19.9203597305024	19.3591144142386	18.6453338588128	19.0470782386631	NA	17.4738970732211	16.9466298010204	19.6392045595398	22.9764498459815	22.5883630397149	20.257515498474	20.7206376177095	17.490537879241	19.6062617505458
YDR167W	22.151684812579	20.0195482628972	19.8001719306158	20.9196687182589	20.0594063084495	20.71522965463	20.3967191866675	20.7536567551125	20.8098071369941	20.6524873188694	20.2114101703728	20.9557539929404	NA	19.4644544204093	NA	20.1723481730889	22.6556106325119	23.2618622110117	23.0392146108586	20.7876272880819	19.7541946130866	20.0626958827099
YDR174W	21.4800912754915	18.7261294394084	18.8278684143945	16.6174494199671	16.3838911389312	18.9310945223431	20.9140331502301	19.3044732475766	19.6343891071651	19.180232707475	19.5563745445061	18.557345172364	17.4587954787715	19.3152388350339	17.672683828086	19.5114269455448	21.7828182080953	20.9786373289114	21.0455481890482	20.1291710205274	18.1313668570132	18.6884323591065
YDR190C	24.3024114107594	23.5990099109739	23.8487189517941	23.0060302437261	23.3498929445279	23.9533495645501	23.7493427419998	23.4396053563786	23.6570963972357	23.8072549572206	23.5592739658027	23.9688874095958	20.056171447269	22.4493140314628	21.5621072743127	22.5258344921274	24.6728030602122	24.5984541298098	24.3472180701381	24.4026683708255	21.8937183414407	23.3085099620485
YDR216W	18.0558119945419	18.4854591811114	19.3462584767155	18.2881594874531	18.211079758561	17.8584084941585	18.0581591684291	NA	NA	18.9677893869604	17.9347428307952	NA	NA	NA	NA	18.2427557471962	21.7254099374169	18.1453007771351	22.5048893574218	NA	17.7048069826276	NA
YDR303C	22.5281176894314	20.9177176235877	21.7041669467187	20.8692473385709	20.4929997451481	21.2891393055411	20.413255609181	21.0305216920844	20.8530039010053	21.0288637927097	20.4594415750379	21.5969505144365	18.3293104489359	19.987787928264	19.8078645664049	20.1228138112702	22.1761290924444	21.3880167835447	22.3833786180358	21.9604763551892	19.7830700905949	20.6100536543074
YDR310C	21.5403467611483	19.5608816332895	19.6177501310014	21.0429647360833	17.8204388778309	20.6066617884132	20.1763690157232	20.3719136436547	20.9968462374595	20.9130896264313	18.139776338254	20.8254966774037	15.821228207596	17.9701746591223	18.5872998819358	18.9500918681563	22.5775064220621	22.6589603064461	20.8941031494522	22.2465368129792	17.6644979989911	20.1926057572391
YDR334W	20.705805948625	20.0530844364706	20.852888758895	19.4231105547259	19.1527085120504	20.1416823691096	19.3711979701163	19.567616060054	20.0530617812578	19.8492217790994	19.4050415089575	20.248730566134	16.9940435521914	18.485691433774	18.0899700474151	18.2478690951476	21.0134686774906	21.0032371132157	21.1759231228557	20.8855981527108	17.8673788157206	19.236087774295
YDR346C	15.9078946772126	16.0759465285178	16.0313612836575	15.5812132272341	16.5125668169185	16.8193966715144	19.3391306879687	17.0528021498606	15.4014580727277	14.3800821946299	16.5125887351137	17.0917891680994	15.9243066462059	15.3902143535389	17.6173960116882	16.3939564627855	16.8000981371184	17.3991384758593	15.8231762629947	15.4322035284626	15.7135274519531	17.7092598438238
YDR378C	18.9727272996076	18.9292821675246	18.6213199271024	17.2443272759058	18.554474006308	18.4278145704074	20.7386500698668	NA	18.7371239112491	18.5449359441037	18.2740018557474	18.2330083585027	18.6002636348618	18.2187690733213	18.3986734344971	18.7769284822955	19.295435146286	19.4453191659655	19.3664804259235	19.9826103685591	18.5420779421897	NA
YDR381W	22.8888682247484	22.225440537081	21.8917063555189	20.7878113676705	21.4175583012536	22.6737071225084	23.8903306657636	22.5886547547481	21.9267010075445	22.4071160455227	22.3834739507494	21.8939445340519	19.3362924042811	20.6180411179675	21.0863726390081	22.1583118865289	23.6791250947633	23.1584416974049	23.4707250700208	22.6423616206197	20.9611530695985	20.9342033758526
YDR382W	24.4647767782421	23.2726511113003	23.1317884473874	23.4480509349258	22.6983554558336	24.3931585699965	26.0192805336561	24.5304929382568	24.0302490792091	23.526868758525	23.5283728770349	23.2306862325968	21.9039984723245	21.5997223238682	23.4010584494928	24.1779014509065	25.7384090903623	24.9570702797181	25.1348669452026	24.849235520792	23.4674934760974	23.7548521820796
YDR439W	20.3197979739231	NA	NA	20.8755092875045	22.9632278626727	21.2033281610046	20.6450222313717	20.0188364994919	21.0239125521321	20.2883559981998	19.9721160143759	20.2966728953365	18.6783984209603	NA	20.4901062769974	NA	NA	22.5393867260447	22.6728941636576	17.7739631527582	NA	20.8080229237277
YDR464W	23.4790775660577	NA	22.520660771866	21.9033900014172	NA	NA	21.5604687373781	NA	22.7806613420608	22.5117515006821	22.7610199791287	22.8273021531989	NA	NA	23.0782793429402	22.4864598385468	22.7335681349796	NA	22.7496326009479	NA	NA	21.4681120291767
YDR485C	19.8986931883141	18.3693012586126	19.2227182786173	18.2470597329672	17.7648263705016	17.9644586792187	18.0140371133617	18.3237964536677	19.7369972241971	18.8826442896865	19.4168964017863	19.1208978570584	NA	18.4016220636204	17.5680693712302	16.9142987599351	20.0593073114055	19.9733211262018	20.2404722652435	19.8641222716559	16.5554887698775	17.9254494365155
YDR496C	20.982401068355	19.7958237862893	19.6269806561213	19.937259173374	19.2436979721586	21.4174474211195	22.3698519360405	20.6027475102968	20.148287981236	20.1014496120652	20.3043824530708	19.8537577281479	17.9456649492295	17.3806296565641	18.4875008169325	20.001610923072	21.5929655862049	21.5478685144108	22.0865774308718	22.018304988148	19.4887891533946	20.4709869049763
YER092W	22.1033429534786	20.3292915401691	21.2255548499446	20.5653904927253	20.3108632449615	21.6186412350147	21.2920389068961	21.2282903288025	21.6714832941516	21.5306631976912	21.1165319263443	21.5946132443953	NA	20.2796108664194	19.7881701985976	19.67519695995	22.6427927843656	21.5763566511051	22.3631880518137	22.5432560527265	19.237332885796	21.3018591776836
YER127W	NA	NA	NA	NA	NA	NA	21.0192131286909	20.2661014411099	19.5448949297309	NA	19.8702901420746	NA	NA	NA	NA	19.3049865392513	20.5364327558482	NA	20.2686296940757	19.4738915517634	19.308176381832	19.2816443520441
YER148W	23.8574804582776	21.718107634757	22.3406869880031	21.4920089027115	21.4152864299933	22.5629580842133	22.4315465438799	22.1989361633799	21.9086314805883	22.6325372675995	23.0190281996157	22.4757478180797	NA	20.971257994723	20.6447242446038	20.251468164763	22.5793775907953	22.8082862944959	21.8361767053187	22.7632314892244	20.8784325359429	21.9110925170721
YER159C	21.5698977351811	20.2768269830684	21.0273714347646	20.347919273893	20.354515651187	21.7496876716019	21.1852682693833	20.77948907706	21.5317823428279	21.536605165806	21.1632704965381	20.9029776179686	NA	19.7239244731596	19.7045179138513	19.1845954495591	22.8484956975813	22.2888335161802	22.2439143420461	21.7281434298151	19.6514794502551	20.8353315775787
YER164W	22.6244519235572	20.3266636068012	21.7809259074545	21.4553199025169	19.904666412711	21.1545817042259	20.5432392450528	20.8089594571054	22.1756098105092	21.664134735932	21.4296248222623	20.8176418173996	15.9346154352553	18.8563565955134	18.1358580636708	20.8049463341759	23.1949871925707	22.8330085000915	22.8498365264787	22.2171143608549	18.6054190816202	20.4702448716697
YFL013C	22.1123366787323	20.0794475857066	20.6327669557468	20.1290609958411	20.2800264682878	20.7318130281212	20.7152355312447	20.6904792530641	20.9847094494361	21.3442705045412	19.9617471040511	20.8758747268738	17.5024312651409	18.7182391624918	18.8931049026154	19.2369990450474	22.4700424313059	21.8361842601157	21.2012983617501	21.8768058715956	19.2079148411812	20.3984837134404
YFR013W	20.9963652471909	20.2288532916249	21.2722381566454	20.0745096849928	19.5169473579302	20.43711729614	19.3016669395179	19.9619733938845	20.0341818297715	20.6925137774785	20.8264420769291	20.2568117326939	15.54535524324	19.4679512840959	18.5340789107358	21.0419679177116	21.7456675418159	20.625791666225	22.7689274464983	20.2562959798114	18.099293901686	18.782357879763
YFR028C	18.3248162078433	15.7068842596538	16.341154477052	19.909951948435	16.1591260236824	18.0665844598274	16.4667064979088	16.5975114825779	16.1451913022171	17.8417467073147	15.5239344169593	16.6079060907453	16.3828070642393	16.0042860567177	17.0605629769294	16.6539207694812	21.1746295117786	22.1769653334397	16.9479731407608	21.0242584653977	18.2128889214522	18.4088557142926
YFR031C	22.0853895849799	22.6641914258501	19.8705097487831	22.8039726051095	22.7065357452613	22.2122138633478	21.5924603332738	22.3007111779108	NA	23.3838646031547	NA	21.8859779514617	24.5971372136441	20.8635947581808	21.4630267092973	22.048067803327	22.8593800547175	23.0292742412599	22.6147943115167	22.2873507667825	NA	22.1342975738662
YFR032C-A	19.0101755210685	19.151625643315	18.7681870327831	18.5272642994338	18.048213376883	20.5673405771432	22.1125546004453	19.0617839896895	18.6294261530852	19.1678233513773	19.1927295367936	18.4000177874278	18.5778136300643	NA	19.4142086048377	21.2460469107172	20.533375273051	20.7926613734174	21.9455422538103	20.2827851303584	19.0733893818708	20.0567711540319
YFR037C	23.2334939708533	22.1947442441754	22.6864637995415	21.8649556677368	21.3935334206552	22.0113861732679	21.6209017736036	21.9594416734011	22.206629427092	22.4650874505039	22.0603696763847	22.6340292163307	17.5960362147894	21.6977981513048	20.8215485913663	21.7769159921683	23.2709928043909	22.7970315660544	23.3764253017643	22.9716634473754	20.6963335131934	21.5060542901244
YGL013C	20.3231029701643	18.2918713421528	19.8018530093495	18.0640941183621	17.7746406986154	20.0352564540081	19.1939680031363	19.5499948242753	19.9665444540741	19.5227127939324	18.8735511975594	19.1501850583246	NA	17.3459159853579	17.8388039631308	18.8909825226341	21.4114698799333	21.7886622652265	18.2340275124056	20.8028372389357	16.6926706470507	18.5595000477659
YGL030W	25.418738411323	24.8038362412657	24.1464346306144	24.0898463096895	23.6584312242878	25.2189155741332	27.0957415554037	25.0802417643344	24.6818177950553	24.7692210459779	24.4369257078782	23.8550586795134	23.4286858146458	23.3805406296915	24.8658533301649	25.0970487725876	26.5562849680686	25.9236140009307	26.1929663330938	25.695063249416	24.5434597395228	24.3221478314378
YGL031C	25.5272952131621	24.5847242035575	24.0568167027908	23.8580146182064	22.7365481054032	25.1946608992831	26.9660170169318	25.5446277708251	24.8223848277177	25.2169049873172	24.3674551634773	23.7861510513339	23.2984591723947	23.7361808321469	24.8504281801346	25.0909691898882	26.15613784896	25.8099301010267	26.0549166731367	25.5286775198406	23.6831368837163	23.7328236554677
YGL049C	19.5515763722568	18.0309746661678	18.0819320945794	18.7966555788564	18.7941719377078	18.5870817416087	20.3433219084061	18.9209475635011	18.2872012729945	17.530663254533	17.7373979412397	18.0928856980267	NA	NA	NA	20.1728942244122	21.7521846792645	20.4522395371538	20.123582954663	19.2873864410013	NA	18.4359701152452
YGL078C	19.842502418105	17.2354468362068	16.4731786175237	16.9811310564641	NA	19.7981236624071	21.4315328678109	18.6262184479987	17.5002186739597	18.5035309750284	18.3520305871698	17.7379468179261	16.9271907380566	16.5991569135524	16.3020726351746	19.2964745968634	21.010899914155	19.5251502951185	21.1504043793728	19.4588669703214	17.2512002846382	17.6843240071676
YGL097W	24.4669208600646	23.3510120602894	22.9725032409648	23.6018862319922	23.8073822724005	23.9753355092894	24.1280186266396	23.9182265369633	23.4593616193963	24.4012220349947	23.6206794367492	23.1804559345022	18.7805170946096	21.6395484588536	22.0957887036168	23.8764240837594	25.331627154997	24.9088897687503	24.5404649053155	24.4790782264601	20.5987396494973	23.5392072168137
YGL120C	18.7847804076217	17.0080322745648	17.0215885536215	17.2069359738948	17.1064954536307	18.4211379867365	19.5000266694613	18.1250675865288	17.7398561306345	18.4928805760435	17.3742464818505	17.525236972619	17.1431992624629	NA	NA	17.5930722649378	18.4704724485724	18.0783656574351	19.3187922679783	18.2415011439629	17.9684284434716	18.8522113096167
YGL133W	21.4954867529372	20.2805575402304	21.5441620796952	20.6651713487033	19.8511388705967	20.6542006206024	20.5698266569666	19.9880340908944	21.2099602784564	20.5980542759784	19.7688270508446	20.8362012332527	16.4392439730635	18.683755611919	18.5911052374024	20.3366852584114	22.9546139602483	22.5186484358131	21.9629696042145	21.7067899815902	18.2331452631741	20.2829776400143
YGL147C	23.4001120309226	23.1668909899639	22.9332327333942	21.9603105780577	21.9851449726869	23.0074065743906	25.1945914813845	23.4339240191177	21.304638213773	21.706139776453	21.633914920109	22.076077047281	22.0166318893558	22.9828020033559	23.9815524966893	23.3285703017521	24.3714680758478	23.3777884031907	21.7988610191901	23.5576250009903	22.4404546083534	21.7086806307066
YGL160W	20.9893895901798	20.808841542971	21.1558468314785	20.9103261499146	22.1681215930342	21.3655082073255	20.5925332519016	20.8971562311496	21.0313079630528	20.8925903724744	20.8673226545102	21.0243997366797	21.2648632992386	21.2144900947824	22.2838925509892	22.6269327835999	21.1182305611172	21.250373256219	NA	20.5265955872254	21.2923549736729	20.6708257894197
YGL164C	20.7437281555544	22.7950663402752	22.7448401939084	21.2872232187716	21.8127300875341	20.5744125251666	20.8141475344278	21.1053842640572	21.7538656913745	21.428943161637	20.0299477611371	22.0356260370972	18.8202609338176	21.9074103177641	23.2650956973162	22.2103915859121	20.600923545763	19.4246221843999	19.6984864994732	20.1973394339066	21.9576268375745	18.3218424850234
YGL171W	17.0693839448087	16.0252982526788	15.0773112901332	15.7888134660854	16.9082707078038	18.0658104554258	19.1266325290845	14.6611754707105	17.4465266008425	14.6844801848888	17.0032671945957	15.0944284270617	15.89353472221	17.3924137569718	16.0310476784108	16.5608639692034	19.0945487817813	16.4952835756926	17.5211447591909	17.2868222553755	15.5927588494963	17.3315034620634
YGL201C	20.3256475795198	20.5041176351181	20.188620461438	17.390972944311	19.9143066884904	19.2685129679821	18.6085233572714	19.3681268882868	18.2568810398249	18.5417949097363	19.28252836789	17.7206125453815	NA	17.4076373888401	19.5405828433025	19.5944845752714	19.1411524007791	18.0480914650942	19.3911877877859	19.445490320833	17.130418184329	18.2280934886059
YGL207W	22.7153455452746	21.6439494176649	22.2789250183322	21.1359288353664	21.9231156259939	21.9927367465754	21.7072929609712	21.6584312472604	22.4489324752829	22.7194950079135	21.2360379085216	22.4331856057504	17.1388331302298	19.4723919049685	19.0820697426062	18.5925312397858	23.4020349354725	22.2435999451766	22.0290717130057	22.6833795869748	19.4473155217633	21.8999600602248
YGR054W	21.0208052512832	19.2862041354413	19.6951238647378	19.0925226855369	18.2445089543533	20.2248263042143	22.192486531863	20.1147872756787	19.8283827482477	19.5341382416194	20.0109214151448	18.8739414040742	17.2609473155381	17.9795049954066	18.6434507162276	20.5495192722875	22.2443684247062	21.5444294605909	22.4860529626741	21.1614924024238	18.4049353868569	19.3213824344877
YGR081C	NA	NA	NA	NA	NA	NA	22.2755763812653	NA	NA	NA	NA	NA	NA	NA	NA	NA	20.4259849116098	NA	19.9218031115597	NA	20.0108765981595	NA
YGR145W	19.1886772077261	NA	18.381838013102	17.5480855309292	17.5508284741465	19.0914981406317	21.8816060357377	17.5214115217813	18.2447785213293	18.8176624220149	17.9773944541481	17.956620268565	17.6662786916965	17.279793432067	18.3677039552422	17.8061422030174	21.1947315294637	18.1260962659895	20.6037187727762	19.271589005343	18.2376344957195	17.9548746034297
YGR162W	21.2646033836106	18.0154557678479	18.962532470489	19.7542568526639	16.7903358724852	20.2274747802393	21.7181591817992	21.0444378086144	19.3145856342874	20.6029163396801	19.2981423192403	19.4841485121427	17.6405244857584	17.8346459430941	18.0558724490844	19.2480639801912	22.0222753773893	21.0738451418024	22.2737259393552	21.0701464201411	19.4504543772844	19.7522747611476
YGR204W	16.6837991821911	17.8034193747756	17.2183720875767	16.7432452918938	18.0158153568475	17.1983553616457	19.8988009151529	18.2057469010689	17.9273945801487	16.7912990931797	16.5993339473163	16.4144972109522	NA	16.4920233333222	16.7547155687624	16.7315991965013	18.8702387426284	17.9930788908299	17.5381800985668	16.960983976218	16.337688875601	18.284078198129
YGR253C	NA	NA	NA	18.7215798355974	19.2768645897163	19.5838745391372	NA	19.9487360206386	18.9066723650038	18.4665630950001	NA	NA	NA	NA	NA	NA	NA	19.9948108114801	NA	NA	NA	20.8561746439372
YGR254W	17.65977665169	20.7751032660459	20.777640519822	17.4299106562792	22.3135688224398	17.5327995514751	NA	18.0649836046313	17.4574530662991	16.9691343058802	16.4026428760266	16.4572809121699	17.2907013397338	17.5361642924076	18.0277880474386	20.61733880033	20.176021599872	18.3966917074732	19.5900074384871	17.7595125087199	19.0082325902937	16.892988724172
YGR270W	22.0342016500957	20.7868390970267	22.3354962345745	20.9593388529366	20.2678137999097	20.5212260728946	20.4056653687287	19.7675836917893	22.0782592729015	20.5024207102426	20.8685473481843	20.4446451382583	NA	19.523491463753	19.274826058877	20.8968191546761	24.1176265552207	23.0387113148329	23.5500977149404	21.6494207534339	18.6201468180506	19.7603386335928
YGR275W	23.119692926443	21.8475833131804	22.2415384360175	21.6141521761825	21.3255282769081	22.3304516214249	22.0605134045541	21.8745132252133	22.1849555457857	22.5927963638258	21.6500939702415	22.7749441647454	NA	21.439212119476	20.4029175502314	20.9657227503817	23.5262511187446	23.3824397453636	23.5417553996835	23.1616104374645	20.2681442770413	21.5730511699404
YGR285C	19.669347065811	17.8275677610938	17.5495070991995	18.8592300141872	15.592713564208	19.3529455640972	20.2816123893388	19.4867672592452	18.7004601955544	19.4184957904603	19.4070182187771	16.7265294924947	17.4190324140913	15.7735187015464	17.3655310260223	20.6444181282321	21.5314255157176	21.638036667122	21.6733589208961	19.1566977536149	17.1937561361359	18.4360032267756
YHR064C	21.8901021910991	19.6149280522811	20.7870420740747	21.2986264900341	19.6008731225667	21.5357363885758	22.7017080389792	21.9560653743008	21.1783323113931	21.0464497935264	21.4646292069932	20.1000124218313	22.0029455159414	19.4903353913176	19.8999170592767	22.6095213524398	24.2560492049557	23.6350137479838	24.1078413605109	21.8678169254717	19.812715986259	20.4859825935967
YHR072W-A	19.359851747401	17.0295333327079	18.1060473497227	NA	17.0939637919546	18.8745762822862	22.37197388567	17.5173905963343	18.3353588586288	18.1036686586717	18.4075592447747	19.0920431140711	17.0961595085019	17.2263711896361	NA	17.7730555255969	18.1640844250512	19.0492935291008	21.041328814907	19.1459645404285	18.0605347537567	17.378159815447
YHR089C	19.4479626299125	18.4132799425364	20.1149902411419	18.4668888754765	19.0068474542091	19.4912063908402	22.9730291932717	19.4291670574919	18.5953814417138	19.8804992208165	18.8013935529301	18.7885714150967	17.7953018741197	18.4722521654621	17.877366698967	19.2318343733618	20.8988890991606	20.4618996513945	20.177340737768	21.0329227114419	19.4825278936308	18.9964112757289
YHR099W	20.0522553732166	16.8722381548686	16.9660698028463	18.4337761461812	17.4194574268675	17.9207698921804	17.1002824968746	17.2189683100484	17.529946782825	17.2110914683982	16.274530302064	16.9102561566273	17.3336347019266	16.1604370266743	16.7239120565273	18.150662656745	19.8505744424858	19.3608770591416	20.2173553739942	17.8141620505153	16.8817753900866	16.9491461602895
YHR137W	18.5355999848387	17.2639347748635	16.1200150607467	19.9671608455769	16.8784448371844	17.1159640957291	16.7772484553295	17.5490445347102	18.9489000731618	17.4423583686135	18.6617419417365	18.1188241029103	24.2108097749468	18.934999764303	20.2284823852014	20.3006649168738	20.2057909564839	18.9159028102568	18.5112411378548	17.7056211272478	19.6110150371726	18.6303755756305
YHR143W-A	24.7354939491002	22.9322797355443	23.4327713308868	23.2914179326072	22.0681210250563	23.7548755202502	23.8694583929822	23.625270263179	23.9350816420549	24.1888608045965	23.9446016748105	24.2510776048172	20.0257169822692	22.0687374396167	22.3826303235455	23.4809142638322	25.3629350242362	25.0311134557609	24.7430031885907	24.3368130059544	21.9545401762868	23.288077626414
YHR193C	19.7351756675873	17.9943149926028	18.1548890364783	20.309368812556	18.1052080218191	20.237586769008	20.8323879653777	20.948811856426	18.8674748679511	20.86317869057	19.9564180549615	19.2406361345664	20.1589928926781	18.8990742862062	19.1648479835314	21.6843947827726	20.7843412845508	21.9000721990124	20.730845968458	20.0558942978414	18.7721609362515	19.1341727907902
YHR206W	21.2893033699252	17.8506848095028	18.2349989347576	20.1613796997574	17.1040610869867	19.4949505156077	19.1474017741944	19.2323424063558	18.4509456278688	18.9119391136371	18.3016777114832	18.943571968779	NA	17.9831629924672	17.8891424656807	19.8201660903417	22.6432469145343	21.3011169311058	22.0922808289282	19.4372526278058	16.833568759825	16.9216043174794
YIL036W	23.0880261527242	21.2175837427429	21.447157394549	18.5150001624569	20.919878919599	20.1610031212923	18.4893201364519	20.021536480055	21.6895709785196	20.8371857616633	20.8747645914413	19.6982539932995	NA	19.7952641315882	19.471235189569	21.100404396388	22.4259991048277	21.5871671535379	22.551414535972	20.4860881780642	19.5936961340565	19.7634310921387
YIL126W	22.257633996104	20.7038889562317	21.7464978662069	21.0068876222736	20.3052989605533	21.3025496609269	20.7616408065934	21.3771122357154	21.1164731770343	21.1984074643657	21.146952029254	21.3687866214259	17.2944123800085	20.1918579809973	19.6663866328616	20.431017632007	22.0955699780633	21.9090852103347	21.5816420859261	21.7387357697214	19.4228064523736	20.5155509020597
YIL130W	22.1477398869528	19.477730240603	19.6205233183326	19.7915006135067	19.4735648057723	20.1973433076101	20.4529396719064	19.786396083415	19.7611914308286	20.1291526675739	19.0392525960188	19.4276684726071	16.8245243808853	18.3018796993275	17.9900338822075	18.2053099086067	22.2371255381669	21.1185499956656	22.8047888752283	19.5811528951291	16.6267798280731	19.0997148144484
YIR002C	19.084210580258	17.6878392713513	17.687984586705	19.3136178112825	16.8290291564177	18.7914034036076	20.1938152002938	18.390853793601	20.3076724447895	19.5027813847964	17.828567163185	20.1518065191107	17.6410824179028	17.0914660673395	16.7525455696622	17.7857802889299	22.2954165290597	21.4532121003281	19.2866220903336	21.8838750318053	17.3439637086817	19.6130257793682
YJL033W	20.1707235424604	17.9761226561497	18.7711193398065	18.2490449239402	17.7755686997366	19.2904039176505	20.9891055505564	18.9891837789796	18.8005539678787	18.6488828841426	18.4627936819669	18.1358610682725	16.2117883429568	17.7922921121617	17.1684970258183	18.7143831852359	21.3451820047337	20.1578063228489	20.9695113055806	20.0147370142027	17.6692058962767	17.6218849924467
YJL052W	NA	21.6196218570715	21.7735149728568	18.1958211365674	22.5902828169605	NA	NA	NA	19.1802690154595	19.028417521045	18.3833747160668	NA	19.4009608113403	NA	19.223166917283	22.3574729851588	19.0424613933368	19.1927035029374	18.7211068399147	18.6075341392671	19.7527631495269	NA
YJL076W	16.9614234873835	16.8790963386976	16.6430993729003	17.9818143126824	16.219232388221	18.1514754519918	16.7285413051166	18.416454449881	17.4459653136657	17.8837733186912	16.317641150431	16.666689348104	16.3821779076277	16.9462698799721	17.1407345829678	16.5167823434438	21.8884755221274	21.6198210656093	17.5160028672482	19.1067048471555	17.1427731474858	18.2000273385647
YJL081C	22.8921096930853	21.6419001436626	22.4569464154529	20.7917319367943	21.5895300357869	21.9039383033741	21.6637225559161	21.6984979187702	21.4798771170757	22.2796714494537	21.6213203278376	21.9935986138259	16.4437437827082	20.2174837408626	19.6742535324348	20.9062947999411	22.9765707433125	22.6624785952639	22.756718049336	22.4305476869137	19.9541307830699	21.4679888611666
YJL123C	18.4733157794141	18.770619481153	19.317043510022	19.1196701680217	22.2288316764545	21.2374003524282	22.7917198562878	20.6584404760372	19.128592136793	18.9056462662115	19.2475711129165	19.6000114065786	20.0946332843173	19.5231768484957	19.2694572762605	17.5868653202472	18.2523200773912	21.3981076960289	19.111617367971	19.033186370013	19.1186864956317	21.1201379883803
YJL125C	19.1527904493518	19.0629736208116	19.2296936678454	NA	NA	NA	22.5462198733707	19.437799380434	18.9685972792413	NA	19.1323757793216	19.1975675015426	19.0207465257373	NA	NA	19.5012141840044	18.816258127962	NA	NA	NA	19.421778835767	NA
YJL140W	21.4894414399712	20.5203644921663	20.8735237503631	19.3014497238235	19.6249031519698	20.2751133424864	19.3260819369879	18.9758884234282	19.8322644408907	20.1866256315206	21.4519511238259	20.1440024370025	NA	18.3968368661919	18.7830596223617	19.8491370190733	20.9168774903933	19.2490432091596	21.9194128971885	20.4271702146031	18.8095825301654	18.2842729560913
YJL176C	20.4894852925962	19.1851794215938	18.7898632782561	20.1292962096709	17.8087525076399	19.1578507330868	20.2074172848807	18.1461291576758	19.2676625028183	19.0365565938608	18.2504679092885	19.557491223511	17.1336349445978	18.9474411489881	19.5275056177537	19.2847814069782	22.7728202446242	22.9625076157025	21.0449792150476	21.5325511892583	18.0156216884152	19.0767470637991
YJL189W	23.2544044139819	22.4295019977061	20.1150848499714	20.4062523960428	19.8472222591046	23.1042458382679	24.666577745313	22.8865278652812	22.6730458013386	22.6767275115943	22.2722819373625	21.2753461918538	20.3915393910753	20.1643200012272	22.7206564244241	22.5557815252674	23.2914050374384	23.1711491844657	23.9294194987373	23.800413625153	21.1275084492405	21.7780745474612
YJL217W	18.0471104439277	17.8308343469044	17.6044216517677	17.337544600536	19.431120384621	21.433843129505	17.7097667086094	20.9831892224778	19.146875729223	20.1104221925465	17.4883488267807	17.9769624570746	18.2218107620909	17.3793240713214	18.0839586781959	17.7394905007644	17.9150582975516	19.833437389565	17.783212875937	19.3099842200022	17.5178652099219	19.5262860548734
YJR068W	20.6390639386329	19.5570583607164	19.8733713024521	19.437727756951	20.6195875846499	20.6815532724094	20.9068932997677	19.9659718059025	20.0394862476545	20.5695180339293	19.6849645215836	20.3146217466902	17.8709535579477	19.0258524214296	18.5363350353111	19.9944873505105	22.2464159715942	22.0870408794585	21.7041582169426	20.4541449226763	18.7675188508147	20.1821500654092
YJR074W	23.222387571073	21.8564684279667	22.0778493242621	21.3820281606036	22.5047953837262	22.1392716433054	22.2944730878582	21.5035219356762	22.8921932085003	22.2415941196417	22.408939361076	21.3564002686945	22.4823236918978	21.9754618223002	23.0053447872804	21.7700418311881	23.7741274870084	23.8045853022077	22.6091887874952	23.3160109772022	21.6389794714515	21.3316470254727
YJR083C	18.5313475225889	16.865749690978	NA	NA	18.5952913714232	17.4755211989491	18.2705149310157	NA	18.8107769057813	NA	17.0232042898422	18.161128601981	NA	18.4710005584486	NA	23.3216163432784	18.1753489892191	28.9839666145559	NA	NA	18.3532091456584	18.0877620662767
YJR140C	20.3504704198685	19.8194686378862	20.3735941680364	19.879574626444	19.66958087481	20.1755901144975	19.9926817121343	18.7145671362209	20.822911677509	20.0946595892497	19.4377290966278	19.9006688148165	17.1508455862072	18.0985032957512	17.6807144742657	19.5834692533371	22.0092801782973	22.3405922795729	20.1695343942102	21.6004472462257	16.9882580295567	19.4179287803313
YJR144W	22.4975723759425	20.6792709623098	20.1943855332973	22.0800818241652	18.3175190922315	21.8547763527683	22.9524845348758	21.1677039889015	22.7699729088885	22.7480053963017	20.4325503509246	23.6634226153908	NA	21.2246993958584	21.0229336603375	22.1391225715145	24.5570268493524	24.1219741166614	22.25077715045	23.7922529508	18.7942680805282	22.9228108626009
YKL029C	NA	NA	NA	NA	17.9149348803303	19.3381009210337	17.8180846769453	19.6322933243321	NA	18.8966671414499	17.4364806100249	17.5616425363764	NA	NA	NA	NA	NA	NA	17.6417080154554	17.248811495963	17.7775432834852	20.0039510222958
YKL106W	20.80202615265	17.5951814862009	15.4031979706141	17.0566172564404	14.7400549801817	14.4754758353648	15.0254522439624	15.7917076790135	15.4941392840175	17.1653888957873	16.93887268047	16.0347763265166	15.8898415976867	17.7860304621871	15.7901360737762	14.240298134625	15.5964137161647	15.2674607064568	15.2301248253164	27.5568074480348	16.2376082213636	14.8605402846161
YKL112W	21.5929858485254	19.483045182106	19.7885147215228	18.5653823748082	19.8641579385095	19.4285527798213	17.9976611391528	18.7954250688674	19.8496250397694	19.9670249163452	20.3625755475758	19.2809457598754	NA	19.0026968466672	19.708178272635	18.6051622553993	19.4704336726945	18.0941470438138	20.1670785917182	18.2870584933051	18.5258616385565	18.4463308232055
YKL144C	22.6196596733748	20.4208883701751	20.5733441713244	20.5546190245045	19.3093150823033	21.5043968252551	21.3746152949818	20.9543562566529	21.1755478725386	21.6819354228636	21.5389061042426	21.5345901545789	16.3020349130535	19.388307095847	19.4932284224925	20.0679098231625	22.9086686731105	22.9347800187591	21.625779017284	22.1298888075307	17.4838703276719	20.8042103683879
YKL218C	NA	19.3730661083901	18.1123834075	16.6421244882584	21.2672965206479	17.7342314583597	17.7932195632828	17.1684172128068	16.7006500965196	17.2983381246836	16.6739277410397	16.7756037287034	NA	17.1261693936216	NA	17.1427005970497	17.1131899826919	17.9303108858822	NA	18.2469732119063	17.171224681317	18.0253030624585
YKR001C	23.5836603732501	20.5921100891929	21.3438745009183	22.4440082580519	19.5754586185148	22.6416710515907	21.7661592445925	22.136683459521	24.1101122788335	23.6222608525478	20.4308828996174	23.2249644812868	16.4347213009709	19.2666145269834	20.7466169900565	20.7272531205269	24.1197449024081	23.2396925434034	22.0177782058513	23.7323970520035	19.0302786454678	22.6824965528943
YKR008W	22.7434036021553	21.0184198378644	22.0285385091377	21.4497929136216	20.5731171189356	21.5115133502381	21.048429994969	21.5381906149784	20.9263776035619	21.7569345257051	20.6832395893595	22.0827881220284	NA	20.4748342257122	20.0671946545921	20.247356713675	22.4898799975704	21.8665570098525	22.5774193676228	22.332237600089	20.1597609155447	21.3868933874404
YKR025W	22.8618228549767	20.6873579495348	21.3387978022665	20.6254553155469	20.130660306644	21.6536956156191	21.5001788107446	21.6024707076443	22.2998694926153	21.9567396916929	22.048669501262	21.7895007387766	15.9636908914509	19.1846429921079	18.9747959158794	20.8898177230453	23.1080390433705	23.1629411588878	22.7533044536287	22.5318802284269	17.9836524339705	20.7501068520321
YKR046C	17.9088380317834	20.6001617424308	19.5866643248636	NA	23.1668873826914	19.8408352093044	20.1779883025745	17.8630816139821	17.8761600339753	NA	NA	18.3073361443838	18.451628152858	18.6408186838132	19.8344211514106	20.8009425264222	19.098661891175	19.6992616295202	19.5492410949337	17.4933219238399	18.5696424450583	17.692397051188
YLL004W	18.9052719096332	18.3114652672304	17.5666966988183	18.1431628191553	17.3156090671749	20.087236548864	19.9434300290017	18.1025887677093	19.3311796045156	19.1788319650157	18.3424093681623	20.273563852351	16.3858934843071	18.2923713774113	18.4133786050112	18.1104461847708	21.3639790841927	22.0366575993322	18.57370833458	20.9176723681276	16.9029218337351	18.4145204233329
YLL021W	NA	NA	NA	17.1436859097799	18.0855863084469	17.8042477403928	16.7114347426732	19.7297058581368	NA	17.6431979508146	16.0736802396063	16.8006975528148	NA	16.7229533173617	NA	NA	15.9779928825921	17.2806379210362	NA	15.4192217815032	16.4096978374372	17.3342721809247
YLL034C	16.3631376092754	16.2721250418629	16.8444851731055	18.569928075351	19.9445182805925	21.520223894726	20.9312561260146	21.1882813773436	19.1162922284206	19.4857192750489	19.1408246207174	18.8953777498652	17.9260004328752	18.9978217545481	17.1451309656188	16.4853954038732	17.8337483554194	19.3434573034392	17.4460586444416	17.0020830898893	17.9466042170663	22.0432640914846
YLL045C	24.0591189047865	23.4161771903174	22.9689129027179	23.3469165236998	22.0912359771858	24.8971784494318	26.515975348434	24.8384768598242	23.8002092588402	24.259421347715	23.7937895833251	24.0660655149127	22.0758399024099	23.1099293704641	23.9690596813404	24.0088237955407	25.2795256698809	24.3204546247352	25.2022714671535	24.2828810729353	22.7904847511624	24.0909792697651
YLR009W	21.3342893812643	19.8091257840393	20.0981962595569	20.1434610034211	19.6498913481376	22.3615777856976	23.4541298218619	21.501157963603	20.8321119502872	20.4540947528219	21.0524209674912	NA	19.2869743117534	19.5638952028084	NA	20.2883204081997	22.7275174722623	21.8524850334986	22.8660574821524	20.7493037156291	20.249923948738	20.422144603116
YLR029C	23.737806179671	22.9674165825776	22.7030295228244	22.4276134490489	21.9653214126843	23.7626319129058	25.5836415097814	23.8104394175684	22.6581587162919	23.0554543976818	22.2093849022697	21.7828135900787	21.3445217518715	21.6779977310732	22.5738979321609	23.355867331417	24.5247645150691	24.3125468110222	24.5600363301414	24.0021381574033	22.0629188516303	22.8038047034218
YLR032W	NA	17.2370270360172	NA	16.4088443804381	17.1975296183856	18.5051897565275	19.1869329627494	18.4568536735766	17.36722806236	16.4459263393924	17.2669024489444	16.5936760325994	17.0503195401687	NA	NA	NA	NA	17.5714072825984	NA	NA	NA	19.0095318302273
YLR033W	23.0235703442021	21.5383629646286	22.2452569950629	21.4398201805114	21.0323563986859	21.6696855122317	21.198101984138	21.638052754345	21.376426107912	22.1291774746987	21.3367996528195	21.8378793642766	17.3087731536988	20.8954732098953	20.1900279267558	20.6250074072989	22.7131127451504	22.0507410594574	22.8655836281597	22.1766933713619	20.0783986728473	21.2171290312132
YLR052W	22.6732623069093	21.6181344462604	21.8438820695312	21.2209222635374	21.6924667931367	22.1979437906632	22.3670252170746	22.5177269212485	22.7337212963082	22.0453741770427	21.6781011352536	22.6595037470714	18.662014466537	18.3495978352939	20.1049494623003	21.0950588407472	23.9896572842218	22.7839999336265	22.9834327185217	23.2313883530856	19.6143210871691	21.2762166260554
YLR055C	20.539714779801	16.2949049891896	NA	18.5338993168113	17.3774161229972	19.3446247467249	17.8541527144984	18.7947228102184	18.1472854953484	18.7445595356499	16.8907701771527	17.8829642982578	NA	NA	NA	18.9165609735988	20.8325727187565	20.4831805697055	21.0385588012908	18.0922681610124	16.846210870817	18.0858381452524
YLR060W	17.3562803663665	18.0026374858049	17.1777545519872	18.8779971534615	NA	20.6991462946968	18.6727473488388	20.8044837030241	18.4250417157214	20.473662236869	18.6441822263235	18.4635962326548	18.0274580337606	17.3914440249993	17.9327259747809	16.6792034254849	18.6666386862192	17.0449139328057	17.2815714897923	18.7818723066397	17.3978985049947	21.7940078118811
YLR075W	24.0867829929155	23.4639688074843	22.4483963788866	22.3450305066733	22.0034682634285	24.1263602205848	25.7892557471013	24.148735797086	23.3635203465551	23.7412817351031	23.078538183587	22.7952868561022	21.1170715527362	21.111672341494	23.1655595947846	24.0553637715414	24.9399368201172	24.5167417691702	24.3847523981938	24.5852028372336	22.778778630768	23.1127248580821
YLR082C	21.880138928315	19.5396426530057	20.0783783250749	20.5917267453021	19.815608394063	21.3063448110659	20.1274428905046	21.0016229336905	20.8650280412308	21.6258880054107	20.8812502831827	21.3415463584044	NA	20.7286870985458	19.7093026691046	19.5539286159999	21.2265926936155	21.1255423774567	20.8118158883382	20.628176112466	19.7670819214893	20.2351621734794
YLR095C	21.1788734240917	20.0679204912874	20.9766952821427	20.1733412504845	19.8282768980236	20.4741679021737	20.5462055116712	20.0959897243861	20.7880933874867	21.065498318398	21.2588888348016	20.9063996442263	16.8162178517045	19.3692622620237	18.643826009749	20.6943126184449	21.8748983681243	21.2896123887571	22.1396806698867	21.2315832682667	18.4230424337891	20.5909825402314
YLR106C	17.1499320041547	16.0540707607786	15.8179336480396	18.3054875306761	18.5956465936108	19.4009951837695	21.9130462703707	20.7036869163523	18.6528529907361	19.6383213991638	15.8544901968559	19.3919855398013	17.8958097521637	18.0703428539079	17.1789720377006	16.4757227734994	17.0688923926747	18.6034604796427	17.0825333221197	16.6098743164196	17.8133737675366	21.953100434711
YLR150W	22.4743786302242	21.7771135599084	21.5318968086283	21.556421985345	20.04980036388	22.4252257050036	24.3979293836005	22.6750545348508	21.4421063993325	22.1387453379884	22.3978831657607	21.6849297388297	19.4131642571385	19.7808737532043	21.3294309205086	22.7049771626181	24.617733179025	23.0710753922724	23.6285098653691	22.3238998067997	20.2889772392098	21.485970583887
YLR175W	18.4698850962497	17.3432667161112	18.1432549369834	17.7444026744327	16.4381302016161	20.6840770165323	22.7473869398385	19.5903602150118	18.0628684241404	18.4415750410471	18.3553593490191	18.4478382174504	15.9422555839995	16.3947200650816	16.7041575340905	17.9117493342921	20.5662251005385	19.5501427988226	19.6667528120832	19.8471415336214	17.061764960968	19.9297290849256
YLR185W	22.9239873737651	22.5421396990906	21.708350504006	20.8457859837362	20.3071263072056	23.7463946577045	25.4334110042461	23.5315417153219	21.7769361806168	23.312572547864	23.0233423932779	22.344356331309	19.0611471671901	19.5329398974717	21.2803220002739	23.3663547405786	24.4426728763358	23.9072820211828	24.0546928959999	23.3065229317266	21.266165360111	22.7343249769966
YLR196W	16.8688328110018	15.4286486535572	16.1267807972891	16.857996263532	16.9079587120088	20.357969583928	22.1349635580511	19.2630411245939	17.8131476065668	17.9832147194785	18.6555939577774	17.894362276369	15.6039589635688	15.7112353641943	15.9609751970658	16.3343748106151	19.1641604243144	17.3977947173996	19.1598772885032	17.5488618496653	16.4204509385692	18.5841303659987
YLR237W	20.4669561955167	20.7844794864025	19.4149515833597	19.491692648808	18.7035524076556	20.300555726889	21.1806039197395	20.3462608801155	19.9427951486874	20.2069652662263	NA	19.6569265312337	22.7988357906984	18.7211227409	19.688869950924	19.840758293793	20.6985441557517	20.5839840045641	20.5002509615831	20.3134842784361	20.297211481647	20.2434004237929
YLR243W	17.0947358979319	17.0204047889636	17.2885883721905	18.8879622014757	18.9424430497847	21.3251873695956	20.9138679569635	20.8249115814512	19.436526103303	19.5087090436214	18.7766628311924	19.1579987192456	17.8679737655233	19.3288207378916	18.7246400853776	16.60293546457	16.712850329854	19.657410100758	17.3190395857568	17.0828447373965	18.3038245142844	21.3837860867935
YLR247C	18.7117369360899	18.9213837989328	19.8672029091867	17.6847104125915	18.3936757927829	19.3647186614219	18.8035522305108	18.7865696397447	17.0243824511514	19.0473094449784	19.9569864645664	19.9421117408543	NA	16.4956613795451	18.5982593241656	16.720084260712	18.4275245965902	17.3947390599928	16.5485668694751	17.7582804847297	15.9342236924294	18.9735890590488
YLR249W	19.2221682604465	18.41421990188	17.9123489942019	20.5970038310518	20.5562454134234	23.263796527646	22.7154101838934	22.7980106284339	19.5366086589191	21.603407612397	21.315745205673	21.1987397475002	19.327000545649	19.0121149039109	18.1314276720743	18.5308048057239	19.6843345065213	20.2585321894896	18.946522917106	18.8182510213079	18.9613951280529	22.5770393924789
YLR274W	20.7633360080326	21.2769447956525	20.9946218074137	19.3024480343381	18.8183186405268	18.6995515227667	17.460384642885	19.3328354377938	19.0222083814587	19.6581336202222	19.7814596724746	18.9576788358823	NA	18.859465303876	20.4279414622083	19.8112522326644	19.2032027781821	18.2530219780934	19.4179768063195	20.8664852723577	18.4719888295613	17.9482120220087
YLR293C	23.9562527338593	24.3690080206811	24.0568336665973	24.2007477513057	24.1831355808893	23.8930393656685	23.6147712780365	23.5850539277577	23.7853954599068	23.6060738626398	23.3568834879727	23.5079228619133	23.9771706465921	23.4467993543691	23.7732325340743	24.3219120958173	23.8146364773079	23.3214601908209	23.0228769254775	23.0374663953233	23.1924919730287	23.2350144034632
YLR304C	17.0642235099025	20.9098641674315	21.2048249445131	16.4808309119901	22.6228428355638	17.7553889626834	16.9808261096926	19.2100792800687	17.3130389187848	17.9436861470487	16.7298879587319	16.6469377576113	16.9936963167791	16.188186806545	19.1313845958635	17.467952704939	17.7010463214697	18.7719210763169	18.2889598393875	16.5708859098995	17.9471776494631	18.5351608724865
YLR309C	NA	20.267378806681	20.1548469773547	19.3124739095978	19.1337656462152	NA	18.9516162932114	19.649512577971	19.743168003994	18.7283850346496	18.9505562637004	19.0312869888305	18.3524577317275	19.4311207506634	18.3447847402545	20.6361637728622	19.1328251917903	20.7879433310933	19.4931011116975	19.1549872594701	20.1703022309376	19.5795350960333
YLR314C	NA	17.4819696155292	NA	17.3908013180682	18.3932516889879	19.6820338260712	19.4558356258678	19.0520387793488	17.3619076624688	17.1664162787111	17.3375227595335	17.6235116208718	17.0173075960324	17.124762927108	17.8130495191107	NA	NA	19.9669261546689	17.3292417868206	NA	NA	20.1800935803404
YLR321C	23.0368712127182	21.6272942630715	22.3697586960285	21.4246381620795	20.9098872567629	21.6890042048555	21.4241318781146	21.7975955956708	22.0531585848993	22.6242824466595	21.6291179344952	22.0606537681644	17.9021703502263	20.7446901632153	20.657882244206	20.7957035021233	22.4680955311066	22.3389014787198	23.1743450894674	22.5640866976923	20.2358019590615	21.6173853249819
YLR344W	24.7595874742712	23.8269276603492	23.4122259764439	23.727983054323	22.7059909544685	24.8510061336933	26.5158772860709	24.7843108192243	21.8777952925316	24.9119951272125	21.9986461773514	21.8709326948019	21.4436585782782	23.2459983261394	24.073354147515	24.2586944119035	25.4684984766044	26.0427130647452	25.5752298227007	22.5591578727868	21.7128243653389	24.3117212206302
YLR347C	22.6900207898965	20.4542517977146	20.3903119565597	22.7334176337191	20.7416203623919	23.5526038321678	24.7422582927683	23.9818784905989	24.1527314280431	23.5895527253956	22.6101793697973	21.2798370366529	19.4715972409621	19.9796413764594	19.5437686135184	23.21238544443	23.9422470070939	24.2048145775626	23.0907262918883	22.2598656428911	21.052548819566	22.0618907903812
YLR357W	21.6761757847724	20.5508309152782	20.9928250021137	20.3552642538134	19.8205960168309	20.6203673513208	20.3362873386784	20.8276029332895	20.28171972902	21.4407352704267	20.6780828759711	21.3086206277417	16.7039128006784	19.9200407228829	19.5160902028357	19.1676110743771	21.977873300471	21.4751978746541	21.881287235136	20.880477619885	18.6750492412553	20.1686146276929
YLR387C	NA	18.9565804794848	NA	19.0636475159263	NA	19.0970955167258	22.377100776727	18.8234092840288	NA	18.2588700276434	17.8173225489793	NA	NA	NA	18.0560523332888	19.5599453780879	20.0265523307236	19.4760568587977	19.2610357497596	18.6270764658767	19.5342864449454	NA
YLR388W	23.1049197834862	22.839066181386	22.1406187250028	22.0364340421765	21.1925496885821	23.5651296567969	24.6235833028394	23.8540640225208	22.9624364809757	23.639156184812	23.0084655064157	23.0992358306393	21.7840855861248	22.0839708315087	21.9382280931992	22.8851600783994	24.0557253831815	24.6445356675668	24.2153652046993	23.3275696690212	22.0646108055438	22.7181289610365
YLR397C	17.2906568203964	NA	NA	18.3456851757657	19.8669786498093	21.1410579052239	21.5947069466693	20.3159299123544	17.8141734153332	18.299990342309	18.7580175202429	18.8873148613167	17.48891548626	18.20046856755	18.018337957277	17.399369113299	17.1795328851924	20.3805033262631	17.1639978289835	16.484277511662	17.1326433105907	21.3304291070928
YLR406C	23.6829573903694	22.7070288300908	22.1877011772097	22.0070513902639	22.0788774140276	24.201712726126	25.8359825520703	24.2157708185343	23.3682656696031	24.3744133191162	22.8805618068803	22.8638357582054	21.8249193881873	22.6320338478122	23.0967061482387	23.4461777024566	25.2813754093633	25.1277002894674	25.0106680263638	23.6159733301531	22.0827663865961	23.2483570741206
YLR430W	16.7548715684802	NA	16.3311254949549	16.6052800818616	15.7616386314241	18.8211974824534	18.8996137375365	18.5531257926984	16.7663229167135	19.0323507989767	17.3736127190493	17.2920939003493	15.6671678784101	15.8733148243745	NA	17.7176808689362	19.1140352774925	18.3542257043345	19.2225144083064	17.5171696413908	NA	17.0293330922989
YLR448W	20.6894012525018	20.7210202541754	19.9750070225408	19.6174605102574	19.7385730456954	22.0747257280218	23.7484416910876	22.5051643552558	20.4670329542992	21.462618013742	21.2307650377389	21.0048290773821	19.2123876743832	19.3999188696896	20.902917608546	20.9245145480433	21.8507890698352	22.6131943660449	22.2991957028722	21.3853784076941	20.65731803721	21.3766790394749
YML007W	19.9122440557386	17.5714638085621	18.0117936715225	17.9648223684461	17.1678307382659	18.1449682266553	16.3553978592293	17.6160754452382	19.501887426564	18.3049719194889	18.842772399481	16.3834722689004	NA	16.5149394838145	16.6929251011107	18.2153154000278	22.2635526463737	21.4849429837466	21.085070066072	19.5018263262665	16.7562266469686	16.7491127680759
YML010W	21.4799595450454	20.4992296026173	20.2856914169883	19.899761748693	18.9128428014269	20.4764718824273	19.3587447497962	19.980340597309	19.750819635079	20.1890376518884	20.8332133852681	20.0639002983536	17.2930128671792	19.0667656385775	18.6547782469424	20.194690871621	20.4652941898035	20.4091457530357	21.8358444313409	20.0995527167176	19.45453222614	18.631946128268
YML041C	20.319362123514	19.07193019579	20.8399508398236	18.4198380291835	19.4089281698883	19.9811870960334	18.0015551141888	18.7329809454894	19.9230171609703	19.8060669976256	19.6874623278	19.9790483023838	18.8152335957964	17.9827108125701	18.8332976855168	18.4309114866298	20.9116386700786	21.0543049301465	19.8243035392877	19.8636381636032	17.8714388463717	18.4392328689846
YML065W	16.651958514086	16.5848415023623	15.4534334639043	17.3472301063474	15.3774126276187	17.8980928173654	18.4856076454751	17.1865234310608	17.483153841817	17.7763066202982	15.555286327329	19.1020223157619	15.7643868037092	15.7143969606835	15.5893513458391	16.5411654689883	18.9737803675606	20.7121220966887	17.5623214452662	18.5837473696729	15.8408827346153	17.8849760076363
YML069W	24.0465796531889	23.0448557374083	23.3942212488078	22.703358623029	23.0645305973497	23.3598940458282	23.1111412906142	23.2899930960563	23.6129581400341	24.2108535285769	22.8600080285181	24.0056588541489	18.1067981458204	21.125425058669	20.692226166172	20.0964294823998	24.8722619219447	23.6742889582373	23.8737998707554	24.2580793319018	20.7735279724476	23.1321221891185
YML127W	22.8782145053444	21.3237915100808	22.0859057068418	20.7563720297211	20.787501733337	21.5780140443101	20.6613185425857	21.228671578278	20.5051600748264	21.7697530342711	20.5830124268239	21.5768134542694	17.5263266853586	20.5168408651878	19.7878098121938	20.2058762186408	22.4788920515955	21.7872422448278	22.0094143475704	22.3853502921722	20.1847284598656	20.9757115579863
YMR019W	19.0544500941376	18.4018620993367	19.2790303482846	18.3320610270862	18.521575826174	17.9695192433712	17.6927928562858	18.4567363715016	18.8673141260574	NA	18.7450617717701	20.9160687865676	17.8115996175897	17.3890955481229	19.0046611918481	18.8229153411542	20.5977806302302	20.5810551985216	20.711207319316	18.1073050248362	NA	17.4567256510828
YMR033W	22.2638937482983	21.2382744156146	21.6059444464405	20.8852862361176	20.3777574045351	21.5414594272419	20.9007503599799	21.2824567369253	21.4486954386083	21.7411635249387	20.6252927851499	21.5987303551352	17.229407421868	20.2375887673492	20.481371837846	20.7103169729722	22.6875165453309	22.4967731769311	22.1921554690517	21.9999630266459	19.3516966825454	20.6060512397964
YMR039C	21.5522567043536	18.6064190446843	19.2949529995475	18.5506134326632	19.5996548539366	19.507982840313	20.4768879477755	19.5966758084461	19.8331767861634	NA	18.7018176753412	NA	NA	NA	NA	19.9925698852459	21.2748796582684	21.2415391728516	21.0767396720028	19.721393763912	NA	19.2900961195146
YMR044W	20.8946110283661	19.6977028504009	21.4120881344858	20.3559203771977	19.3546195556718	19.710186566103	20.3805905812628	19.8073714960795	21.3002426138467	20.6163674699722	21.26024195923	20.5935008502792	NA	19.2561486551292	18.3336679276454	20.7827687644565	21.6519429290854	20.8479042295263	21.4042515368158	21.0629459048493	18.3668318814784	19.9378104121233
YMR072W	25.5911926559239	23.4958158264683	24.5749426575865	23.4011131481469	23.0032419248162	23.4715409772994	22.9385339261825	23.4150818772168	23.5466770127731	23.6913421574194	24.4098744086143	23.4815711008049	19.3805495490069	23.0061682623818	21.4304167928226	24.1403558213634	25.66545320884	24.4908115254495	26.5925749870937	24.2259347507594	20.8279266710469	22.1252310892407
YMR075W	20.8169990122827	18.5957774516189	20.8060407994937	19.3530128505454	18.2589971053514	19.7812667732244	19.3947552397856	19.6075243716748	19.5218645586173	20.6909212595771	19.6259927181871	19.562827680281	NA	19.434710973253	18.5553413868765	18.7537543785476	21.3389507574055	20.1566497440074	21.1941582685157	20.1759435911221	18.486203577659	18.8302890734968
YMR083W	17.8296829451002	16.6803546192446	18.032037632049	19.2798275471717	20.6052479048472	18.1662951326222	16.2956265684406	17.1764103398859	18.1761380002818	17.5156358196445	16.6790879334166	16.635115475656	17.2803316477111	15.1325984562363	17.5097121019699	17.6415009839561	16.9365821619142	15.8670489710523	15.3915518266672	14.9625290724594	16.4059697488024	16.1036154761146
YMR091C	22.9340802991308	21.6991097722393	22.1258065324926	21.4095964919714	20.447257710584	21.7067896902993	21.27118329832	21.965829151368	21.4478791131998	22.1518942527792	21.5736155921631	22.4090130344173	NA	20.6008091587389	20.114097517421	20.489644451054	22.8679605766719	22.5350748782146	22.6730114301845	22.1545567860592	20.2375439475777	21.1797536951954
YMR106C	21.503147821763	20.0306143115691	20.2190378409894	20.1409830806043	18.8056024841231	19.1962364664394	18.8942172455395	19.2752581021612	20.927972837346	20.1594990660521	20.1355003510853	18.8554421151658	17.6985094758179	18.3485854650045	17.7255497683625	20.7979321154171	22.2639091326011	22.3027887684648	21.2802369576854	20.5239044254189	16.9269738167979	18.103655354329
YMR185W	17.6030893188944	NA	16.8915277787098	17.1869110558161	18.4142728029354	18.163771295597	19.6418677685999	17.6195842315279	18.0308160395748	17.7482866368342	17.5820379132216	16.0402007653563	16.1626814753918	12.9558620604912	15.3144481650551	17.975945004488	17.3239490447899	17.6391466447474	17.6988431417924	NA	18.0858586971597	17.4075216122357
YMR194W	22.1021858824534	20.6078134212106	20.0320237466957	20.1440300276194	19.6516598932485	21.9666253365446	23.5961877549111	21.9180036826807	20.5677995659371	22.1020358300017	20.8825591174115	20.1238689882612	19.0265490473436	19.7694178540024	20.2061562548491	20.3989375287886	22.0376100251589	21.9308219290481	20.8322277250154	21.7260790870695	20.5819524504627	21.0072926511009
YMR235C	19.4249784081952	22.6338812660425	24.6546515092616	25.1034579434123	26.709827500413	26.7134845411216	27.0602011797003	26.7357370093201	18.9897766417372	26.8690181787336	25.1332107965191	26.5481322793411	27.6393535894402	26.94664734524	20.2986303614974	18.7259881477736	20.7435209180639	17.7183772613008	20.1188174463661	17.2891945025008	21.4360256263934	25.4509306487513
YMR236W	20.6511955450899	18.5506837678229	18.8506034044972	20.066157393096	19.2096399190701	19.8339288674044	19.7295670524478	20.1644389969541	19.4022509579596	19.5107063590366	18.8610226597366	20.2043446707487	NA	18.5157584301999	18.2894709522729	19.6935540322268	22.4546366645825	22.7868669838633	21.224888513715	20.1942570964387	18.6681478187461	19.1584684137693
YMR284W	21.3784224854184	20.1079059557073	20.329705832689	19.4583279864687	19.3553036678083	18.3210299037603	19.0861082961783	19.076105235887	20.7199151379212	19.823945728743	19.7293377697309	18.8582151669854	NA	17.4361844815423	18.0893069213833	19.7946454020439	21.8932290463765	22.26952828753	21.32816723658	20.258047092537	17.6952632312896	17.8850152838107
YMR304W	15.7105512855608	15.6282113399212	NA	16.0726736895803	18.3082767653053	17.1406769854025	16.4659603437865	16.2062144343924	NA	17.3428506974785	15.310239032579	15.7388376715799	16.85444706593	16.5108846644558	15.3681344031605	15.8078237428075	15.1179899507061	16.7870129919538	16.5046335479775	NA	15.6115797416335	17.4912622011275
YMR308C	23.1277513017564	19.4615419114493	19.398252924051	24.4636483080515	20.5859264569405	22.6825867648846	24.5635265219874	22.4263166347256	22.3509346230611	21.4907653497692	21.9201787133268	22.9155476634895	20.5588605298441	21.916859349038	19.3091560227132	20.3678410167951	23.6202332556878	22.4051616501877	23.5841501905919	22.1080695236065	22.8800508606168	21.3465744955808
YNL014W	21.233415869226	21.9346198158849	20.8014244210191	23.0037459904773	22.503699552843	24.9166556045299	23.7677354769541	24.6362090334025	22.4016349596547	23.4969684093541	22.8531341216962	23.645629111412	21.2851752696121	22.6043030208975	21.7365585931861	22.0553287628315	22.5796824905086	22.4521349555112	21.828252312775	21.8408732226519	21.8985339986512	24.4533889010576
YNL037C	16.0841770223022	20.8952088464176	20.7673049748279	15.7001969428426	23.7074375843196	18.6612862532312	17.1446826853815	16.6815370276263	17.4952925979967	NA	16.4707540524295	16.1881412902151	17.4134605654051	16.6753625794301	17.6210205403871	16.6030178846124	19.1617063272658	17.3179867955632	NA	16.3608957075701	17.4832946107768	16.6626721803631
YNL059C	21.2636438025163	19.7841160414094	20.5287171388614	19.8314634313485	20.2744737287467	21.3037457674224	20.2696109267475	21.0986558196708	20.9618290112992	21.2929342244918	21.2127314720679	21.4181737027561	NA	18.5010432606939	18.2285933375769	19.0571738498343	21.6586444326652	21.5345604538046	20.5626089344034	22.0801331402186	18.5423348348203	20.1423610141557
YNL061W	18.4961856580402	17.3793806443933	18.4556167280154	17.4755435328056	NA	19.3529810771535	21.1780120523928	19.4470601944974	17.9671158222429	17.5113936403019	18.1874704419703	18.3759178847982	NA	17.160258971252	NA	17.3160905798247	20.474838945216	20.2937040733221	19.4676807805911	19.6891317456431	17.8726985049387	18.868500911257
YNL062C	NA	18.956819175436	NA	19.3594867673515	18.0093424199701	18.525316199438	22.7219553080717	17.8362774083421	17.7949022217449	18.5027152032233	NA	17.6418440302911	17.576528457177	NA	NA	17.8529249579383	18.8880199926936	17.9629653901352	NA	NA	18.9529662701173	18.168145217764
YNL088W	20.9001782728538	20.0908832473447	20.268861105862	19.5227280518437	19.766572383718	20.5626362037792	20.8447557475043	20.9858332002333	21.4195617385096	21.5734282011396	20.4334562564273	22.0036114786838	15.2934901874667	18.653626679898	18.8403252131824	19.2721585629937	23.5467635024347	22.781201445851	22.1385231842202	22.9886979678504	18.0061169474954	21.5000445729962
YNL112W	20.8852959417709	18.3216742389257	18.9212594539304	19.0983321106925	17.7265669612771	22.0122041949844	23.7203572394873	21.7136374803006	20.925014490353	20.178077256344	20.6609997325774	20.5027471006174	18.1112367110748	19.5823009838148	21.8949505386057	19.963657730011	22.7294028191446	22.3169940477993	22.8369903795939	21.5905207877919	19.1298281565294	20.5080616559734
YNL113W	24.0888126328305	21.9076021894729	22.3605022660498	22.39167649906	21.2203132342208	23.1832349428389	23.3189508687097	22.8561943615452	23.5020646587161	23.5619379543499	23.3429153222341	23.0755668036628	18.8227652339195	21.2055363046747	20.5793398288387	22.2170552386964	24.6054167065485	24.352828583165	24.00126751258	23.7116545833488	20.2720333644542	22.3253742065088
YNL151C	21.9111383337807	18.7047418977606	18.9954632466544	19.0682710508614	17.953749540655	20.5009472980986	20.6044359633707	20.3029372144422	21.508450722842	20.6873565614213	20.4367313499582	20.167278912333	NA	16.7408038968221	17.3949404139451	18.4390963150802	22.5547993655069	22.280298485402	21.2066418859765	21.2863743829706	16.3376680834192	18.8083438303305
YNL167C	22.1836425522093	19.6175564234182	20.5651220777649	20.0862239806929	19.9155162182672	19.4164104036531	19.8893589490522	19.4729756769685	19.4569273250752	19.2646054342434	20.1649757196932	19.5427811696177	NA	19.1012998794609	19.032123613781	19.1073566630725	21.7282014948108	19.4599996374282	22.094042914571	17.9067473378589	17.5745013804148	NA
YNL189W	18.6084708953229	16.8361251735754	16.8385220418521	19.2819857625166	19.835953342459	23.2189672265485	22.029016439609	22.3017276321986	17.9817790671178	23.4068588020772	22.7802399348412	16.4083917688971	15.9707452809265	15.1796137705112	16.8404143373324	19.6381348982215	23.7945281048045	21.5969594039687	22.6251838572323	19.9834326847701	16.8484877126589	19.8363136447052
YNL206C	21.5991676423257	19.8275225133074	20.8682764911467	20.2244669624265	19.2311992062879	20.7059416145477	20.5243265488722	20.3310877915649	20.3512909795115	21.612942913799	20.2905174178362	22.1744157400613	NA	19.0387253340887	17.4347485907326	18.4819488715691	21.5096222918187	20.5422202257052	19.0316836769623	21.2572150748604	19.0015437046268	21.5311654471319
YNL215W	22.5382537962609	20.8342506096474	21.3665000236549	20.6095761211986	20.7960158350867	21.6463572422454	21.1935669474663	21.3451424140608	21.2136715092317	22.1035320752606	21.3282289096291	21.8682793220221	18.0770549610414	19.1309366636802	18.3630650730423	20.1187677014316	22.9820789000188	21.7352176319061	22.3775179026077	21.9935481299049	19.1305431499713	21.0291180756285
YNL248C	19.2440862627531	17.610875834571	18.7056219300159	17.682213861409	16.0232606666664	19.0643184965284	20.1190106259365	19.1274778082456	19.2202945424167	20.3595841477871	18.8865043812449	19.4471533669563	16.286539466372	16.5545890298528	17.8189183439246	16.5168980098303	20.7452823837364	20.8487889685805	19.8948791694973	20.5519242594452	17.5853448779716	18.3735057665548
YNL262W	17.1139086910651	17.7360510830402	19.1004763890942	20.5326211059064	22.4153518809413	12.5120950561425	19.8024591931328	21.9185702603419	NA	19.982151170201	18.8545710977458	13.6622963457479	20.570878923984	20.0670095930292	16.7490164263927	14.8029894872781	16.883174959882	14.4341461707288	16.6955273183804	NA	16.9971236677215	19.3546130961988
YNL288W	18.6408144134794	17.6756884958594	17.9998542596349	17.3437806167516	20.362023816765	19.954058598082	19.0366702307648	19.1470314558666	19.0196324974316	19.1580173676551	17.6943559228488	17.7757490432467	14.4576335281302	17.8326631944305	16.7099806611083	17.2350083105973	19.1807892125809	18.9734926371841	20.2272199558771	19.0887397090335	18.252564888504	19.0371893843099
YNL290W	21.941211884305	20.7242736104851	21.0637986572611	20.8356184645534	20.7440160722721	21.560993781786	22.2984934213758	21.2729828918301	21.026242534531	21.1033407066888	21.251385188374	21.2002000709176	19.3632151756696	20.1164836383307	19.8296020624722	20.8421711734657	23.1601228445415	23.0515895335491	23.6206736477877	22.1241443948399	19.9200819882171	21.267239977272
YNL308C	19.6065060454465	NA	NA	NA	NA	NA	20.280274598741	16.7319043144458	NA	NA	NA	NA	NA	NA	NA	NA	20.1348492432485	NA	20.28641561682	17.5294519017781	17.1667718521878	16.5694369977923
YNR003C	23.5178176967144	20.2902435280147	20.9014907855932	20.8138949602714	19.816808102403	21.8232121224564	21.7957531776503	21.5977963568009	22.1188134533334	22.4199925245246	21.9092922970874	22.3963509788166	17.8000862896312	19.7010928286392	19.7121639465678	20.7017002369319	23.8046039656244	23.6892785833899	23.0398790794294	22.841472467762	18.8573921568649	20.6529206720005
YNR023W	17.8595661913366	18.0657715465086	18.0382950638552	19.2253916967871	NA	19.38536588111	18.3829797019495	17.708796330653	18.9202678518556	17.5815229650388	17.3208243002741	19.2291445086003	NA	17.6597049472348	18.509292447226	19.399248263226	21.1128372069346	21.4336699046861	19.4000578271748	20.0552003850509	NA	17.4402427738887
YOL004W	20.2206505358336	18.765356325807	19.1088586421642	19.3518898118305	17.0056189115018	19.0868933394794	18.0129188421984	18.8970511688452	18.8155814224001	19.625382962903	18.2570576511239	19.5518221886394	16.1281313897263	17.3790008918521	17.2946891448298	18.3399628751746	20.0029352038979	20.6339076489434	20.6538680968387	20.4444545176411	17.8904522028511	18.6417350378092
YOL005C	20.7153047808471	20.3380555668298	19.9241477599177	18.4199036207642	20.6271580465641	20.3930231835965	19.0175095575445	20.3786366275126	19.5041395962682	19.5744831744638	20.6960164316979	19.2634673543998	18.4242466892004	19.3147072826987	18.9751406947008	19.2890396273609	20.6377880329938	20.3786247497804	20.8620059658498	20.2392494570698	18.1235579972103	19.5527763249045
YOL006C	22.7528369380404	21.4175177094588	22.4149557423728	21.8443402556319	20.7376200841729	22.3478692858254	22.4354187080726	21.6508260045789	23.0145012684992	23.0395603421918	21.4711103181733	23.0376412026806	17.4484224667499	21.1482825046871	21.0353289458723	22.7258022702054	24.2307598770638	23.4062497495508	22.4443714674505	23.3180365692273	19.3491088386808	21.8219124983333
YOL012C	24.933480076945	25.3160927503119	25.5801832296573	23.8473643671419	24.535932274368	24.793759791471	24.67068172878	24.601308967054	24.1775626694733	24.8588136840457	24.8279252138724	25.3713041742488	20.2837609879997	24.7081616613381	23.5727147565564	24.8183750625383	25.5126636095524	25.4537021563033	25.7551464063619	24.1092417666635	22.5724289509816	24.6014389077216
YOL039W	23.2748280050804	21.6298702139696	21.1535128871211	20.9831275254721	20.6532956872435	21.7578652799744	24.0158065472314	21.9053593615389	22.5073306447176	22.4108534753026	22.0108448350175	20.9559603665567	20.3131036059179	20.2929866806863	21.8594327243064	22.7249882614081	23.6552575063454	23.2294663878239	22.4270138317237	22.8777565676932	21.473679270039	21.4500431381944
YOL055C	19.5100547149909	18.0878402870247	17.1554651133335	21.1905218052593	17.3223818120469	18.9192927405552	17.8257919836266	15.8083335513821	17.8884570234304	18.0967299256717	22.3475006374923	18.5974898513547	18.1020380377777	16.7063485806457	19.5186409965201	20.8262239295316	21.8140761205246	18.434630828712	21.4258538824869	16.7005373600787	18.6711730094659	NA
YOL068C	19.7602705295516	18.4713571457078	19.8040407360843	18.8480936374091	17.7885792931765	20.1973798338171	18.825069935502	19.9210176332613	21.2777276490249	20.502563707067	17.5842767026017	21.1409522026594	NA	17.6319214765253	18.5981841381704	18.7497197185802	21.9696909774579	21.9102291950127	19.0524738157088	21.4609229251598	17.9357992103926	19.7795421566405
YOL090W	19.6723900288447	17.4630363745359	18.2150035867355	18.8373739708336	17.1851755503696	19.6465332797679	20.0203721163817	19.4098172833552	20.4737143081565	19.8886235201581	17.2038339037554	20.54129790845	17.4434448622565	16.1769572206089	17.510141798446	18.1164991332005	21.5961965672135	22.682140063855	18.1193420468012	21.3244928231439	17.2879876535756	20.3547464362187
YOL094C	21.1666825832701	20.2382733731463	20.0973496557322	19.8525647391867	19.9110897785023	20.3342899882405	21.1294456671373	20.1692926165023	20.5928105016091	20.5847309770583	20.2882660084175	20.5321034094312	17.7521512613912	19.1661632142233	19.065725955989	20.0156917050216	22.1140794346751	21.8201735920905	22.0919583289745	20.9255053855784	18.5195593395915	20.126112761699
YOL116W	19.5656102524677	18.0577460189402	18.1431145351126	15.6722829224051	16.2581524448961	16.578072677552	15.2709282595941	15.3954047637855	15.9488537046877	17.0718745511359	16.7792872980946	15.2638442175957	15.9198654859658	17.6726942425886	16.6303860922536	17.5061422959876	18.4652853223085	15.7214973146406	17.6491035103924	15.7030458916141	15.1932785648623	17.8040148784124
YOL123W	NA	18.5637550567908	18.3401542360991	18.5507128737134	21.9766735574872	18.2250748502036	NA	NA	NA	NA	18.1152319328789	18.5250298565445	NA	18.5867419739358	18.9351341049368	NA	NA	NA	NA	18.0708692762475	17.4159896006583	NA
YOL148C	21.08502171261	18.3280973303788	18.2088607288218	19.48185708779	18.9385784803169	18.5436626628244	17.5718453595269	17.442779032443	18.1376877829833	17.9847512878138	17.5925873608323	18.7946632571703	NA	NA	17.5413313645154	19.7661386305176	21.6035827387662	20.6632137247576	21.5801407431362	18.670941565169	17.5297162409046	NA
YOR038C	21.5036164835603	20.2919910865017	21.5043575753947	20.1331050059427	20.0689297988565	20.8106379210593	21.3620643541795	19.9076990969095	21.3942517589913	21.2739681566347	20.2056037004928	21.1828543174612	16.6627424789085	18.5293117715922	17.6511388880668	21.1823594421741	22.878396700005	23.225853315432	20.8420972985816	22.4698858632337	17.9864738125947	20.4576116769108
YOR063W	24.5687661177456	23.5477295193182	22.7402817069175	22.771785583389	22.3542745412697	24.2649339271098	25.9308426837638	24.0808280452267	23.8146457683443	23.6649648006461	22.905883747716	22.4075000800509	21.235130370162	21.7324057856974	23.8741075834068	23.9262650774227	25.4939126066711	24.9378222104973	24.9458621338639	24.8537675310944	23.1083143683704	23.2882540304683
YOR113W	19.472855882951	17.2377897612648	19.057007790247	17.1443206071181	17.3733782370392	17.6524290933071	17.8300006569176	17.4822237483268	17.4508829821295	17.5098713273346	17.2260895055096	17.0826481388481	16.4981389554351	NA	NA	19.1464845983311	20.6389543625939	19.6328271748233	20.7127938284659	18.2823545142673	17.2697203921049	16.9726440971747
YOR116C	22.946153298071	20.3873757983474	21.1489180398648	20.8222725843161	20.1225368646451	21.8519742186437	22.0721037805158	21.401068560215	22.345164183208	21.9696953003285	21.8024092436189	21.1618497697505	16.1825316236985	19.5067898899709	19.1350448919797	20.8675690458864	23.4981661883594	23.4508822752133	22.6743095998108	22.596209839108	18.7892329243083	20.9893797147747
YOR136W	18.5393225656733	21.6032927198312	20.9541157110192	16.8017767887166	24.07679832262	17.0625311493505	16.5828091305666	16.8830240661157	17.3605856936285	17.0383027868532	16.4114720834129	16.9674121997339	19.4887469168293	18.7022317658695	19.9329331996505	21.1949442647566	19.9040517497813	18.3663929015679	18.6732992154952	17.3349872134852	18.1613009764973	17.1900473738792
YOR141C	21.8580050751257	20.325362298679	21.6007788794596	20.354997628196	20.8347420622775	21.3073297807354	20.7647306007288	21.1377499707116	21.2822718708801	21.4542046524945	21.3068694823651	21.4553318056426	17.9358478734527	19.2962836818439	18.1642757983849	20.0345779885286	22.313074151335	21.6698437954672	21.6350309208975	21.9466623937369	19.0035017011627	20.5495437764739
YOR207C	22.6480686019095	20.6056363406184	20.9182400026033	20.8166570115761	19.8097995303697	21.6176697243119	21.6246306567844	21.2551338340986	22.3934872509588	21.848516365698	21.9663598159312	21.3510327760489	16.7383019059723	19.3225761278106	18.5539766276127	20.7351704580337	23.2218478190658	23.4280545315776	22.4034226724677	22.4036512354077	18.3821855502235	20.833486305325
YOR210W	21.572484565059	19.5913019506764	20.0191682310246	19.6849081764903	19.6506470109212	20.4251722801874	20.6456776068995	20.1096147097926	20.9338077938983	20.2049687938461	20.79760163098	20.7437787072489	16.516536325217	18.6460350743421	17.7923368238281	19.3358965935625	22.0321313677124	21.3195557829804	20.7268810808817	21.3754325297665	17.7372060568016	19.8108088838408
YOR215C	NA	20.0394098208318	18.7211798948074	18.7167182931266	20.7665343865964	NA	NA	NA	19.6549490904054	NA	NA	NA	19.3255362237396	NA	NA	21.6320671601464	19.9904995002558	19.6851963479386	20.1405794861852	19.0229171997888	NA	NA
YOR217W	21.4790950760191	19.7410959129151	19.9243075284575	19.9461761555187	19.3444717547715	20.7363518532788	20.8728005272369	20.3716781065029	20.6891057257625	20.6841469417787	20.4377080122467	20.6117412313503	16.5742815683932	17.3938704469413	18.1769806542017	19.9777319475262	22.9563334556794	22.2328386885599	22.6629593139248	21.1161415629562	17.7248179851667	20.3827243507725
YOR224C	23.1025144837663	22.024734308673	22.4882339147502	19.7467109246669	20.1753604860543	22.5889982119094	22.1981907203804	21.0997778493282	22.7052205230478	20.1481929673839	22.7382094470813	22.4798817741778	17.2933281195496	19.4806767268431	19.9072937117108	21.8914867271306	23.7061822075596	23.6475122807868	23.2853274261702	22.5462021424397	19.3866642002263	21.693822988604
YOR230W	19.0617776204923	19.3286265712623	19.1147413483023	18.2304485170967	20.6575523887275	21.262404252667	19.152142019477	21.4257135292536	19.7231211322152	18.3901286205685	18.076676742555	17.9621590308167	18.0712213611263	NA	19.2561999409431	21.2657869979994	19.2642202042178	19.3906377873174	18.9961417618522	19.8336052925546	18.3789170918814	22.0434514748511
YOR234C	22.7522408712615	22.3853907020446	22.1358957466113	21.2840845178809	21.8680795001166	22.79328602406	24.6808261448352	22.8002349471785	21.2987007154626	22.9756944234247	22.1107420230372	21.5543547717074	20.6006477154152	20.6957370756144	23.0654251539878	23.4025614398614	21.9383871963349	23.8054451708471	23.8331612599926	23.0361143340305	22.1519716834886	22.3163120696821
YOR260W	17.0659599305275	NA	NA	17.2517753497027	16.9768000369223	17.2490562209335	16.9720231176938	16.1522849661778	17.2008459933603	NA	NA	17.8074093018442	17.4423596604832	17.6266298068239	17.5055725541076	18.644638128776	17.1443137275751	17.2654842967215	18.313420444548	17.0371013952611	19.067457585758	19.1379186916941
YOR279C	20.7887874510732	20.5126166996161	20.2925885104165	19.9458252391376	17.8691473556447	21.1731563829034	19.9410290981429	20.8896860335512	20.5204261779284	21.1396206696591	19.2332071061244	20.7554923308366	NA	18.3330631946904	NA	18.967950515385	20.8273854658269	22.8873051530269	20.0061694916826	22.091956345515	17.7683150287805	20.1285794736419
YOR290C	17.7858126537077	16.9371925362587	16.6858701241493	17.7984305192921	17.0158054364461	16.4599583506913	16.3248671039074	16.4875037516243	17.67774012696	17.2673078636369	16.1158749583	17.3806002421072	NA	NA	16.6218945124532	17.6635179159248	20.7191697289293	20.633695663052	18.8848233477388	19.7101841929702	15.4962452446296	16.4334561211516
YOR294W	20.1733536485871	17.8697097918982	18.2271967968324	18.3451868533739	18.9855500005849	20.7645610157879	21.6806034337217	19.3377101279962	18.1291362488811	18.2331139990252	18.2328953011483	18.2423470946207	NA	NA	18.5514404658919	18.7272617573406	21.2928262533983	21.5829971552208	19.8526848713497	20.7719441238012	NA	17.8088283798848
YOR304W	21.0797921952379	19.4305283968756	20.4300499932539	19.5768336335865	18.9689746678	19.9869763502689	20.0533777292904	19.3938377898359	20.8580723801717	20.079107255718	18.9457706571686	19.9692488841578	15.8357162347593	17.770987935658	17.4645418769141	19.4513620297559	22.6887168443002	22.4547285196709	21.6532293960798	21.1837648495743	18.2197653475622	19.5095148610479
YOR341W	19.3690959970156	15.5889852870979	17.5027924397442	18.8021598493383	16.2898148583565	19.883975288779	19.5777602358406	19.6232734424519	19.1855012935776	19.3359789391906	18.307618002243	18.6190390857947	16.5272354960906	15.7097131361393	16.8877480279954	17.8882870539786	20.352978794258	20.7151210248204	18.7837783477448	20.3998179673135	17.1993554441758	19.8486907255758
YOR374W	17.8056572120501	18.3811975621033	19.3318574911689	17.6457334313817	20.2112829557432	18.6516580048043	NA	18.563604484665	17.6111055644546	17.7128736306367	NA	17.6155381018954	18.615670869806	NA	18.6804304640629	22.0920125569841	17.8459086154946	17.8434609543472	19.3545930454279	17.6859851350535	17.2332211057122	17.4433977417024
YPL016W	20.0975965182089	18.6332254851423	18.5806417630613	19.4054613993327	18.9740201431649	18.4762265584026	19.3693459273566	18.7218604419226	19.6980809389725	NA	NA	18.4433307965561	NA	NA	NA	NA	22.2089769717325	21.7120579214265	18.8650158202541	20.3495792733468	18.8211503286635	18.2292628568311
YPL037C	20.0282451959891	18.7855845404531	19.0449975645259	19.85134587227	19.0363437760072	20.9719611771951	22.3788913013232	20.9264808123032	20.0892490071721	21.4640211747733	19.8752956652879	19.9762720939145	NA	18.3727839173854	NA	20.6994986204002	22.3190301119572	22.3322449511657	21.987424120691	19.9753356317712	20.1056641175553	19.9356668750528
YPL043W	19.5256965881044	NA	16.9686691763391	17.8440802035841	16.6166135112593	18.7879946625466	21.6110277472137	18.9019766454342	18.3078663617476	18.1653594614968	18.1201708015699	18.1402046042495	NA	NA	17.4699605144462	17.119013589238	19.7794145088201	19.2391369557509	20.016379821526	19.4898181579823	17.8252583782049	18.0228045304995
YPL070W	26.1653435879678	26.1801822817193	23.7168347540801	26.505302301723	21.945276715832	25.3698271356656	25.3506591679972	25.2110607660535	26.724528831046	27.2949287215345	26.0690416792761	26.8121605408435	25.0235366328844	NA	27.0919140716331	24.0258212232525	26.4456078148133	26.1626718437126	23.7858179396535	26.2426337272654	25.3051413451564	25.256530375118
YPL079W	23.0234728883432	22.974674048334	21.6060031547021	22.1364709047493	21.9661922527765	23.0994505983987	25.101848229001	23.9769083980726	23.0851054961251	23.100277977296	22.5174208950723	21.8340798528268	20.288263068534	17.9073005745102	NA	22.9994275724519	23.8520857786978	24.04760095192	24.0948377874452	23.3232799433788	NA	22.5201963166247
YPL082C	21.9969330044226	20.4363160133738	20.7765934176569	19.7978196695744	20.1043227077184	20.6128503788141	20.9167801753959	19.7012991861389	20.3208066158788	20.1623530306173	20.5980603262994	19.9044192734371	NA	19.1473656021324	17.9965684953315	18.4259346099231	21.5176034538991	21.3177177636584	20.781934523406	21.3363365305426	17.3741659471662	19.1981082706538
YPL116W	18.2953975622755	18.8336162000761	19.8719814444667	17.2777085357737	18.0428022157936	18.3687839636331	17.5597360186612	18.0518702454795	19.8605138243701	19.0239472455121	18.0718851719586	18.8738365899718	NA	16.4328122597447	17.5432377356322	17.9598714274903	19.4801663105845	19.4459958910181	18.0387118124844	20.4668648133606	16.979714701435	17.8539473806339
YPL125W	19.7120279437271	19.2422831558527	18.2112653638242	17.1593357721336	18.8601742840709	21.3336691535049	22.7218898777104	21.6103870981306	22.1121082360144	17.6549997181544	20.3307866507446	16.6706392382258	NA	17.1934605291905	20.544993670744	22.2022815470682	22.7216666038612	20.320044730586	21.780279125497	19.6609007621852	18.8391073287384	19.5690133185435
YPL127C	21.9524517775922	21.2070054033967	20.3184557721808	19.3021852275773	20.8945938347064	19.6441776322933	19.6021659279246	19.7380410397371	19.1308483277196	20.0310544731451	20.4708796188442	20.9556766730837	17.8885632601811	20.6243983599512	19.2196431464796	19.1483299909594	20.7469589286882	19.2778257922937	20.8595045167167	21.2698923584275	18.6895655163071	19.760297644606
YPL129W	23.701367115029	22.0378444361183	23.1379779015818	22.3057267888731	22.0700230338591	22.6742263360491	22.2179854168534	22.7123122162967	23.0756444527577	23.5077031449395	22.4708241354518	23.0555155734264	17.5942264678041	19.9451976367596	20.6015980747608	22.0888237783151	24.0765533775996	24.0410814038063	24.1288843344966	23.7720122158097	20.4101061662915	21.8463617427174
YPL131W	24.428330019162	23.4324810090761	22.7531404098242	22.6515650544767	22.7349419884135	23.8415958374345	25.5849262902799	24.2238859751	23.561365673931	23.6255664259931	22.8261372910906	22.7102492524915	21.7199987974607	22.2582191170994	23.4308683626988	23.6750108213432	24.9033037516838	24.3678163506981	24.4433730752558	23.9672510156454	22.9026518963199	23.1881312388109
YPL211W	19.9030995387244	19.2892289098886	18.1725382163296	19.2423086698014	18.2898902384219	20.2659543646493	21.7094797630048	20.3592261442878	19.3528160869267	19.9567626380291	19.4357874833072	19.3136024065908	18.3128345079523	18.1696418584901	NA	19.2338081780504	21.4657701432357	20.8249541558267	20.6716318674894	20.6108178860844	19.2017886325617	19.5217508331198
YPL235W	24.540090733966	23.4217205062659	24.0449169548137	23.2721334135857	23.4692050847259	23.9707793006706	23.9943931227473	23.8917176504393	23.8460291670075	23.8381601780978	23.725133102104	23.9800053286903	19.4544339697257	22.5710166555332	21.8800357986966	22.5006603845099	25.0077323502118	25.0937006934077	24.355156703896	24.5087891408554	21.9011908364067	23.196284502584
YPL243W	18.6784834032053	NA	NA	NA	19.05760272278	19.3525710700733	21.6698563599063	18.2285396371663	18.3662324920704	17.9382691865377	NA	NA	NA	NA	NA	NA	NA	NA	NA	NA	18.4861797914908	19.0057980929777
YPR010C	19.9034109590867	17.084312973297	18.1728172671071	19.266243602471	18.0964898803361	21.0030540747016	20.5149064015767	20.9005774954888	19.4544669815048	20.0933281705119	19.3335312998947	19.2431424016959	17.1714325400362	17.221832084515	17.3578575676892	17.7144316121521	20.8856529331635	21.5296007382496	19.9623292858312	20.279597565565	18.0546166136478	20.7154211882738
YPR019W	19.9939092639711	20.5336990492313	20.8152833460083	18.0827575426182	20.6669646222948	19.763169794675	18.9948690132628	19.987727629678	18.8112115846607	19.0417055560871	19.6246473165551	19.4084230789325	17.1300965447882	18.4094728284315	18.7899553778554	19.4204562332976	19.0108735708246	18.0949391172302	20.128187151686	18.6406428136575	17.4565870147175	19.1241607529235
YPR034W	21.6786148690859	20.6687346455237	20.7207997470868	20.6161021184546	19.7774538661939	20.3698517431636	20.5012135782519	20.2876832293847	20.4406623535717	20.5368393722679	20.0289217008696	21.1129262205361	16.2550757151456	19.2412983601253	19.3948461485616	19.7934806871559	21.7367698378569	21.7203988868297	21.7152667979899	21.4527092123719	18.5784938444896	19.8006147603083
YPR088C	17.5780849864307	NA	NA	17.8064731643889	19.2959212992422	19.1606868584021	22.0542275174125	17.9154349709668	17.4856083804633	19.0733385003913	17.312471880159	17.7156843125108	17.4069990963025	NA	NA	NA	18.322415425675	18.5541887601799	NA	17.9500182938952	18.6139795080142	18.3613442878086
YPR110C	23.3234773463945	20.8875331109268	21.5719870596886	21.0688201328235	20.3224801050253	21.9939106934632	22.3577541596278	21.8785451121069	22.9417625398104	22.7727397716452	22.2126284855544	22.1963688600665	17.951046973257	20.284168950425	20.5056127075207	21.3669285475836	24.2352661954401	23.5101273199238	23.2445477813475	23.311428574766	19.881421622505	21.7912958235364
YPR162C	17.926170924638	18.3156193751601	17.5155726088854	18.374734236117	16.875110391185	18.5512193157771	19.9510727010968	18.2539912597474	18.4778151622021	18.5006316865409	16.6098969562661	19.256315280045	16.6523547751265	17.0738383988556	17.0416348978607	16.3259666996378	20.7422116546123	21.4859573543217	17.4530258115065	20.4080606395583	15.2652430346544	18.5231305833442
YPR187W	23.8323959123264	19.7194658916397	22.5550424292358	21.6654399226351	21.8867597327268	22.0103823837726	22.9272463803607	22.0635294278207	23.2367986697947	22.7374903506543	22.1125328996583	22.8040379176779	21.7885564061929	19.5674865525313	20.1787942353078	20.5668494406692	23.9550403888113	24.2358872985764	24.201462432357	24.034603006696	19.2594073302817	21.3192917029695
YPR190C	24.0866202450658	21.4783723515778	22.0414432846337	22.219795220384	20.8291476504738	22.7282867657096	22.8475612621047	22.3939624963509	23.373116681921	23.1799475540151	23.1125303704615	22.3077165923878	17.7684339750908	21.0492670225522	20.5134952166365	21.7826352591763	24.3338572263131	24.653319618009	23.618706702537	23.6089746036406	19.867748377624	21.9261396438224
