Protein	A180T	F58A	G80A	H141I	H141V	K101R	K132H	K143W	N105L	R108A	R108I	R112S	T34L	T34Q	WT	Y148I	Y157A
YAL005C	20.4530211038669	19.3770316665472	20.7430389136522	18.8195487222776	18.8758135699672	19.7203743262991	20.2048533159851	19.4326880960708	18.8572533556911	18.6294022618851	23.5909998208471	19.2853468728632	20.0161072105749	19.5074872869396	18.4043858885724	21.1018170091415	22.402395407736
YAL036C	17.9846774412208	19.1084737848385	18.882931617353	20.3063608932255	19.2723591657156	18.5776087202196	17.3099672267045	18.8966418376511	17.9479857790218	18.3137752408696	18.3060495553177	17.4134525178465	18.5195068062764	17.0926251480877	17.4314322098938	19.521886512733	18.1718025025999
YBL039C	17.9264839748767	20.1830897567069	19.3697755913213	20.7125203740616	21.7268903711174	18.6465987467944	18.0383171741817	19.9353479498305	20.5871587919974	16.82293578735	18.8974488884298	18.738480950278	17.962819311219	15.4440563564855	17.8534747139783	21.4043378811809	20.0691687869138
YBL056W	18.534171769196	18.8120756170367	19.1065117070712	20.494854664576	20.6255827685955	18.75101030227	18.6001662365056	18.8457283134095	19.2838593656464	NA	21.7957995859577	19.308054251614	18.2314774761129	NA	18.565939519803	21.9006888331524	21.2772131749004
YBR081C	20.6519896482179	21.3276448843519	20.2854145346853	21.8368457020455	17.0810627081278	19.9137657530151	17.91938609287	22.7212011445687	19.9240654683937	21.4061423445347	21.6389974145033	20.7912071435918	20.357218757201	20.5294986978478	20.7955329341095	20.999828625947	18.7950061810004
YBR117C	20.8146434291524	21.4252629922599	19.2740132751443	20.2063854374137	19.979226854674	18.9628260071177	20.6106786148493	20.3927842013341	20.1124457844935	20.5383787204321	21.1910595564637	22.0458079676285	18.5482340072669	20.2174149627002	19.9750483666566	20.4957819675646	21.8131056471508
YBR121C	19.1735270207258	19.9346712083578	19.1996191828615	21.0316777951344	21.1955917655559	19.270301448824	18.4250747133055	20.067050510308	20.3027742098391	17.8866972648007	20.4711785514695	19.588333254376	18.247864964334	18.1363983116298	18.9464528355027	22.0611135414662	20.9351485721153
YBR231C	18.4255758298399	19.221100670803	19.4519413750365	21.2496309945059	19.088032131797	19.8606180416216	24.308233837198	22.7551591793299	24.0260267800319	22.8878231648266	24.462397049425	23.1690790030789	16.2809690255854	23.7533903154008	19.8506067850812	19.6269413056733	24.9332248883472
YCL043C	18.3299377265631	19.6518405376575	18.8866291517758	19.8476323804828	20.0666892299362	20.3658744482303	18.8828578768355	20.7422328778038	18.8644128189414	18.2545006344044	19.7559465313854	18.9010021492831	18.5134947141044	17.8097529656545	17.8701331574886	21.2302249985187	21.2851684710142
YCL050C	18.8746485575653	21.3597980544178	19.7579593197076	21.2589224334278	21.6943446518254	21.3583198218316	20.0562695033403	21.4672550511356	20.541466754307	17.533202699431	21.3239069990069	19.768662057381	19.0110976290422	17.6372233437865	17.8995945645087	21.4104247414704	21.6336604984366
YCL054W	19.6246274671195	NA	19.7624273650509	NA	19.7682366515169	20.1919762968811	NA	20.4506537770921	20.6132494114167	19.850742586356	20.0508162010142	NA	19.6196028692097	20.135655429066	19.29470632049	NA	NA
YDL089W	19.7126659236272	18.3591345240552	18.3290033854546	19.3733539414744	20.9443241344152	19.0663478224137	18.1835349258626	18.0809266143838	18.8887317666477	18.8616990696794	16.7495109880551	17.4068904705079	NA	19.576563285498	18.2418377836872	19.1462507135209	19.3773706054728
YDL156W	19.0026371561039	16.3411806889288	16.5662036069183	16.6061491374349	16.3733406149011	20.4497650728723	19.0174500455981	16.8337418788686	16.7989176308762	NA	16.5530404317361	NA	18.7362983692957	16.712299016659	19.5997620758277	19.1026120016667	18.5818802015636
YDL164C	17.7612298854106	18.1502342335147	18.3061782931435	20.6705808035262	20.2934096066317	18.8938470619424	18.4487468822417	18.5518368561042	18.8397002203314	18.6126963448512	20.4701788674891	18.8932913508878	18.6924232679747	17.7308281483626	17.7830939377806	21.0202805014029	17.4877769384616
YDR002W	18.7833392924988	18.7445783594961	19.1419595558958	20.6128310606774	20.9565279512372	20.7426575835563	22.4275572853841	19.8289101434377	20.8241869175076	20.0646554277467	17.2340809449124	21.6394487991966	18.358854670352	19.3143421759792	19.7809735053702	19.2852461167587	21.3161190157125
YDR037W	19.3460269772869	19.7215951014657	19.4833464807081	19.9151743661636	20.4188740657113	19.8984781903999	18.1845681239538	19.7851776118047	20.5801783541737	17.4160556315357	20.1265739063067	17.6724401355142	18.7072175173921	16.5095226926969	18.5786444678761	20.7760600987019	19.7130893636726
YDR071C	17.9368380490027	17.90479846288	18.8101219787353	20.5197788490933	20.5600189104918	17.5065703274128	18.2954133808499	18.2644259317247	18.0218157830537	16.8733015581328	21.304144547225	18.1743398829445	17.1902862345154	17.0638607076268	17.7812805761898	21.2294943762365	21.4807905024974
YDR143C	17.0225686789555	17.7779604334482	18.0582596646573	19.6919233649889	19.1999052852111	17.3073129356484	17.6741750829014	18.0504308335384	17.3536970420459	17.021773488973	22.2824049013738	17.4947401334364	17.0549465271157	NA	17.1987583649061	20.2444533996443	19.8460170267646
YDR171W	18.843919520694	17.6221766372238	17.5154934167527	17.5290367190311	16.4972910260589	17.6913077680939	17.7883526893919	16.7218353353652	17.4858052334964	16.4712277338842	22.4773123936169	16.6904177621979	18.499793983572	17.690257475555	17.3921273738559	18.8616902549131	19.8673052596835
YDR182W	16.1053051740042	15.1378744087006	15.3084479322384	16.3527165662254	15.0095375577431	15.4968292637063	15.9193391555633	15.6916534495967	16.1555048932322	15.570770931725	17.9432806476552	18.0782615093946	15.332116417323	14.4330196969456	16.4038325111136	16.3789065878746	16.0434820716618
YDR190C	21.1833220854155	20.9511902572999	19.6025612044636	21.7948561799383	21.2328886393823	21.7710416245615	20.7263331928936	20.577706122061	20.522539541498	19.3032934948279	21.1603396538008	19.9391539773145	20.2431237765212	19.6576437888601	21.0584240889724	22.3981880439287	22.4607365223733
YER023W	19.2730758019944	20.6041750981486	21.1829510175047	21.9188891795887	22.3839385253498	20.9387954648071	20.760175189759	20.0641305060999	20.7487712570861	18.9382070621384	22.3344548363877	18.4225784904609	20.8768246007394	19.8956172740018	19.7113495843597	23.1984632897503	21.9914679302186
YFL037W	21.3445568337596	22.0050025815758	22.1317293109038	23.8236292898436	23.8344040658203	21.4386870668204	21.379811652924	21.9916509606568	22.3258317875179	21.6305258716882	23.9261096492072	22.0084796455539	21.034502360193	21.1991414910588	21.3356173993751	25.0303912286421	24.4217161543804
YGL097W	22.086009469105	20.7792077418399	17.1933184051069	21.981844135378	21.7611276753634	23.1852313240425	22.496340801587	18.5830814526026	17.7387404739284	18.5715850413679	16.9827792782938	17.4774720005618	22.9427144415586	21.0326939926057	21.4630280693336	22.6918207607402	23.8202631599955
YGL164C	21.5059847653908	21.2364401466044	19.9365421087311	19.5152384265793	19.8749946404205	18.6608476974152	21.4961956445798	19.1511449722041	21.6142945718778	19.3820813142725	17.0612568085692	21.0511831353241	19.527290545954	20.8584642103567	21.5626244753976	17.8233390539739	17.0845451039885
YGL171W	15.9577165147749	19.4514059894104	17.4028495977512	17.643143945496	17.9661656943221	16.0548527799202	16.502849108418	17.2305341824511	17.1322738030498	16.6187128293324	15.9899110259105	16.3150447881508	16.8911329080724	15.632966402583	16.9215795498126	16.8029508798714	18.3400250802306
YGL201C	17.8226947543228	17.6927635327953	NA	17.6073010399649	18.5915362178769	20.3433668546446	17.229894556995	18.5057684731197	17.7036128188042	NA	17.4235558126082	NA	17.2413442190177	NA	17.555414414417	19.7893134950202	19.261912698482
YGL234W	19.8357292491612	20.8399139059487	20.8829624243303	22.8876969164407	22.5448433236322	19.9485840896853	19.8841932246114	21.6976727369287	20.8216762555716	19.3714681844003	21.9542570853357	20.2748407544896	19.504245391815	20.1250207143888	19.4793414794862	23.1111564665017	22.9267341456805
YGR155W	18.3086127044513	18.9823500896547	19.2219702826688	20.2970830675555	20.3681528382754	18.0037382897517	17.9430067852127	19.1791039447381	19.2362770098915	18.3040615866286	19.6311590107229	19.5199581008797	18.6626025994623	16.7367538151038	17.9227772592879	21.2419961489341	19.6907135480254
YGR163W	17.7809400483875	18.1309344942047	18.0621898135655	18.7164142512902	19.7024554799988	21.2159555011372	NA	18.6188923212659	18.5948626374236	NA	19.1112621137957	18.0064078160657	17.9028743768661	17.1894591529864	18.2910428994589	20.6098675922956	20.7243123688601
YGR192C	22.4660467137686	22.9214181774763	22.3496850017674	23.3785948796721	23.4923094694983	21.985388788747	21.4365028559241	22.3356742346515	22.8358673933198	21.0986606658026	23.9602518181869	21.5511615281699	21.2012474910108	21.662429339941	21.8536115398852	24.5089305897078	24.0832966555937
YGR204W	17.8554765964812	17.9902158026751	18.2011188840099	18.4487263780017	19.3205698507124	17.2285828796491	18.5150845501354	18.4580800830624	18.1781767225824	17.4758453257621	19.2982822343082	17.9651933907421	18.6300215750032	17.060759890199	17.8835151077756	19.341245898096	19.7454658495351
YGR253C	18.1383035830672	19.5193871825108	NA	20.2498387002059	20.5581497261658	20.8587769660798	18.4018939051164	18.284713356401	18.4999253704284	NA	20.8175536428371	18.5350788777849	18.3492084621545	NA	18.072378640907	20.9741708195876	20.6117641758855
YGR254W	19.2116136023569	17.7030082336012	19.0407619146191	18.9157092019309	17.5105461491395	19.6768774591679	19.5249829402563	17.6593402313697	17.2850692268898	17.6935787431587	22.2479770203548	18.057572109457	19.5312289569857	20.3655992816654	19.1189644060358	19.5444536376735	21.2029385816976
YHL020C	NA	17.5069132808202	18.4468887072469	19.2267487996356	19.8506869132541	18.8878517961246	17.9779588919896	18.1525580808391	NA	NA	18.4989197658518	18.8683007753605	17.6044628685739	NA	NA	19.6955560876808	18.6324721694695
YHR122W	17.448962093086	17.2358319241733	18.0918044250534	18.6973459759959	19.4191193173911	21.6471968536315	17.5884523675896	17.1889460023903	16.8843207561614	16.8885895500395	18.120298057736	17.3784865455153	NA	NA	17.0373735068463	19.6021388221657	20.9702339309345
YHR179W	17.9380917250136	19.6653660558224	19.3801655710763	19.546684325165	19.8003422842549	18.661369252328	18.4111420221277	19.6506687943218	19.3774971079858	19.6980476056737	18.5607115052572	19.4904207528631	19.3682924436704	18.385929183276	18.376727628864	21.1288673739991	19.7643012651994
YIL003W	NA	NA	NA	19.599124428664	19.3087989127907	20.7067936034511	NA	NA	NA	NA	19.1176792669278	NA	NA	NA	NA	19.8203859371363	19.7879500769368
YIL110W	19.3365794550874	19.6518357344037	19.8680153998899	21.1335829720346	20.6858518135423	21.8330940350501	NA	20.6417949339267	19.605779430412	NA	19.7334271691111	19.0430224587227	NA	NA	20.154138587694	22.5664241150413	20.5086904175663
YJL123C	19.6875108421458	19.5475150690637	19.7232834416548	21.5762408001973	21.5018107603282	20.0541081005563	19.1072321393142	19.5834872780097	20.2174440646283	19.1264469314257	21.8735649784312	20.5443132842257	19.6502321683713	19.9738801239288	19.058352346795	22.0445833436776	22.2054481726581
YJL165C	NA	17.5380411871152	18.1759199519801	18.7169123301435	18.62219362568	18.3740898073164	17.6534748600215	NA	17.0296263788197	17.4060848187353	17.7293445254214	18.2183199556513	17.1752336340476	17.0668152911408	17.3004254805606	19.4326950839727	18.6075407721291
YJL176C	18.7208895870799	17.3963667344009	17.9423099254326	18.6618506222009	17.2182677114827	17.4214857407878	18.6703560493009	17.4412858499474	16.9043835992236	16.4264745271507	17.411413032767	16.7625604701307	18.7925573551221	16.6851709871668	17.048009367712	17.7420479638779	17.3782998157017
YJL196C	22.6246330724425	21.7072128522909	21.4490559646855	21.7076282785635	22.0950944410883	23.394299277079	23.0620060491495	20.8468300033342	22.0363132405921	21.2558635260045	21.5737704513887	21.7850151325009	22.476152156245	20.6438665271927	21.8932512698039	22.346873004917	25.766353223011
YJR072C	19.2491292159184	20.5529382124035	20.5239065983729	22.5242435335396	22.450030374929	20.5376337395495	19.4743997935819	21.3264582801372	20.7137688980669	19.1740585370708	21.2996407645914	20.2880384768185	19.5555944698863	18.4959826743697	19.1127129268839	22.8282068612083	20.4576600371691
YJR074W	23.815890240188	22.9336864405146	22.6763953103037	22.8036841984602	21.8850452372815	23.7419387490935	23.8279394353759	23.1946057783802	22.8383041631335	23.8171549506763	21.2090078452136	23.8264064954424	23.7767468081042	24.7507925497706	23.4211385984434	22.994102320644	22.3915978944723
YKL029C	NA	19.029485368329	17.8051690738011	19.0620233794706	20.0971716931722	18.6971829545065	NA	18.8361867741952	19.0135585350197	NA	18.3902001533221	NA	17.8405462826694	NA	17.8306754590635	19.3609875244037	17.6578712467271
YKL033W	16.6687651238055	16.9037024602426	17.2418618751258	17.6403805699683	18.9394140352034	17.1883032431533	NA	17.213601693286	NA	NA	16.6037556807937	16.387528884705	17.0220276079618	NA	17.105032617702	18.649866321965	16.7100145036702
YKL035W	20.0083347028457	18.0877263355203	19.3676549729215	17.5956410528573	18.0582167650146	18.4472085078292	18.8856006648845	16.4221049800136	17.7430911471171	17.4027012994891	19.8173633323035	18.4641451476385	19.1886010400565	17.2071278865524	17.2757151026383	19.4734176636605	19.5480644219387
YKL104C	18.9775318427296	20.019269655471	19.5314760709406	21.2032292453583	21.2802625902105	19.9737664192118	18.3943488284085	20.1909053621663	19.7187685660511	17.6023129420253	19.8178755213093	18.0185651773474	18.4337624729996	17.5610260699489	18.270079881945	20.9235838229575	21.1137276621189
YKL106W	15.7548014613853	14.4757380539715	14.5726369241798	14.8513247728909	15.1228174006554	15.0134927964789	15.2703908467964	14.7434333154493	14.7917697768099	14.3095835954534	14.2860188394895	14.8117939783541	26.4923113428628	15.846232075186	15.3147011452022	15.698690757147	14.9747944158193
YKR025W	19.1110199931271	17.2313432204557	13.3559700490062	17.062970599261	15.7245064789899	19.5380313443531	18.9742753628955	14.8506871647962	14.9852862194259	13.3387059878503	15.3737227265989	14.7867233460033	17.719572012621	14.4924117594705	17.4274906835018	18.5944394838637	16.9450035448244
YKR026C	NA	18.2488267977235	18.4509844933178	18.6544122932896	19.3888664770462	20.6128588626189	NA	18.4539867446017	18.7467467934759	18.0860121955958	19.2869132678306	NA	18.4635151618376	NA	NA	21.1537843042093	19.9878899102023
YLL021W	NA	17.3571529217559	NA	18.4480856740416	18.951121675373	17.2657123446597	17.1102226528926	18.8232269579948	17.17684758478	NA	NA	NA	NA	16.5496249208161	NA	16.4436061585279	17.8272898628164
YLL034C	16.8419290332016	20.1019155315605	17.7401253601657	21.9145362370357	21.8096742742866	19.1047572167239	17.3894064868526	20.0180536600902	19.9672441755328	17.1696514049911	19.158821829127	18.9553181886353	17.2233852886221	16.2580098614317	17.8337821273511	21.0457598725544	20.0910964099702
YLL040C	17.4715352778994	19.7539712694721	18.1493384298483	20.6487561078357	20.3020088355399	19.4289929118911	17.7843160246315	19.550653012074	19.3642033024905	17.7395706179652	19.4435561663874	18.7748794813525	18.1782912937921	17.421884222778	17.0340422882703	19.3788416443401	18.7060939167924
YLR032W	NA	17.4370350390776	16.4536933308466	20.1649423704437	19.3493646903878	16.954380509484	NA	17.6634417532481	18.0029283488787	NA	NA	NA	16.4191011142179	NA	NA	18.4346414248127	17.3755244509856
YLR048W	25.4238605873597	27.4309307103227	25.4689378671584	27.464395479035	27.4333558179338	26.3378771235984	25.1978288262319	27.0863779698962	24.4688381634405	24.7307249633415	25.13473603001	25.7506124623439	25.9696254228433	23.8183266788424	24.748845881023	26.4851093458424	25.617200405889
YLR060W	17.8347599710536	20.1841624691174	17.1398505351174	19.6198466736787	20.4029209776211	19.1923670710094	18.3656600560289	20.3296364111276	20.9787072458746	18.0170231599481	18.7957263453398	19.185877951095	18.4524040728199	NA	17.6145968392085	20.1196840940172	18.3867301452267
YLR071C	18.7979919904424	18.6136004281407	NA	19.9292696610727	20.0788154167161	17.9204898111277	NA	18.451559765926	18.8974968514607	NA	17.6174983821032	17.6755544832648	NA	NA	18.2086678605335	18.748625646142	18.321776867154
YLR104W	20.6565599965052	21.9658821858694	20.9012997232221	22.919255600497	23.2068344556294	23.2592545718929	21.0738753339805	22.0763916807336	21.0644541153511	NA	22.5540306656225	21.0658607892075	20.7209918840818	18.8651264624042	20.514616632416	23.2012995873295	22.6764691524417
YLR106C	17.0127414650884	20.2242563481496	17.5832414016052	21.5162462359232	21.8705187562932	19.0605982770336	17.1560673073953	19.8273257210864	20.2628037107663	17.4903347822161	18.4584131355241	19.1393323334398	17.6990552167175	16.013500893179	16.9208522008409	20.4314946477618	19.0179512164669
YLR196W	18.0982774275011	18.7728051452716	16.925418813601	18.4771042591886	19.3070323698073	17.8848211483322	18.2434842779108	18.8437125194645	18.0343773224721	16.5884141622594	17.4450360111037	18.1498771875771	17.3134930879395	16.2822596850321	17.7324404820394	19.1300228570731	16.3112838347085
YLR243W	16.5513311518216	19.6319469962796	17.8330546855212	21.1137457909959	21.6135181652492	18.9508543289259	16.2604858300821	19.6157723940756	18.8634403904026	17.0482847070168	17.7512981412305	17.9941874050542	16.3394394585598	16.1156849810807	16.9836030851911	20.2237346688892	19.1283491388434
YLR249W	20.1112408794848	22.3676633442154	20.1923048455751	23.7522606317565	23.5989100857749	21.2743917362724	20.3346733754148	22.2326850150391	21.935279943429	19.7729361824208	21.0044282213805	20.2355284913132	19.7659101369167	18.6100856480148	18.994899048225	22.7488800184123	21.4592906611801
YLR259C	18.906120004787	19.8179980506076	19.8761052992227	22.1013146507763	21.100970125454	20.0498733000608	19.2453981423594	20.8846918186181	20.6397331291268	18.5422399939888	22.7003156685317	19.334667929276	19.0237482200459	19.2206318187839	18.3678073279543	21.4842405789993	23.6364058177252
YLR293C	23.6924740253011	23.5158632323897	24.4359822691477	22.8993314363608	23.1389955722041	23.2569205517833	23.5071892954889	23.7799708127866	23.1213515566409	23.2799213220798	23.3702531089939	23.7219332303435	22.7577217790095	23.2926777457542	24.1251216316633	23.1491525198144	22.7184875374512
YLR301W	18.9594485250571	21.0690521305545	18.8238697573053	19.0380087919054	20.3679373445178	19.4438835974299	19.7684841201669	20.2682335871491	20.0454097991569	18.7823671966423	20.7633037845968	20.1585815115026	19.3147588823399	18.0084048371891	18.5825073259028	19.8309050493457	19.3216184498185
YLR304C	16.7537783182583	18.3901042029614	16.8740064723742	17.4147112741007	17.8431589848895	17.2075996151	17.3180256866335	17.8742361127087	17.1030226479549	15.957257930012	22.3767395952637	18.3572959615858	17.2241604198515	20.0017496829711	16.0968561876966	17.7066268950208	22.4657335076521
YLR314C	17.216011810448	18.6487922228236	17.7329307642971	20.0242932451558	20.090405459288	17.895601887827	17.4307789387265	18.7508135329395	19.4045093060235	17.3275398454001	18.9475292349421	17.2187945392366	17.6530093906598	16.8945327789238	17.4157350932782	19.0021718490767	18.5383627645277
YLR347C	21.5062267895591	23.5406451026565	17.8296195613751	22.9314911764146	22.8983271672435	22.7830536784988	22.3391201787576	21.0993227636137	23.9784164706486	18.0563778023501	17.7068107906176	18.7561390838671	20.7155088679947	20.4666647878368	20.728327104896	19.8049848908905	20.2701443957889
YLR397C	16.9016039861066	18.1671987853187	17.2409184259059	20.5926225924124	20.3636460307042	18.6789458486665	17.000509700309	18.8616124249765	18.8474362588384	16.8594325801252	18.266778253462	17.3548081234199	16.6462552994315	16.8883975405794	16.9848760471978	19.7618303472172	19.7105989157073
YML041C	NA	23.6509503090112	22.0365211416558	NA	NA	NA	23.4111359284255	23.3509984104832	NA	NA	24.4536093243489	NA	NA	NA	23.3486050052849	19.566203717105	22.4738063798789
YML085C	20.0029308169945	20.4565109164702	20.4918748287965	22.0823980490978	21.7797069224179	19.6968285809211	19.9803706937095	20.8885673501078	20.51593256254	20.1296545195512	22.8744241882379	21.3929232331628	19.9885707606496	20.0716433815549	19.8936118969064	23.6688423957467	23.1108210054114
YML124C	18.4565694165467	19.7265123838453	19.294582439739	21.6603153049032	21.1490502834216	19.2916984658806	18.412372774772	19.8026951622091	19.951685725475	18.591746061583	21.3457759997455	19.9037521673329	18.5444750449876	18.3023862588139	18.4749145125144	22.0495078047448	21.8645006029844
YMR039C	NA	18.2777134980449	NA	20.4241836472778	20.5417545128041	21.021063722131	NA	19.8474523081093	17.8693241054455	NA	21.1849694312036	NA	NA	18.4191035921139	NA	20.7381228958024	20.4090245812408
YMR083W	18.2978748841029	18.1222660850666	17.7392105142762	18.1564823168505	17.53088651935	17.0824422667694	17.3939901908114	18.4244978811575	17.6636154510449	17.2613045247092	20.5924805022239	19.0109700979881	17.7467634570675	18.2742047244534	17.1067228003337	17.5678664216385	19.2648657818807
YMR157C	18.0932170072854	17.7738353646769	18.832164318977	17.2017209097162	18.5993687365265	20.0669204534239	17.9469842229512	17.7041787881603	17.9395468928471	18.2233273650852	21.0042207782906	19.2573037637296	18.1242987352545	18.1601431645713	17.8670920929629	21.0134675403912	21.6906241559139
YMR185W	16.81659166699	16.838952802584	NA	19.1975178699132	17.3242563015881	16.652921074878	16.616822501893	16.5504957379921	18.3806114284716	NA	17.1118134921621	16.0187807494975	16.0368458378295	16.3732376872733	15.7900481221896	17.5081127467289	17.0318321116316
YMR214W	18.959389208744	20.9613801586016	19.182249623626	21.9940303616171	22.3852141654446	19.7643696005505	18.3193750578482	20.8380708735895	20.2082524322341	18.8529793259578	21.5243492537555	20.2030945249434	18.2458274047921	17.870951886649	18.6100354247631	22.0216575672245	22.1735853713224
YMR235C	17.2666374348211	18.7452086908068	19.1452399788826	24.3305318774348	24.8138997957013	24.3867612436539	15.9854641042742	21.8773982035514	24.7875823369609	23.5224825568625	18.5585965582333	17.7791340366571	17.0221658804181	16.9558629344319	20.8107396818711	20.6071920510611	25.2746564693809
YMR308C	23.3840081050763	23.1802129705757	23.5829058168662	20.5391943646547	20.8967798314342	21.6966377707682	23.2564781975485	18.5498546914623	22.9247606489849	20.8211333288565	18.4044915915426	17.2245052035149	22.1624181047861	21.6840633134233	22.5574729055065	20.8879091066331	22.0478075992268
YMR318C	17.6704793690994	17.4641308343377	18.588817618205	18.2147190270414	18.7581473160243	18.9345078677491	20.3386712878513	18.5113348640495	18.227551288391	17.2901452376242	18.2993734178077	17.2052180888269	19.1846225675837	17.1813112820694	18.4557849871577	20.9847903121914	17.2747454096866
YNL007C	18.3004024341047	18.3717982789565	18.6125174237315	18.0813066182855	18.3497072067699	18.0505756030477	18.158596567819	18.3963516977385	17.9845800752463	17.4554752506149	23.1385327207732	18.8766930372909	18.3732141013859	18.3684614813342	17.9320767413504	17.925862254222	18.8629847362075
YNL014W	21.7361671033987	23.7494888559662	22.3320361165535	24.3191784083974	24.1190552881535	22.6329349843547	21.0111111967103	23.38329273993	23.174778710035	21.5680429400595	21.9502638343276	22.3320404166845	21.06682760459	19.3125822590398	20.8594670844987	24.1922650069598	22.3423621266288
YNL032W	18.0819276204803	18.8560256205911	18.7407869912926	20.8709131335453	20.5273090782127	19.8328389365292	18.6909661142101	18.4755034760198	18.5157047587633	NA	19.8896318828517	18.9468609884892	NA	18.0930589583738	18.2242955097079	21.2701076225254	20.5008996017634
YNL037C	17.4944046093139	16.4159012733706	16.7979485774833	17.3446682599519	16.555246345902	16.8002920860359	17.4912721877695	17.1396682856694	16.701861601221	16.7550846989491	21.542587429629	18.5964376046902	18.3960546790548	20.0724886641402	16.3966763459296	19.5120318423439	22.3613809395258
YNL099C	19.0984231677283	19.1444961304944	19.2878917528923	21.30463065632	20.7581226014077	21.9799933944389	NA	19.5873990754366	19.0199367673828	NA	20.2695315338786	19.9038442652262	19.1618536777334	NA	19.146369188261	21.4588136255385	21.6197344684988
YNL134C	19.2643450584368	18.3297005681457	17.8681115306339	18.6069056523803	18.3791555418303	17.0248642747338	18.72792694256	17.514550019486	18.5782614308747	19.2455425931578	19.7259928410395	19.8917166727438	18.9985481200987	18.1062434757237	19.5220387449848	20.5221837643313	18.8838782827399
YNL141W	17.9897551378019	19.1183172663824	18.4002828012211	20.8722510945943	20.7576336071411	18.9386325677454	18.0763375389379	19.7280611644466	18.7191149419678	NA	18.9831371268	18.4011768629864	18.5441189919609	NA	NA	20.5323061388508	18.4650986301948
YNL262W	15.7816422956908	17.9435888419772	17.8023274783206	19.0595348054187	19.7909117323712	19.7831235699239	18.66566897823	18.8902384681484	19.9270533443692	19.1411304478655	16.4745947827283	16.7389811936223	NA	NA	17.445665232118	17.393185455248	20.0467484812007
YOL038W	17.4554930759594	18.3805437023382	18.5998183581371	19.5410461881555	19.1662092263443	17.2810559424337	17.9434047701226	18.4556011957243	17.9237278777021	17.7287196291924	20.1448249049682	18.8797212438159	17.4293289408857	17.1088970186901	18.5647302420784	21.2669281298152	19.7014137349091
YOL098C	18.1956550517132	19.4937997211343	18.4483236756228	21.1207980188803	21.5922264657716	18.2813195529984	17.2184483346086	19.3332266838758	19.3194933639115	16.4376513041052	19.1681553434214	17.6452358299764	17.3206757492634	16.5273060702845	18.3718661965832	21.341792548853	20.8122158491771
YOR027W	NA	18.6367516902272	NA	17.2335067029627	18.2236345477316	NA	18.6212548674744	NA	NA	NA	20.7415192514831	NA	17.7386071119993	18.9527117977603	NA	18.4468969204065	NA
YOR136W	19.4482387605336	17.0179622216843	19.3440326639786	18.2487932309945	18.1894041538535	16.7216485214403	19.4154158741524	18.0488328204796	17.6092256993324	20.2684887745598	22.2505651961061	20.5825206479328	19.9899738114302	21.4457088374883	18.5173527127607	20.0118997660086	23.6227087427839
YOR224C	20.0836280155393	19.8556485700086	18.9126914238994	19.5358424263757	19.6833409449239	21.2995215253099	20.7226917127229	18.8368766996626	19.2559061311415	18.6659938073417	19.2162063007557	18.8074608489544	20.1880215311414	18.8034713072047	19.4568377861613	20.1801333432811	19.2789586917685
YOR230W	19.2032517725801	19.1087652074071	NA	19.7976309332261	20.1685154426193	20.5169257215627	18.1533372281974	19.3153153810535	19.1095716809314	NA	20.9728136654552	18.722112519528	18.3303156279494	17.5458785045869	17.9304134225528	20.3892079922075	20.9292693527403
YOR375C	17.9693756309156	19.2819511778994	19.4034729653311	19.9238043631807	19.6573844803155	19.6784546631378	18.6169716818656	18.7263694541306	19.3276213866769	19.7919827537713	20.0754034943695	20.7695839801429	18.2600281009272	17.3410585926027	17.0759520852813	21.5096513176185	20.0218785839119
YPL051W	NA	NA	NA	19.2639174811925	19.4530346170622	18.1454119906149	16.699835638361	18.0660144274344	NA	NA	18.3364401966499	NA	NA	17.8304723122408	NA	19.9575997208424	19.2358288107581
YPL070W	22.3182369162594	21.2661361036273	22.6324654444274	22.0041213559485	NA	22.6949419670765	22.4718187064792	22.6776884888779	21.732143947016	22.5576790092987	21.5230539412073	22.8738536337391	22.3412641920615	22.502054326081	22.8143984921391	22.2942775477956	18.2208320484778
YPL235W	20.4565443329279	19.9141827562703	18.2679621239623	21.1469072843807	20.9022009091041	21.0714728343758	19.966415140075	19.4321513915855	19.7122507915275	18.7445718128634	20.2172558914609	19.6642400785726	19.7655373150606	18.8158622275762	20.7375345555129	22.1247823509191	22.0293760816854
YPL239W	NA	20.1966151492136	19.2236795129205	20.4459251446944	20.6908960101759	20.1191126418563	NA	19.3757850029389	19.3659109973286	NA	NA	21.2703937482625	NA	NA	20.1132932630771	21.0824106720747	19.328603477135
YPR019W	17.9121254823158	17.3978636335855	17.6503229448806	18.8017590813999	19.3791789001598	17.1064522891764	17.8482381432786	17.2752968450455	18.3383515645752	18.169436802031	18.0872618894244	17.3258400302769	17.8113364922837	17.1265790821244	17.4861483546152	20.7795733021228	20.5719545560421
YPR103W	18.838335801474	18.8061343128285	18.3199320639346	19.2260048155248	19.3255793269781	19.5020644258225	18.5192293422845	18.6650336622856	18.4604931105961	18.2706693030831	19.1157341795794	18.539520159812	18.5041286129598	NA	18.1897763158841	20.121209376163	18.8612017306757
YPR128C	NA	20.0300691615206	NA	21.264659474256	19.5652132982632	19.7922174278995	19.0417867345466	19.9333844410264	19.9920339074071	24.1147839292546	20.4168189559778	20.31302508811	20.0597622163395	19.8253377039238	19.4306078620399	20.8743344751938	20.3258508044789
