mutant	kcat	Km	kcat_sd	Km_sd	kcat_Km	kcat_Km_sd
A180T	3.1719364839999997	0.3183583603	0.012985678039449652	0.021885812598249208	9.98560895969177	0.6876852353196695
D79S	3.46272637	1.866687302375	0.8452416325108401	1.0174201241978904	2.5842725137663534	1.5433376960504281
F58A	8.08078722175	0.24841519682500002	0.8719636330129789	0.06687467713231166	33.69151901755082	9.771419234257174
G80A	6.655593558	0.25481027721666666	2.626799834983179	0.07117728183127306	25.235628423067226	12.202058770205056
H141E	5.154801555333333	0.113703765	1.4948598729741445	0.007873250398271163	45.55011406678288	13.580581559319539
H141R	6.5837634055	0.1300198916925	2.6993836490749894	0.046247347498232345	49.83348551132695	27.049236316436463
K101R	5.639173380333333	0.18579220956666667	2.2397947155065783	0.03226856255227364	32.45465935836182	14.069045652978845
K132H	5.215355598714286	3.162584489142857	1.4960903778499919	1.6501105165836283	1.8966348284408459	1.1292924074364799
K143W	7.685839304333333	0.2307432989	0.6587649551953997	0.1399273799960679	39.72891815987329	24.331873076637955
Q147E	6.2968418832	0.64391758694	1.9793297876339084	0.049128366289071745	9.902966701640825	3.203250422503357
R108A	6.9580946665	0.18881999592499998	0.9578882205543261	0.021836152201517713	37.64351626053484	6.768046721514292
R108G	6.8260235856666664	0.11346312680000001	0.2673857643405892	0.01577316572138369	60.93002693050198	8.800075754112823
R108I	11.34340044	3.128654119333333	2.3636870977891866	1.1211073205255422	3.741766924801179	1.5510270425072028
R108L	4.55499450975	0.288644393225	1.3209661485628514	0.16002610172378517	18.197017943583376	11.385401056124367
R108Q	6.794303356333334	0.15009792623333335	0.4513134382229783	0.004844771329877123	45.324482418783845	3.3473127071720827
R108Y	4.680007327666666	0.21982863526666666	3.3381603185861355	0.04247716192269943	23.806151205141063	17.592521041060692
R78K	3.72764628225	2.0897040895	1.0795543077315868	1.1621441446109593	2.0524650162698053	1.2869323701403526
T34A	6.737877194999999	2.1480156695000003	0.47235077061421066	0.1866709767349508	3.13908998556413	0.3504950098096821
T34E	7.197347928	1.3932319034	0.5576995612275176	0.20404812495798508	5.217959641345806	0.864573033020361
T34G	3.91083530425	0.729865688825	0.7646463674332397	0.313635726382151	5.883234776012525	2.7775149110220365
T34L	8.3827033775	1.4136287005	5.9485572651545855	0.615847185567238	5.355637002787241	4.459529668431823
T34Q	8.8721405545	3.9043197875	4.431676083080673	1.742191270710633	2.2254337662497488	1.4905731350054123
T34S	4.893907274	0.4353325275	0.2820559076881245	0.022213416584186536	11.2398703270629	0.8652053241044808
WT	7.21789583775	0.26981055025	0.7194580437745409	0.05695358697142319	28.06306315297767	6.550988841997105
Y157A	5.872476213666667	0.23226409373333332	4.250630166519244	0.2606805027397306	37.73462548068891	5.39484047108639
