

Software Version	3.03.14



Experiment File Path:	C:\Users\Public\Documents\Experiments\Tina\20190314_GAP_assay.xpt
Protocol File Path:	C:\Users\Public\Documents\Protocols\Tina\GAP_sensor_assay.prt



Plate Number	Plate 1
Date	3/14/2019
Time	3:32:26 PM
Reader Type:	Synergy H1
Reader Serial Number:	1803011C
Reading Type	Reader

Procedure Details

Plate Type	Costar 96 well half area
Set Temperature	Setpoint 30°C
Start Kinetic	Runtime 1:23:00 (HH:MM:SS), Interval 0:00:05, 997 Reads
    Read	Fluorescence Endpoint
	A2..A9
	Filter Set 1
	    Excitation: 425,  Emission: 457
	    Optics: Bottom,  Gain: 57
	Light Source: Xenon Flash,  Lamp Energy: High
	Read Speed: Normal,  Delay: 0 msec,  Measurements/Data Point: 5
	Read Height: 7 mm
End Kinetic	

Layout
	1	2	3	4	5	6	7	8	9	10	11	12
A		SPL1	SPL2	SPL3	SPL4	SPL5	SPL6	SPL7	SPL8				Well ID
B													Well ID
C													Well ID
D													Well ID
E													Well ID
F													Well ID
G													Well ID
H													Well ID

425,457

Time	T° 425,457	A2	A3	A4	A5	A6	A7	A8	A9
0:00:00	30.0	6207	6351	6189	6625	6842	7213	6332	6555
0:00:05	30.0	6255	6469	6196	6842	6889	7310	6351	6662
0:00:10	30.0	6242	6524	6257	6916	6914	7435	6353	6768
0:00:15	30.0	6242	6655	6260	6974	6902	7558	6376	6842
0:00:20	30.0	6282	6650	6251	7033	6893	7572	6352	7021
0:00:25	30.0	6246	6796	6245	7143	6939	7603	6411	7141
0:00:30	30.0	6281	6861	6262	7172	6964	7824	6345	7147
0:00:35	30.0	6275	6925	6292	7262	6940	7824	6379	7231
0:00:40	30.0	6309	7056	6275	7368	6888	7973	6456	7310
0:00:45	30.0	6256	7062	6253	7405	6923	7991	6428	7351
0:00:50	30.0	6288	7205	6281	7573	6954	8077	6377	7489
0:00:55	30.0	6273	7260	6260	7567	6943	8155	6371	7593
0:01:00	30.0	6332	7340	6244	7723	6912	8290	6379	7778
0:01:05	30.0	6334	7540	6288	7734	6970	8306	6438	7765
0:01:10	30.0	6306	7522	6247	7893	6977	8440	6394	7903
0:01:15	30.0	6292	7636	6329	7934	6964	8524	6432	8007
0:01:20	30.0	6261	7673	6273	8030	7020	8657	6396	8052
0:01:25	30.0	6330	7773	6263	8166	6982	8591	6412	8238
0:01:30	30.0	6283	7883	6256	8178	6954	8822	6402	8183
0:01:35	30.0	6319	7971	6279	8365	6944	8729	6414	8372
0:01:40	30.0	6318	8121	6323	8430	7003	8859	6415	8509
0:01:45	30.0	6363	8149	6305	8393	6912	8947	6378	8632
0:01:50	30.0	6350	8223	6240	8573	6995	9063	6430	8656
0:01:55	30.0	6321	8264	6305	8715	6971	9125	6445	8717
0:02:00	30.0	6292	8374	6368	8751	6955	9219	6441	8917
0:02:05	30.0	6397	8491	6285	8833	7005	9256	6361	8973
0:02:10	30.0	6372	8497	6289	8959	6983	9411	6498	9097
0:02:15	30.0	6333	8657	6338	9009	6987	9404	6425	9179
0:02:20	30.0	6373	8690	6354	9122	7037	9557	6476	9238
0:02:25	29.9	6335	8846	6322	9120	7019	9669	6457	9357
0:02:30	30.0	6343	8921	6323	9223	7033	9711	6438	9401
0:02:35	30.0	6329	8972	6304	9342	7082	9899	6450	9570
0:02:40	30.1	6344	9045	6333	9346	7002	9955	6403	9737
0:02:45	30.0	6377	9251	6344	9568	6994	10090	6470	9857
0:02:50	30.0	6309	9279	6322	9548	7026	10085	6461	9834
0:02:55	30.0	6311	9343	6281	9760	7029	10130	6392	10000
0:03:00	30.0	6322	9479	6353	9837	7107	10195	6408	10063
0:03:05	30.0	6316	9599	6402	9867	7052	10299	6457	10268
0:03:10	30.0	6333	9651	6379	9910	7035	10482	6450	10323
0:03:15	30.0	6307	9712	6331	10040	7057	10544	6462	10429
0:03:20	30.0	6367	9806	6374	10128	7112	10569	6538	10453
0:03:25	30.0	6386	9900	6319	10184	7073	10645	6441	10640
0:03:30	30.0	6341	10029	6355	10315	7069	10794	6507	10682
0:03:35	30.0	6309	10079	6344	10453	7107	10859	6507	10764
0:03:40	30.0	6310	10194	6378	10546	7121	10977	6500	10868
0:03:45	30.0	6303	10290	6403	10634	7133	11143	6465	10999
0:03:50	30.0	6352	10359	6369	10706	7057	11114	6513	11078
0:03:55	30.0	6282	10396	6373	10846	7081	11278	6544	11150
0:04:00	30.0	6359	10489	6396	10928	7114	11374	6508	11355
0:04:05	30.0	6330	10500	6370	10930	7081	11402	6510	11504
0:04:10	30.0	6334	10701	6359	11082	7120	11454	6466	11488
0:04:15	30.0	6329	10724	6413	11203	7100	11625	6519	11723
0:04:20	30.0	6301	10883	6319	11271	7164	11640	6532	11729
0:04:25	30.0	6374	10882	6361	11355	7122	11767	6492	11869
0:04:30	30.0	6331	10997	6401	11377	7198	11818	6500	11914
0:04:35	30.0	6349	11060	6414	11549	7152	11935	6533	12061
0:04:40	30.0	6362	11102	6420	11614	7108	12016	6526	12091
0:04:45	30.0	6382	11256	6341	11718	7168	11995	6522	12288
0:04:50	30.0	6383	11358	6353	11794	7239	12283	6516	12408
0:04:55	30.0	6309	11382	6425	11884	7119	12348	6485	12468
0:05:00	30.0	6374	11608	6362	12023	7222	12381	6551	12593
0:05:05	30.0	6379	11605	6366	12046	7126	12549	6503	12714
0:05:10	30.0	6305	11661	6418	12123	7156	12522	6533	12722
0:05:15	30.0	6396	11790	6426	12246	7234	12543	6522	12900
0:05:20	30.0	6358	11839	6345	12343	7143	12699	6497	12981
0:05:25	30.0	6314	11969	6436	12370	7144	12864	6485	13053
0:05:30	30.0	6371	11959	6412	12466	7157	12857	6564	13158
0:05:35	30.0	6348	12107	6418	12618	7147	12963	6553	13265
0:05:40	30.0	6339	12225	6477	12694	7111	13060	6600	13535
0:05:45	30.0	6384	12360	6438	12902	7190	13318	6486	13510
0:05:50	30.0	6334	12426	6433	12800	7208	13217	6566	13723
0:05:55	30.0	6344	12488	6408	13042	7160	13358	6525	13760
0:06:00	30.0	6337	12613	6445	12968	7260	13459	6497	13789
0:06:05	30.0	6353	12613	6377	13130	7153	13510	6596	13852
0:06:10	30.0	6360	12723	6498	13212	7230	13655	6547	14024
0:06:15	30.0	6366	12851	6364	13177	7203	13752	6532	14163
0:06:20	30.0	6375	12885	6451	13407	7211	13787	6607	14286
0:06:25	30.0	6379	13020	6461	13521	7213	13912	6598	14389
0:06:30	30.0	6398	13146	6443	13522	7219	14056	6532	14435
0:06:35	30.0	6419	13186	6426	13613	7208	14092	6617	14513
0:06:40	30.0	6413	13351	6432	13791	7204	14097	6518	14656
0:06:45	30.0	6389	13407	6405	13873	7248	14156	6558	14623
0:06:50	30.0	6402	13431	6406	13967	7232	14175	6525	14886
0:06:55	30.0	6401	13447	6441	14178	7201	14318	6610	14903
0:07:00	30.0	6306	13625	6414	14056	7190	14418	6597	15029
0:07:05	30.0	6319	13672	6440	14294	7225	14632	6556	15270
0:07:10	30.0	6341	13789	6428	14404	7206	14828	6567	15354
0:07:15	30.0	6311	13951	6475	14423	7170	14587	6628	15259
0:07:20	30.0	6390	13941	6466	14556	7202	14657	6549	15522
0:07:25	30.0	6377	14029	6470	14587	7230	14934	6625	15623
0:07:30	30.0	6356	14103	6496	14590	7202	15008	6603	15563
0:07:35	30.0	6382	14170	6408	14770	7286	15046	6582	15881
0:07:40	30.0	6329	14327	6439	14777	7158	15125	6632	15762
0:07:45	30.0	6336	14330	6418	15030	7297	15239	6593	16067
0:07:50	30.0	6366	14503	6476	14956	7268	15224	6579	16146
0:07:55	30.0	6428	14485	6435	15079	7215	15522	6612	16257
0:08:00	30.0	6413	14665	6449	15142	7236	15445	6604	16278
0:08:05	30.0	6366	14722	6452	15275	7232	15702	6576	16395
0:08:10	30.0	6452	14665	6394	15418	7185	15596	6658	16496
0:08:15	30.0	6385	14792	6432	15539	7227	15770	6681	16557
0:08:20	30.0	6353	14844	6473	15518	7281	15817	6693	16719
0:08:25	30.0	6385	14931	6460	15549	7230	15957	6656	16814
0:08:30	30.0	6387	14963	6462	15853	7246	16022	6612	16903
0:08:35	30.0	6353	15074	6486	15793	7210	16231	6607	17083
0:08:40	30.0	6437	15206	6456	15793	7266	16221	6611	17057
0:08:45	30.0	6368	15229	6463	16162	7232	16348	6711	17124
0:08:50	30.0	6406	15403	6496	15988	7294	16453	6626	17221
0:08:55	30.0	6331	15377	6400	16234	7283	16550	6580	17413
0:09:00	29.9	6422	15466	6454	16321	7290	16626	6652	17545
0:09:05	30.0	6403	15551	6417	16333	7259	16662	6609	17716
0:09:10	30.1	6371	15612	6481	16406	7288	16589	6648	17800
0:09:15	30.0	6433	15746	6503	16617	7343	16799	6667	17806
0:09:20	30.0	6343	15784	6504	16529	7289	16961	6657	17907
0:09:25	30.0	6405	15787	6469	16599	7287	16959	6658	18034
0:09:30	30.0	6355	15843	6472	16732	7277	17181	6625	18232
0:09:35	30.0	6411	15838	6510	16909	7300	17089	6696	18146
0:09:40	30.0	6439	15991	6476	16973	7330	17275	6638	18356
0:09:45	30.0	6431	16110	6470	17105	7301	17303	6643	18539
0:09:50	30.0	6376	16080	6524	17154	7348	17341	6656	18623
0:09:55	30.1	6369	16156	6534	17296	7338	17491	6659	18727
0:10:00	30.1	6425	16064	6462	17394	7340	17514	6664	18725
0:10:05	30.0	6422	16290	6492	17491	7302	17720	6691	18694
0:10:10	30.0	6429	16261	6471	17438	7277	17757	6649	18963
0:10:15	30.0	6433	16244	6517	17601	7363	17864	6645	18891
0:10:20	30.0	6383	16309	6469	17747	7330	17900	6674	19160
0:10:25	30.0	6374	16369	6519	17732	7375	18079	6687	19231
0:10:30	30.0	6386	16489	6520	17784	7311	17989	6638	19260
0:10:35	30.0	6413	16363	6544	18135	7315	18322	6640	19375
0:10:40	30.0	6391	16439	6528	18096	7360	18249	6672	19582
0:10:45	30.0	6397	16408	6497	18076	7396	18391	6650	19553
0:10:50	30.0	6366	16577	6563	18422	7373	18459	6674	19782
0:10:55	30.0	6426	16360	6532	18306	7322	18494	6674	19763
0:11:00	30.0	6418	16500	6513	18426	7337	18402	6737	19959
0:11:05	30.0	6333	16420	6568	18456	7305	18687	6723	20007
0:11:10	30.0	6419	16503	6486	18713	7352	18770	6729	20205
0:11:15	30.0	6373	16558	6503	18698	7458	18842	6677	20254
0:11:20	30.0	6454	16450	6524	18793	7342	18810	6678	20173
0:11:25	30.0	6364	16680	6568	18948	7364	18909	6673	20365
0:11:30	30.0	6456	16574	6552	18858	7359	19142	6678	20462
0:11:35	30.0	6370	16524	6568	19172	7450	19168	6728	20599
0:11:40	30.0	6420	16544	6491	19194	7436	19350	6629	20587
0:11:45	30.0	6379	16481	6547	19175	7352	19253	6694	20765
0:11:50	30.0	6418	16474	6504	19213	7377	19332	6691	20805
0:11:55	30.0	6374	16434	6554	19440	7416	19652	6707	20925
0:12:00	30.0	6465	16559	6534	19701	7363	19710	6683	21240
0:12:05	30.0	6442	16595	6537	19675	7435	19654	6690	21222
0:12:10	30.0	6429	16555	6524	19636	7430	19661	6681	21025
0:12:15	30.0	6416	16526	6537	19614	7390	19853	6678	21326
0:12:20	30.0	6363	16437	6551	19851	7359	19981	6668	21449
0:12:25	30.0	6354	16489	6555	20017	7464	20131	6723	21354
0:12:30	30.0	6426	16603	6550	19891	7448	20293	6725	21497
0:12:35	30.0	6424	16529	6469	20152	7450	20224	6699	21648
0:12:40	30.0	6439	16469	6619	20157	7390	20302	6683	21833
0:12:45	30.0	6436	16557	6574	20299	7455	20482	6706	21711
0:12:50	30.0	6432	16649	6531	20358	7462	20568	6693	21897
0:12:55	30.0	6443	16546	6647	20483	7442	20536	6792	21918
0:13:00	30.0	6420	16553	6566	20671	7448	20609	6794	22208
0:13:05	30.0	6423	16571	6582	20614	7460	20833	6695	22172
0:13:10	30.0	6482	16592	6550	20689	7413	20879	6637	22352
0:13:15	30.0	6457	16536	6578	20706	7472	20837	6736	22469
0:13:20	30.0	6430	16464	6559	20841	7444	21119	6711	22490
0:13:25	30.0	6433	16535	6593	21031	7433	21170	6725	22615
0:13:30	30.0	6410	16522	6633	21060	7460	21222	6712	22448
0:13:35	30.0	6416	16629	6571	21086	7513	21306	6727	22655
0:13:40	30.0	6443	16465	6548	21225	7500	21295	6817	22956
0:13:45	30.0	6489	16471	6582	21417	7445	21359	6707	22787
0:13:50	30.0	6402	16558	6548	21313	7469	21484	6765	23135
0:13:55	30.0	6440	16579	6531	21426	7515	21374	6744	22935
0:14:00	30.0	6420	16648	6608	21526	7483	21665	6706	23135
0:14:05	30.0	6409	16471	6641	21753	7439	21692	6780	23102
0:14:10	30.0	6405	16427	6594	21867	7474	21841	6710	23285
0:14:15	30.0	6454	16476	6591	21652	7452	21897	6729	23418
0:14:20	30.0	6469	16352	6621	21836	7481	22118	6718	23476
0:14:25	30.0	6442	16467	6596	21930	7441	21902	6798	23284
0:14:30	30.0	6432	16391	6596	22011	7474	22282	6769	23436
0:14:35	30.0	6425	16478	6619	22113	7493	22215	6693	23514
0:14:40	30.0	6463	16422	6584	22117	7462	22375	6791	23533
0:14:45	30.0	6429	16511	6598	22194	7426	22438	6780	23354
0:14:50	30.0	6438	16363	6623	22323	7470	22549	6763	23791
0:14:55	30.0	6484	16438	6625	22396	7512	22636	6719	23653
0:15:00	30.0	6504	16479	6559	22481	7448	22583	6758	23816
0:15:05	30.0	6482	16450	6657	22470	7523	22659	6739	23743
0:15:10	30.0	6449	16405	6626	22680	7464	22603	6742	23554
0:15:15	30.0	6474	16461	6610	22757	7516	22941	6791	23778
0:15:20	30.0	6459	16430	6555	22802	7533	23076	6793	23879
0:15:25	30.0	6452	16543	6612	22788	7493	22926	6794	23937
0:15:30	30.0	6473	16322	6628	23016	7510	23208	6807	23771
0:15:35	30.0	6439	16525	6623	22979	7495	23379	6752	23890
0:15:40	30.0	6457	16542	6611	23121	7531	23203	6750	23888
0:15:45	30.0	6506	16424	6585	23165	7558	23332	6798	23974
0:15:50	30.0	6451	16385	6621	23203	7531	23638	6799	24011
0:15:55	30.0	6457	16478	6666	23141	7526	23408	6753	23892
0:16:00	30.0	6402	16401	6606	23183	7500	23429	6858	23748
0:16:05	30.1	6466	16505	6643	23541	7532	23643	6804	23839
0:16:10	30.0	6441	16381	6661	23485	7488	23661	6800	23813
0:16:15	30.0	6440	16530	6679	23356	7558	23614	6817	24040
0:16:20	30.0	6424	16549	6670	23638	7489	23742	6734	23850
0:16:25	30.0	6466	16533	6668	23642	7557	23998	6741	23932
0:16:30	30.0	6427	16329	6655	23882	7583	24189	6830	23785
0:16:35	30.0	6435	16354	6671	23747	7567	24046	6781	23792
0:16:40	30.0	6440	16388	6672	23761	7594	24261	6847	23833
0:16:45	30.0	6453	16386	6665	23824	7557	24119	6795	24062
0:16:50	30.1	6444	16443	6621	23997	7548	24299	6847	23827
0:16:55	30.1	6446	16512	6621	23988	7630	24511	6762	23839
0:17:00	30.0	6442	16444	6663	23891	7625	24536	6888	23951
0:17:05	30.0	6455	16277	6666	23991	7612	24595	6795	23878
0:17:10	30.0	6502	16395	6614	23957	7595	24392	6786	23944
0:17:15	30.0	6482	16313	6640	23990	7656	24448	6833	24006
0:17:20	30.0	6484	16430	6697	24048	7632	24777	6802	23776
0:17:25	30.0	6484	16447	6675	24017	7636	24677	6801	24113
0:17:30	30.0	6470	16468	6704	24054	7604	24944	6797	24056
0:17:35	30.0	6502	16401	6693	24238	7633	24783	6855	24093
0:17:40	30.1	6491	16397	6596	24236	7642	24704	6830	23977
0:17:45	30.0	6497	16441	6667	24241	7617	24777	6877	24058
0:17:50	30.0	6444	16540	6697	24198	7627	24974	6842	23892
0:17:55	30.0	6458	16403	6635	24486	7615	25098	6862	24107
0:18:00	30.0	6458	16320	6668	24328	7570	24952	6798	24181
0:18:05	30.0	6457	16319	6684	24345	7637	24989	6826	24017
0:18:10	30.0	6491	16377	6627	24330	7602	25164	6817	23966
0:18:15	30.0	6452	16364	6661	24447	7656	25184	6794	23907
0:18:20	30.0	6483	16439	6637	24270	7623	25188	6824	23781
0:18:25	30.0	6467	16438	6683	24274	7682	25237	6854	23728
0:18:30	30.0	6452	16458	6648	24377	7691	25169	6866	24006
0:18:35	30.0	6487	16421	6630	24308	7668	25235	6860	23970
0:18:40	30.0	6455	16362	6713	24401	7586	25268	6805	23833
0:18:45	30.0	6489	16417	6665	24155	7685	25280	6860	23962
0:18:50	30.0	6491	16395	6667	24200	7684	25103	6821	24119
0:18:55	30.0	6525	16292	6655	24287	7670	25280	6882	23794
0:19:00	30.0	6518	16434	6684	24329	7638	25303	6889	24008
0:19:05	30.0	6529	16371	6662	24214	7600	25253	6823	24048
0:19:10	30.0	6450	16293	6651	24329	7691	25308	6892	23988
0:19:15	30.0	6510	16306	6679	24380	7677	25385	6887	24044
0:19:20	30.0	6506	16287	6736	24339	7653	25131	6970	24083
0:19:25	30.0	6511	16380	6711	24419	7694	25420	6877	23974
0:19:30	30.0	6553	16426	6751	24318	7719	25437	6857	23955
0:19:35	30.0	6533	16255	6683	24246	7716	25514	6911	24046
0:19:40	30.0	6527	16311	6735	24311	7667	25202	6889	23966
0:19:45	30.0	6483	16361	6647	24440	7670	25320	6827	23916
0:19:50	30.0	6441	16339	6694	24452	7660	25303	6887	24056
0:19:55	30.0	6501	16328	6751	24324	7696	25383	6883	23811
0:20:00	30.0	6487	16332	6688	24317	7713	25280	6883	23838
0:20:05	30.0	6526	16339	6750	24231	7654	25463	6921	23882
0:20:10	30.0	6468	16317	6698	24410	7743	25323	6889	24000
0:20:15	30.0	6508	16450	6719	24253	7682	25325	6861	23826
0:20:20	30.0	6541	16359	6688	24333	7744	25404	6900	23946
0:20:25	30.0	6564	16297	6717	24543	7731	25318	6868	23929
0:20:30	30.0	6543	16389	6711	24329	7709	25323	6892	24025
0:20:35	30.0	6518	16368	6683	24408	7715	25333	6924	23733
0:20:40	30.0	6584	16323	6706	24375	7720	25302	6882	24051
0:20:45	30.0	6524	16305	6743	24249	7738	25224	6896	23966
0:20:50	30.0	6511	16338	6674	24397	7729	25347	6944	23799
0:20:55	30.0	6520	16375	6699	24321	7736	25599	6877	23887
0:21:00	30.0	6490	16364	6666	24389	7753	25396	6886	23982
0:21:05	30.0	6537	16461	6737	24438	7777	25163	6902	23973
0:21:10	30.0	6508	16388	6739	24323	7766	25357	6947	23855
0:21:15	30.0	6505	16455	6690	24505	7694	25263	6940	24053
0:21:20	30.0	6577	16468	6696	24373	7738	25202	6899	23810
0:21:25	30.0	6544	16381	6709	24279	7771	25145	6952	23736
0:21:30	30.0	6519	16293	6806	24322	7816	25285	6994	23790
0:21:35	30.0	6455	16292	6733	24390	7707	25299	6914	23899
0:21:40	30.0	6520	16318	6773	24131	7766	25448	6959	23902
0:21:45	30.0	6499	16402	6708	24244	7776	25384	6976	23812
0:21:50	30.0	6548	16314	6701	24377	7784	25363	6916	24115
0:21:55	30.0	6513	16282	6766	24423	7742	25153	6928	23848
0:22:00	30.0	6499	16291	6725	24609	7842	25449	6896	23928
0:22:05	30.1	6513	16363	6703	24127	7741	25337	6942	23927
0:22:10	30.0	6516	16239	6701	24275	7777	25282	6916	23836
0:22:15	30.0	6532	16342	6697	24167	7763	25373	6943	23777
0:22:20	30.0	6514	16258	6704	24293	7806	25286	6968	23597
0:22:25	30.0	6524	16286	6743	24323	7782	25352	6947	23962
0:22:30	30.0	6511	16260	6736	24278	7849	25480	6978	23719
0:22:35	30.0	6574	16249	6780	24274	7791	25369	6886	23769
0:22:40	30.0	6562	16379	6771	24390	7822	25305	6978	23968
0:22:45	30.0	6567	16289	6706	24319	7850	25313	6943	23867
0:22:50	30.1	6570	16410	6733	24535	7768	25416	6928	23764
0:22:55	30.0	6525	16252	6783	24328	7832	25188	6943	23646
0:23:00	30.0	6519	16233	6777	24270	7861	25375	6955	23789
0:23:05	30.0	6562	16381	6777	24245	7850	25305	6936	23701
0:23:10	30.0	6497	16241	6773	24201	7782	25526	6960	23824
0:23:15	30.0	6523	16180	6817	24295	7790	25308	7019	23733
0:23:20	30.0	6556	16247	6808	24309	7848	25427	6921	23716
0:23:25	30.0	6582	16327	6761	24204	7828	25284	6933	23888
0:23:30	30.0	6581	16351	6789	24174	7915	25299	6973	23873
0:23:35	30.0	6521	16238	6789	24380	7848	25331	6980	23786
0:23:40	30.0	6538	16320	6706	24303	7803	25347	6992	23814
0:23:45	30.0	6515	16361	6798	24141	7875	25079	6911	23930
0:23:50	30.0	6528	16276	6745	24211	7925	25296	7002	23803
0:23:55	30.0	6579	16234	6753	24262	7844	25443	6936	23720
0:24:00	30.0	6566	16294	6771	24251	7840	25300	6970	23786
0:24:05	30.0	6570	16280	6774	24231	7858	25088	6972	23768
0:24:10	30.0	6576	16330	6793	24347	7884	25147	6934	23848
0:24:15	30.0	6568	16260	6828	24223	7855	25458	6994	23727
0:24:20	30.0	6578	16372	6710	24132	7925	25260	6883	23843
0:24:25	30.0	6597	16248	6770	24106	7897	25299	6970	23830
0:24:30	30.0	6587	16327	6755	24194	7908	25415	7012	23682
0:24:35	30.0	6533	16289	6804	24304	7902	25186	7005	23736
0:24:40	30.0	6548	16227	6849	24268	7910	25251	6999	23819
0:24:45	30.0	6560	16255	6791	24147	7951	25317	6964	23814
0:24:50	30.0	6540	16255	6760	24253	7881	25143	7003	23969
0:24:55	30.0	6514	16147	6808	24381	7894	25413	6939	23681
0:25:00	30.0	6610	16357	6759	24189	7927	25243	7031	23748
0:25:05	30.0	6584	16265	6842	24215	7917	25178	6960	23841
0:25:10	30.0	6582	16288	6807	24306	7880	25153	7005	23603
0:25:15	30.0	6626	16180	6755	24271	7963	25385	7032	23728
0:25:20	30.0	6527	16213	6814	24242	7895	25225	7023	23666
0:25:25	30.0	6615	16338	6798	24243	7883	25509	7003	23712
0:25:30	30.0	6512	16393	6828	24338	7913	25178	6995	23802
0:25:35	30.0	6538	16321	6841	24056	7964	25106	6994	23739
0:25:40	30.0	6605	16273	6818	24220	7884	25427	6989	23723
0:25:45	30.0	6572	16191	6863	24209	7982	25311	6986	23860
0:25:50	30.0	6521	16220	6830	24103	7902	25278	7005	23694
0:25:55	30.0	6601	16299	6772	24124	7932	25409	7002	23865
0:26:00	30.0	6586	16304	6854	24111	7882	25339	6978	23810
0:26:05	30.0	6589	16276	6825	24352	7922	25359	7056	23789
0:26:10	30.0	6630	16336	6841	24334	7973	25300	7029	23669
0:26:15	30.0	6540	16274	6876	24376	7994	25366	7041	23757
0:26:20	30.0	6564	16228	6797	24058	7943	25121	7005	23849
0:26:25	30.0	6523	16279	6854	24121	7939	25177	7049	23837
0:26:30	30.0	6550	16386	6845	24064	7923	25106	7056	23836
0:26:35	30.0	6573	16211	6804	23981	7957	25082	7016	23767
0:26:40	30.0	6562	16108	6785	24295	7944	25350	7030	23750
0:26:45	30.0	6610	16214	6870	24266	7934	25104	7026	23735
0:26:50	30.0	6649	16185	6804	24259	7926	25308	7005	23549
0:26:55	30.0	6553	16226	6858	24056	8008	25334	7054	23650
0:27:00	30.0	6592	16258	6838	24185	8022	25121	7047	23606
0:27:05	30.0	6545	16350	6860	24309	8022	25200	7086	23735
0:27:10	30.0	6596	16231	6859	24066	7972	25332	7094	23848
0:27:15	30.0	6619	16249	6870	24257	7981	25373	7093	23578
0:27:20	30.0	6581	16255	6841	24213	7966	25250	7059	23603
0:27:25	30.0	6609	16334	6860	24052	7994	25227	7048	23750
0:27:30	30.0	6592	16294	6826	23976	8044	25385	7082	23662
0:27:35	30.0	6598	16229	6888	24258	7992	25162	7059	23695
0:27:40	30.0	6576	16380	6782	24297	8027	25021	7082	23452
0:27:45	30.0	6586	16120	6862	24240	8008	25413	7005	23659
0:27:50	30.0	6598	16248	6839	24213	7975	25267	7120	23593
0:27:55	30.0	6599	16209	6885	24359	7990	25475	7041	23738
0:28:00	30.0	6598	16283	6836	24348	8030	25139	7098	23627
0:28:05	30.0	6608	16258	6832	24348	8031	25219	7064	23941
0:28:10	30.0	6643	16230	6801	24320	8018	25205	7062	23825
0:28:15	30.0	6605	16237	6897	24025	8044	25116	7086	23612
0:28:20	30.0	6649	16120	6877	24093	8050	24995	7086	23728
0:28:25	30.0	6569	16221	6860	24156	8006	25166	7034	23680
0:28:30	30.1	6608	16312	6887	24096	8152	25395	7079	23806
0:28:35	30.0	6639	16141	6839	24086	8016	25346	7069	23622
0:28:40	30.0	6654	16209	6908	24086	8038	25091	7031	23988
0:28:45	30.0	6617	16109	6890	24127	8038	25104	7048	23850
0:28:50	30.0	6605	16283	6850	24208	8095	25095	7120	23762
0:28:55	29.9	6586	16246	6899	24106	8117	25348	7103	23633
0:29:00	30.0	6634	16201	6886	24290	8086	25207	7059	23761
0:29:05	30.0	6574	16257	6826	24263	8063	25156	7133	23770
0:29:10	30.0	6652	16291	6857	24053	8116	25365	7157	23695
0:29:15	30.0	6602	16114	6893	24031	8026	25145	7163	23742
0:29:20	30.0	6549	16022	6881	24023	8121	25167	7145	23583
0:29:25	30.0	6630	16180	6835	24116	8093	25336	7063	23586
0:29:30	30.0	6634	16127	6912	24187	8151	25362	7182	23652
0:29:35	30.0	6615	16170	6891	24294	8065	25280	7129	23640
0:29:40	30.0	6603	16172	6915	24136	8070	25390	7087	23549
0:29:45	30.0	6603	16280	6950	23973	8080	25326	7161	23884
0:29:50	30.0	6610	16121	6939	24000	8122	25344	7138	23658
0:29:55	30.0	6618	16071	6882	24119	8139	25096	7137	23653
0:30:00	30.0	6605	16145	6848	24232	8159	25397	7196	23598
0:30:05	30.1	6574	16238	6953	24163	8092	25185	7198	23743
0:30:10	30.0	6638	16186	6878	24232	8093	25161	7094	23560
0:30:15	30.0	6600	16152	6888	24206	8154	25460	7179	23633
0:30:20	30.0	6579	16195	6911	24003	8107	25157	7169	23690
0:30:25	30.0	6678	16160	6902	24039	8158	25312	7147	23627
0:30:30	30.0	6639	16219	6884	24253	8153	25417	7144	23730
0:30:35	30.0	6625	16174	6944	24330	8187	25370	7141	23697
0:30:40	30.0	6588	16212	6926	23909	8151	25327	7144	23773
0:30:45	30.0	6652	16178	6908	24242	8194	25306	7117	23631
0:30:50	30.0	6654	16219	6910	24064	8137	25366	7150	23633
0:30:55	30.0	6580	16090	6928	23957	8177	25317	7147	23645
0:31:00	30.0	6604	16259	6914	24111	8100	25176	7177	23699
0:31:05	30.0	6649	15989	6892	24122	8170	25335	7107	23691
0:31:10	30.0	6658	16154	6911	24122	8197	25303	7184	23463
0:31:15	30.0	6589	16202	6895	23956	8206	25182	7165	23641
0:31:20	30.0	6608	16294	6920	24200	8125	25474	7177	23675
0:31:25	30.0	6655	16144	6892	24122	8091	25375	7153	23868
0:31:30	30.0	6647	16158	6942	24035	8269	25407	7135	23749
0:31:35	30.0	6626	16223	6936	24105	8167	25096	7207	23692
0:31:40	30.0	6696	16238	6878	23962	8214	25176	7172	23778
0:31:45	30.0	6684	16180	6906	24241	8175	25179	7196	23557
0:31:50	30.0	6674	16208	6978	24090	8224	25128	7209	23650
0:31:55	30.0	6610	16233	6818	24038	8176	25437	7183	23583
0:32:00	30.0	6636	16038	7017	24208	8247	25277	7169	23504
0:32:05	30.0	6591	16283	6916	24250	8179	25333	7179	23730
0:32:10	30.0	6599	16213	6910	24241	8214	25439	7149	23420
0:32:15	30.0	6656	16096	6973	24208	8229	25247	7218	23527
0:32:20	30.0	6672	16248	6989	24141	8190	25098	7149	23450
0:32:25	30.0	6653	16249	6946	24172	8260	25340	7160	23613
0:32:30	30.0	6635	16123	6929	24081	8216	25239	7188	23631
0:32:35	30.0	6645	16141	6971	24102	8216	25192	7216	23550
0:32:40	30.0	6689	16136	6972	24102	8196	25251	7205	23668
0:32:45	30.0	6587	16265	6966	24147	8155	25120	7183	23644
0:32:50	30.0	6676	16174	6957	24050	8257	25283	7210	23660
0:32:55	30.0	6641	16089	6985	23954	8275	25453	7190	23852
0:33:00	30.0	6619	16147	6950	23985	8275	25295	7150	23442
0:33:05	30.1	6667	16181	6955	23904	8255	25133	7221	23657
0:33:10	30.0	6680	16098	6969	24110	8226	25329	7254	23707
0:33:15	30.0	6618	16173	7015	24308	8203	25454	7175	23644
0:33:20	30.0	6692	16172	6987	23994	8253	25227	7181	23628
0:33:25	30.0	6631	16229	6947	24060	8180	25501	7167	23561
0:33:30	30.0	6692	16207	6965	23867	8229	25091	7170	23547
0:33:35	30.0	6631	16220	6982	24017	8212	25131	7149	23770
0:33:40	30.0	6666	16094	7019	24017	8255	25234	7239	23548
0:33:45	30.0	6610	16137	7000	24080	8227	25289	7232	23721
0:33:50	30.0	6630	16167	6970	23976	8300	25189	7218	23587
0:33:55	30.0	6704	16143	7018	23970	8380	25386	7180	23630
0:34:00	30.0	6634	16133	6927	24219	8231	25128	7246	23812
0:34:05	30.0	6704	16122	6958	24004	8299	25243	7217	23573
0:34:10	30.0	6658	16115	6993	24083	8337	25208	7204	23516
0:34:15	30.0	6734	16186	6944	23873	8245	25235	7201	23446
0:34:20	30.0	6718	16209	7069	24032	8316	25299	7286	23569
0:34:25	30.0	6641	16126	6954	24011	8316	25228	7231	23484
0:34:30	30.0	6667	16153	7063	23923	8323	25336	7233	23655
0:34:35	30.0	6645	16089	7008	24119	8309	25221	7338	23556
0:34:40	30.0	6678	16146	6943	23889	8318	25157	7321	23596
0:34:45	30.0	6704	16069	7042	23776	8300	25299	7189	23653
0:34:50	30.0	6665	16050	7054	24060	8297	25146	7252	23449
0:34:55	30.0	6644	15988	6963	23908	8335	25446	7215	23727
0:35:00	30.0	6650	16228	7025	24051	8361	24954	7289	23702
0:35:05	30.0	6712	16046	7007	23978	8371	25064	7236	23481
0:35:10	30.0	6683	16102	7033	24021	8286	25193	7235	23610
0:35:15	30.0	6718	16111	6954	23954	8381	25174	7274	23625
0:35:20	30.0	6676	16169	7020	24072	8353	25071	7216	23530
0:35:25	30.0	6682	16174	7095	23937	8375	25285	7237	23703
0:35:30	30.0	6678	16091	6976	23864	8365	25296	7208	23721
0:35:35	30.0	6703	16118	6984	23967	8275	25045	7266	23652
0:35:40	30.0	6643	16127	7043	24051	8415	25123	7317	23555
0:35:45	30.0	6674	15976	7007	23944	8394	25138	7290	23549
0:35:50	30.0	6662	16102	7012	24184	8350	25078	7260	23472
0:35:55	30.0	6705	16100	7062	23952	8324	25283	7237	23728
0:36:00	30.0	6670	16191	7051	23824	8414	25108	7233	23432
0:36:05	30.0	6691	16216	7026	24027	8410	25234	7237	23618
0:36:10	30.0	6726	16012	7006	24124	8352	25193	7240	23566
0:36:15	30.0	6699	16202	7034	23949	8426	25275	7347	23663
0:36:20	30.0	6651	16125	7038	24050	8351	25307	7284	23572
0:36:25	30.0	6687	16121	7029	23963	8430	25371	7315	23647
0:36:30	30.0	6633	16096	7082	23937	8396	25461	7304	23517
0:36:35	30.0	6750	16148	7037	24162	8382	25039	7301	23426
0:36:40	30.0	6671	16153	6993	24072	8463	25170	7283	23634
0:36:45	30.0	6686	16167	7063	23935	8366	25142	7302	23534
0:36:50	30.0	6645	16156	7045	24151	8379	25305	7231	23532
0:36:55	30.0	6678	15993	7076	24004	8432	25399	7336	23575
0:37:00	30.0	6648	16019	7009	24094	8429	25362	7317	23650
0:37:05	30.0	6713	16174	7101	24153	8402	25228	7339	23607
0:37:10	30.0	6691	16183	7003	24035	8409	25023	7268	23609
0:37:15	30.0	6691	16090	7092	23909	8453	25367	7303	23544
0:37:20	30.0	6671	16140	7066	23783	8386	25169	7270	23821
0:37:25	30.0	6722	16071	7038	23983	8404	25150	7238	23406
0:37:30	30.0	6691	16142	7025	24021	8444	25341	7359	23468
0:37:35	30.0	6678	16101	7094	23965	8500	25207	7276	23590
0:37:40	30.0	6670	16174	7082	24076	8472	25161	7320	23380
0:37:45	30.0	6701	15974	7025	24059	8444	25421	7320	23457
0:37:50	30.0	6724	16036	7017	24013	8468	25209	7330	23693
0:37:55	30.0	6649	16147	7027	24152	8512	25198	7330	23772
0:38:00	30.0	6654	16068	7032	23967	8413	25291	7265	23635
0:38:05	30.0	6704	16053	7083	24066	8492	25132	7342	23748
0:38:10	30.0	6733	16226	7070	23902	8455	25322	7290	23763
0:38:15	30.0	6698	16143	7047	23859	8461	25165	7366	23712
0:38:20	30.0	6656	16190	7089	23980	8517	25237	7310	23473
0:38:25	30.0	6733	16018	7092	23947	8469	25401	7368	23450
0:38:30	30.0	6673	16236	7075	24107	8508	25208	7319	23447
0:38:35	30.0	6732	16030	7075	23949	8446	25238	7339	23415
0:38:40	30.0	6715	16098	7082	24193	8566	25201	7406	23703
0:38:45	30.0	6673	16118	7051	24034	8449	25244	7353	23598
0:38:50	30.0	6718	15943	7054	24116	8515	25124	7307	23407
0:38:55	30.0	6705	16172	7019	24066	8415	25449	7359	23684
0:39:00	30.0	6791	16174	7073	23809	8494	25148	7444	23514
0:39:05	30.0	6707	16240	7100	23941	8536	25232	7379	23494
0:39:10	30.0	6784	16127	7069	23941	8490	25280	7398	23428
0:39:15	30.0	6700	16131	7107	23877	8531	25349	7299	23733
0:39:20	30.0	6727	16053	7078	23855	8492	25244	7342	23481
0:39:25	30.0	6701	16138	7038	23970	8582	25266	7373	23386
0:39:30	30.0	6712	16038	7115	23905	8590	25216	7356	23455
0:39:35	30.0	6671	16158	7027	23797	8507	25301	7346	23449
0:39:40	30.0	6700	16082	7112	23834	8503	25130	7373	23632
0:39:45	30.0	6713	16101	7145	23905	8514	25449	7362	23576
0:39:50	30.0	6789	16046	7064	24083	8528	25258	7376	23406
0:39:55	30.0	6737	16064	7126	24380	8539	25156	7339	23592
0:40:00	30.0	6756	16067	7059	24067	8542	25358	7424	23772
0:40:05	30.0	6750	15998	7098	23938	8589	25284	7352	23641
0:40:10	30.0	6668	15983	7056	23989	8561	25450	7416	23567
0:40:15	30.0	6683	15986	7169	23813	8540	25278	7344	23636
0:40:20	30.0	6768	15970	7066	24120	8574	25266	7418	23428
0:40:25	30.0	6728	16211	7099	23761	8557	25367	7379	23485
0:40:30	30.0	6705	16050	7108	24042	8633	25334	7393	23492
0:40:35	30.0	6760	16142	7144	23824	8583	25278	7375	23509
0:40:40	30.0	6760	16094	7089	23985	8654	25207	7468	23273
0:40:45	30.0	6692	16060	7086	23778	8556	25275	7382	23594
0:40:50	30.0	6727	15967	7137	24084	8687	25375	7417	23540
0:40:55	30.0	6735	16094	7057	24021	8626	25288	7407	23557
0:41:00	30.0	6697	16067	7127	23961	8656	25114	7353	23617
0:41:05	30.0	6762	16002	7068	23960	8519	25071	7407	23477
0:41:10	30.0	6727	16220	7115	24036	8565	25219	7395	23708
0:41:15	30.0	6712	16051	7143	23881	8624	25367	7353	23608
0:41:20	30.0	6743	16096	7178	24084	8658	25188	7448	23370
0:41:25	30.0	6729	16088	7170	23959	8609	25052	7371	23465
0:41:30	30.0	6796	15973	7171	23829	8649	25162	7442	23357
0:41:35	30.0	6817	16021	7185	24084	8640	25279	7391	23584
0:41:40	30.0	6723	16147	7092	23881	8695	25295	7415	23463
0:41:45	30.0	6710	16207	7130	24065	8638	25167	7467	23149
0:41:50	30.0	6772	16090	7183	23958	8714	25173	7442	23523
0:41:55	30.0	6728	16041	7111	23771	8633	25280	7432	23467
0:42:00	30.0	6750	16024	7132	23795	8701	25214	7395	23514
0:42:05	30.0	6749	16217	7079	23882	8654	25294	7477	23583
0:42:10	30.0	6729	16073	7210	23660	8661	25223	7438	23670
0:42:15	30.0	6720	16034	7148	23755	8685	25288	7392	23547
0:42:20	30.0	6723	16077	7196	23951	8699	25228	7411	23509
0:42:25	30.0	6734	16140	7162	23878	8651	25232	7407	23432
0:42:30	30.0	6791	16122	7148	23699	8687	25316	7468	23495
0:42:35	30.0	6741	16101	7104	24069	8689	25322	7410	23398
0:42:40	30.0	6763	16116	7142	24039	8650	25149	7362	23390
0:42:45	30.0	6738	16096	7097	23710	8659	25322	7427	23527
0:42:50	30.0	6799	16112	7136	23901	8623	25209	7421	23453
0:42:55	30.0	6774	16089	7158	24088	8718	25288	7456	23416
0:43:00	30.0	6733	15951	7192	24061	8650	25239	7449	23340
0:43:05	30.0	6767	16024	7192	23950	8712	25426	7452	23777
0:43:10	30.0	6796	15969	7123	23863	8820	25438	7447	23486
0:43:15	30.0	6808	16157	7223	23747	8650	25418	7436	23666
0:43:20	30.0	6780	16093	7264	24028	8702	25198	7411	23528
0:43:25	30.0	6779	15998	7174	24181	8664	25303	7462	23547
0:43:30	30.0	6773	16080	7160	23905	8735	25369	7455	23578
0:43:35	30.0	6776	16005	7205	23976	8712	25198	7489	23492
0:43:40	30.0	6783	16110	7120	23785	8728	25361	7409	23529
0:43:45	30.0	6767	16171	7214	23947	8659	25407	7513	23502
0:43:50	30.0	6741	16124	7119	24041	8689	25202	7453	23382
0:43:55	30.0	6795	16012	7124	23998	8758	25222	7481	23508
0:44:00	30.0	6783	16096	7188	23770	8770	25268	7431	23513
0:44:05	30.0	6825	16081	7211	23970	8645	25400	7469	23516
0:44:10	30.0	6731	16036	7239	23974	8727	25290	7586	23564
0:44:15	30.0	6785	16037	7211	23925	8742	25391	7413	23659
0:44:20	30.0	6760	16121	7253	23889	8802	25116	7510	23489
0:44:25	30.0	6816	16114	7279	23903	8759	25136	7448	23456
0:44:30	30.0	6757	16169	7217	23887	8862	25287	7580	23409
0:44:35	30.0	6824	16065	7198	23860	8742	25186	7504	23510
0:44:40	30.0	6780	16076	7227	23797	8779	25457	7532	23515
0:44:45	30.0	6740	16085	7173	23971	8683	25489	7607	23417
0:44:50	30.0	6773	15998	7132	23841	8795	25427	7565	23471
0:44:55	30.0	6760	16202	7221	24117	8783	25315	7582	23635
0:45:00	30.0	6806	15954	7258	23933	8778	25153	7479	23324
0:45:05	30.0	6750	15920	7151	23874	8832	25271	7538	23421
0:45:10	30.0	6799	16107	7236	23946	8792	25265	7478	23567
0:45:15	30.0	6782	16117	7257	23940	8824	25356	7520	23638
0:45:20	30.0	6762	16032	7211	23985	8887	25310	7524	23613
0:45:25	30.0	6736	16141	7159	24124	8832	25414	7493	23462
0:45:30	30.0	6772	16063	7218	23950	8807	25125	7473	23490
0:45:35	30.0	6815	16153	7200	23840	8796	25262	7492	23543
0:45:40	30.0	6799	16069	7200	23710	8809	25274	7578	23403
0:45:45	30.0	6782	16007	7231	23831	8865	25309	7477	23474
0:45:50	30.0	6827	16033	7175	23952	8818	25240	7462	23411
0:45:55	30.0	6827	16053	7207	23803	8843	25326	7508	23531
0:46:00	30.0	6820	16077	7255	23973	8794	25299	7575	23466
0:46:05	30.0	6775	16011	7201	24000	8851	25304	7488	23545
0:46:10	30.0	6774	16059	7216	23868	8852	25291	7561	23486
0:46:15	30.0	6788	16024	7303	23899	8796	25339	7552	23266
0:46:20	30.0	6777	16180	7187	23751	8895	25561	7567	23462
0:46:25	30.0	6864	16037	7260	23777	8944	25315	7575	23382
0:46:30	30.0	6800	15966	7267	23986	8794	25240	7516	23531
0:46:35	30.0	6812	15999	7236	23845	8855	25410	7558	23336
0:46:40	30.0	6766	16052	7255	23914	8859	25169	7619	23502
0:46:45	30.0	6799	16200	7209	23864	8913	25471	7520	23593
0:46:50	30.0	6778	16202	7226	23910	8803	25333	7570	23514
0:46:55	30.0	6826	16111	7206	24016	8864	25330	7541	23541
0:47:00	30.0	6861	16025	7228	23819	8879	25397	7521	23593
0:47:05	30.0	6783	16144	7318	23920	8975	25383	7599	23496
0:47:10	30.0	6803	16112	7293	24007	8857	25338	7570	23318
0:47:15	30.0	6870	16117	7244	23855	8899	25366	7626	23590
0:47:20	30.0	6791	16130	7263	23833	8890	25221	7570	23407
0:47:25	30.0	6812	15985	7267	23813	8904	25225	7599	23558
0:47:30	30.0	6831	16037	7270	23803	8871	25184	7574	23332
0:47:35	30.0	6813	15947	7303	24021	8839	25147	7594	23490
0:47:40	30.0	6784	15950	7232	23713	8923	25484	7578	23579
0:47:45	30.0	6829	16147	7225	23703	8964	25424	7612	23403
0:47:50	30.0	6865	16174	7260	23863	8959	25253	7506	23426
0:47:55	30.0	6789	16022	7272	23866	8959	25535	7603	23434
0:48:00	30.0	6843	16068	7253	23716	8958	25197	7541	23345
0:48:05	30.0	6845	16079	7279	23825	8940	25227	7602	23617
0:48:10	30.0	6838	16039	7281	23633	8872	25457	7629	23641
0:48:15	30.0	6838	16076	7279	23759	8899	25079	7563	23345
0:48:20	30.0	6823	15956	7271	23758	8933	25178	7630	23283
0:48:25	30.0	6732	16092	7290	24131	8905	25349	7591	23530
0:48:30	30.0	6908	16080	7361	23864	8895	25263	7575	23405
0:48:35	30.0	6841	16048	7294	23884	8990	25359	7578	23411
0:48:40	30.0	6866	16149	7299	23758	8975	25249	7568	23547
0:48:45	30.0	6827	16151	7208	23858	9001	25426	7598	23445
0:48:50	30.0	6779	16111	7295	23845	9014	25149	7622	23602
0:48:55	30.0	6872	15948	7319	23810	8904	25237	7622	23387
0:49:00	30.0	6883	15949	7288	23951	8992	25455	7575	23443
0:49:05	30.0	6860	16081	7284	24020	9018	25068	7668	23548
0:49:10	30.0	6817	15958	7362	23856	9011	25286	7624	23459
0:49:15	30.0	6824	16103	7296	23817	9003	25421	7617	23347
0:49:20	30.0	6830	15961	7282	23700	8982	25316	7565	23495
0:49:25	30.0	6828	16163	7292	23892	8973	25287	7619	23455
0:49:30	30.0	6866	15998	7339	23857	9011	25437	7610	23287
0:49:35	30.0	6814	15969	7318	23654	9017	25337	7719	23532
0:49:40	30.0	6731	16021	7344	23805	8894	25092	7633	23323
0:49:45	30.0	6807	16002	7360	23822	9013	25332	7604	23493
0:49:50	30.0	6854	15811	7311	23893	8971	25446	7642	23465
0:49:55	30.0	6831	16086	7326	23612	9040	25159	7612	23281
0:50:00	30.0	6807	15956	7334	24009	8940	25380	7671	23358
0:50:05	30.0	6922	15854	7315	23685	9015	25288	7602	23365
0:50:10	30.0	6856	15962	7347	23872	9033	25325	7649	23313
0:50:15	30.0	6833	15886	7323	23733	9005	25194	7656	23558
0:50:20	30.0	6835	16113	7350	23870	9063	25336	7627	23294
0:50:25	30.0	6874	16221	7338	23712	8988	25221	7604	23294
0:50:30	30.0	6802	15945	7309	24157	9045	25016	7593	23523
0:50:35	30.0	6857	15953	7344	23937	8942	25405	7723	23260
0:50:40	30.0	6826	16092	7317	23922	9062	25405	7665	23483
0:50:45	30.0	6856	16038	7346	23906	9122	25204	7656	23669
0:50:50	30.0	6855	15950	7378	23658	9018	25262	7633	23399
0:50:55	30.0	6830	15906	7267	23938	9065	25253	7656	23434
0:51:00	30.0	6843	16000	7368	23723	9061	25421	7676	23329
0:51:05	30.0	6833	15863	7335	23658	9063	25451	7697	23207
0:51:10	30.0	6837	16000	7349	23887	9155	25145	7707	23339
0:51:15	30.0	6880	16156	7390	23858	9128	25455	7699	23347
0:51:20	30.0	6857	15827	7356	23873	9138	25410	7665	23579
0:51:25	30.0	6870	15838	7392	23773	9041	25279	7660	23261
0:51:30	30.0	6866	15992	7308	23747	9095	25147	7727	23364
0:51:35	30.0	6846	15965	7367	23859	9115	25376	7702	23301
0:51:40	30.0	6858	15919	7382	23880	9080	25244	7691	23258
0:51:45	30.0	6880	15988	7346	23759	9008	25129	7667	23535
0:51:50	30.0	6848	15984	7361	23765	9056	25413	7659	23483
0:51:55	30.0	6875	15990	7402	23837	9130	25295	7672	23571
0:52:00	30.0	6955	16012	7325	23858	9038	25200	7668	23323
0:52:05	30.0	6920	15932	7408	23901	9107	25253	7678	23419
0:52:10	30.0	6876	15992	7342	23702	9053	25155	7700	23402
0:52:15	30.0	6854	15969	7334	23812	9103	25191	7678	23149
0:52:20	30.0	6888	15998	7380	23822	9098	25229	7671	23354
0:52:25	30.0	6848	16040	7363	23927	9086	25423	7645	23250
0:52:30	30.0	6840	15865	7377	23793	9119	25309	7660	23260
0:52:35	30.0	6830	15827	7348	23719	9166	25134	7789	23560
0:52:40	30.0	6869	16050	7355	23803	9122	25105	7685	23318
0:52:45	30.0	6880	15960	7421	23722	9077	25355	7691	23210
0:52:50	30.0	6884	16007	7344	23882	9167	25282	7689	23493
0:52:55	30.0	6914	15913	7367	23699	9187	25206	7641	23485
0:53:00	30.0	6888	16161	7387	23670	9151	25370	7692	23421
0:53:05	30.0	6900	15949	7446	23786	9082	25246	7716	23430
0:53:10	30.0	6880	15948	7372	23656	9187	25382	7743	23450
0:53:15	30.0	6910	16029	7429	23649	9155	25192	7685	23394
0:53:20	30.0	6849	16015	7428	23781	9102	25187	7688	23456
0:53:25	30.0	6819	16055	7461	23843	9158	25343	7730	23144
0:53:30	30.0	6873	16068	7377	23758	9064	25232	7649	23413
0:53:35	30.0	6854	16003	7358	23743	9257	25254	7726	23245
0:53:40	30.0	6863	15945	7425	23501	9187	25475	7686	23404
0:53:45	30.0	6954	15963	7404	23616	9144	25390	7704	23448
0:53:50	30.0	6911	16033	7410	23584	9245	25314	7745	23328
0:53:55	30.0	6883	16072	7357	23807	9216	25453	7743	23223
0:54:00	30.0	6893	16094	7415	23821	9225	25329	7760	23331
0:54:05	30.0	6859	16007	7404	23683	9209	25216	7709	23503
0:54:10	30.0	6829	16004	7365	23647	9207	25218	7818	23389
0:54:15	30.0	6981	16115	7423	23643	9171	25503	7705	23368
0:54:20	30.0	6917	15861	7396	23715	9142	25491	7738	23481
0:54:25	30.0	6937	15908	7438	23958	9226	25336	7748	23364
0:54:30	30.0	6922	15893	7438	23880	9212	25396	7723	23327
0:54:35	30.0	6890	15887	7447	23680	9193	25038	7744	23369
0:54:40	30.0	6896	15998	7437	23784	9284	25314	7731	23410
0:54:45	30.0	6849	15975	7413	23833	9199	25507	7767	23171
0:54:50	30.0	6943	15926	7432	23711	9285	25323	7728	23349
0:54:55	30.0	6941	15971	7384	23738	9167	25371	7748	23272
0:55:00	30.0	6912	15942	7469	23613	9203	25274	7744	23499
0:55:05	30.0	6878	15901	7406	23675	9225	25313	7738	23198
0:55:10	30.0	6927	15889	7451	23717	9243	25287	7782	23244
0:55:15	30.0	6848	15912	7426	23798	9207	25455	7706	23358
0:55:20	30.0	6893	15925	7411	23738	9283	25361	7768	23205
0:55:25	30.0	6877	16059	7381	23688	9250	25342	7805	23262
0:55:30	30.0	6884	15846	7428	23686	9285	25162	7768	23211
0:55:35	30.0	6893	16006	7489	23869	9248	25251	7799	23473
0:55:40	30.0	6834	15878	7450	23776	9248	25380	7830	23297
0:55:45	30.0	6908	15834	7393	23916	9269	25359	7826	23306
0:55:50	30.0	6987	16022	7432	23938	9278	25256	7787	23383
0:55:55	30.0	6886	15882	7425	23496	9258	25349	7748	23517
0:56:00	30.0	6879	15890	7482	23642	9209	25594	7755	23332
0:56:05	30.0	6899	16013	7455	23781	9339	25262	7812	23415
0:56:10	30.0	6851	16094	7468	23810	9355	25277	7755	23615
0:56:15	30.0	6921	15976	7432	23677	9304	25360	7796	23432
0:56:20	30.0	6913	15987	7507	23707	9236	25508	7785	23263
0:56:25	30.0	6880	16042	7527	23803	9247	25195	7843	23362
0:56:30	30.0	6950	15906	7475	23641	9313	25574	7854	23432
0:56:35	30.0	6922	16063	7402	23683	9288	25500	7830	23193
0:56:40	30.0	6973	16024	7425	23829	9388	25341	7791	23363
0:56:45	30.0	6933	16021	7411	23848	9374	25485	7801	23290
0:56:50	30.0	6989	15948	7518	23667	9316	25209	7784	23367
0:56:55	30.0	6956	15927	7416	23795	9383	25265	7836	23237
0:57:00	30.0	6938	15901	7478	23842	9406	25397	7898	23186
0:57:05	30.0	6941	15884	7473	23886	9411	25414	7849	23366
0:00:00	0.0								
0:00:00	0.0								
0:00:00	0.0								
0:00:00	0.0								
0:00:00	0.0								
0:00:00	0.0								
0:00:00	0.0								
0:00:00	0.0								
0:00:00	0.0								
0:00:00	0.0								
0:00:00	0.0								
0:00:00	0.0								
0:00:00	0.0								
0:00:00	0.0								
0:00:00	0.0								
0:00:00	0.0								
0:00:00	0.0								
0:00:00	0.0								
0:00:00	0.0								
0:00:00	0.0								
0:00:00	0.0								
0:00:00	0.0								
0:00:00	0.0								
0:00:00	0.0								
0:00:00	0.0								
0:00:00	0.0								
0:00:00	0.0								
0:00:00	0.0								
0:00:00	0.0								
0:00:00	0.0								
0:00:00	0.0								
0:00:00	0.0								
0:00:00	0.0								
0:00:00	0.0								
0:00:00	0.0								
0:00:00	0.0								
0:00:00	0.0								
0:00:00	0.0								
0:00:00	0.0								
0:00:00	0.0								
0:00:00	0.0								
0:00:00	0.0								
0:00:00	0.0								
0:00:00	0.0								
0:00:00	0.0								
0:00:00	0.0								
0:00:00	0.0								
0:00:00	0.0								
0:00:00	0.0								
0:00:00	0.0								
0:00:00	0.0								
0:00:00	0.0								
0:00:00	0.0								
0:00:00	0.0								
0:00:00	0.0								
0:00:00	0.0								
0:00:00	0.0								
0:00:00	0.0								
0:00:00	0.0								
0:00:00	0.0								
0:00:00	0.0								
0:00:00	0.0								
0:00:00	0.0								
0:00:00	0.0								
0:00:00	0.0								
0:00:00	0.0								
0:00:00	0.0								
0:00:00	0.0								
0:00:00	0.0								
0:00:00	0.0								
0:00:00	0.0								
0:00:00	0.0								
0:00:00	0.0								
0:00:00	0.0								
0:00:00	0.0								
0:00:00	0.0								
0:00:00	0.0								
0:00:00	0.0								
0:00:00	0.0								
0:00:00	0.0								
0:00:00	0.0								
0:00:00	0.0								
0:00:00	0.0								
0:00:00	0.0								
0:00:00	0.0								
0:00:00	0.0								
0:00:00	0.0								
0:00:00	0.0								
0:00:00	0.0								
0:00:00	0.0								
0:00:00	0.0								
0:00:00	0.0								
0:00:00	0.0								
0:00:00	0.0								
0:00:00	0.0								
0:00:00	0.0								
0:00:00	0.0								
0:00:00	0.0								
0:00:00	0.0								
0:00:00	0.0								
0:00:00	0.0								
0:00:00	0.0								
0:00:00	0.0								
0:00:00	0.0								
0:00:00	0.0								
0:00:00	0.0								
0:00:00	0.0								
0:00:00	0.0								
0:00:00	0.0								
0:00:00	0.0								
0:00:00	0.0								
0:00:00	0.0								
0:00:00	0.0								
0:00:00	0.0								
0:00:00	0.0								
0:00:00	0.0								
0:00:00	0.0								
0:00:00	0.0								
0:00:00	0.0								
0:00:00	0.0								
0:00:00	0.0								
0:00:00	0.0								
0:00:00	0.0								
0:00:00	0.0								
0:00:00	0.0								
0:00:00	0.0								
0:00:00	0.0								
0:00:00	0.0								
0:00:00	0.0								
0:00:00	0.0								
0:00:00	0.0								
0:00:00	0.0								
0:00:00	0.0								
0:00:00	0.0								
0:00:00	0.0								
0:00:00	0.0								
0:00:00	0.0								
0:00:00	0.0								
0:00:00	0.0								
0:00:00	0.0								
0:00:00	0.0								
0:00:00	0.0								
0:00:00	0.0								
0:00:00	0.0								
0:00:00	0.0								
0:00:00	0.0								
0:00:00	0.0								
0:00:00	0.0								
0:00:00	0.0								
0:00:00	0.0								
0:00:00	0.0								
0:00:00	0.0								
0:00:00	0.0								
0:00:00	0.0								
0:00:00	0.0								
0:00:00	0.0								
0:00:00	0.0								
0:00:00	0.0								
0:00:00	0.0								
0:00:00	0.0								
0:00:00	0.0								
0:00:00	0.0								
0:00:00	0.0								
0:00:00	0.0								
0:00:00	0.0								
0:00:00	0.0								
0:00:00	0.0								
0:00:00	0.0								
0:00:00	0.0								
0:00:00	0.0								
0:00:00	0.0								
0:00:00	0.0								
0:00:00	0.0								
0:00:00	0.0								
0:00:00	0.0								
0:00:00	0.0								
0:00:00	0.0								
0:00:00	0.0								
0:00:00	0.0								
0:00:00	0.0								
0:00:00	0.0								
0:00:00	0.0								
0:00:00	0.0								
0:00:00	0.0								
0:00:00	0.0								
0:00:00	0.0								
0:00:00	0.0								
0:00:00	0.0								
0:00:00	0.0								
0:00:00	0.0								
0:00:00	0.0								
0:00:00	0.0								
0:00:00	0.0								
0:00:00	0.0								
0:00:00	0.0								
0:00:00	0.0								
0:00:00	0.0								
0:00:00	0.0								
0:00:00	0.0								
0:00:00	0.0								
0:00:00	0.0								
0:00:00	0.0								
0:00:00	0.0								
0:00:00	0.0								
0:00:00	0.0								
0:00:00	0.0								
0:00:00	0.0								
0:00:00	0.0								
0:00:00	0.0								
0:00:00	0.0								
0:00:00	0.0								
0:00:00	0.0								
0:00:00	0.0								
0:00:00	0.0								
0:00:00	0.0								
0:00:00	0.0								
0:00:00	0.0								
0:00:00	0.0								
0:00:00	0.0								
0:00:00	0.0								
0:00:00	0.0								
0:00:00	0.0								
0:00:00	0.0								
0:00:00	0.0								
0:00:00	0.0								
0:00:00	0.0								
0:00:00	0.0								
0:00:00	0.0								
0:00:00	0.0								
0:00:00	0.0								
0:00:00	0.0								
0:00:00	0.0								
0:00:00	0.0								
0:00:00	0.0								
0:00:00	0.0								
0:00:00	0.0								
0:00:00	0.0								
0:00:00	0.0								
0:00:00	0.0								
0:00:00	0.0								
0:00:00	0.0								
0:00:00	0.0								
0:00:00	0.0								
0:00:00	0.0								
0:00:00	0.0								
0:00:00	0.0								
0:00:00	0.0								
0:00:00	0.0								
0:00:00	0.0								
0:00:00	0.0								
0:00:00	0.0								
0:00:00	0.0								
0:00:00	0.0								
0:00:00	0.0								
0:00:00	0.0								
0:00:00	0.0								
0:00:00	0.0								
0:00:00	0.0								
0:00:00	0.0								
0:00:00	0.0								
0:00:00	0.0								
0:00:00	0.0								
0:00:00	0.0								
0:00:00	0.0								
0:00:00	0.0								
0:00:00	0.0								
0:00:00	0.0								
0:00:00	0.0								
0:00:00	0.0								
0:00:00	0.0								
0:00:00	0.0								
0:00:00	0.0								
0:00:00	0.0								
0:00:00	0.0								
0:00:00	0.0								
0:00:00	0.0								
0:00:00	0.0								
0:00:00	0.0								
0:00:00	0.0								
0:00:00	0.0								
0:00:00	0.0								
0:00:00	0.0								
0:00:00	0.0								
0:00:00	0.0								
0:00:00	0.0								
0:00:00	0.0								
0:00:00	0.0								
0:00:00	0.0								
0:00:00	0.0								
0:00:00	0.0								
0:00:00	0.0								
0:00:00	0.0								
0:00:00	0.0								
0:00:00	0.0								
0:00:00	0.0								
0:00:00	0.0								
0:00:00	0.0								
0:00:00	0.0								
0:00:00	0.0								
0:00:00	0.0								
0:00:00	0.0								
0:00:00	0.0								
0:00:00	0.0								
0:00:00	0.0								
0:00:00	0.0								
0:00:00	0.0								
0:00:00	0.0								
0:00:00	0.0								
0:00:00	0.0								
0:00:00	0.0								
0:00:00	0.0								

Results
	1	2	3	4	5	6	7	8	9	10	11	12
A		2112000.000	-3948000.000	2388000.000	-5784000.000	2316000.000	-5904000.000	-2076000.000	5244000.000				Max V [425,457]
		1.000	1.000	1.000	1.000	1.000	1.000	1.000	1.000				R-Squared [425,457]
		0:48:28	0:51:18	0:31:58	0:22:03	0:53:33	0:34:58	0:44:13	0:14:48				t at Max V [425,457]
		0:48:10	0:53:44	0:31:39	0:25:07	0:52:32	0:38:00	0:44:46	0:11:33				Lagtime [425,457]
B													Max V [425,457]
													R-Squared [425,457]
													t at Max V [425,457]
													Lagtime [425,457]
C													Max V [425,457]
													R-Squared [425,457]
													t at Max V [425,457]
													Lagtime [425,457]
D													Max V [425,457]
													R-Squared [425,457]
													t at Max V [425,457]
													Lagtime [425,457]
E													Max V [425,457]
													R-Squared [425,457]
													t at Max V [425,457]
													Lagtime [425,457]
F													Max V [425,457]
													R-Squared [425,457]
													t at Max V [425,457]
													Lagtime [425,457]
G													Max V [425,457]
													R-Squared [425,457]
													t at Max V [425,457]
													Lagtime [425,457]
H													Max V [425,457]
													R-Squared [425,457]
													t at Max V [425,457]
													Lagtime [425,457]

