

Software Version	3.03.14



Experiment File Path:	C:\Users\Public\Documents\Experiments\Tina\20190606_GAP_assay.xpt
Protocol File Path:	C:\Users\Public\Documents\Protocols\Tina\GAP_sensor_assay.prt



Plate Number	Plate 1
Date	6/6/2019
Time	3:16:17 PM
Reader Type:	Synergy H1
Reader Serial Number:	1803011C
Reading Type	Reader

Procedure Details

Plate Type	Costar 96 well half area
Set Temperature	Setpoint 30°C
Start Kinetic	Runtime 1:20:00 (HH:MM:SS), Interval 0:00:05, 961 Reads
    Read	Fluorescence Endpoint
	C7..C12
	Filter Set 1
	    Excitation: 425,  Emission: 457
	    Optics: Bottom,  Gain: 57
	Light Source: Xenon Flash,  Lamp Energy: High
	Read Speed: Normal,  Delay: 0 msec,  Measurements/Data Point: 5
	Read Height: 7 mm
End Kinetic	

Layout
	1	2	3	4	5	6	7	8	9	10	11	12
A													Well ID
B													Well ID
C							SPL1	SPL2	SPL3	SPL4	SPL5	SPL6	Well ID
D													Well ID
E													Well ID
F													Well ID
G													Well ID
H													Well ID

425,457

Time	T° 425,457	C7	C8	C9	C10	C11	C12
0:00:00	30.0	3907	3972	3640	3764	3591	3830
0:00:05	30.0	3864	4023	3624	3786	3603	3765
0:00:10	30.0	3889	4026	3677	3831	3613	3806
0:00:15	30.0	3880	4066	3679	3817	3646	3868
0:00:20	30.0	3913	4139	3680	3841	3610	3712
0:00:25	30.0	3927	4132	3662	3906	3636	3741
0:00:30	30.0	3901	4191	3696	3884	3677	3760
0:00:35	30.0	3940	4242	3674	3948	3645	3749
0:00:40	30.0	3983	4251	3690	3956	3631	3778
0:00:45	29.9	3896	4292	3694	3989	3636	3779
0:00:50	30.0	3921	4360	3661	4005	3660	3773
0:00:55	30.0	3935	4443	3723	4062	3643	3747
0:01:00	30.0	3916	4460	3712	4096	3655	3792
0:01:05	30.0	3979	4499	3676	4122	3595	3802
0:01:10	30.0	3971	4562	3687	4160	3702	3788
0:01:15	30.0	3922	4609	3667	4194	3655	3802
0:01:20	30.0	3984	4646	3703	4235	3665	3800
0:01:25	30.0	3926	4694	3679	4253	3642	3809
0:01:30	30.0	3924	4771	3707	4261	3666	3875
0:01:35	30.0	3949	4865	3685	4349	3671	3858
0:01:40	30.0	3986	4920	3690	4347	3647	3854
0:01:45	30.0	3944	4916	3678	4372	3664	3854
0:01:50	30.0	3988	4994	3683	4423	3643	3877
0:01:55	30.0	3965	5048	3711	4469	3666	3876
0:02:00	30.0	3953	5124	3717	4491	3670	3898
0:02:05	30.0	3985	5186	3739	4584	3647	3878
0:02:10	30.0	3991	5286	3667	4582	3662	3911
0:02:15	30.0	3985	5369	3692	4616	3674	3914
0:02:20	30.0	4021	5449	3723	4658	3640	3919
0:02:25	30.0	3977	5538	3719	4725	3680	3955
0:02:30	30.0	3955	5576	3718	4784	3629	3952
0:02:35	30.0	4000	5671	3717	4812	3694	3946
0:02:40	30.0	3950	5769	3703	4871	3683	3973
0:02:45	30.0	3946	5833	3699	4915	3633	3971
0:02:50	30.0	3997	5970	3678	4977	3624	3967
0:02:55	30.0	4010	6035	3701	5048	3672	3971
0:03:00	30.0	3945	6112	3722	5083	3669	3998
0:03:05	30.0	4022	6165	3691	5137	3679	4010
0:03:10	30.0	4014	6307	3728	5224	3682	4011
0:03:15	30.0	3952	6400	3731	5219	3656	3986
0:03:20	30.0	4008	6522	3736	5323	3641	4048
0:03:25	30.0	3964	6612	3715	5388	3632	4058
0:03:30	30.0	3961	6670	3700	5403	3649	4020
0:03:35	30.0	4007	6779	3717	5472	3657	4048
0:03:40	30.0	4032	6943	3721	5567	3656	4084
0:03:45	30.0	3991	6995	3706	5621	3686	4113
0:03:50	30.0	3991	7090	3696	5639	3669	4087
0:03:55	30.0	3980	7242	3701	5735	3673	4065
0:04:00	30.0	3955	7324	3723	5812	3677	4116
0:04:05	30.0	3995	7443	3740	5939	3646	4115
0:04:10	30.0	4019	7574	3701	5971	3647	4124
0:04:15	30.1	3944	7635	3732	6026	3688	4135
0:04:20	30.1	3995	7773	3702	6152	3656	4143
0:04:25	30.0	4023	7914	3729	6203	3669	4113
0:04:30	30.0	3933	8034	3699	6232	3682	4174
0:04:35	30.0	3993	8118	3742	6330	3683	4192
0:04:40	30.0	3990	8223	3759	6419	3663	4175
0:04:45	29.9	3992	8359	3731	6504	3673	4200
0:04:50	30.0	4006	8465	3718	6481	3697	4223
0:04:55	30.0	4015	8581	3707	6689	3695	4219
0:05:00	30.0	3939	8732	3718	6791	3650	4213
0:05:05	30.0	4006	8817	3725	6915	3695	4263
0:05:10	30.0	4016	8971	3757	6939	3706	4245
0:05:15	30.0	4005	9075	3704	7061	3705	4231
0:05:20	30.0	4026	9267	3725	7153	3662	4263
0:05:25	30.0	4006	9284	3772	7165	3678	4291
0:05:30	30.0	3913	9390	3725	7285	3671	4278
0:05:35	30.0	3915	9602	3706	7396	3680	4319
0:05:40	30.0	3905	9631	3739	7424	3683	4325
0:05:45	30.0	3907	9883	3727	7513	3671	4313
0:05:50	30.0	3861	9950	3720	7649	3677	4320
0:05:55	30.0	3926	10043	3714	7733	3723	4371
0:06:00	30.0	3921	10164	3705	7854	3685	4370
0:06:05	30.0	3892	10345	3703	7815	3704	4383
0:06:10	30.0	3888	10381	3700	7966	3681	4382
0:06:15	30.0	3895	10633	3717	8074	3681	4406
0:06:20	30.0	3894	10653	3731	8219	3681	4396
0:06:25	30.0	3913	10838	3737	8270	3671	4404
0:06:30	30.0	3939	10932	3736	8321	3649	4450
0:06:35	30.0	3885	11119	3759	8479	3671	4438
0:06:40	30.0	3888	11178	3738	8593	3694	4441
0:06:45	30.0	3891	11346	3727	8656	3670	4489
0:06:50	30.0	3894	11464	3733	8748	3647	4457
0:06:55	30.0	3892	11597	3753	8910	3671	4504
0:07:00	30.0	3914	11699	3739	8986	3704	4486
0:07:05	30.0	3898	11783	3722	9098	3658	4519
0:07:10	30.0	3939	12035	3730	9144	3676	4525
0:07:15	30.0	3948	12060	3752	9277	3698	4555
0:07:20	30.0	3887	12281	3783	9418	3678	4599
0:07:25	30.0	3943	12338	3722	9515	3693	4555
0:07:30	30.0	3915	12488	3709	9568	3651	4595
0:07:35	30.0	3879	12581	3705	9630	3644	4625
0:07:40	30.0	3917	12718	3739	9744	3694	4628
0:07:45	30.0	3913	12870	3749	9928	3648	4614
0:07:50	30.0	3924	13065	3707	9990	3695	4649
0:07:55	30.0	3923	13109	3736	10095	3702	4646
0:08:00	30.0	3914	13308	3724	10136	3700	4690
0:08:05	30.0	3905	13392	3752	10249	3646	4707
0:08:10	30.0	3939	13563	3736	10418	3669	4705
0:08:15	30.0	3918	13757	3750	10484	3661	4697
0:08:20	30.0	3892	13798	3765	10669	3654	4709
0:08:25	30.0	3936	13980	3739	10706	3671	4751
0:08:30	30.0	3949	14013	3739	10874	3723	4751
0:08:35	30.0	3916	14330	3745	10908	3640	4757
0:08:40	30.0	3916	14382	3742	11062	3661	4781
0:08:45	30.0	3908	14486	3729	11248	3653	4839
0:08:50	30.0	3902	14605	3751	11202	3694	4834
0:08:55	30.0	3937	14789	3734	11352	3692	4780
0:09:00	30.0	3920	14867	3753	11444	3683	4843
0:09:05	30.0	3940	14969	3753	11578	3674	4799
0:09:10	30.0	3937	15005	3732	11654	3638	4887
0:09:15	30.0	3935	15242	3710	11738	3657	4927
0:09:20	30.0	3930	15467	3734	11892	3657	4911
0:09:25	30.0	3937	15511	3714	12007	3687	4949
0:09:30	30.0	3921	15711	3744	12097	3690	4928
0:09:35	30.0	3944	15587	3713	12229	3689	4980
0:09:40	30.0	3940	15782	3725	12407	3670	4976
0:09:45	30.0	3923	15973	3735	12422	3688	5005
0:09:50	30.0	3931	16053	3740	12467	3670	5011
0:09:55	30.0	3934	16283	3756	12670	3651	5015
0:10:00	30.0	3973	16410	3744	12737	3687	5081
0:10:05	30.0	3920	16437	3725	12872	3671	5081
0:10:10	30.0	3903	16619	3758	13005	3696	5074
0:10:15	30.0	3947	16661	3739	12951	3693	5063
0:10:20	30.0	3976	16776	3773	13121	3710	5098
0:10:25	30.0	3937	17036	3752	13261	3693	5094
0:10:30	30.0	3957	17039	3789	13331	3649	5086
0:10:35	30.1	3919	17304	3775	13488	3706	5099
0:10:40	30.0	3936	17329	3793	13501	3702	5187
0:10:45	30.0	3914	17458	3756	13582	3680	5120
0:10:50	30.0	3921	17487	3772	13758	3679	5218
0:10:55	30.0	3940	17617	3728	13829	3680	5205
0:11:00	30.0	3959	17756	3755	13923	3681	5265
0:11:05	30.0	3915	17872	3755	14114	3711	5242
0:11:10	30.0	3942	18087	3752	14160	3674	5261
0:11:15	30.0	3906	17970	3754	14234	3692	5312
0:11:20	30.0	3900	18255	3724	14235	3685	5293
0:11:25	30.0	3928	18198	3749	14298	3699	5295
0:11:30	30.0	3950	18420	3749	14541	3694	5314
0:11:35	30.0	3962	18677	3748	14583	3683	5345
0:11:40	30.0	3972	18712	3755	14775	3664	5382
0:11:45	30.0	3973	18757	3729	14778	3684	5369
0:11:50	30.0	3967	18840	3733	14931	3675	5424
0:11:55	30.0	3968	19049	3738	14935	3670	5426
0:12:00	30.0	3965	18992	3731	15124	3700	5459
0:12:05	30.0	3945	19212	3745	15206	3674	5479
0:12:10	30.1	3967	19144	3768	15283	3682	5522
0:12:15	30.0	3956	19421	3734	15279	3655	5503
0:12:20	30.0	3940	19351	3724	15470	3721	5579
0:12:25	30.0	3932	19469	3761	15525	3687	5566
0:12:30	30.0	3946	19577	3752	15522	3677	5597
0:12:35	30.0	3947	19664	3759	15642	3691	5587
0:12:40	30.0	3956	19663	3757	15671	3685	5605
0:12:45	30.0	3945	19815	3734	15781	3668	5614
0:12:50	30.0	3950	19625	3738	15759	3713	5626
0:12:55	30.0	3981	19810	3764	15952	3707	5659
0:13:00	30.0	3950	19779	3750	16032	3681	5707
0:13:05	30.0	3940	19869	3759	16166	3691	5732
0:13:10	30.0	3960	19851	3739	15985	3691	5720
0:13:15	30.0	3938	19671	3740	16212	3669	5723
0:13:20	30.0	3952	19928	3719	16242	3683	5780
0:13:25	30.0	3982	19824	3772	16388	3713	5802
0:13:30	30.0	3966	19895	3763	16384	3677	5832
0:13:35	30.0	3980	19721	3767	16332	3701	5830
0:13:40	30.0	3980	19856	3730	16298	3724	5853
0:13:45	30.0	3958	19666	3768	16475	3723	5940
0:13:50	30.0	3969	19784	3791	16409	3664	5890
0:13:55	30.0	3980	19886	3721	16387	3709	5924
0:14:00	30.0	3933	19772	3763	16532	3686	5883
0:14:05	30.0	3943	19818	3743	16374	3714	5972
0:14:10	30.0	3973	19709	3739	16535	3664	6010
0:14:15	30.0	3946	19816	3792	16482	3703	6009
0:14:20	30.0	3987	19758	3776	16634	3676	6005
0:14:25	30.0	3950	19702	3753	16429	3720	6051
0:14:30	30.0	3991	19744	3752	16521	3706	6049
0:14:35	30.0	3986	19871	3752	16505	3738	6073
0:14:40	30.0	3973	19748	3731	16462	3676	6114
0:14:45	30.0	3952	19783	3728	16477	3703	6140
0:14:50	30.0	3957	19853	3773	16467	3709	6183
0:14:55	30.0	3962	19758	3749	16730	3681	6167
0:15:00	30.0	3981	19770	3768	16587	3708	6141
0:15:05	30.0	4000	19795	3751	16621	3662	6204
0:15:10	30.0	3976	19879	3761	16523	3697	6263
0:15:15	30.0	3974	19710	3782	16495	3674	6325
0:15:20	30.0	4022	19689	3742	16547	3693	6303
0:15:25	30.0	3958	19886	3754	16530	3700	6335
0:15:30	30.0	3962	19711	3754	16506	3695	6356
0:15:35	30.0	3966	19761	3788	16695	3707	6357
0:15:40	30.0	4003	19851	3756	16519	3710	6411
0:15:45	30.0	3982	19743	3784	16629	3702	6421
0:15:50	30.0	4007	19670	3779	16558	3688	6455
0:15:55	30.0	3972	19630	3788	16675	3670	6430
0:16:00	30.0	3960	19775	3731	16543	3694	6477
0:16:05	30.0	3955	19618	3791	16611	3705	6484
0:16:10	30.0	4019	19724	3769	16421	3697	6545
0:16:15	30.0	3991	19703	3802	16599	3707	6546
0:16:20	30.0	3977	19722	3746	16551	3670	6565
0:16:25	30.0	3996	19806	3768	16578	3704	6646
0:16:30	30.0	4029	19642	3734	16661	3711	6639
0:16:35	30.0	3986	19816	3747	16562	3729	6669
0:16:40	30.0	4021	19586	3767	16512	3707	6666
0:16:45	30.0	3976	19730	3762	16548	3724	6743
0:16:50	30.0	3997	19738	3772	16544	3719	6709
0:16:55	30.0	4039	19699	3766	16543	3701	6735
0:17:00	30.0	3995	19658	3773	16548	3684	6750
0:17:05	30.0	4007	19634	3766	16498	3703	6766
0:17:10	30.0	4002	19771	3758	16525	3687	6844
0:17:15	30.0	3975	19676	3745	16552	3693	6889
0:17:20	30.0	3972	19721	3778	16677	3673	6882
0:17:25	30.0	4018	19775	3759	16543	3690	6846
0:17:30	30.0	4005	19684	3758	16565	3735	6921
0:17:35	30.0	3979	19559	3775	16436	3673	7002
0:17:40	30.0	4023	19682	3806	16562	3689	6946
0:17:45	30.0	4011	19809	3750	16629	3679	6961
0:17:50	30.0	3984	19634	3737	16398	3701	6969
0:17:55	30.0	3990	19778	3752	16477	3664	7085
0:18:00	30.0	3981	19777	3801	16585	3695	7055
0:18:05	30.0	4002	19450	3751	16543	3680	7077
0:18:10	30.0	4041	19760	3769	16551	3696	7084
0:18:15	30.0	4012	19713	3744	16384	3717	7185
0:18:20	30.0	3969	19614	3731	16599	3667	7231
0:18:25	30.0	4031	19590	3730	16617	3711	7172
0:18:30	30.0	3990	19701	3789	16552	3682	7193
0:18:35	30.0	4003	19622	3756	16506	3712	7302
0:18:40	30.0	4008	19598	3755	16475	3724	7270
0:18:45	30.0	4001	19687	3772	16578	3703	7253
0:18:50	30.0	4038	19616	3787	16508	3695	7290
0:18:55	30.0	4010	19618	3759	16475	3705	7315
0:19:00	30.0	3980	19547	3767	16537	3704	7303
0:19:05	30.0	3977	19552	3780	16607	3705	7407
0:19:10	30.0	4005	19512	3791	16405	3715	7390
0:19:15	30.0	4033	19664	3749	16374	3689	7488
0:19:20	30.0	3987	19555	3794	16489	3698	7454
0:19:25	30.0	4031	19499	3763	16557	3704	7471
0:19:30	30.0	4049	19532	3770	16529	3671	7492
0:19:35	30.0	4013	19642	3761	16481	3687	7512
0:19:40	30.0	4015	19512	3787	16455	3715	7598
0:19:45	30.0	4010	19578	3785	16562	3689	7492
0:19:50	30.0	4033	19711	3770	16502	3712	7607
0:19:55	30.0	3989	19498	3786	16577	3706	7555
0:20:00	30.0	3990	19646	3751	16559	3694	7660
0:20:05	30.0	4019	19592	3733	16548	3693	7598
0:20:10	30.0	4040	19586	3770	16391	3699	7663
0:20:15	30.0	3999	19618	3779	16445	3744	7671
0:20:20	30.0	4010	19591	3802	16449	3692	7678
0:20:25	30.0	4011	19573	3757	16392	3677	7774
0:20:30	30.0	4027	19591	3770	16485	3680	7772
0:20:35	30.0	4049	19816	3761	16546	3711	7858
0:20:40	30.0	4054	19695	3812	16561	3681	7891
0:20:45	30.0	4064	19550	3784	16385	3730	7840
0:20:50	30.0	4080	19546	3773	16405	3720	7938
0:20:55	30.0	4028	19629	3726	16471	3709	7943
0:21:00	30.0	4031	19486	3764	16501	3703	7956
0:21:05	30.0	4045	19519	3796	16603	3716	7962
0:21:10	30.0	4010	19771	3783	16487	3729	7999
0:21:15	30.0	4000	19641	3767	16493	3687	7977
0:21:20	30.0	4009	19469	3759	16449	3726	8078
0:21:25	30.0	4052	19575	3800	16435	3701	7989
0:21:30	30.0	4058	19559	3799	16493	3710	8048
0:21:35	30.1	4036	19387	3827	16565	3759	8117
0:21:40	30.0	4031	19631	3779	16457	3694	8116
0:21:45	30.0	4056	19576	3788	16463	3715	8172
0:21:50	30.0	4043	19635	3769	16519	3718	8155
0:21:55	30.0	4034	19632	3830	16452	3711	8204
0:22:00	30.0	4056	19399	3753	16511	3685	8270
0:22:05	30.0	4038	19515	3799	16498	3686	8282
0:22:10	30.0	4038	19615	3818	16465	3712	8258
0:22:15	30.0	4029	19631	3798	16398	3676	8315
0:22:20	30.0	4010	19587	3794	16498	3688	8301
0:22:25	30.0	4101	19554	3776	16434	3687	8299
0:22:30	30.0	4008	19566	3779	16398	3705	8391
0:22:35	30.0	4028	19567	3775	16442	3722	8400
0:22:40	30.0	4036	19496	3822	16464	3703	8419
0:22:45	30.0	4059	19442	3777	16438	3696	8406
0:22:50	30.0	4044	19579	3781	16376	3723	8466
0:22:55	30.0	4046	19477	3767	16528	3708	8505
0:23:00	30.0	4048	19588	3780	16515	3707	8477
0:23:05	30.0	4062	19651	3781	16538	3701	8580
0:23:10	30.0	4031	19411	3774	16379	3719	8520
0:23:15	30.0	4067	19393	3767	16544	3719	8568
0:23:20	30.0	4054	19446	3793	16420	3728	8685
0:23:25	30.0	4050	19635	3756	16503	3701	8628
0:23:30	30.0	4035	19538	3781	16323	3736	8649
0:23:35	30.0	4041	19482	3788	16484	3690	8652
0:23:40	30.0	4105	19529	3804	16522	3710	8714
0:23:45	30.0	4092	19586	3777	16424	3711	8656
0:23:50	30.0	4089	19602	3771	16436	3692	8769
0:23:55	30.0	4092	19469	3797	16313	3745	8791
0:24:00	30.0	4086	19613	3787	16393	3670	8743
0:24:05	30.0	4048	19595	3794	16402	3731	8758
0:24:10	30.0	4057	19502	3781	16478	3673	8855
0:24:15	30.0	4055	19541	3765	16535	3698	8887
0:24:20	30.0	4102	19590	3794	16367	3699	8875
0:24:25	30.0	4054	19382	3795	16378	3725	8914
0:24:30	30.0	4063	19455	3786	16528	3687	8929
0:24:35	30.0	4042	19585	3792	16436	3692	8895
0:24:40	30.0	4068	19481	3815	16437	3741	8983
0:24:45	30.0	4061	19486	3793	16372	3750	9018
0:24:50	30.0	4030	19371	3805	16505	3714	9017
0:24:55	30.0	4053	19503	3765	16563	3687	9060
0:25:00	30.0	4053	19549	3776	16393	3686	9037
0:25:05	29.9	4081	19500	3799	16523	3706	9040
0:25:10	30.0	4055	19454	3807	16355	3727	9147
0:25:15	30.1	4037	19475	3777	16369	3673	9146
0:25:20	30.1	4059	19446	3769	16234	3695	9157
0:25:25	30.1	4078	19459	3783	16471	3695	9216
0:25:30	30.0	4091	19641	3799	16451	3700	9226
0:25:35	30.0	4099	19518	3782	16540	3725	9314
0:25:40	30.0	4076	19541	3786	16468	3750	9228
0:25:45	30.0	4077	19446	3784	16455	3738	9305
0:25:50	30.0	4076	19562	3765	16518	3738	9367
0:25:55	30.0	4081	19371	3778	16548	3728	9380
0:26:00	30.0	4099	19521	3829	16442	3718	9369
0:26:05	30.0	4108	19398	3794	16418	3688	9455
0:26:10	30.0	4104	19589	3785	16454	3697	9368
0:26:15	30.0	4072	19407	3812	16507	3715	9411
0:26:20	30.0	4073	19433	3817	16490	3727	9446
0:26:25	30.0	4085	19372	3789	16351	3702	9518
0:26:30	30.0	4085	19393	3791	16457	3716	9492
0:26:35	30.0	4092	19263	3806	16439	3722	9600
0:26:40	30.0	4117	19392	3794	16384	3735	9492
0:26:45	30.0	4086	19462	3820	16434	3724	9567
0:26:50	30.0	4112	19446	3814	16462	3691	9590
0:26:55	30.0	4133	19340	3814	16462	3716	9526
0:27:00	30.0	4083	19532	3782	16447	3724	9718
0:27:05	30.0	4089	19410	3817	16299	3709	9632
0:27:10	30.0	4038	19409	3790	16385	3722	9673
0:27:15	30.0	4071	19415	3824	16419	3705	9757
0:27:20	30.0	4117	19367	3811	16379	3681	9706
0:27:25	30.0	4062	19410	3817	16389	3709	9799
0:27:30	30.0	4122	19490	3794	16461	3734	9690
0:27:35	30.0	4107	19333	3789	16458	3764	9796
0:27:40	30.0	4111	19473	3777	16406	3694	9848
0:27:45	30.0	4066	19548	3820	16440	3713	9783
0:27:50	30.0	4128	19417	3827	16324	3724	9825
0:27:55	30.0	4082	19294	3793	16505	3708	9894
0:28:00	30.0	4068	19354	3795	16434	3703	9966
0:28:05	30.0	4116	19579	3820	16350	3698	9961
0:28:10	30.0	4133	19427	3790	16425	3714	10013
0:28:15	30.0	4124	19452	3796	16433	3743	9932
0:28:20	30.0	4103	19364	3842	16276	3700	9985
0:28:25	30.0	4106	19379	3805	16424	3704	9977
0:28:30	30.0	4094	19438	3826	16540	3692	10038
0:28:35	30.0	4136	19479	3780	16381	3715	10051
0:28:40	30.0	4107	19508	3809	16378	3716	10096
0:28:45	30.0	4115	19387	3798	16412	3706	10149
0:28:50	30.0	4114	19331	3851	16436	3719	10080
0:28:55	30.0	4092	19508	3792	16466	3719	10116
0:29:00	30.0	4145	19357	3810	16386	3695	10075
0:29:05	30.0	4162	19288	3802	16290	3705	10117
0:29:10	30.0	4100	19443	3827	16405	3726	10130
0:29:15	30.0	4135	19326	3812	16272	3746	10220
0:29:20	30.0	4131	19333	3799	16250	3711	10123
0:29:25	29.9	4120	19270	3795	16346	3724	10199
0:29:30	30.0	4119	19445	3792	16403	3704	10292
0:29:35	30.0	4137	19441	3769	16336	3719	10298
0:29:40	30.0	4106	19473	3777	16362	3724	10270
0:29:45	30.0	4133	19270	3795	16376	3732	10447
0:29:50	30.0	4108	19273	3802	16435	3711	10296
0:29:55	30.0	4117	19458	3779	16328	3693	10392
0:30:00	30.0	4124	19370	3768	16293	3682	10355
0:30:05	30.0	4100	19446	3774	16281	3723	10405
0:30:10	30.0	4140	19388	3789	16401	3664	10377
0:30:15	30.0	4113	19510	3814	16341	3695	10450
0:30:20	30.0	4125	19302	3829	16357	3698	10593
0:30:25	30.0	4105	19423	3793	16347	3717	10512
0:30:30	30.0	4139	19541	3795	16301	3706	10534
0:30:35	30.1	4107	19365	3798	16402	3702	10532
0:30:40	30.0	4116	19336	3813	16441	3747	10506
0:30:45	30.0	4119	19322	3806	16278	3738	10515
0:30:50	30.0	4158	19298	3808	16364	3721	10610
0:30:55	30.0	4154	19448	3824	16332	3725	10621
0:31:00	30.0	4114	19464	3814	16341	3699	10590
0:31:05	30.0	4131	19310	3790	16302	3720	10619
0:31:10	30.0	4178	19419	3800	16330	3706	10612
0:31:15	30.0	4110	19365	3833	16313	3723	10668
0:31:20	30.0	4146	19407	3818	16337	3732	10659
0:31:25	30.0	4147	19340	3792	16366	3723	10717
0:31:30	30.0	4160	19364	3810	16235	3728	10617
0:31:35	30.0	4173	19371	3807	16419	3730	10758
0:31:40	30.0	4145	19391	3828	16365	3736	10742
0:31:45	30.0	4145	19373	3833	16359	3719	10797
0:31:50	30.0	4182	19302	3809	16382	3724	10716
0:31:55	30.0	4143	19330	3860	16470	3732	10817
0:32:00	30.0	4159	19384	3772	16387	3719	10844
0:32:05	30.0	4155	19333	3832	16371	3725	10840
0:32:10	30.0	4161	19282	3841	16355	3738	10888
0:32:15	30.0	4122	19215	3826	16310	3714	10887
0:32:20	30.0	4149	19257	3820	16314	3735	10986
0:32:25	30.0	4160	19437	3820	16228	3750	10882
0:32:30	30.0	4154	19358	3806	16248	3742	10934
0:32:35	30.0	4137	19217	3830	16360	3708	10955
0:32:40	30.0	4143	19267	3823	16279	3693	10980
0:32:45	30.0	4157	19326	3826	16367	3732	10866
0:32:50	30.0	4161	19364	3832	16364	3713	10986
0:32:55	30.0	4167	19406	3803	16341	3729	10995
0:33:00	30.0	4162	19284	3816	16436	3741	11110
0:33:05	30.0	4141	19517	3863	16393	3722	11062
0:33:10	30.0	4176	19385	3794	16421	3739	11093
0:33:15	30.0	4177	19290	3831	16319	3712	11044
0:33:20	30.0	4164	19216	3816	16357	3725	11147
0:33:25	30.0	4144	19369	3822	16380	3720	11114
0:33:30	30.0	4173	19350	3830	16342	3738	11144
0:33:35	30.0	4208	19443	3818	16396	3710	11130
0:33:40	30.0	4137	19341	3837	16472	3758	11196
0:33:45	30.0	4135	19255	3817	16279	3755	11165
0:33:50	30.0	4184	19341	3791	16316	3722	11201
0:33:55	30.0	4168	19315	3835	16400	3724	11196
0:34:00	30.0	4153	19352	3856	16259	3720	11182
0:34:05	30.0	4161	19151	3797	16372	3755	11267
0:34:10	30.0	4169	19456	3833	16352	3769	11330
0:34:15	30.0	4159	19336	3794	16370	3736	11288
0:34:20	30.0	4200	19245	3845	16276	3734	11391
0:34:25	30.0	4159	19303	3805	16288	3722	11297
0:34:30	30.0	4166	19247	3811	16236	3740	11258
0:34:35	30.0	4164	19383	3815	16434	3731	11332
0:34:40	30.0	4153	19329	3825	16203	3728	11339
0:34:45	30.0	4155	19331	3818	16238	3748	11365
0:34:50	30.0	4156	19275	3825	16361	3740	11388
0:34:55	30.0	4217	19353	3843	16302	3725	11437
0:35:00	30.1	4213	19407	3807	16307	3727	11381
0:35:05	30.0	4204	19315	3843	16360	3735	11451
0:35:10	30.0	4176	19395	3847	16251	3751	11466
0:35:15	30.0	4207	19334	3837	16322	3772	11478
0:35:20	30.0	4191	19441	3819	16267	3730	11475
0:35:25	30.0	4159	19223	3828	16214	3731	11461
0:35:30	30.0	4200	19378	3839	16363	3711	11598
0:35:35	30.0	4187	19268	3862	16294	3742	11485
0:35:40	30.0	4170	19437	3861	16252	3739	11475
0:35:45	30.0	4159	19261	3856	16302	3717	11565
0:35:50	30.0	4158	19144	3828	16342	3752	11553
0:35:55	30.0	4146	19271	3869	16412	3735	11560
0:36:00	30.1	4142	19108	3847	16339	3736	11531
0:36:05	30.0	4174	19417	3815	16304	3736	11550
0:36:10	30.0	4183	19281	3814	16432	3716	11639
0:36:15	30.0	4181	19335	3864	16267	3734	11603
0:36:20	30.0	4187	19306	3875	16262	3743	11602
0:36:25	30.0	4209	19322	3890	16219	3746	11572
0:36:30	30.0	4168	19314	3794	16230	3730	11622
0:36:35	30.0	4232	19519	3845	16236	3746	11676
0:36:40	30.0	4171	19350	3867	16390	3741	11694
0:36:45	30.0	4213	19306	3845	16410	3732	11748
0:36:50	30.0	4203	19318	3837	16258	3748	11715
0:36:55	30.0	4208	19225	3848	16243	3712	11784
0:37:00	30.0	4174	19205	3815	16417	3699	11740
0:37:05	30.0	4242	19246	3830	16439	3741	11737
0:37:10	30.0	4200	19269	3860	16330	3718	11729
0:37:15	30.0	4221	19259	3845	16126	3701	11761
0:37:20	30.0	4244	19175	3821	16283	3725	11830
0:37:25	30.0	4193	19294	3861	16233	3729	11872
0:37:30	30.0	4199	19223	3843	16340	3715	11815
0:37:35	30.0	4223	19285	3872	16327	3723	11785
0:37:40	30.0	4179	19338	3837	16273	3705	11836
0:37:45	30.0	4213	19460	3820	16199	3737	11936
0:37:50	30.0	4187	19250	3823	16328	3760	11823
0:37:55	30.0	4221	19313	3810	16342	3757	11880
0:38:00	30.0	4209	19252	3837	16293	3711	11937
0:38:05	30.0	4238	19260	3843	16403	3778	11924
0:38:10	30.0	4275	19269	3827	16288	3729	11879
0:38:15	30.0	4214	19251	3812	16401	3741	11964
0:38:20	30.0	4229	19265	3843	16331	3745	11911
0:38:25	30.0	4193	19406	3879	16351	3724	11983
0:38:30	30.0	4236	19273	3869	16318	3720	12017
0:38:35	30.0	4218	19274	3837	16245	3758	12005
0:38:40	30.0	4242	19326	3851	16195	3747	11910
0:38:45	30.0	4249	19412	3853	16284	3752	11978
0:38:50	30.0	4224	19368	3850	16376	3710	11991
0:38:55	30.0	4265	19240	3862	16252	3726	11994
0:39:00	30.0	4249	19232	3853	16270	3752	12080
0:39:05	30.0	4264	19173	3838	16219	3702	12099
0:39:10	30.0	4210	19288	3849	16382	3716	12036
0:39:15	30.0	4226	19263	3828	16241	3708	12112
0:39:20	30.0	4252	19367	3869	16340	3752	11988
0:39:25	30.0	4226	19217	3826	16270	3728	12107
0:39:30	30.0	4248	19254	3857	16242	3725	12130
0:39:35	30.0	4258	19187	3813	16302	3723	12136
0:39:40	30.0	4197	19176	3855	16349	3729	12208
0:39:45	30.0	4251	19343	3859	16328	3750	12136
0:39:50	30.0	4243	19288	3863	16247	3752	12140
0:39:55	30.0	4197	19174	3867	16274	3707	12114
0:40:00	30.0	4239	19280	3877	16283	3733	12186
0:40:05	30.0	4255	19143	3889	16306	3739	12163
0:40:10	30.0	4218	19094	3864	16291	3729	12245
0:40:15	30.0	4288	19152	3824	16233	3757	12218
0:40:20	30.0	4209	19167	3883	16326	3710	12158
0:40:25	30.0	4259	19158	3848	16260	3715	12201
0:40:30	30.0	4221	19207	3844	16249	3748	12275
0:40:35	30.0	4219	19259	3879	16194	3733	12257
0:40:40	30.0	4239	19289	3866	16370	3742	12147
0:40:45	30.0	4235	19303	3845	16270	3725	12251
0:40:50	30.0	4205	19209	3840	16290	3722	12271
0:40:55	30.0	4235	19298	3861	16224	3742	12216
0:41:00	30.0	4256	19146	3844	16307	3744	12321
0:41:05	30.0	4260	19205	3867	16145	3713	12293
0:41:10	30.0	4239	19256	3900	16327	3765	12225
0:41:15	30.0	4243	19146	3853	16316	3713	12339
0:41:20	30.0	4293	19160	3878	16244	3738	12345
0:41:25	30.0	4236	19243	3839	16238	3749	12298
0:41:30	30.0	4227	19306	3845	16145	3720	12346
0:41:35	30.0	4235	19229	3839	16318	3724	12332
0:41:40	30.0	4257	19105	3847	16320	3727	12338
0:41:45	30.0	4224	19185	3879	16245	3731	12317
0:41:50	30.0	4246	19172	3865	16203	3712	12452
0:41:55	30.0	4278	19303	3855	16242	3759	12475
0:42:00	30.0	4284	19254	3836	16289	3733	12347
0:42:05	30.0	4293	19292	3878	16364	3764	12363
0:42:10	30.0	4243	19095	3833	16346	3767	12399
0:42:15	30.0	4282	19107	3863	16205	3743	12353
0:42:20	30.0	4286	19255	3840	16292	3754	12477
0:42:25	30.0	4298	19221	3866	16244	3732	12515
0:42:30	30.0	4268	19125	3859	16292	3734	12515
0:42:35	30.0	4235	19161	3861	16273	3742	12420
0:42:40	30.0	4263	19244	3899	16224	3737	12500
0:42:45	30.0	4247	19095	3853	16190	3738	12527
0:42:50	30.0	4265	19132	3893	16246	3757	12562
0:42:55	30.0	4242	19365	3882	16261	3726	12557
0:43:00	30.0	4278	19227	3824	16324	3719	12540
0:43:05	30.0	4270	19211	3851	16252	3739	12511
0:43:10	30.0	4290	19149	3830	16254	3747	12519
0:43:15	30.0	4286	19183	3856	16297	3742	12549
0:43:20	30.0	4249	19304	3881	16275	3768	12593
0:43:25	30.0	4271	19340	3889	16305	3719	12499
0:43:30	30.0	4277	19253	3891	16319	3774	12419
0:43:35	30.0	4278	19160	3875	16198	3725	12486
0:43:40	30.0	4282	19189	3877	16222	3731	12565
0:43:45	30.0	4279	19237	3843	16211	3709	12543
0:43:50	30.0	4272	19265	3858	16180	3768	12635
0:43:55	30.0	4291	19064	3862	16271	3766	12699
0:44:00	30.0	4297	19149	3889	16174	3721	12562
0:44:05	30.0	4286	19147	3857	16178	3756	12521
0:44:10	30.0	4269	19147	3880	16219	3738	12541
0:44:15	30.0	4302	19185	3842	16226	3768	12632
0:44:20	30.0	4266	19356	3881	16334	3729	12627
0:44:25	30.0	4318	19231	3870	16279	3730	12638
0:44:30	30.0	4277	19105	3867	16257	3764	12606
0:44:35	30.0	4307	19185	3853	16210	3757	12588
0:44:40	30.0	4282	19169	3843	16265	3747	12559
0:44:45	30.0	4323	19192	3885	16291	3739	12674
0:44:50	30.0	4268	19206	3874	16287	3755	12727
0:44:55	30.0	4295	19231	3830	16279	3742	12601
0:45:00	30.0	4297	19178	3858	16143	3735	12654
0:45:05	30.0	4290	19254	3845	16288	3759	12628
0:45:10	30.0	4279	19208	3892	16268	3727	12698
0:45:15	30.0	4307	19197	3867	16294	3792	12602
0:45:20	30.0	4291	19207	3861	16315	3773	12726
0:45:25	30.0	4285	19236	3867	16306	3738	12723
0:45:30	30.0	4291	19039	3893	16315	3730	12592
0:45:35	30.0	4287	19310	3868	16341	3740	12700
0:45:40	30.0	4295	19028	3881	16226	3781	12737
0:45:45	30.0	4268	19195	3905	16183	3770	12606
0:45:50	30.0	4301	19321	3903	16111	3743	12735
0:45:55	30.0	4331	19127	3875	16250	3768	12729
0:46:00	30.0	4278	19143	3858	16297	3741	12724
0:46:05	30.0	4292	19161	3865	16337	3791	12594
0:46:10	30.0	4309	19150	3899	16176	3740	12867
0:46:15	30.0	4317	19119	3884	16151	3729	12834
0:46:20	30.0	4297	19137	3854	16264	3798	12715
0:46:25	30.0	4290	19262	3857	16274	3732	12660
0:46:30	30.0	4326	19166	3910	16209	3752	12835
0:46:35	30.0	4322	19260	3873	16249	3730	12715
0:46:40	30.0	4326	19154	3892	16266	3762	12778
0:46:45	30.0	4352	19274	3928	16256	3745	12734
0:46:50	30.0	4306	19106	3905	16298	3735	12835
0:46:55	30.0	4329	19136	3896	16212	3758	12783
0:47:00	30.0	4344	19157	3872	16155	3769	12854
0:47:05	30.0	4317	19093	3885	16153	3774	12798
0:47:10	30.0	4276	19173	3882	16185	3755	12801
0:47:15	30.0	4337	19205	3860	16172	3747	12809
0:47:20	30.0	4328	19156	3890	16299	3763	12814
0:47:25	30.0	4293	19212	3882	16355	3766	12810
0:47:30	30.0	4307	19195	3876	16153	3732	12779
0:47:35	30.0	4321	19165	3900	16212	3744	12908
0:47:40	30.0	4329	19133	3898	16260	3754	12960
0:47:45	30.0	4345	19165	3862	16175	3787	12936
0:47:50	30.0	4327	19230	3880	16169	3768	12837
0:47:55	30.0	4374	19100	3877	16163	3798	12862
0:48:00	30.0	4374	19081	3884	16178	3750	12873
0:48:05	30.0	4329	19121	3898	16173	3744	12884
0:48:10	30.0	4358	19050	3903	16321	3741	12842
0:48:15	30.0	4315	19120	3918	16206	3785	12827
0:48:20	30.0	4322	19127	3909	16276	3748	12795
0:48:25	30.0	4326	18992	3863	16117	3767	12895
0:48:30	30.0	4304	19100	3896	16274	3750	12836
0:48:35	30.0	4326	19133	3907	16234	3743	12798
0:48:40	30.0	4378	19147	3889	16201	3747	12906
0:48:45	30.0	4361	19133	3915	16078	3754	13022
0:48:50	30.0	4356	19019	3927	16216	3743	12868
0:48:55	30.0	4374	19012	3891	16206	3778	12916
0:49:00	30.0	4335	19164	3924	16169	3761	12966
0:49:05	30.0	4316	19127	3899	16190	3763	12891
0:49:10	30.0	4322	19005	3891	16216	3799	12990
0:49:15	30.0	4366	19258	3903	16209	3753	12852
0:49:20	30.0	4365	19085	3918	16344	3750	12899
0:49:25	30.0	4366	19176	3887	16169	3804	12919
0:49:30	30.0	4338	19054	3874	16121	3746	13006
0:49:35	30.0	4386	19080	3900	16171	3756	12980
0:49:40	30.0	4363	19097	3864	16267	3772	12955
0:49:45	30.0	4361	19122	3903	16288	3738	12926
0:49:50	30.0	4343	19096	3885	16141	3753	12960
0:49:55	30.0	4365	19136	3879	16213	3755	13027
0:50:00	30.0	4390	19198	3902	16184	3745	12902
0:50:05	30.0	4380	19111	3890	16157	3748	12899
0:50:10	30.0	4330	19043	3901	16243	3773	12925
0:50:15	30.0	4346	19163	3905	16223	3764	12979
0:50:20	30.0	4343	19120	3906	16240	3765	12975
0:50:25	30.0	4388	19137	3898	16230	3784	12998
0:50:30	30.0	4370	19058	3875	16219	3791	13022
0:50:35	30.0	4397	19162	3890	16143	3781	12950
0:50:40	30.0	4346	19058	3899	16227	3775	12955
0:50:45	30.0	4378	19104	3877	16212	3761	13100
0:50:50	30.0	4369	19163	3868	16234	3778	12884
0:50:55	30.0	4363	19106	3912	16172	3787	13066
0:51:00	30.0	4367	19020	3891	16253	3752	12968
0:51:05	30.0	4347	19076	3926	16161	3754	12903
0:51:10	30.0	4369	19150	3899	16188	3750	12979
0:51:15	30.0	4371	19118	3879	16265	3737	13031
0:51:20	30.0	4362	19077	3890	16279	3754	12986
0:51:25	30.0	4393	19049	3911	16206	3787	13077
0:51:30	30.0	4377	19081	3909	16232	3786	13046
0:51:35	30.0	4371	19047	3910	16201	3763	13020
0:51:40	30.0	4369	19030	3889	16220	3770	13044
0:51:45	30.0	4379	18986	3884	16151	3777	13031
0:51:50	30.0	4396	19078	3923	16197	3794	13073
0:51:55	30.0	4415	18982	3873	16142	3802	12963
0:52:00	30.0	4407	19137	3907	16211	3742	13119
0:52:05	30.0	4402	19049	3878	16224	3748	12968
0:52:10	30.0	4391	19226	3927	16149	3762	13110
0:52:15	30.0	4385	19103	3885	16156	3744	13082
0:52:20	30.0	4396	19085	3869	16173	3748	13029
0:52:25	30.0	4377	19106	3888	16196	3761	13090
0:52:30	30.0	4376	18916	3903	16203	3782	13062
0:52:35	30.0	4412	19275	3881	16201	3740	13017
0:52:40	30.0	4356	19248	3897	16181	3774	13087
0:52:45	30.0	4421	19147	3898	16332	3795	13074
0:52:50	30.0	4382	18992	3915	16176	3760	13053
0:52:55	30.0	4416	19062	3928	16212	3778	13099
0:53:00	30.0	4389	19047	3923	16249	3775	13085
0:53:05	30.0	4381	19080	3889	16114	3792	13052
0:53:10	30.0	4407	19011	3910	16185	3757	13148
0:53:15	30.0	4395	19052	3936	16222	3786	12994
0:53:20	30.0	4380	19164	3884	16153	3760	13096
0:53:25	30.0	4351	19139	3915	16136	3768	13070
0:53:30	30.0	4392	19101	3916	16090	3735	13120
0:53:35	30.0	4378	19114	3905	16212	3810	13104
0:53:40	30.0	4390	19018	3924	16236	3785	13166
0:53:45	30.0	4433	19076	3874	16173	3787	13037
0:53:50	30.0	4387	19007	3907	16197	3768	13077
0:53:55	30.0	4454	19084	3905	16117	3775	13118
0:54:00	30.0	4405	19113	3934	16151	3784	13095
0:54:05	30.0	4387	19052	3897	16134	3782	13099
0:54:10	30.0	4430	19080	3921	16122	3790	13138
0:54:15	30.0	4419	18952	3936	16141	3808	13057
0:54:20	30.0	4422	19030	3925	16220	3779	13149
0:54:25	30.0	4424	19121	3932	16196	3763	13034
0:54:30	30.0	4439	19056	3928	16127	3759	13106
0:54:35	30.0	4414	19054	3922	16251	3772	13105
0:54:40	30.0	4430	19053	3947	16154	3799	13127
0:54:45	30.0	4413	19105	3921	16153	3752	13214
0:54:50	30.0	4471	18894	3904	16243	3790	13164
0:54:55	30.0	4437	19045	3883	16187	3762	13155
0:55:00	30.0	4414	18912	3906	16231	3773	13195
0:55:05	30.0	4409	19047	3895	16309	3784	13122
0:55:10	30.0	4450	19038	3906	16267	3785	13253
0:55:15	30.0	4455	19196	3886	16125	3787	13182
0:55:20	30.0	4457	19131	3900	16232	3775	13183
0:55:25	30.0	4415	19051	3914	16284	3749	13290
0:55:30	30.0	4447	18905	3922	16146	3788	13163
0:55:35	30.0	4437	19031	3897	16153	3796	13122
0:55:40	30.0	4479	19002	3892	16205	3788	13186
0:55:45	30.0	4450	19034	3910	16337	3788	13161
0:55:50	30.0	4417	19046	3924	16312	3794	13226
0:55:55	30.0	4448	19173	3928	16167	3751	13198
0:56:00	30.0	4422	18874	3973	16231	3785	13089
0:56:05	30.0	4441	19260	3931	16125	3773	13072
0:56:10	30.0	4454	19191	3928	16236	3802	13198
0:56:15	30.0	4446	19151	3943	16199	3787	13208
0:56:20	30.0	4440	18878	3907	16183	3810	13208
0:56:25	30.0	4463	19121	3920	16193	3775	13187
0:56:30	30.0	4449	18973	3937	16162	3804	13277
0:56:35	30.0	4434	18923	3898	16174	3781	13156
0:56:40	30.0	4430	19123	3937	16202	3757	13128
0:56:45	30.0	4448	18937	3913	16251	3752	13177
0:56:50	30.0	4460	19151	3923	16142	3799	13250
0:56:55	30.0	4452	19065	3896	16179	3784	13188
0:57:00	30.0	4461	18991	3935	16177	3778	13141
0:57:05	30.0	4443	19093	3927	16119	3771	13224
0:57:10	30.0	4443	19026	3888	16093	3795	13301
0:57:15	30.0	4420	19015	3938	16174	3776	13160
0:57:20	30.0	4455	19144	3917	16225	3805	13275
0:57:25	30.0	4463	19059	3937	16324	3759	13284
0:57:30	30.0	4454	18957	3925	16237	3779	13197
0:57:35	30.0	4443	18975	3951	16211	3799	13141
0:57:40	30.0	4455	18946	3894	16189	3755	13194
0:57:45	30.0	4443	19005	3913	16082	3779	13197
0:57:50	30.0	4472	19070	3963	16102	3760	13224
0:57:55	30.0	4442	18936	3949	16112	3800	13218
0:58:00	30.0	4452	18937	3903	16127	3784	13199
0:58:05	30.0	4487	19046	3937	16284	3770	13177
0:58:10	30.0	4468	19067	3937	16267	3757	13306
0:58:15	30.0	4478	19052	3944	16206	3775	13258
0:58:20	30.0	4486	18987	3930	16187	3814	13257
0:58:25	30.0	4485	18995	3941	16219	3780	13208
0:58:30	30.0	4472	19020	3957	16116	3790	13282
0:58:35	30.0	4446	19182	3944	16115	3782	13227
0:58:40	30.0	4459	19086	3904	16098	3788	13218
0:58:45	30.0	4485	19050	3954	16177	3788	13298
0:58:50	30.0	4470	19092	3979	16193	3751	13282
0:58:55	30.0	4488	19062	3948	16103	3782	13317
0:59:00	30.0	4441	18945	3930	16170	3782	13218
0:59:05	30.0	4488	19002	3944	16072	3785	13253
0:59:10	30.0	4473	18990	3926	16218	3782	13211
0:59:15	30.0	4495	19025	3923	16130	3779	13226
0:59:20	30.0	4476	19097	3953	16011	3803	13206
0:59:25	30.0	4453	19065	3917	16151	3796	13162
0:59:30	30.0	4495	18983	3877	16236	3801	13214
0:59:35	30.0	4438	19067	3936	16109	3783	13170
0:59:40	30.0	4468	18941	3938	16143	3781	13252
0:59:45	30.0	4445	19112	3938	16155	3821	13200
0:59:50	30.0	4494	19055	3940	16082	3777	13194
0:59:55	30.0	4456	19070	3925	16175	3794	13248
1:00:00	30.0	4485	19050	3923	16133	3798	13331
1:00:05	30.0	4457	18885	3938	16157	3825	13303
1:00:10	30.0	4483	18946	3943	16199	3768	13190
1:00:15	30.0	4468	18966	3930	16168	3764	13208
1:00:20	30.0	4457	19091	3949	16171	3779	13286
1:00:25	30.0	4485	18963	3931	16143	3796	13332
1:00:30	30.0	4480	18915	3962	16172	3798	13209
1:00:35	30.0	4489	18903	3977	16166	3793	13232
1:00:40	30.0	4458	19162	3945	16124	3809	13252
1:00:45	30.0	4517	18966	3953	16027	3789	13369
1:00:50	30.0	4496	18923	3955	16259	3779	13316
1:00:55	30.0	4522	18946	3969	16066	3809	13327
1:01:00	30.0	4504	18990	3981	16104	3796	13370
1:01:05	30.0	4498	19030	3941	16111	3786	13171
1:01:10	30.0	4489	19080	3959	16199	3788	13247
1:01:15	30.0	4486	19075	3942	16192	3809	13280
1:01:20	30.0	4512	18943	3921	16155	3800	13221
1:01:25	30.0	4495	19042	3971	16114	3814	13262
1:01:30	30.0	4501	19020	3964	16049	3803	13215
1:01:35	30.0	4484	19006	3905	16221	3786	13268
1:01:40	30.0	4501	18842	3938	16178	3811	13250
1:01:45	30.0	4511	18918	3947	16178	3788	13255
1:01:50	30.0	4523	19009	3957	16168	3783	13312
1:01:55	30.0	4511	19104	3984	16134	3801	13251
1:02:00	30.0	4514	18864	3952	16116	3807	13206
1:02:05	30.0	4520	18853	3996	16060	3775	13346
1:02:10	30.0	4493	19064	3944	16099	3798	13238
1:02:15	30.0	4587	19184	3958	16118	3797	13306
1:02:20	30.0	4544	18990	3962	16223	3801	13219
1:02:25	30.0	4535	19051	3975	16104	3798	13240
1:02:30	30.0	4512	18983	3980	16184	3785	13225
1:02:35	30.0	4554	18992	3939	16163	3786	13401
1:02:40	30.0	4526	18964	3955	16017	3797	13267
1:02:45	30.0	4558	19029	3987	16064	3796	13296
1:02:50	30.0	4537	18954	3961	16275	3773	13265
1:02:55	30.0	4522	19127	3998	16133	3809	13310
1:03:00	30.0	4548	19102	3984	16221	3823	13350
1:03:05	30.0	4535	18868	3997	16198	3799	13273
1:03:10	30.0	4525	18946	3933	16098	3802	13253
1:03:15	30.0	4539	19152	3991	16180	3824	13373
1:03:20	30.0	4520	18959	3966	16142	3784	13284
1:03:25	30.0	4529	18895	3974	16231	3804	13249
1:03:30	30.0	4549	18910	3971	16131	3774	13323
1:03:35	30.0	4546	18845	3952	16057	3804	13242
1:03:40	30.0	4543	19055	4001	16233	3805	13208
1:03:45	30.0	4543	18953	3982	16177	3798	13288
1:03:50	30.0	4528	18933	3951	16184	3822	13369
1:03:55	30.0	4540	19049	3972	16101	3792	13197
1:04:00	30.0	4499	19016	3993	16084	3818	13292
1:04:05	30.0	4577	18847	3946	16142	3819	13388
1:04:10	30.0	4536	18915	3948	16276	3781	13322
1:04:15	30.0	4537	18899	3993	16191	3822	13183
1:04:20	30.0	4568	18965	3971	16169	3777	13296
1:04:25	30.0	4528	19025	3983	16062	3781	13269
1:04:30	30.0	4561	18865	3975	16235	3787	13376
1:04:35	30.0	4542	18762	3956	16149	3802	13274
1:04:40	30.0	4552	18931	3965	16148	3829	13370
1:04:45	30.0	4563	18926	3946	16066	3800	13274
1:04:50	30.0	4597	18931	4016	16092	3810	13405
1:04:55	30.0	4560	18905	3971	16116	3811	13345
1:05:00	30.0	4542	18929	3966	16189	3818	13226
1:05:05	30.0	4540	18901	3943	16107	3784	13155
1:05:10	30.0	4566	18991	4014	16067	3797	13259
1:05:15	30.0	4569	18990	3986	16107	3808	13338
1:05:20	30.0	4562	18880	3945	16165	3779	13363
1:05:25	30.0	4556	19024	3975	16084	3794	13320
1:05:30	30.0	4576	18972	3957	16121	3803	13345
1:05:35	30.0	4582	19047	3978	16112	3782	13253
1:05:40	30.0	4571	19048	3954	16194	3825	13296
1:05:45	30.0	4557	18834	3958	16098	3807	13277
1:05:50	30.0	4584	18957	3964	16104	3793	13342
1:05:55	30.0	4548	18972	3927	15971	3797	13303
1:06:00	30.0	4595	18937	3958	16149	3794	13337
1:06:05	30.0	4587	18974	3960	16056	3807	13314
1:06:10	30.0	4541	18954	3971	16178	3783	13217
1:06:15	30.0	4584	19039	3973	16139	3791	13353
1:06:20	30.0	4567	18996	3966	16096	3791	13314
1:06:25	30.0	4601	19086	3970	16219	3829	13332
1:06:30	30.0	4573	18891	4000	16187	3802	13218
1:06:35	30.0	4568	18877	3958	16200	3809	13397
1:06:40	30.0	4571	18922	3967	15984	3803	13300
1:06:45	30.0	4603	18943	4005	16169	3794	13357
1:06:50	30.0	4621	18909	3972	15983	3800	13271
1:06:55	30.0	4599	18938	3971	16069	3756	13324
1:07:00	30.0	4552	18944	3986	16139	3794	13261
1:07:05	30.0	4576	19122	3987	16135	3812	13342
1:07:10	30.0	4573	18931	3987	16116	3817	13365
1:07:15	30.0	4586	19012	4001	16206	3767	13209
1:07:20	30.0	4595	18972	3985	16146	3827	13230
1:07:25	30.0	4592	18986	4019	16167	3804	13295
1:07:30	30.0	4585	18821	3984	16039	3836	13292
1:07:35	30.0	4576	18854	4010	16077	3804	13260
1:07:40	30.0	4570	18906	4005	16116	3835	13298
1:07:45	30.0	4625	18841	4001	16102	3781	13360
1:07:50	30.0	4617	18985	4003	16176	3825	13231
1:07:55	30.0	4580	18903	3997	16172	3817	13287
1:08:00	30.0	4630	18857	3986	16109	3813	13225
1:08:05	30.0	4609	18943	3990	16172	3799	13341
1:08:10	30.0	4631	18913	3999	16218	3786	13243
1:08:15	30.0	4590	18835	4037	16073	3801	13337
1:08:20	30.0	4665	18954	3987	16179	3780	13354
1:08:25	30.0	4604	18828	3976	16124	3815	13328
1:08:30	30.0	4610	18820	3935	16032	3826	13318
1:08:35	30.0	4643	18935	3972	16192	3803	13315
1:08:40	30.0	4622	18995	3966	16142	3807	13386
1:08:45	30.0	4572	18875	3985	16033	3820	13286
1:08:50	30.0	4632	18933	3987	16075	3793	13192
1:08:55	30.0	4639	18967	3983	16048	3819	13302
1:09:00	30.0	4603	18846	3996	16051	3813	13369
1:09:05	30.0	4642	18940	3988	16177	3809	13245
1:09:10	30.0	4612	18874	3987	16147	3801	13277
1:09:15	30.0	4645	18901	3989	16260	3818	13404
1:09:20	30.0	4592	19074	3997	16102	3815	13358
1:09:25	30.0	4604	18803	3986	16142	3826	13210
1:09:30	30.0	4654	18992	3999	16127	3815	13334
1:09:35	30.0	4644	18871	4013	16312	3788	13358
1:09:40	30.0	4614	18873	3977	16026	3782	13310
1:09:45	30.0	4632	18972	3991	16069	3806	13278
1:09:50	30.0	4643	18994	3977	16143	3790	13333
1:09:55	30.0	4584	18997	3968	16182	3833	13329
1:10:00	30.0	4586	18797	3976	16132	3802	13272
1:10:05	30.0	4630	18796	3960	16076	3818	13304
1:10:10	30.0	4673	18934	4004	16073	3825	13298
1:10:15	30.0	4650	18832	3994	16163	3807	13256
1:10:20	30.0	4651	18946	4010	16043	3807	13384
1:10:25	30.0	4645	18806	3979	16157	3801	13231
1:10:30	30.0	4651	18827	3987	16110	3782	13360
1:10:35	30.0	4637	18920	3999	16139	3789	13255
1:10:40	30.0	4627	18898	4018	16110	3793	13317
1:10:45	30.0	4594	18818	4031	16091	3822	13330
1:10:50	30.0	4663	18969	3978	16038	3802	13358
1:10:55	30.0	4645	18837	4001	16186	3812	13345
1:11:00	30.0	4619	18857	4005	16036	3797	13341
1:11:05	30.0	4635	18959	3991	16013	3804	13354
1:11:10	30.0	4674	18914	3987	16225	3794	13289
1:11:15	30.0	4670	18789	4020	16134	3821	13219
1:11:20	30.0	4657	18862	3974	16156	3814	13333
1:11:25	30.0	4642	18939	3983	16072	3837	13351
1:11:30	30.0	4644	18919	3996	16063	3805	13235
1:11:35	30.0	4672	18845	3984	16146	3823	13347
1:11:40	30.0	4661	18803	3999	16237	3806	13247
1:11:45	30.0	4682	18902	4032	16012	3809	13336
1:11:50	30.0	4641	18902	4013	16119	3812	13282
1:11:55	30.0	4627	18942	4017	16166	3847	13286
1:12:00	30.0	4672	18935	4013	16197	3823	13316
1:12:05	30.0	4646	18910	4027	16151	3807	13335
1:12:10	30.0	4648	18750	4002	16075	3795	13258
1:12:15	30.0	4659	18974	4026	15953	3767	13319
1:12:20	30.0	4631	18801	3995	16127	3831	13369
1:12:25	30.0	4628	18824	4017	16029	3827	13302
1:12:30	30.0	4663	18922	3972	16097	3830	13320
1:12:35	30.0	4654	18861	4005	16057	3814	13366
1:12:40	30.0	4675	18917	4030	16143	3814	13332
1:12:45	30.0	4665	18958	4020	15999	3804	13247
1:12:50	30.0	4685	18942	3986	16071	3838	13303
1:12:55	30.0	4659	18882	4006	16037	3792	13254
1:13:00	30.0	4664	18799	4023	16060	3822	13329
1:13:05	30.0	4707	18931	4012	16152	3809	13438
1:13:10	30.0	4692	18954	3998	16117	3815	13299
1:13:15	30.0	4659	18884	4012	16114	3822	13371
1:13:20	30.0	4680	18810	4053	16116	3821	13327
1:13:25	30.0	4729	18855	4032	16033	3831	13468
1:13:30	30.0	4687	18844	3994	16113	3871	13361
1:13:35	30.0	4758	18922	4034	15980	3826	13310
0:00:00	0.0						
0:00:00	0.0						
0:00:00	0.0						
0:00:00	0.0						
0:00:00	0.0						
0:00:00	0.0						
0:00:00	0.0						
0:00:00	0.0						
0:00:00	0.0						
0:00:00	0.0						
0:00:00	0.0						
0:00:00	0.0						
0:00:00	0.0						
0:00:00	0.0						
0:00:00	0.0						
0:00:00	0.0						
0:00:00	0.0						
0:00:00	0.0						
0:00:00	0.0						
0:00:00	0.0						
0:00:00	0.0						
0:00:00	0.0						
0:00:00	0.0						
0:00:00	0.0						
0:00:00	0.0						
0:00:00	0.0						
0:00:00	0.0						
0:00:00	0.0						
0:00:00	0.0						
0:00:00	0.0						
0:00:00	0.0						
0:00:00	0.0						
0:00:00	0.0						
0:00:00	0.0						
0:00:00	0.0						
0:00:00	0.0						
0:00:00	0.0						
0:00:00	0.0						
0:00:00	0.0						
0:00:00	0.0						
0:00:00	0.0						
0:00:00	0.0						
0:00:00	0.0						
0:00:00	0.0						
0:00:00	0.0						
0:00:00	0.0						
0:00:00	0.0						
0:00:00	0.0						
0:00:00	0.0						
0:00:00	0.0						
0:00:00	0.0						
0:00:00	0.0						
0:00:00	0.0						
0:00:00	0.0						
0:00:00	0.0						
0:00:00	0.0						
0:00:00	0.0						
0:00:00	0.0						
0:00:00	0.0						
0:00:00	0.0						
0:00:00	0.0						
0:00:00	0.0						
0:00:00	0.0						
0:00:00	0.0						
0:00:00	0.0						
0:00:00	0.0						
0:00:00	0.0						
0:00:00	0.0						
0:00:00	0.0						
0:00:00	0.0						
0:00:00	0.0						
0:00:00	0.0						
0:00:00	0.0						
0:00:00	0.0						
0:00:00	0.0						
0:00:00	0.0						
0:00:00	0.0						

Results
	1	2	3	4	5	6	7	8	9	10	11	12
A													Max V [425,457]
													R-Squared [425,457]
													t at Max V [425,457]
													Lagtime [425,457]
B													Max V [425,457]
													R-Squared [425,457]
													t at Max V [425,457]
													Lagtime [425,457]
C							1128000.000	4632000.000	-1152000.000	-3432000.000	1284000.000	3276000.000	Max V [425,457]
							1.000	1.000	1.000	1.000	1.000	1.000	R-Squared [425,457]
							1:02:13	0:56:03	0:36:28	1:09:38	0:01:08	0:46:08	t at Max V [425,457]
							1:01:39	0:52:47	0:36:38	1:13:14	0:01:05	0:43:24	Lagtime [425,457]
D													Max V [425,457]
													R-Squared [425,457]
													t at Max V [425,457]
													Lagtime [425,457]
E													Max V [425,457]
													R-Squared [425,457]
													t at Max V [425,457]
													Lagtime [425,457]
F													Max V [425,457]
													R-Squared [425,457]
													t at Max V [425,457]
													Lagtime [425,457]
G													Max V [425,457]
													R-Squared [425,457]
													t at Max V [425,457]
													Lagtime [425,457]
H													Max V [425,457]
													R-Squared [425,457]
													t at Max V [425,457]
													Lagtime [425,457]

