

Software Version	3.03.14



Experiment File Path:	C:\Users\Public\Documents\Experiments\Tina\20190215_GAP_assay2.xpt
Protocol File Path:	C:\Users\Public\Documents\Protocols\Tina\GAP_sensor_assay.prt



Plate Number	Plate 1
Date	2/15/2019
Time	5:51:23 PM
Reader Type:	Synergy H1
Reader Serial Number:	1803011C
Reading Type	Reader

Procedure Details

Plate Type	Costar 96 well half area
Set Temperature	Setpoint 30°C
Start Kinetic	Runtime 1:23:00 (HH:MM:SS), Interval 0:00:05, 997 Reads
    Read	Fluorescence Endpoint
	C2..C10
	Filter Set 1
	    Excitation: 425,  Emission: 457
	    Optics: Bottom,  Gain: 57
	Light Source: Xenon Flash,  Lamp Energy: High
	Read Speed: Normal,  Delay: 0 msec,  Measurements/Data Point: 5
	Read Height: 7 mm
End Kinetic	

Layout
	1	2	3	4	5	6	7	8	9	10	11	12
A													Well ID
B													Well ID
C		SPL1	SPL2	SPL3	SPL4	SPL5	SPL6	SPL7	SPL8	SPL9			Well ID
D													Well ID
E													Well ID
F													Well ID
G													Well ID
H													Well ID

425,457

Time	T° 425,457	C2	C3	C4	C5	C6	C7	C8	C9	C10
0:00:00	30.0	6129	6318	6290	5525	5748	5803	5222	5565	5554
0:00:05	30.0	6173	6397	6288	5475	5805	5836	5250	5492	5576
0:00:10	30.0	6217	6460	6379	5570	5818	5922	5307	5597	5718
0:00:15	30.0	6221	6540	6458	5520	6007	5955	5241	5677	5781
0:00:20	30.0	6298	6538	6565	5510	5973	5964	5287	5696	5729
0:00:25	30.0	6228	6601	6619	5585	6081	6058	5283	5797	5862
0:00:30	30.0	6293	6680	6593	5554	6168	6116	5312	5823	5966
0:00:35	30.0	6350	6673	6657	5532	6183	6091	5316	5892	5925
0:00:40	30.0	6391	6797	6741	5597	6225	6215	5275	5971	5999
0:00:45	30.0	6360	6805	6717	5573	6328	6246	5315	5987	6075
0:00:50	30.0	6297	6914	6779	5595	6421	6293	5337	6053	6158
0:00:55	30.0	6370	6836	6791	5575	6424	6383	5312	6102	6191
0:01:00	30.0	6346	6871	6932	5544	6491	6448	5278	6128	6228
0:01:05	30.0	6338	7008	6969	5579	6602	6442	5297	6248	6252
0:01:10	30.0	6382	7038	6997	5504	6607	6544	5341	6304	6354
0:01:15	30.0	6359	7032	7074	5583	6751	6588	5317	6276	6395
0:01:20	30.0	6325	7108	7047	5571	6780	6540	5327	6414	6452
0:01:25	30.0	6406	7181	7141	5627	6759	6666	5313	6435	6495
0:01:30	30.0	6370	7276	7177	5621	6830	6701	5329	6443	6608
0:01:35	30.0	6434	7333	7207	5520	6939	6721	5344	6514	6595
0:01:40	30.0	6429	7359	7237	5612	7045	6760	5355	6553	6665
0:01:45	30.0	6370	7358	7314	5608	7055	6855	5322	6553	6734
0:01:50	30.0	6407	7466	7399	5645	7070	6798	5353	6629	6755
0:01:55	30.0	6348	7522	7455	5603	7155	6885	5335	6685	6817
0:02:00	30.0	6372	7586	7493	5669	7153	6929	5361	6793	6877
0:02:05	30.0	6371	7625	7550	5552	7293	6960	5363	6731	6928
0:02:10	30.0	6327	7684	7577	5584	7245	7024	5332	6810	6963
0:02:15	30.0	6351	7653	7651	5659	7399	7056	5354	6922	7009
0:02:20	30.0	6370	7772	7673	5670	7451	7161	5338	6924	7060
0:02:25	30.0	6398	7837	7741	5686	7547	7127	5343	6950	7132
0:02:30	30.0	6376	7884	7747	5649	7555	7164	5337	7077	7143
0:02:35	30.0	6405	7949	7958	5668	7608	7304	5375	7144	7235
0:02:40	30.0	6363	7971	7882	5695	7707	7312	5344	7172	7289
0:02:45	30.0	6355	8026	8001	5647	7723	7413	5366	7206	7413
0:02:50	30.0	6395	8071	8065	5672	7786	7359	5383	7289	7513
0:02:55	30.0	6313	8134	8065	5673	7820	7455	5379	7322	7511
0:03:00	30.0	6372	8214	8092	5693	7843	7530	5344	7362	7548
0:03:05	30.0	6326	8215	8158	5746	7807	7459	5366	7407	7599
0:03:10	30.0	6336	8281	8250	5685	7990	7564	5368	7524	7630
0:03:15	30.0	6306	8288	8337	5677	8000	7638	5349	7550	7716
0:03:20	30.0	6371	8408	8357	5694	8084	7701	5415	7580	7858
0:03:25	30.0	6343	8427	8447	5669	8147	7689	5386	7653	7840
0:03:30	30.0	6356	8492	8420	5685	8165	7672	5439	7677	7932
0:03:35	30.0	6352	8649	8457	5677	8285	7833	5432	7751	7944
0:03:40	30.0	6382	8589	8582	5669	8291	7833	5369	7731	7994
0:03:45	30.0	6380	8655	8530	5730	8319	7887	5295	7813	8025
0:03:50	30.0	6357	8646	8644	5685	8426	7918	5386	7905	8158
0:03:55	30.0	6364	8749	8601	5683	8484	7992	5380	7894	8170
0:04:00	30.0	6438	8788	8759	5675	8543	8041	5367	7998	8312
0:04:05	30.0	6413	8855	8713	5650	8539	8035	5430	8089	8310
0:04:10	30.0	6357	8875	8858	5666	8698	8115	5348	8035	8339
0:04:15	30.0	6412	8971	8804	5714	8665	8187	5423	8184	8447
0:04:20	30.0	6465	9005	8958	5656	8767	8199	5399	8091	8488
0:04:25	30.0	6403	8953	9004	5692	8827	8299	5436	8316	8574
0:04:30	30.0	6386	9044	8968	5735	8894	8293	5390	8364	8577
0:04:35	30.0	6495	9109	9066	5769	8887	8326	5382	8368	8631
0:04:40	30.0	6490	9138	9110	5681	9010	8334	5398	8412	8706
0:04:45	30.0	6405	9196	9184	5709	9036	8512	5386	8435	8715
0:04:50	30.0	6436	9288	9250	5711	9095	8516	5404	8589	8775
0:04:55	30.0	6405	9367	9130	5733	9161	8526	5385	8539	8880
0:05:00	30.0	6451	9414	9297	5708	9224	8576	5409	8620	8874
0:05:05	30.0	6445	9346	9439	5712	9283	8593	5411	8670	8972
0:05:10	30.0	6380	9425	9339	5709	9294	8636	5395	8746	8958
0:05:15	30.0	6453	9558	9506	5739	9431	8777	5369	8751	9136
0:05:20	30.0	6424	9553	9518	5737	9390	8780	5396	8901	9138
0:05:25	30.0	6461	9654	9510	5718	9578	8807	5394	8929	9229
0:05:30	30.0	6417	9681	9716	5739	9479	8838	5456	8905	9246
0:05:35	30.0	6491	9783	9707	5734	9703	8911	5437	9009	9367
0:05:40	30.0	6430	9761	9682	5674	9680	8941	5429	9036	9396
0:05:45	30.0	6428	9746	9743	5742	9707	8996	5402	9109	9424
0:05:50	30.0	6434	9857	9718	5727	9773	9034	5399	9148	9506
0:05:55	30.0	6477	9978	9825	5681	9724	9033	5437	9242	9574
0:06:00	30.0	6446	9956	9986	5661	9882	9218	5416	9254	9589
0:06:05	30.0	6441	9939	9908	5704	9920	9272	5396	9310	9619
0:06:10	30.0	6457	10107	9997	5741	10013	9245	5410	9299	9680
0:06:15	30.0	6474	10120	10050	5709	10042	9246	5403	9508	9785
0:06:20	30.0	6486	10157	10089	5741	10203	9414	5367	9473	9838
0:06:25	30.0	6513	10206	10122	5685	10180	9408	5435	9496	9857
0:06:30	30.0	6459	10301	10186	5725	10266	9468	5425	9536	9895
0:06:35	30.0	6462	10289	10336	5686	10289	9463	5433	9675	9961
0:06:40	30.0	6437	10295	10362	5712	10357	9559	5355	9659	10098
0:06:45	30.0	6456	10451	10337	5713	10365	9646	5404	9704	10056
0:06:50	30.0	6527	10477	10461	5739	10471	9611	5417	9853	10197
0:06:55	30.0	6532	10573	10482	5744	10559	9645	5431	9832	10250
0:07:00	30.0	6563	10505	10564	5703	10552	9652	5411	9876	10316
0:07:05	30.0	6507	10592	10456	5760	10592	9765	5415	10030	10323
0:07:10	30.0	6505	10698	10671	5723	10731	9806	5411	10047	10440
0:07:15	30.0	6508	10783	10565	5728	10746	9867	5392	9965	10502
0:07:20	30.0	6571	10845	10670	5704	10832	9917	5441	10164	10621
0:07:25	30.0	6498	10808	10737	5746	10769	10030	5388	10266	10525
0:07:30	30.0	6515	10864	10823	5733	10944	9924	5426	10180	10653
0:07:35	30.0	6497	10979	10869	5717	11084	9998	5428	10353	10699
0:07:40	30.0	6561	11061	10773	5721	11034	10147	5442	10269	10686
0:07:45	30.0	6529	11067	11038	5799	11073	10072	5377	10338	10771
0:07:50	30.0	6529	11060	10993	5753	11130	10121	5502	10467	10943
0:07:55	30.0	6505	11077	11065	5743	11236	10205	5469	10467	11029
0:08:00	30.0	6493	11233	11173	5745	11272	10189	5426	10523	10977
0:08:05	30.0	6514	11257	11124	5769	11293	10220	5455	10648	11011
0:08:10	30.0	6579	11351	11226	5751	11468	10308	5453	10649	11156
0:08:15	30.0	6576	11392	11308	5775	11568	10466	5406	10755	11106
0:08:20	30.0	6523	11410	11276	5727	11548	10393	5430	10737	11276
0:08:25	30.0	6592	11445	11422	5762	11507	10492	5416	10880	11293
0:08:30	30.0	6570	11556	11378	5829	11694	10483	5446	10893	11334
0:08:35	30.0	6548	11565	11506	5750	11744	10581	5409	10782	11403
0:08:40	30.0	6592	11692	11539	5765	11756	10628	5433	10937	11464
0:08:45	30.0	6563	11651	11596	5756	11794	10729	5472	11003	11462
0:08:50	30.0	6568	11726	11563	5798	11854	10684	5450	11027	11587
0:08:55	30.0	6518	11751	11662	5816	11835	10805	5415	11215	11666
0:09:00	30.0	6555	11926	11742	5768	11989	10799	5443	11221	11578
0:09:05	30.0	6569	11878	11786	5749	12038	10840	5432	11141	11736
0:09:10	30.0	6562	11970	11864	5772	12051	10988	5432	11234	11724
0:09:15	30.0	6556	11923	11881	5686	12123	11072	5397	11317	11791
0:09:20	30.0	6541	12072	11945	5767	12281	10953	5443	11372	11830
0:09:25	30.0	6597	12053	12037	5760	12310	11097	5469	11405	11971
0:09:30	30.0	6559	12148	12018	5757	12381	11174	5426	11465	11971
0:09:35	30.0	6559	12186	12025	5806	12365	11202	5396	11551	12151
0:09:40	30.0	6575	12256	12121	5796	12427	11239	5429	11706	12121
0:09:45	30.0	6569	12345	12130	5834	12598	11293	5435	11672	12172
0:09:50	30.0	6626	12336	12301	5813	12557	11310	5473	11826	12370
0:09:55	30.0	6589	12448	12306	5824	12625	11351	5464	11743	12375
0:10:00	30.0	6587	12361	12361	5780	12711	11445	5403	11754	12337
0:10:05	30.0	6601	12603	12453	5766	12636	11559	5492	11898	12411
0:10:10	30.0	6666	12471	12426	5788	12756	11468	5400	11986	12460
0:10:15	30.0	6599	12504	12618	5819	12822	11587	5463	11965	12417
0:10:20	30.0	6638	12630	12590	5814	12979	11639	5467	11982	12527
0:10:25	30.0	6563	12635	12675	5847	12849	11575	5476	12068	12685
0:10:30	30.0	6621	12720	12697	5749	12928	11678	5473	12148	12767
0:10:35	30.0	6614	12737	12695	5833	13025	11903	5451	12057	12768
0:10:40	30.0	6625	12799	12839	5889	13063	11818	5390	12218	12815
0:10:45	30.0	6578	12894	12842	5815	13139	11849	5458	12359	12939
0:10:50	30.0	6595	12954	12905	5796	13253	11932	5427	12353	12934
0:10:55	30.0	6593	12884	12966	5820	13321	11985	5445	12402	13067
0:11:00	30.0	6713	13145	13073	5842	13387	11899	5413	12534	13017
0:11:05	30.0	6562	13177	13083	5800	13480	11989	5421	12505	13146
0:11:10	30.0	6637	13148	13122	5808	13549	12117	5452	12545	13152
0:11:15	30.0	6645	13198	13274	5821	13545	12192	5456	12674	13209
0:11:20	30.0	6692	13333	13196	5842	13495	12212	5426	12607	13323
0:11:25	30.0	6645	13421	13225	5831	13652	12202	5455	12739	13279
0:11:30	30.0	6653	13433	13360	5845	13646	12260	5449	12876	13430
0:11:35	30.0	6663	13436	13293	5850	13732	12314	5433	12827	13427
0:11:40	30.0	6683	13457	13422	5807	13943	12451	5464	12808	13476
0:11:45	30.0	6670	13656	13515	5865	13863	12488	5449	12780	13602
0:11:50	30.0	6631	13656	13473	5865	13887	12487	5452	12959	13568
0:11:55	30.0	6685	13656	13538	5828	13848	12530	5464	13086	13604
0:12:00	30.0	6723	13697	13614	5787	13919	12568	5502	13082	13659
0:12:05	30.0	6684	13736	13597	5840	14187	12584	5438	13286	13752
0:12:10	30.0	6621	13812	13658	5849	14190	12674	5469	13210	13875
0:12:15	30.0	6603	13881	13784	5844	14317	12707	5454	13202	13794
0:12:20	30.0	6685	13875	13750	5810	14251	12777	5459	13236	13872
0:12:25	30.0	6698	14027	13852	5894	14405	12693	5465	13346	13979
0:12:30	30.0	6701	14074	13871	5803	14431	12869	5497	13457	14051
0:12:35	30.0	6674	14088	13838	5844	14419	13014	5485	13465	14046
0:12:40	30.0	6708	14091	13927	5903	14628	13051	5433	13428	14236
0:12:45	30.0	6627	14162	13952	5859	14510	12957	5479	13491	14144
0:12:50	30.0	6692	14170	14160	5884	14576	13091	5505	13619	14357
0:12:55	30.0	6753	14259	14116	5852	14682	13198	5523	13749	14298
0:13:00	30.0	6711	14394	14223	5878	14781	13093	5450	13773	14216
0:13:05	30.0	6740	14479	14219	5905	14863	13115	5492	13694	14313
0:13:10	30.0	6737	14371	14365	5882	14861	13335	5490	13760	14498
0:13:15	30.0	6735	14458	14421	5862	14951	13276	5510	13846	14621
0:13:20	30.0	6754	14530	14516	5882	14844	13346	5494	13791	14447
0:13:25	30.0	6717	14547	14413	5866	15117	13361	5516	14015	14773
0:13:30	30.0	6676	14498	14475	5870	15087	13425	5496	14040	14555
0:13:35	30.0	6754	14716	14553	5908	15349	13416	5525	14148	14768
0:13:40	30.0	6678	14854	14661	5859	15240	13470	5512	14126	14789
0:13:45	30.0	6772	14754	14689	5913	15345	13489	5448	14050	14842
0:13:50	30.0	6739	14737	14725	5872	15410	13557	5478	14173	14948
0:13:55	30.0	6778	14821	14905	5919	15350	13669	5488	14228	14923
0:14:00	30.0	6716	14882	14741	5911	15652	13754	5525	14336	14975
0:14:05	30.0	6816	14895	14844	5929	15402	13837	5506	14492	14958
0:14:10	30.0	6742	15047	14913	5890	15662	13839	5429	14451	15174
0:14:15	30.0	6760	15044	15011	5868	15590	13950	5530	14654	15153
0:14:20	30.0	6749	15123	14961	5893	15714	13853	5512	14573	15172
0:14:25	30.0	6772	15195	15010	5856	15723	13914	5501	14511	15162
0:14:30	30.0	6780	15283	15248	5873	15821	13968	5485	14537	15274
0:14:35	30.0	6713	15205	15310	5907	15746	14019	5526	14778	15458
0:14:40	30.0	6758	15459	15235	5933	15952	14115	5504	14810	15200
0:14:45	30.0	6775	15368	15380	5911	15841	14153	5497	14842	15449
0:14:50	30.0	6759	15500	15366	5824	16002	14156	5518	15028	15455
0:14:55	30.0	6732	15488	15202	5943	16112	14212	5467	14867	15540
0:15:00	30.0	6786	15470	15391	5930	16169	14269	5520	15066	15617
0:15:05	30.0	6782	15602	15441	5908	16158	14490	5511	14817	15859
0:15:10	30.0	6853	15670	15416	5893	16266	14429	5450	15085	15734
0:15:15	30.0	6816	15745	15553	5938	16346	14467	5523	15099	15717
0:15:20	30.0	6760	15733	15664	5900	16382	14421	5526	15162	15867
0:15:25	30.0	6861	15916	15643	5858	16514	14532	5503	15197	15773
0:15:30	30.0	6787	15910	15776	5911	16441	14545	5481	15179	15835
0:15:35	30.0	6845	15932	15627	5946	16414	14707	5518	15214	15924
0:15:40	30.0	6826	16031	15910	5896	16733	14606	5578	15334	15953
0:15:45	30.0	6793	15986	15890	5907	16486	14785	5486	15421	16202
0:15:50	30.0	6845	16143	15957	5989	16757	14764	5550	15270	16232
0:15:55	30.0	6849	16126	16016	5900	16816	14814	5519	15437	16065
0:16:00	30.0	6833	16109	16089	5978	16866	14852	5583	15509	16141
0:16:05	30.0	6821	16418	16053	5951	16945	14901	5525	15514	16277
0:16:10	30.0	6825	16257	16161	5931	16941	14931	5511	15504	16362
0:16:15	30.0	6844	16228	16236	5969	16936	15082	5501	15655	16376
0:16:20	30.0	6887	16481	16126	5908	17096	14944	5540	15602	16438
0:16:25	30.0	6869	16381	16283	5967	16964	15074	5543	15747	16404
0:16:30	30.0	6799	16572	16473	5914	17070	15237	5538	15708	16542
0:16:35	30.0	6839	16531	16399	5968	17152	15116	5524	15929	16522
0:16:40	30.0	6873	16493	16322	5998	17149	15182	5554	15854	16398
0:16:45	30.0	6835	16731	16611	5908	17236	15245	5493	15909	16456
0:16:50	30.0	6873	16575	16514	5962	17415	15323	5565	15989	16725
0:16:55	30.0	6850	16645	16605	5910	17379	15492	5545	15993	16678
0:17:00	30.0	6896	16674	16583	5932	17368	15379	5522	15974	16717
0:17:05	30.0	6892	16820	16623	5949	17508	15495	5514	16214	16777
0:17:10	30.0	6892	16924	16843	5950	17459	15488	5591	16169	16898
0:17:15	30.0	6873	16959	16882	5951	17644	15707	5585	16175	16894
0:17:20	30.0	6843	17012	16868	5962	17504	15652	5490	16131	16954
0:17:25	30.0	6893	17064	16859	5941	17744	15767	5514	16314	17045
0:17:30	30.0	6866	17243	17085	5954	17675	15685	5541	16480	17126
0:17:35	30.0	6865	17188	17073	5972	17860	15820	5578	16432	17147
0:17:40	30.0	6866	17238	17102	6010	17748	15826	5558	16412	17163
0:17:45	30.0	6914	17230	17149	6007	17958	15848	5532	16472	17307
0:17:50	30.0	6812	17465	17107	6008	17864	15851	5550	16386	17268
0:17:55	30.0	6916	17361	17113	6009	18101	15962	5548	16408	17193
0:18:00	30.0	6874	17421	17120	5985	17992	15853	5528	16533	17182
0:18:05	30.0	6935	17572	17170	6021	18001	15836	5585	16788	17348
0:18:10	30.0	6912	17452	17190	5998	18246	15973	5564	16800	17478
0:18:15	30.0	6904	17560	17373	5910	18252	16206	5546	16792	17246
0:18:20	30.0	6958	17552	17469	5989	18217	16105	5566	16830	17492
0:18:25	30.0	6952	17536	17348	5931	18212	16260	5598	16787	17593
0:18:30	30.0	6932	17691	17461	6013	18386	16183	5598	16934	17544
0:18:35	30.0	6900	17603	17465	5961	18443	16398	5511	16996	17594
0:18:40	30.0	6964	17931	17628	6023	18505	16395	5563	16846	17589
0:18:45	30.0	6943	17733	17710	5975	18574	16424	5482	16936	17620
0:18:50	30.0	7077	17697	17730	6032	18587	16434	5624	16969	17613
0:18:55	30.0	6874	17892	17690	5980	18565	16531	5582	17021	17712
0:19:00	30.0	6955	17971	17889	5994	18825	16496	5528	17183	17760
0:19:05	30.0	6982	18093	17818	6020	18703	16671	5585	17193	17897
0:19:10	30.0	6941	18150	17967	6013	18919	16602	5509	17201	17858
0:19:15	30.0	6996	18184	18016	6038	18709	16693	5501	17239	17772
0:19:20	30.0	6962	18055	17977	6020	18985	16581	5531	17169	17945
0:19:25	30.0	6939	18112	18147	6031	18934	16894	5543	17350	17961
0:19:30	30.0	6932	18356	18031	6014	18891	16740	5587	17320	18008
0:19:35	30.0	6981	18332	18160	5999	19153	16959	5614	17364	17973
0:19:40	30.0	6937	18398	18171	5976	19059	16883	5567	17362	18217
0:19:45	30.0	7024	18260	18219	6017	19099	16969	5558	17471	18193
0:19:50	30.0	7026	18369	18288	5985	19243	17021	5589	17511	18037
0:19:55	30.0	7034	18650	18360	5972	19214	17088	5611	17493	18151
0:20:00	30.0	6995	18684	18267	5974	19313	17183	5523	17480	18165
0:20:05	30.0	6998	18548	18477	6007	19490	17244	5593	17646	18267
0:20:10	30.0	6981	18668	18516	6012	19465	17200	5586	17512	18364
0:20:15	30.0	7027	18690	18665	6061	19457	17220	5525	17662	18443
0:20:20	30.0	7010	18710	18395	6031	19476	17229	5647	17663	18270
0:20:25	30.0	6933	18929	18652	6021	19579	17357	5595	17652	18348
0:20:30	30.0	7052	18762	18645	6047	19493	17275	5589	17616	18437
0:20:35	30.0	7038	18835	18660	6048	19599	17428	5569	17734	18372
0:20:40	30.0	7049	18999	18700	6025	19657	17403	5605	17788	18518
0:20:45	30.0	7018	19014	18822	6008	19737	17500	5570	17962	18436
0:20:50	30.0	7090	18982	18858	6050	19869	17556	5631	17997	18420
0:20:55	30.0	7050	19172	18934	6002	19706	17655	5616	18013	18534
0:21:00	30.0	7056	19170	18907	6076	19976	17644	5612	18074	18480
0:21:05	30.0	7075	19331	19098	6079	19874	17732	5529	18055	18625
0:21:10	30.0	7080	19172	18994	6088	20046	17689	5579	18043	18629
0:21:15	30.0	7040	19471	19116	6049	20076	17767	5598	18104	18640
0:21:20	30.0	7015	19384	19221	6073	20032	17841	5600	18143	18564
0:21:25	30.0	7068	19480	19253	6074	19958	17842	5587	18089	18644
0:21:30	30.0	7038	19404	19315	6027	20105	17778	5604	18062	18724
0:21:35	30.0	7015	19515	19311	6095	20247	17869	5592	18112	18749
0:21:40	30.0	7072	19484	19542	6022	20251	17915	5568	18176	18783
0:21:45	30.0	7034	19658	19511	6069	20280	18100	5575	18305	18754
0:21:50	30.0	7025	19561	19460	6076	20306	17932	5572	18288	18818
0:21:55	30.0	7065	19600	19533	6111	20302	18140	5635	18309	18848
0:22:00	30.0	7057	19784	19603	6077	20281	18281	5627	18166	18969
0:22:05	30.0	7096	19724	19699	6076	20450	18201	5630	18568	19014
0:22:10	30.0	7092	19767	19718	6081	20368	18364	5570	18417	19044
0:22:15	30.0	7028	19902	19610	6039	20567	18167	5592	18447	18906
0:22:20	30.0	7072	19960	19856	6093	20653	18271	5602	18462	19045
0:22:25	30.0	7093	19796	19793	6098	20452	18239	5598	18445	18917
0:22:30	30.0	7055	19826	19990	6106	20562	18355	5631	18461	19098
0:22:35	30.0	7100	20218	19708	6064	20695	18383	5615	18545	18914
0:22:40	30.0	7082	20263	20047	6051	20818	18467	5637	18541	19142
0:22:45	30.0	7093	20045	19925	6077	20772	18523	5643	18599	19128
0:22:50	30.0	7158	20151	20147	6102	20744	18590	5600	18583	19099
0:22:55	30.0	7208	20208	20006	6089	20756	18468	5622	18617	19070
0:23:00	30.0	7108	20228	20192	6063	20892	18659	5647	18762	18974
0:23:05	30.0	7112	20279	20301	6120	20874	18748	5653	18789	19016
0:23:10	30.0	7090	20321	20390	6101	20989	18750	5637	18747	19143
0:23:15	30.0	7109	20423	20310	6094	21123	18925	5617	18727	19273
0:23:20	30.0	7115	20395	20257	6072	20900	18919	5622	18925	19211
0:23:25	30.0	7124	20379	20272	6128	20921	18927	5644	18880	19206
0:23:30	30.0	7154	20698	20440	6080	21189	18925	5584	18921	19190
0:23:35	30.0	7130	20581	20277	6124	21073	18873	5639	18862	19212
0:23:40	30.0	7128	20575	20512	6100	21040	18946	5648	18728	19254
0:23:45	30.0	7092	20940	20475	6118	21402	19116	5591	18972	19317
0:23:50	30.0	7140	20625	20541	6160	21237	19089	5654	18889	19329
0:23:55	30.0	7185	20770	20667	6125	21173	18888	5591	19058	19382
0:24:00	30.0	7120	20784	20618	6061	21364	19118	5605	18996	19364
0:24:05	30.0	7152	20966	20820	6060	21428	19141	5618	19104	19306
0:24:10	30.0	7179	20869	20789	6073	21144	19226	5643	18977	19331
0:24:15	30.0	7176	20757	20968	6141	21489	19280	5676	19020	19339
0:24:20	30.0	7227	20988	21013	6157	21346	19198	5642	19073	19383
0:24:25	30.0	7198	21094	20973	6120	21356	19164	5600	19012	19345
0:24:30	30.0	7167	21098	20894	6166	21548	19561	5682	19206	19184
0:24:35	30.0	7216	21072	20929	6121	21366	19331	5637	18928	19209
0:24:40	30.0	7191	20939	20954	6200	21539	19533	5662	19130	19395
0:24:45	30.0	7241	21209	21056	6211	21545	19417	5632	18991	19452
0:24:50	30.0	7172	21388	20919	6180	21429	19595	5689	19045	19417
0:24:55	30.0	7182	21217	21046	6088	21474	19471	5642	19167	19503
0:25:00	30.0	7205	21361	21050	6141	21378	19532	5638	19159	19437
0:25:05	30.0	7199	21317	21114	6185	21495	19698	5644	19213	19407
0:25:10	30.0	7194	21294	21351	6137	21697	19539	5589	19145	19495
0:25:15	30.0	7175	21463	21330	6141	21730	19719	5629	19222	19327
0:25:20	30.0	7196	21395	21498	6183	21576	19779	5663	19062	19487
0:25:25	30.0	7211	21415	21438	6064	21688	19819	5586	19320	19459
0:25:30	30.0	7242	21517	21416	6120	21623	19808	5603	19309	19650
0:25:35	30.0	7221	21601	21391	6156	21656	19783	5597	19094	19482
0:25:40	30.0	7251	21596	21401	6152	21746	20029	5678	19358	19443
0:25:45	30.0	7258	21504	21676	6153	21773	19950	5644	19385	19410
0:25:50	30.0	7218	21753	21652	6208	21492	19968	5690	19381	19548
0:25:55	30.0	7224	21737	21761	6172	21918	20121	5622	19245	19377
0:26:00	30.0	7263	21946	21654	6157	21556	20270	5670	19267	19551
0:26:05	30.0	7238	21835	21697	6170	21632	20044	5667	19449	19655
0:26:10	30.0	7219	21926	21781	6145	21722	20019	5655	19385	19422
0:26:15	30.0	7229	21942	21992	6186	21819	20183	5647	19494	19571
0:26:20	30.0	7241	22002	21815	6179	21616	20237	5674	19226	19519
0:26:25	30.0	7185	21863	21835	6173	21795	20310	5700	19466	19595
0:26:30	30.0	7269	21825	21974	6234	21641	20374	5628	19526	19553
0:26:35	30.0	7282	21822	22015	6213	21908	20350	5678	19307	19459
0:26:40	30.0	7241	22207	22027	6200	21802	20344	5679	19299	19540
0:26:45	30.0	7215	22182	22035	6182	21850	20224	5654	19361	19642
0:26:50	30.0	7260	22183	22014	6241	21832	20422	5690	19289	19468
0:26:55	30.0	7304	22233	22079	6218	21815	20432	5697	19246	19479
0:27:00	30.0	7220	22253	22163	6148	21882	20502	5688	19472	19511
0:27:05	30.0	7316	21972	22182	6194	21721	20624	5687	19249	19532
0:27:10	30.0	7349	22493	22109	6190	21754	20671	5675	19497	19621
0:27:15	30.0	7269	22149	22142	6188	21761	20463	5687	19460	19572
0:27:20	30.0	7359	22391	22410	6197	21729	20640	5659	19479	19462
0:27:25	30.0	7306	22360	22252	6202	21829	20692	5680	19586	19691
0:27:30	30.0	7290	22372	22445	6241	21776	20391	5706	19410	19652
0:27:35	30.0	7291	22362	22297	6225	21806	20718	5659	19590	19639
0:27:40	30.0	7312	22238	22378	6140	21888	20589	5682	19718	19623
0:27:45	30.0	7356	22360	22302	6188	21824	20526	5673	19580	19594
0:27:50	30.0	7338	22184	22429	6203	21956	20698	5688	19500	19590
0:27:55	30.0	7272	22299	22333	6165	21848	20805	5660	19620	19522
0:28:00	30.0	7328	22490	22439	6190	21819	20878	5694	19567	19621
0:28:05	30.0	7281	22331	22306	6211	21958	20929	5696	19286	19710
0:28:10	30.0	7323	22583	22394	6238	21900	20883	5706	19559	19681
0:28:15	30.0	7335	22276	22480	6235	21915	20908	5722	19522	19686
0:28:20	30.0	7334	22575	22421	6268	21877	20921	5674	19569	19662
0:28:25	30.0	7338	22463	22443	6152	21676	20854	5708	19445	19714
0:28:30	30.0	7278	22536	22423	6238	21630	21090	5695	19473	19604
0:28:35	30.0	7251	22334	22293	6227	21825	20905	5699	19607	19561
0:28:40	30.0	7375	22516	22479	6182	21944	21122	5720	19405	19590
0:28:45	30.0	7328	22501	22474	6209	21781	21085	5721	19436	19560
0:28:50	30.0	7378	22368	22464	6221	21667	21176	5690	19574	19605
0:28:55	30.0	7346	22416	22315	6243	21657	21212	5686	19567	19580
0:29:00	30.0	7399	22290	22482	6173	21760	21028	5678	19383	19651
0:29:05	30.0	7398	22434	22489	6248	21644	21126	5643	19521	19603
0:29:10	30.0	7374	22711	22507	6219	21858	21040	5716	19427	19611
0:29:15	30.0	7359	22405	22433	6293	21847	21223	5690	19673	19576
0:29:20	30.0	7380	22500	22544	6257	21773	21258	5762	19515	19560
0:29:25	30.0	7370	22406	22508	6257	21995	21179	5719	19442	19697
0:29:30	30.0	7420	22457	22766	6269	21744	21183	5705	19561	19514
0:29:35	30.0	7353	22297	22571	6229	21863	21356	5717	19510	19608
0:29:40	30.0	7441	22360	22580	6218	21725	21341	5712	19460	19398
0:29:45	30.0	7396	22497	22731	6251	21822	21386	5707	19526	19645
0:29:50	30.0	7413	22496	22597	6245	21906	21141	5751	19426	19621
0:29:55	30.0	7386	22472	22661	6259	21862	21203	5758	19543	19520
0:30:00	30.0	7404	22440	22635	6253	21859	21422	5716	19401	19607
0:30:05	30.0	7353	22600	22497	6217	21888	21476	5702	19582	19745
0:30:10	30.0	7505	22463	22652	6234	21784	21399	5684	19559	19575
0:30:15	30.0	7380	22449	22515	6294	21878	21602	5683	19559	19748
0:30:20	30.0	7381	22619	22676	6246	21783	21437	5706	19722	19742
0:30:25	30.0	7446	22839	22612	6252	21767	21469	5689	19435	19580
0:30:30	30.0	7340	22472	22499	6247	22027	21485	5744	19527	19796
0:30:35	30.0	7451	22612	22696	6261	21651	21320	5704	19561	19696
0:30:40	30.0	7398	22567	22677	6243	21596	21487	5794	19611	19626
0:30:45	30.0	7431	22547	22593	6229	21866	21383	5706	19590	19556
0:30:50	30.0	7421	22567	22555	6310	21835	21436	5710	19432	19623
0:30:55	30.0	7422	22626	22568	6234	21740	21528	5763	19512	19448
0:31:00	30.0	7405	22579	22501	6292	21822	21621	5672	19550	19662
0:31:05	30.0	7498	22631	22368	6277	21693	21533	5789	19562	19658
0:31:10	30.0	7483	22608	22623	6285	22001	21330	5760	19676	19579
0:31:15	30.0	7450	22575	22494	6327	21766	21626	5771	19648	19535
0:31:20	30.0	7452	22599	22521	6295	21954	21525	5755	19571	19687
0:31:25	30.0	7467	22665	22593	6285	22022	21745	5741	19574	19774
0:31:30	30.0	7418	22602	22638	6323	21791	21656	5693	19549	19694
0:31:35	30.0	7537	22480	22509	6273	21835	21489	5779	19521	19692
0:31:40	30.0	7451	22618	22567	6296	21668	21634	5742	19539	19631
0:31:45	30.0	7512	22471	22415	6330	21776	21554	5767	19658	19659
0:31:50	30.0	7414	22535	22706	6326	21663	21617	5755	19657	19624
0:31:55	30.0	7476	22411	22630	6272	21915	21548	5764	19539	19719
0:32:00	30.0	7529	22479	22726	6238	21933	21355	5740	19630	19663
0:32:05	30.0	7532	22333	22473	6262	21822	21837	5739	19680	19578
0:32:10	30.0	7495	22449	22670	6362	21813	21478	5739	19585	19544
0:32:15	30.0	7517	22531	22608	6336	21773	21543	5681	19660	19695
0:32:20	30.0	7540	22631	22393	6316	21766	21503	5711	19665	19556
0:32:25	30.0	7485	22646	22619	6312	21771	21509	5711	19524	19705
0:32:30	30.0	7425	22476	22675	6300	21812	21498	5753	19551	19562
0:32:35	30.0	7517	22762	22652	6336	21773	21543	5724	19583	19538
0:32:40	30.0	7514	22596	22617	6315	21777	21719	5760	19734	19808
0:32:45	30.0	7525	22639	22642	6300	21785	21494	5764	19672	19480
0:32:50	30.0	7493	22680	22748	6293	21978	21717	5818	19567	19498
0:32:55	30.0	7486	22623	22761	6255	21762	21629	5744	19703	19509
0:33:00	30.0	7583	22570	22611	6342	21797	21576	5774	19487	19765
0:33:05	30.0	7457	22487	22649	6343	21754	21751	5790	19375	19790
0:33:10	30.0	7471	22711	22519	6392	21621	21667	5797	19471	19793
0:33:15	30.0	7590	22582	22824	6274	21999	21529	5766	19479	19676
0:33:20	30.0	7572	22475	22615	6320	21710	21655	5738	19585	19632
0:33:25	30.0	7585	22693	22538	6358	21790	21673	5779	19533	19730
0:33:30	30.0	7564	22544	22684	6350	21822	21802	5741	19766	19710
0:33:35	30.0	7533	22523	22542	6405	21999	21685	5789	19547	19709
0:33:40	30.0	7472	22597	22717	6326	21855	21756	5868	19584	19687
0:33:45	30.0	7566	22645	22599	6329	21800	21817	5779	19532	19754
0:33:50	30.0	7583	22587	22648	6378	21912	21810	5709	19529	19632
0:33:55	30.0	7581	22635	22770	6361	21879	21695	5723	19588	19672
0:34:00	30.0	7565	22547	22682	6375	21791	21809	5759	19682	19797
0:34:05	30.0	7531	22681	22509	6365	21902	21633	5809	19585	19644
0:34:10	30.0	7566	22513	22695	6347	21860	21827	5758	19516	19684
0:34:15	30.0	7650	22738	22544	6342	21944	21710	5768	19574	19673
0:34:20	30.0	7590	22603	22320	6400	21774	21673	5813	19445	19688
0:34:25	30.0	7616	22717	22654	6355	21934	21597	5817	19638	19551
0:34:30	30.0	7585	22620	22470	6368	21734	21555	5768	19495	19614
0:34:35	30.0	7565	22544	22740	6377	21885	21674	5773	19699	19610
0:34:40	30.0	7623	22583	22561	6364	21820	21631	5718	19597	19616
0:34:45	30.0	7596	22552	22528	6377	21867	21717	5733	19648	19645
0:34:50	30.0	7551	22420	22764	6355	21750	21817	5766	19806	19715
0:34:55	30.0	7635	22638	22777	6343	21685	21777	5783	19593	19678
0:35:00	30.0	7614	22775	22763	6388	21672	21748	5762	19616	19412
0:35:05	30.0	7602	22565	22716	6400	21955	21613	5730	19558	19500
0:35:10	30.0	7603	22661	22652	6393	22036	21648	5770	19647	19627
0:35:15	30.0	7592	22683	22717	6312	21761	21697	5824	19575	19796
0:35:20	30.0	7638	22698	22638	6421	21732	21502	5787	19617	19620
0:35:25	30.0	7609	22537	22642	6350	21947	21808	5802	19516	19666
0:35:30	30.0	7608	22631	22811	6399	21815	21610	5815	19423	19716
0:35:35	30.0	7644	22631	22720	6412	21552	21664	5796	19696	19406
0:35:40	30.0	7677	22463	22757	6378	21974	21567	5815	19527	19554
0:35:45	30.0	7625	22625	22537	6377	21913	21681	5788	19656	19607
0:35:50	30.0	7637	22667	22755	6375	21924	21791	5865	19651	19778
0:35:55	30.0	7705	22442	22741	6422	21664	21495	5760	19628	19645
0:36:00	30.0	7728	22658	22714	6412	21849	21773	5794	19606	19773
0:36:05	30.0	7619	22590	22629	6430	21838	21539	5782	19446	19674
0:36:10	30.0	7580	22767	22768	6424	21769	21640	5813	19658	19626
0:36:15	30.0	7671	22489	22743	6379	21782	21472	5784	19558	19574
0:36:20	30.0	7619	22678	22754	6442	21894	21604	5836	19479	19544
0:36:25	30.0	7693	22478	22741	6389	21764	21703	5864	19654	19721
0:36:30	30.0	7764	22682	22513	6438	21717	21735	5803	19616	19549
0:36:35	30.0	7671	22519	22669	6460	21770	21643	5792	19426	19699
0:36:40	30.0	7671	22713	22608	6377	21931	21805	5794	19483	19568
0:36:45	30.0	7705	22532	22662	6405	21744	21585	5765	19471	19739
0:36:50	30.0	7730	22640	22720	6416	21683	21667	5787	19553	19652
0:36:55	30.0	7704	22758	22505	6431	21673	21748	5839	19529	19610
0:37:00	30.0	7742	22575	22701	6427	21693	21726	5739	19676	19637
0:37:05	30.0	7731	22654	22727	6411	21947	21716	5832	19605	19616
0:37:10	30.0	7797	22784	22466	6399	21713	21549	5833	19573	19831
0:37:15	30.0	7721	22757	22741	6431	21938	21546	5785	19619	19636
0:37:20	30.0	7742	22711	22794	6446	21812	21523	5833	19716	19724
0:37:25	30.0	7723	22657	22696	6478	21685	21558	5732	19531	19688
0:37:30	30.0	7714	22521	22769	6454	21807	21606	5804	19471	19803
0:37:35	30.1	7724	22552	22577	6397	21975	21598	5837	19611	19634
0:37:40	30.0	7770	22790	22682	6436	21888	21510	5796	19596	19632
0:37:45	30.1	7697	22668	22716	6448	21812	21521	5866	19591	19781
0:37:50	30.1	7792	22653	22602	6393	21699	21766	5895	19648	19382
0:37:55	30.0	7775	22485	22707	6484	22040	21518	5828	19679	19770
0:38:00	30.1	7758	22493	22602	6431	21686	21624	5841	19602	19703
0:38:05	30.0	7735	22774	22735	6471	21688	21525	5814	19455	19629
0:38:10	30.1	7793	22734	22639	6514	21955	21775	5853	19670	19602
0:38:15	30.1	7695	22515	22765	6419	21850	21641	5804	19762	19612
0:38:20	30.1	7786	22624	22835	6437	21863	21674	5828	19646	19643
0:38:25	30.1	7693	22744	22942	6482	21872	21721	5823	19742	19860
0:38:30	30.1	7773	22651	22556	6450	21788	21615	5854	19616	19762
0:38:35	30.0	7808	22630	22784	6497	21803	21630	5825	19638	19684
0:38:40	30.1	7809	22659	22605	6498	21744	21632	5844	19531	19658
0:38:45	30.0	7793	22595	22670	6528	21929	21721	5884	19500	19591
0:38:50	30.1	7742	22652	22749	6487	21840	21629	5845	19682	19732
0:38:55	30.1	7726	22673	22589	6477	21813	21716	5878	19571	19716
0:39:00	30.1	7834	22732	22694	6445	21761	21535	5836	19606	19753
0:39:05	30.1	7803	22731	22565	6518	21853	21520	5854	19679	19677
0:39:10	30.1	7793	22709	22817	6509	21813	21702	5881	19521	19717
0:39:15	30.0	7804	22599	22562	6439	21844	21664	5828	19514	19605
0:39:20	30.0	7743	22648	22765	6500	21815	21691	5789	19611	19666
0:39:25	30.0	7772	22821	22651	6523	21640	21597	5883	19587	19555
0:39:30	30.1	7822	22542	22593	6543	21693	21744	5786	19691	19617
0:39:35	30.1	7829	22772	22516	6465	21766	21514	5853	19701	19584
0:39:40	30.1	7796	22773	22779	6533	21895	21612	5889	19697	19759
0:39:45	30.1	7790	22628	22764	6549	21738	21815	5862	19589	19642
0:39:50	30.1	7831	22706	22853	6431	21850	21748	5858	19482	19687
0:39:55	30.0	7797	22558	22859	6543	21849	21662	5842	19635	19856
0:40:00	30.0	7806	22629	22742	6492	21886	21638	5831	19642	19552
0:40:05	30.0	7831	22632	22662	6570	21961	21490	5857	19592	19547
0:40:10	30.1	7775	22725	22542	6523	21623	21546	5843	19566	19622
0:40:15	30.1	7809	22783	22752	6499	21826	21599	5825	19676	19650
0:40:20	30.1	7823	22685	22552	6481	21788	21695	5881	19667	19494
0:40:25	30.1	7798	22767	22834	6516	21622	21662	5879	19438	19479
0:40:30	30.1	7905	22546	22699	6474	21632	21691	5866	19678	19633
0:40:35	30.0	7762	22519	22644	6534	21663	21660	5824	19712	19710
0:40:40	30.0	7879	22640	22702	6548	21809	21595	5896	19435	19759
0:40:45	30.1	7783	22547	22672	6512	21887	21663	5868	19543	19729
0:40:50	30.1	7889	22712	22758	6573	21776	21559	5807	19644	19657
0:40:55	30.1	7872	22797	22692	6502	21848	21491	5872	19631	19605
0:41:00	30.1	7908	22732	22741	6505	21872	21546	5842	19581	19620
0:41:05	30.1	7838	22812	22711	6588	21863	21548	5827	19621	19539
0:41:10	30.1	7930	22799	22668	6512	21848	21674	5858	19564	19747
0:41:15	30.0	7875	22663	22752	6515	21778	21560	5937	19521	19535
0:41:20	30.0	7842	22809	22686	6597	21828	21650	5892	19552	19392
0:41:25	30.1	7922	22816	22817	6554	21646	21767	5922	19512	19505
0:41:30	30.1	7910	22622	22666	6552	21727	21707	5840	19530	19656
0:41:35	30.1	7896	22894	22741	6567	21702	21714	5903	19322	19671
0:41:40	30.1	7889	22638	22882	6560	21943	21642	5838	19740	19652
0:41:45	30.1	7920	22851	22524	6448	21919	21809	5865	19526	19615
0:41:50	30.0	7911	22764	22749	6585	21845	21651	5902	19549	19609
0:41:55	30.0	7949	22736	22842	6531	21825	21461	5890	19450	19651
0:42:00	30.1	7875	22684	22672	6580	21795	21686	5879	19597	19668
0:42:05	30.1	7937	22604	22730	6557	21734	21706	5917	19527	19723
0:42:10	30.1	7906	22779	22835	6562	21542	21354	5872	19648	19794
0:42:15	30.1	7866	22725	22738	6500	21810	21649	5907	19620	19759
0:42:20	30.1	7926	22721	22767	6597	21901	21669	5874	19556	19619
0:42:25	30.1	7921	22695	22772	6531	21883	21596	5905	19511	19596
0:42:30	30.0	7932	22846	22776	6613	21796	21567	5871	19607	19551
0:42:35	30.0	7942	22732	22702	6561	21559	21612	5896	19637	19590
0:42:40	30.1	8001	22718	22796	6599	21791	21650	5873	19597	19748
0:42:45	30.1	7953	22855	22753	6589	21764	21401	5912	19467	19695
0:42:50	30.1	7900	22817	22764	6617	21897	21750	5855	19511	19530
0:42:55	30.1	7943	22731	22761	6622	21908	21520	5875	19546	19660
0:43:00	30.1	7954	22656	22987	6588	21821	21522	5920	19597	19662
0:43:05	30.1	7948	22718	22782	6633	21828	21335	5942	19677	19664
0:43:10	30.0	8010	22791	22598	6540	21919	21697	5928	19472	19718
0:43:15	30.0	7883	22764	22747	6559	21883	21490	5922	19592	19665
0:43:20	30.1	7975	22813	22890	6576	21628	21536	5866	19581	19723
0:43:25	30.1	7997	22568	22772	6581	21896	21712	5871	19489	19733
0:43:30	30.1	8011	22803	22731	6574	21886	21746	5921	19493	19622
0:43:35	30.1	7956	22761	22559	6602	21905	21619	5889	19469	19564
0:43:40	30.1	7999	22790	22732	6586	21941	21665	5892	19350	19751
0:43:45	30.1	7978	22805	22642	6630	21887	21678	5937	19365	19663
0:43:50	30.0	7986	22639	22860	6619	21689	21759	5937	19593	19596
0:43:55	30.1	8055	22576	22911	6651	21748	21603	5957	19595	19580
0:44:00	30.1	8025	22636	22595	6559	21714	21712	5930	19650	19738
0:44:05	30.1	8027	22722	22864	6551	21863	21630	5969	19630	19683
0:44:10	30.1	8007	22792	22482	6625	21906	21633	5894	19450	19399
0:44:15	30.1	7940	22739	22815	6589	21763	21608	5862	19530	19513
0:44:20	30.1	7997	22635	22763	6609	21783	21651	5919	19648	19647
0:44:25	30.0	8079	22565	22630	6598	21818	21389	5901	19460	19740
0:44:30	30.1	7945	22902	22830	6625	21932	21544	5933	19481	19627
0:44:35	30.1	8060	22828	22860	6632	21899	21695	5891	19579	19571
0:44:40	30.1	7951	22774	22726	6643	21746	21872	5887	19722	19571
0:44:45	30.1	8082	22815	22790	6663	21852	21444	5997	19660	19706
0:44:50	30.1	8060	22695	22638	6647	21888	21509	5911	19574	19592
0:44:55	30.1	8111	22980	22592	6597	21765	21591	5938	19699	19682
0:45:00	30.1	8022	22844	22842	6571	21692	21534	5931	19376	19622
0:45:05	30.0	7996	22572	22865	6635	21714	21658	5944	19654	19591
0:45:10	30.1	8035	22834	22782	6649	21797	21611	5924	19510	19691
0:45:15	30.1	8100	22710	22858	6638	21691	21628	5931	19594	19552
0:45:20	30.1	8059	22502	22661	6651	21685	21572	5908	19565	19583
0:45:25	30.1	8015	22824	22753	6646	21727	21673	5921	19610	19615
0:45:30	30.1	8027	22859	22888	6668	21828	21670	5914	19680	19597
0:45:35	30.1	8111	22846	22886	6629	21773	21576	5910	19517	19500
0:45:40	30.0	8033	22812	22806	6661	21765	21797	5909	19753	19513
0:45:45	30.1	8069	22644	22772	6679	21551	21411	5954	19411	19681
0:45:50	30.0	8125	22924	22865	6679	21786	21504	5939	19633	19524
0:45:55	30.1	8077	22857	22759	6682	21734	21655	5940	19358	19626
0:46:00	30.1	8043	22720	22914	6648	21845	21557	5954	19556	19522
0:46:05	30.1	8087	22884	22847	6662	21662	21549	5911	19581	19502
0:46:10	30.1	8131	22860	22981	6673	21792	21670	5939	19585	19732
0:46:15	30.0	8128	22986	23028	6678	21805	21566	5968	19456	19702
0:46:20	30.1	8049	22854	22678	6662	21670	21556	5970	19793	19634
0:46:25	30.1	8111	22866	22824	6633	21630	21673	5950	19673	19649
0:46:30	30.1	8160	22470	22782	6633	21715	21605	5937	19477	19693
0:46:35	30.1	8081	22654	22878	6711	21792	21584	5956	19557	19719
0:46:40	30.1	8119	22865	22769	6673	21801	21649	5923	19611	19690
0:46:45	30.1	8099	22642	22657	6675	21814	21767	5956	19639	19755
0:46:50	30.0	8176	22837	22913	6649	21609	21557	5937	19497	19563
0:46:55	30.1	8129	22799	22889	6671	21687	21512	5983	19567	19587
0:47:00	30.1	8126	22966	22831	6659	21622	21598	5961	19443	19606
0:47:05	30.0	8127	22816	22873	6651	21828	21719	5965	19373	19691
0:47:10	30.1	8071	22880	22690	6725	21650	21582	5969	19505	19580
0:47:15	30.1	8166	22715	22620	6721	21817	21704	5930	19642	19503
0:47:20	30.1	8153	22798	22807	6673	21795	21704	5972	19605	19684
0:47:25	30.0	8121	22713	22633	6729	21826	21668	5941	19444	19559
0:47:30	30.1	8150	22805	22775	6697	21702	21574	5942	19619	19617
0:47:35	30.1	8210	23058	23013	6706	21774	21586	5996	19528	19663
0:47:40	30.0	8222	22708	22849	6783	21772	21575	5980	19494	19677
0:47:45	30.1	8167	22848	22788	6693	21636	21566	5938	19505	19439
0:47:50	30.1	8217	22697	22808	6714	21781	21599	5981	19462	19696
0:47:55	30.1	8179	22826	22947	6660	21806	21567	5948	19562	19433
0:48:00	30.1	8175	22618	22908	6686	21725	21644	5965	19657	19595
0:48:05	30.0	8213	22934	22770	6689	21878	21638	6012	19333	19728
0:48:10	30.1	8156	22884	22745	6711	21640	21446	6008	19537	19706
0:48:15	30.1	8138	22703	22730	6663	21837	21626	5982	19635	19776
0:48:20	30.0	8189	22888	23040	6660	21611	21531	6007	19581	19482
0:48:25	30.1	8133	22745	22630	6687	21926	21723	5922	19617	19385
0:48:30	30.1	8211	22588	22651	6703	21966	21744	5962	19523	19491
0:48:35	30.1	8202	22706	22760	6786	21833	21530	5945	19511	19743
0:48:40	30.0	8264	22699	22965	6764	21712	21497	5984	19461	19657
0:48:45	30.1	8198	22873	22934	6712	21849	21469	5988	19497	19769
0:48:50	30.1	8192	22791	22797	6736	21706	21446	6005	19510	19743
0:48:55	30.1	8194	22805	22911	6767	21717	21534	6016	19602	19596
0:49:00	30.0	8088	22791	22899	6739	21957	21536	5975	19697	19573
0:49:05	30.1	8244	22754	22831	6740	21858	21549	5966	19588	19764
0:49:10	30.1	8261	22895	23061	6708	21745	21522	5963	19616	19483
0:49:15	30.0	8255	22940	22816	6726	21650	21618	5980	19501	19699
0:49:20	30.0	8241	22774	22911	6763	21808	21572	6008	19636	19554
0:49:25	30.1	8242	22906	22738	6726	21689	21617	5959	19534	19595
0:49:30	30.1	8239	22971	22818	6694	21756	21792	6020	19512	19663
0:49:35	30.1	8210	22744	22956	6756	21770	21509	6038	19571	19624
0:49:40	30.0	8259	22996	22895	6742	21859	21729	6038	19255	19558
0:49:45	30.1	8306	22775	22785	6771	21835	21642	5976	19665	19519
0:49:50	30.1	8253	22773	22764	6717	21655	21633	5996	19571	19648
0:49:55	30.0	8269	22736	22954	6747	21900	21637	5991	19550	19727
0:50:00	30.1	8268	23074	22995	6751	21771	21535	5989	19484	19699
0:50:05	30.1	8205	22930	22811	6858	21780	21742	5970	19505	19588
0:50:10	30.1	8314	22702	23012	6822	21671	21483	5946	19620	19454
0:50:15	30.1	8307	22990	22890	6734	21772	21590	6008	19687	19859
0:50:20	30.0	8329	22827	22749	6769	21758	21533	5986	19664	19687
0:50:25	30.0	8292	23146	22720	6770	21740	21547	5973	19413	19591
0:50:30	30.1	8289	22877	22726	6767	21854	21492	6001	19491	19508
0:50:35	30.0	8293	22672	22724	6819	21689	21659	6044	19504	19573
0:50:40	30.1	8242	22897	22854	6723	21857	21479	5991	19547	19753
0:50:45	30.1	8301	22711	22921	6806	21808	21532	6051	19467	19601
0:50:50	30.1	8321	22928	22785	6721	21667	21539	6000	19626	19726
0:50:55	30.1	8246	22835	22827	6774	21807	21483	5980	19571	19651
0:51:00	30.1	8305	22769	22886	6784	21713	21622	5983	19642	19644
0:51:05	30.0	8333	22968	22855	6771	21530	21507	6001	19538	19693
0:51:10	30.0	8302	22728	22854	6738	21701	21475	6024	19601	19574
0:51:15	30.1	8299	22746	22913	6808	21701	21556	6001	19605	19627
0:51:20	30.1	8313	22780	22761	6794	21725	21690	6002	19616	19576
0:51:25	30.1	8342	22945	23013	6836	21751	21657	6024	19534	19792
0:51:30	30.1	8362	22906	23103	6786	21768	21574	6016	19601	19605
0:51:35	30.1	8353	22752	22952	6793	21672	21682	6003	19555	19607
0:51:40	30.1	8345	22837	22826	6793	21856	21656	6010	19493	19766
0:51:45	30.0	8291	22971	22841	6836	21820	21686	6023	19575	19813
0:51:50	30.0	8354	22967	22956	6808	22046	21595	6030	19453	19634
0:51:55	30.1	8371	23075	22930	6810	21715	21513	6014	19529	19641
0:52:00	30.1	8351	22828	23012	6820	21707	21381	6078	19591	19590
0:52:05	30.1	8320	22822	22930	6808	21823	21365	6045	19503	19628
0:52:10	30.1	8417	22811	22979	6808	21894	21703	6062	19657	19678
0:52:15	30.1	8376	22804	23007	6830	21762	21506	6014	19424	19741
0:52:20	30.0	8374	22982	22889	6835	21752	21527	6063	19621	19639
0:52:25	30.1	8410	22927	22822	6812	21730	21535	6005	19588	19591
0:52:30	30.0	8319	22802	22871	6861	21567	21465	6027	19610	19714
0:52:35	30.1	8366	22827	22788	6832	21616	21419	6064	19410	19770
0:52:40	30.1	8447	22885	22892	6814	21763	21680	6070	19530	19531
0:52:45	30.1	8398	22763	22990	6834	21610	21498	6066	19352	19658
0:52:50	30.1	8373	22870	22876	6783	21753	21564	6051	19427	19725
0:52:55	30.0	8432	22805	22865	6848	21766	21526	6050	19609	19556
0:53:00	30.1	8363	22858	22887	6806	21643	21550	6067	19544	19433
0:53:05	30.1	8438	23064	22907	6864	21680	21553	6122	19623	19664
0:53:10	30.0	8401	22924	22799	6789	21667	21523	6022	19703	19679
0:53:15	30.1	8384	22763	22855	6832	21791	21531	6019	19713	19726
0:53:20	30.1	8388	23030	22886	6882	21710	21568	6013	19524	19720
0:53:25	30.1	8469	22984	22894	6832	21663	21413	6019	19558	19601
0:53:30	30.1	8445	22801	22728	6840	21632	21539	6045	19436	19730
0:53:35	30.0	8430	22912	23111	6810	21732	21564	6064	19489	19526
0:53:40	30.1	8387	22776	23025	6777	21641	21516	6060	19586	19805
0:53:45	30.1	8441	22913	22782	6810	21650	21448	6079	19495	19739
0:53:50	30.0	8397	22846	22837	6826	21749	21464	6034	19488	19656
0:53:55	30.1	8426	22692	22973	6900	21756	21645	6052	19530	19652
0:54:00	30.1	8454	22888	22844	6821	21721	21541	6075	19441	19638
0:54:05	30.1	8421	22970	23015	6809	21832	21428	6089	19617	19527
0:54:10	30.0	8494	22993	22841	6916	21811	21611	6084	19554	19649
0:54:15	30.1	8473	22898	22842	6868	21818	21495	6062	19580	19466
0:54:20	30.1	8485	22972	23067	6853	21638	21675	6007	19572	19390
0:54:25	30.1	8442	22822	22887	6859	21534	21568	6067	19472	19843
0:54:30	30.0	8482	22935	22893	6882	21726	21504	6035	19556	19557
0:54:35	30.1	8418	22820	22866	6857	21619	21483	6044	19624	19627
0:54:40	30.1	8500	22956	22817	6860	21424	21468	6026	19527	19552
0:54:45	30.1	8500	23067	22812	6930	21627	21531	6045	19473	19647
0:54:50	30.1	8488	22790	22960	6856	21515	21463	6045	19525	19589
0:54:55	30.0	8503	23009	22930	6892	21785	21431	6060	19552	19723
0:55:00	30.1	8483	22769	22975	6889	21740	21371	6062	19518	19657
0:55:05	30.1	8457	22936	23108	6860	21865	21445	6142	19564	19562
0:55:10	30.1	8539	22983	22755	6871	21587	21568	6095	19436	19672
0:55:15	30.0	8560	22787	23108	6927	21816	21604	6037	19634	19704
0:55:20	30.1	8509	22768	22757	6924	21656	21419	6059	19523	19556
0:55:25	30.1	8529	23068	22855	6905	21787	21715	6114	19442	19670
0:55:30	30.1	8479	23007	22946	6866	21783	21423	6028	19507	19504
0:55:35	30.1	8477	23010	22951	6930	21649	21489	6086	19428	19589
0:55:40	30.1	8447	22980	22860	6972	21772	21681	6111	19486	19610
0:55:45	30.1	8555	22992	22716	6874	21783	21421	6052	19489	19581
0:55:50	30.1	8478	22976	22927	6889	21841	21455	6090	19546	19456
0:55:55	30.1	8435	22944	22978	6892	21719	21604	6125	19595	19530
0:56:00	30.1	8467	22779	23005	6859	21687	21512	6066	19453	19710
0:56:05	30.1	8527	22982	22778	6890	21828	21395	6123	19583	19588
0:56:10	30.1	8522	22866	22866	6864	21613	21560	6060	19465	19542
0:56:15	30.1	8501	22720	22919	6935	21745	21649	6027	19524	19652
0:56:20	30.1	8521	22854	22850	6898	21593	21455	6053	19628	19513
0:56:25	30.1	8523	22910	22830	6881	21763	21550	6052	19355	19562
0:56:30	30.1	8574	22970	22855	6886	21738	21480	6059	19482	19655
0:56:35	30.1	8608	22992	22817	6916	21591	21521	6078	19506	19597
0:56:40	30.1	8493	22836	22857	6905	21665	21451	6054	19407	19621
0:56:45	30.1	8522	22929	22961	6931	21762	21520	6116	19664	19615
0:56:50	30.1	8524	22780	22870	6910	21746	21290	6115	19456	19683
0:56:55	30.1	8497	22884	22917	6873	21588	21426	6133	19318	19523
0:57:00	30.1	8536	22791	23056	6890	21574	21304	6083	19601	19723
0:57:05	30.1	8548	22923	22924	6896	21579	21535	6102	19495	19676
0:57:10	30.1	8545	22954	22680	6926	21625	21556	6097	19486	19525
0:57:15	30.1	8513	22862	22742	6866	21649	21338	6102	19536	19616
0:57:20	30.1	8573	23025	22683	6911	21515	21350	6102	19672	19434
0:57:25	30.1	8530	22861	22920	6879	21810	21355	6073	19365	19436
0:57:30	30.1	8545	22728	22853	6878	21705	21467	6091	19437	19374
0:57:35	30.1	8558	22741	22876	6938	21643	21471	6115	19365	19612
0:57:40	30.1	8601	22910	22682	6906	21676	21496	6157	19569	19628
0:57:45	30.1	8594	22735	22845	6890	21471	21451	6151	19407	19641
0:57:50	30.1	8619	22779	22921	6874	21758	21322	6165	19376	19396
0:57:55	30.1	8512	22818	22807	6876	21826	21532	6131	19520	19464
0:58:00	30.1	8576	22727	23050	6903	21488	21380	6101	19607	19698
0:58:05	30.1	8634	22984	22789	6852	21450	21325	6120	19470	19519
0:58:10	30.1	8616	22806	22900	6946	21634	21252	6110	19497	19381
0:58:15	30.1	8533	22812	22839	6963	21743	21475	6104	19312	19469
0:58:20	30.1	8584	22877	23057	6917	21597	21391	6092	19503	19461
0:58:25	30.1	8589	22654	22952	6954	21650	21386	6222	19293	19511
0:58:30	30.1	8631	22792	22885	6902	21546	21279	6162	19482	19403
0:58:35	30.1	8634	22801	22832	6918	21475	21433	6108	19518	19455
0:58:40	30.0	8575	22844	22819	6930	21751	21352	6088	19269	19712
0:58:45	30.1	8648	22954	22782	6943	21559	21471	6142	19504	19365
0:58:50	30.1	8620	23002	22902	6937	21411	21378	6146	19420	19450
0:58:55	30.1	8653	22791	22924	6947	21479	21484	6104	19428	19455
0:59:00	30.1	8603	22933	22844	6898	21483	21399	6143	19537	19632
0:59:05	30.1	8577	22941	22773	6938	21720	21316	6138	19378	19600
0:59:10	30.1	8590	22904	22861	6979	21728	21366	6170	19463	19539
0:59:15	30.0	8623	22805	22909	6932	21703	21290	6128	19444	19546
0:59:20	30.0	8632	22961	22822	7032	21585	21481	6098	19351	19555
0:59:25	30.1	8652	22895	22732	6961	21673	21349	6142	19333	19492
0:59:30	30.1	8617	22872	22937	6984	21661	21479	6171	19601	19622
0:59:35	30.1	8663	22956	22893	6971	21614	21292	6144	19422	19415
0:59:40	30.1	8608	22878	22988	6916	21474	21375	6155	19382	19477
0:59:45	30.1	8741	22829	22986	7022	21632	21360	6121	19380	19572
0:59:50	30.0	8692	22769	22859	6952	21541	21295	6194	19303	19544
0:59:55	30.1	8545	22812	22863	7001	21527	21494	6124	19451	19408
1:00:00	30.0	8726	22916	22933	6945	21614	21355	6153	19373	19593
1:00:05	30.1	8626	22661	22900	7026	21756	21439	6169	19356	19454
1:00:10	30.1	8640	22872	22887	6967	21819	21297	6140	19315	19507
1:00:15	30.1	8633	22912	22915	6921	21475	21448	6132	19521	19465
1:00:20	30.1	8649	22862	22841	6989	21666	21487	6147	19550	19545
1:00:25	30.1	8733	22865	22794	6992	21439	21311	6111	19472	19532
1:00:30	30.1	8686	22706	22871	6956	21659	21324	6191	19527	19425
1:00:35	30.0	8695	22841	22825	7002	21513	21404	6124	19521	19406
1:00:40	30.1	8665	22778	22914	6961	21502	21424	6131	19281	19575
1:00:45	30.1	8762	22993	22929	6966	21759	21413	6152	19446	19447
1:00:50	30.1	8758	23028	22981	6985	21680	21330	6131	19337	19432
1:00:55	30.1	8705	22754	22827	7019	21643	21335	6148	19472	19526
1:01:00	30.1	8726	22828	22698	6987	21710	21313	6181	19540	19619
1:01:05	30.1	8667	22788	22799	6981	21709	21407	6160	19301	19621
1:01:10	30.0	8746	22732	22717	6957	21451	21369	6168	19465	19426
1:01:15	30.0	8850	22933	22833	6972	21400	21331	6190	19434	19496
1:01:20	30.1	8662	23093	22679	6973	21742	21423	6187	19435	19492
1:01:25	30.1	8678	22869	22888	7009	21648	21268	6114	19396	19469
1:01:30	30.1	8651	22970	22940	6988	21520	21507	6194	19412	19511
1:01:35	30.1	8736	22938	22981	7002	21686	21436	6113	19534	19414
1:01:40	30.1	8785	22869	22817	7021	21534	21336	6165	19449	19462
1:01:45	30.1	8766	22978	22712	7046	21608	21438	6165	19470	19505
1:01:50	30.0	8756	22892	22915	7038	21563	21401	6196	19355	19537
1:01:55	30.0	8707	22992	22705	7031	21639	21384	6204	19422	19624
1:02:00	30.1	8802	23081	22868	7051	21549	21387	6188	19548	19549
1:02:05	30.1	8765	22690	22736	7049	21638	21282	6220	19514	19470
1:02:10	30.1	8706	23070	23084	6999	21533	21636	6178	19466	19606
1:02:15	30.1	8691	22779	22791	7074	21660	21425	6229	19380	19562
1:02:20	30.1	8739	23170	22951	7018	21604	21389	6172	19267	19403
1:02:25	30.1	8691	22903	22970	7039	21603	21509	6169	19618	19433
1:02:30	30.0	8801	22938	23035	7027	21515	21424	6172	19400	19477
1:02:35	30.0	8752	22850	22948	7010	21614	21375	6173	19369	19628
1:02:40	30.1	8748	22895	22908	7013	21568	21366	6171	19343	19588
1:02:45	30.1	8782	22966	22885	7019	21651	21493	6206	19277	19379
1:02:50	30.1	8789	22845	22990	7044	21644	21415	6206	19535	19402
1:02:55	30.1	8806	22762	22711	7034	21668	21569	6175	19401	19443
1:03:00	30.1	8779	23063	22840	7005	21564	21442	6183	19659	19605
1:03:05	30.1	8756	22799	22946	7081	21744	21295	6191	19552	19561
1:03:10	30.0	8757	22938	22934	7067	21701	21286	6170	19606	19517
1:03:15	30.0	8854	22976	22987	7043	21557	21360	6246	19435	19478
1:03:20	30.1	8790	22898	23081	7053	21602	21386	6175	19282	19601
1:03:25	30.1	8802	23038	22893	7008	21625	21403	6224	19335	19561
1:03:30	30.1	8793	23018	22960	7147	21538	21453	6220	19426	19581
1:03:35	30.1	8827	22885	22830	7034	21743	21565	6207	19533	19588
1:03:40	30.1	8820	22922	22790	7093	21637	21430	6182	19381	19471
1:03:45	30.0	8839	22851	23024	7024	21539	21399	6188	19281	19649
1:03:50	30.0	8787	22904	22846	7102	21450	21269	6172	19400	19556
1:03:55	30.0	8821	23055	23070	7103	21634	21393	6182	19421	19394
1:04:00	30.1	8867	23102	23028	7074	21760	21445	6249	19467	19475
1:04:05	30.1	8814	22795	22982	7104	21556	21532	6216	19502	19664
1:04:10	30.1	8796	23014	22795	7079	21667	21325	6251	19435	19515
1:04:15	30.1	8818	23004	22927	7092	21603	21426	6226	19508	19469
1:04:20	30.1	8859	23079	22984	7129	21545	21237	6173	19393	19712
1:04:25	30.0	8788	22962	22987	7068	21585	21384	6193	19373	19491
1:04:30	30.0	8880	23013	22891	7116	21620	21473	6256	19295	19520
1:04:35	30.0	8850	22903	22903	7135	21724	21326	6230	19403	19421
1:04:40	30.0	8864	23184	22907	7093	21469	21304	6218	19460	19597
1:04:45	30.0	8887	23070	22920	7057	21535	21336	6266	19497	19529
1:04:50	30.0	8932	22935	23019	7081	21634	21305	6180	19580	19625
1:04:55	30.0	8808	22889	22867	7129	21670	21347	6225	19420	19485
1:05:00	30.0	8950	22719	23055	7080	21599	21404	6203	19430	19576
1:05:05	30.0	8789	23272	22866	7105	21590	21369	6223	19522	19459
1:05:10	30.0	8902	22919	22907	7054	21616	21264	6192	19310	19386
1:05:15	30.0	8868	22888	22899	7106	21531	21382	6282	19411	19667
1:05:20	30.0	8896	23037	22817	7147	21781	21555	6229	19506	19379
1:05:25	30.0	8916	23081	22991	7157	21455	21516	6210	19432	19744
1:05:30	30.0	8890	23127	22918	7123	21511	21246	6284	19241	19569
1:05:35	30.0	8924	23021	23029	7125	21700	21433	6178	19609	19356
1:05:40	30.0	8886	22915	22962	7169	21612	21389	6243	19427	19463
1:05:45	30.0	8925	22936	22866	7132	21546	21474	6205	19402	19614
1:05:50	30.0	8926	23188	22946	7147	21661	21369	6215	19472	19467
1:05:55	30.0	8917	22872	22948	7162	21709	21282	6249	19418	19662
1:06:00	30.0	8971	22959	22981	7133	21594	21545	6254	19432	19622
1:06:05	30.0	8996	23089	23127	7202	21495	21452	6222	19391	19496
1:06:10	30.0	8956	23025	23095	7113	21593	21409	6240	19441	19503
1:06:15	30.0	8961	22908	22974	7140	21613	21342	6221	19438	19578
1:06:20	30.0	8965	22984	22968	7129	21669	21454	6201	19438	19662
1:06:25	30.0	8925	23064	22955	7134	21604	21581	6293	19483	19628
1:06:30	30.0	8924	22960	23255	7129	21792	21358	6265	19514	19605
1:06:35	30.0	8968	23002	23057	7134	21640	21242	6285	19636	19564
1:06:40	30.0	9056	23067	23100	7173	21529	21381	6263	19452	19557
1:06:45	30.0	9006	22736	22987	7140	21581	21454	6199	19369	19609
1:06:50	30.0	8943	22996	22970	7128	21472	21306	6227	19469	19580
1:06:55	30.0	9001	23116	23120	7196	21898	21475	6288	19383	19499
1:07:00	30.0	9022	23133	23007	7147	21579	21435	6306	19512	19492
1:07:05	30.0	8994	23182	22922	7150	21718	21521	6311	19389	19573
1:07:10	30.0	9037	23208	22837	7157	21782	21340	6318	19412	19556
1:07:15	30.0	9026	22999	22941	7175	21547	21360	6254	19472	19455
1:07:20	30.0	9013	23168	22978	7191	21729	21571	6331	19546	19766
1:07:25	30.0	9028	22962	23078	7195	21604	21333	6262	19477	19507
1:07:30	30.0	9002	23079	23027	7164	21489	21435	6259	19514	19635
1:07:35	30.0	8992	23201	23015	7115	21539	21178	6292	19390	19451
1:07:40	30.0	9045	23168	22977	7156	21730	21495	6226	19594	19508
1:07:45	30.0	8994	22983	23212	7149	21717	21329	6266	19407	19616
1:07:50	30.0	8962	23037	23135	7202	21568	21414	6262	19426	19611
1:07:55	30.0	9085	23100	23059	7242	21677	21439	6287	19552	19565
1:08:00	30.0	9105	23128	23077	7148	21624	21340	6284	19433	19558
1:08:05	30.0	9057	23302	23071	7175	21772	21516	6336	19462	19568
1:08:10	30.0	9065	23212	23237	7213	21513	21346	6263	19408	19539
1:08:15	30.0	9087	23095	22922	7240	21700	21398	6313	19457	19575
1:08:20	30.0	9137	23055	22906	7177	21677	21404	6305	19349	19534
1:08:25	30.0	9040	22964	22843	7206	21634	21436	6285	19515	19666
1:08:30	30.1	9165	23047	23108	7228	21737	21608	6242	19388	19651
1:08:35	30.0	9128	23133	23122	7195	21650	21387	6280	19578	19652
1:08:40	30.0	9039	23145	23016	7242	21648	21455	6259	19431	19768
1:08:45	30.0	9115	23074	23091	7217	21553	21261	6265	19485	19532
1:08:50	30.0	9124	23162	23088	7242	21622	21345	6273	19480	19618
1:08:55	30.0	9037	23085	23135	7211	21673	21400	6263	19424	19680
1:09:00	30.0	9101	23132	23178	7304	21692	21308	6299	19516	19480
1:09:05	30.0	9117	23233	23082	7192	21508	21289	6349	19524	19589
1:09:10	30.0	9171	23150	22969	7255	21533	21460	6299	19624	19614
1:09:15	30.0	9080	23151	23254	7184	21565	21200	6283	19487	19592
1:09:20	30.0	9137	23265	23092	7198	21659	21368	6352	19432	19592
1:09:25	30.0	9043	23112	22939	7251	21847	21395	6300	19412	19497
1:09:30	30.0	9117	23026	23032	7264	21641	21427	6288	19469	19580
1:09:35	30.0	9093	22994	23068	7256	21759	21508	6298	19487	19610
1:09:40	30.0	9115	23226	23120	7283	21530	21309	6312	19309	19507
1:09:45	30.0	9228	23048	23096	7223	21712	21401	6331	19534	19612
1:09:50	30.0	9141	22959	23082	7225	21598	21441	6296	19481	19563
1:09:55	30.0	9199	23041	23193	7273	21747	21475	6288	19401	19539
1:10:00	30.0	9099	23284	23107	7223	21767	21374	6356	19490	19682
1:10:05	30.0	9163	23126	23069	7292	21702	21462	6315	19484	19475
1:10:10	30.0	9093	23327	23030	7262	21701	21394	6302	19572	19496
1:10:15	30.0	9234	23028	23129	7229	21715	21555	6282	19397	19707
1:10:20	30.0	9166	23113	23285	7280	21811	21584	6349	19502	19732
1:10:25	30.0	9125	23144	23049	7288	21640	21420	6308	19312	19639
1:10:30	30.0	9132	23306	23049	7236	21687	21525	6327	19379	19670
1:10:35	30.0	9105	23193	23238	7312	21580	21344	6390	19647	19660
1:10:40	30.0	9190	23188	23162	7339	21750	21471	6365	19515	19690
1:10:45	30.0	9124	23312	23118	7249	21765	21502	6354	19474	19507
1:10:50	30.0	9165	23177	23170	7298	21712	21451	6398	19645	19659
1:10:55	30.0	9215	23391	23116	7287	21724	21656	6363	19640	19769
1:11:00	30.0	9205	23213	23257	7312	21750	21321	6378	19522	19730
1:11:05	30.0	9200	23221	23082	7252	21742	21511	6386	19537	19611
1:11:10	30.0	9172	23153	23251	7300	21738	21479	6426	19491	19730
1:11:15	30.0	9240	23205	23180	7334	21764	21610	6394	19539	19690
1:11:20	30.0	9208	23158	23166	7370	21816	21399	6365	19472	19657
1:11:25	30.0	9245	23231	23209	7329	21670	21389	6353	19581	19547
1:11:30	30.0	9218	23245	23228	7363	21787	21446	6364	19447	19493
1:11:35	30.0	9207	23309	23325	7356	21613	21423	6351	19530	19722
1:11:40	30.0	9261	23299	23310	7294	21665	21604	6432	19462	19537
1:11:45	30.0	9247	23251	23214	7376	21668	21590	6368	19705	19766
1:11:50	30.0	9293	23248	23203	7311	21723	21432	6351	19750	19777
1:11:55	30.0	9258	23098	23334	7296	21894	21473	6371	19595	19621
1:12:00	30.0	9261	23147	23116	7349	21720	21451	6363	19858	19895
1:12:05	30.0	9250	23203	23266	7346	21678	21626	6395	19543	19663
1:12:10	30.0	9293	23164	23411	7348	21716	21698	6382	19542	19898
1:12:15	30.0	9252	23435	22997	7277	21816	21479	6413	19457	19551
1:12:20	30.0	9348	23357	23261	7383	21993	21549	6378	19553	19601
1:12:25	30.0	9227	23368	23068	7334	21508	21652	6418	19432	19836
1:12:30	30.0	9306	23365	23214	7324	21712	21432	6395	19570	19730
1:12:35	30.0	9230	23439	23357	7311	21757	21444	6408	19520	19643
1:12:40	30.0	9317	23268	23341	7300	21825	21523	6424	19555	19715
1:12:45	30.0	9347	23294	23241	7358	21754	21532	6416	19668	19725
1:12:50	30.0	9330	23371	23300	7387	21857	21600	6417	19589	19795
1:12:55	30.0	9330	23407	23377	7349	21687	21601	6403	19422	19742
1:13:00	30.0	9375	23333	23344	7320	21764	21615	6421	19591	19616
1:13:05	30.0	9282	23358	23387	7325	21816	21541	6412	19584	19664
1:13:10	30.0	9371	23242	23507	7361	21829	21661	6428	19432	19720
1:13:15	30.0	9404	23267	23333	7417	21977	21521	6410	19641	19714
1:13:20	30.0	9417	23420	23395	7377	21841	21273	6421	19503	19569
1:13:25	30.0	9414	23430	23507	7376	21732	21615	6373	19454	19765
1:13:30	30.0	9390	23387	23266	7414	21793	21580	6432	19652	19721
1:13:35	30.0	9282	23277	23239	7395	21838	21424	6447	19534	19601
1:13:40	30.0	9302	23441	23233	7373	21834	21411	6407	19668	19799
1:13:45	30.0	9332	23257	23386	7369	21914	21629	6405	19602	19658
1:13:50	30.0	9391	23357	23319	7415	21936	21241	6450	19698	19763
1:13:55	30.0	9371	23335	23183	7415	21681	21595	6456	19680	19818
1:14:00	30.0	9396	23657	23266	7406	21694	21513	6445	19615	19636
1:14:05	30.0	9322	23392	23510	7463	21715	21735	6444	19754	19757
1:14:10	30.0	9350	23502	23221	7395	21816	22029	6462	19531	19763
1:14:15	30.0	9334	23406	23309	7415	21756	21935	6413	19516	19694
1:14:20	30.0	9419	23397	23412	7372	21691	21942	6458	19647	19777
1:14:25	30.0	9475	23317	23462	7440	21938	21793	6444	19491	19758
1:14:30	30.0	9427	23467	23453	7494	21927	21777	6458	19788	19823
1:14:35	30.0	9376	23487	23558	7429	21880	21982	6448	19643	19708
1:14:40	30.0	9490	23420	23399	7384	21871	22162	6448	19523	19714
1:14:45	30.0	9421	23452	23419	7435	21738	21789	6448	19541	19913
1:14:50	30.0	9360	23361	23349	7412	21833	22149	6468	19615	19798
1:14:55	30.0	9445	23473	23519	7419	21891	21779	6441	19727	19765
1:15:00	30.0	9462	23311	23493	7519	21814	22149	6395	19500	19720
1:15:05	30.0	9446	23440	23419	7424	21845	21965	6455	19675	19847
1:15:10	30.0	9518	23535	23417	7480	21848	21892	6409	19588	19784
1:15:15	30.0	9468	23508	23357	7407	21983	21757	6444	19641	19758
1:15:20	30.0	9510	23378	23421	7474	21821	22008	6455	19687	19768
1:15:25	30.0	9514	23525	23439	7367	21822	21788	6452	19632	19886
1:15:30	30.0	9478	23431	23504	7479	21747	21938	6477	19662	19760
1:15:35	30.0	9433	23545	23401	7484	21880	21882	6453	19684	19710
1:15:40	30.0	9480	23605	23628	7476	21883	21806	6409	19575	19887
1:15:45	30.0	9514	23516	23394	7449	22005	21947	6429	19564	19836
1:15:50	30.0	9438	23543	23469	7461	21891	21730	6444	19667	19842
1:15:55	30.0	9547	23363	23409	7494	22041	22045	6441	19619	19895
1:16:00	30.0	9450	23341	23413	7443	21979	21911	6491	19739	19744
1:16:05	30.0	9597	23362	23290	7455	21733	21824	6497	19812	19762
1:16:10	30.0	9586	23531	23667	7513	21884	21838	6400	19695	19748
1:16:15	30.0	9581	23294	23503	7519	21888	21863	6489	19593	19837
1:16:20	30.0	9447	23384	23542	7504	21945	22001	6416	19593	19673
1:16:25	30.0	9443	23484	23352	7467	21953	21674	6467	19614	19719
1:16:30	30.0	9443	23487	23213	7506	22060	21958	6484	19608	19909
1:16:35	30.0	9494	23451	23419	7519	21850	22053	6518	19676	19718
1:16:40	30.0	9492	23310	23356	7544	21917	21967	6515	19718	19842
1:16:45	30.0	9484	23587	23348	7448	21782	21840	6542	19669	19617
1:16:50	30.0	9535	23543	23475	7516	21841	21903	6502	19574	19770
1:16:55	30.0	9536	23572	23484	7553	21911	22021	6477	19577	19601
1:17:00	30.0	9604	23572	23552	7477	21983	21897	6483	19612	19761
1:17:05	30.0	9520	23484	23428	7542	21920	21959	6438	19638	19795
1:17:10	30.0	9516	23656	23466	7470	21818	21981	6566	19652	19832
1:17:15	30.0	9570	23429	23467	7458	21784	22024	6451	19641	19795
1:17:20	30.0	9541	23450	23365	7486	22109	21781	6455	19748	19930
1:17:25	30.0	9547	23546	23489	7516	21893	22034	6541	19791	19801
1:17:30	30.0	9588	23617	23389	7521	21812	21953	6482	19727	19735
1:17:35	30.0	9530	23406	23714	7471	22049	21899	6495	19642	19811
1:17:40	30.0	9631	23363	23582	7545	21877	22073	6523	19688	19768
1:17:45	30.0	9564	23434	23447	7510	21878	21977	6476	19549	19736
1:17:50	30.0	9521	23479	23171	7550	21996	21984	6491	19650	19852
1:17:55	30.0	9561	23597	23333	7525	21917	21835	6510	19787	19919
1:18:00	30.0	9600	23586	23469	7587	22050	21931	6547	19671	19822
1:18:05	30.0	9632	23458	23448	7489	21921	22111	6540	19581	19707
1:18:10	30.0	9635	23510	23642	7567	22009	21948	6473	19793	19748
1:18:15	30.0	9636	23492	23493	7536	21836	21926	6480	19704	19839
1:18:20	30.0	9681	23504	23347	7515	21833	21994	6505	19701	19755
1:18:25	30.0	9593	23519	23627	7489	21840	21960	6553	19693	19858
1:18:30	30.0	9618	23584	23630	7591	21865	21833	6546	19582	19877
1:18:35	30.0	9647	23432	23587	7582	21889	22085	6500	19590	19938
1:18:40	30.0	9520	23549	23427	7553	21852	22063	6555	19730	19820
1:18:45	30.0	9665	23359	23784	7530	21768	22019	6521	19633	19777
1:18:50	30.0	9645	23682	23402	7523	21907	22092	6555	19706	19768
1:18:55	30.0	9635	23702	23384	7512	21936	21951	6563	19576	19921
1:19:00	30.0	9585	23670	23610	7541	22052	21970	6470	19665	19989
1:19:05	30.0	9703	23625	23541	7546	21847	21974	6549	19844	19746
1:19:10	30.0	9604	23495	23512	7600	21972	22042	6498	19582	19909
1:19:15	30.0	9602	23645	23617	7606	21921	21883	6466	19645	19791
1:19:20	30.0	9651	23857	23606	7548	21803	21962	6547	19784	19809
1:19:25	30.0	9587	23584	23745	7612	21762	21990	6606	19877	20002
1:19:30	30.0	9689	23561	23485	7605	21922	22056	6556	19706	19898
1:19:35	30.0	9727	23574	23526	7541	21902	21813	6510	19604	19816
1:19:40	30.0	9702	23588	23549	7592	21752	22140	6552	19647	19789
1:19:45	30.0	9734	23568	23541	7596	22084	21954	6539	19870	19815
1:19:50	30.0	9631	23410	23791	7564	21857	21857	6539	19649	19567
1:19:55	30.0	9725	23551	23488	7563	21909	22022	6495	19597	19828
1:20:00	30.0	9682	23525	23532	7565	21864	22014	6625	19563	19797
1:20:05	30.0	9688	23825	23584	7580	21891	21975	6575	19720	19783
1:20:10	30.0	9663	23424	23402	7651	21926	21988	6540	19546	19798
1:20:15	30.0	9685	23742	23573	7605	21912	22010	6521	19763	19994
1:20:20	30.0	9627	23720	23391	7631	22069	21748	6537	19558	19861
1:20:25	30.0	9741	23602	23607	7581	21886	21934	6557	19804	19892
1:20:30	30.0	9708	23611	23401	7606	21726	21846	6604	19713	19752
1:20:35	30.0	9731	23649	23598	7609	21885	21837	6546	19662	19720
1:20:40	30.0	9691	23583	23542	7575	21914	21976	6509	19659	19834
1:20:45	30.0	9783	23535	23550	7588	21990	21877	6562	19692	19918
1:20:50	30.0	9696	23561	23561	7590	21958	21875	6494	19682	19746
1:20:55	30.0	9760	23565	23444	7615	21967	22000	6556	19647	19715
1:21:00	30.0	9716	23640	23471	7630	21781	21816	6570	19787	19743
1:21:05	30.0	9792	23596	23593	7588	21891	22003	6578	19772	19967
1:21:10	30.0	9779	23549	23619	7642	21860	22078	6585	19596	19842
1:21:15	30.0	9700	23496	23549	7679	21970	21794	6575	19815	19795
1:21:20	30.0	9760	23615	23693	7690	21705	22004	6563	19756	19717
1:21:25	30.0	9681	23718	23589	7597	22041	21816	6557	19652	19858
1:21:30	30.0	9821	23641	23466	7566	22002	21949	6556	19763	19842
1:21:35	30.0	9722	23544	23600	7586	21963	22029	6602	19744	19876
1:21:40	30.0	9827	23507	23460	7670	22105	21912	6505	19607	20074
1:21:45	30.0	9773	23767	23495	7690	21886	22120	6552	19578	19829
1:21:50	30.0	9804	23440	23597	7658	21947	21996	6545	19747	19814
1:21:55	30.0	9709	23673	23602	7598	22099	22054	6580	19720	19800
1:22:00	30.0	9764	23626	23580	7661	21841	21951	6574	19653	19965
1:22:05	30.0	9784	23765	23747	7591	22103	21838	6510	19709	19749
1:22:10	30.0	9785	23713	23750	7664	21861	21956	6608	19681	19825
1:22:15	30.0	9822	23500	23547	7669	21754	21980	6582	19581	19820
1:22:20	30.0	9754	23704	23747	7695	21999	21954	6536	19782	19903
1:22:25	30.0	9845	23637	23606	7699	21904	21987	6601	19672	19855
1:22:30	30.0	9798	23719	23575	7681	21949	22136	6555	19751	19902
1:22:35	30.0	9809	23781	23530	7647	21821	21925	6551	19854	19799
1:22:40	30.0	9860	23681	23527	7667	21894	22043	6604	19610	19967
1:22:45	30.0	9832	23707	23613	7713	22004	21997	6623	19692	19880
1:22:50	30.0	9769	23746	23555	7662	21744	21789	6611	19634	19726
1:22:55	30.0	9850	23642	23734	7691	21810	21816	6659	19714	19924
1:23:00	30.0	9893	23601	23634	7718	21918	21812	6656	19763	19698

Results
	1	2	3	4	5	6	7	8	9	10	11	12
A													Max V [425,457]
													R-Squared [425,457]
													t at Max V [425,457]
													Lagtime [425,457]
B													Max V [425,457]
													R-Squared [425,457]
													t at Max V [425,457]
													Lagtime [425,457]
C		-2436000.000	6636000.000	-4968000.000	1668000.000	-5820000.000	5784000.000	1704000.000	5016000.000	5436000.000			Max V [425,457]
		1.000	1.000	1.000	1.000	1.000	1.000	1.000	1.000	1.000			R-Squared [425,457]
		0:18:53	1:05:03	1:12:13	1:03:28	1:12:23	0:32:03	0:18:48	0:41:38	0:54:23			t at Max V [425,457]
		0:19:13	1:02:32	1:15:37	1:02:32	1:15:07	0:29:19	0:18:36	0:38:50	0:51:47			Lagtime [425,457]
D													Max V [425,457]
													R-Squared [425,457]
													t at Max V [425,457]
													Lagtime [425,457]
E													Max V [425,457]
													R-Squared [425,457]
													t at Max V [425,457]
													Lagtime [425,457]
F													Max V [425,457]
													R-Squared [425,457]
													t at Max V [425,457]
													Lagtime [425,457]
G													Max V [425,457]
													R-Squared [425,457]
													t at Max V [425,457]
													Lagtime [425,457]
H													Max V [425,457]
													R-Squared [425,457]
													t at Max V [425,457]
													Lagtime [425,457]

