

Software Version	3.03.14



Experiment File Path:	C:\Users\Public\Documents\Experiments\Tina\20190606_GAP_assay2.xpt
Protocol File Path:	C:\Users\Public\Documents\Protocols\Tina\GAP_sensor_assay.prt



Plate Number	Plate 1
Date	6/6/2019
Time	5:02:03 PM
Reader Type:	Synergy H1
Reader Serial Number:	1803011C
Reading Type	Reader

Procedure Details

Plate Type	Costar 96 well half area
Set Temperature	Setpoint 30°C
Start Kinetic	Runtime 1:23:00 (HH:MM:SS), Interval 0:00:05, 997 Reads
    Read	Fluorescence Endpoint
	A4..A9
	Filter Set 1
	    Excitation: 425,  Emission: 457
	    Optics: Bottom,  Gain: 57
	Light Source: Xenon Flash,  Lamp Energy: High
	Read Speed: Normal,  Delay: 0 msec,  Measurements/Data Point: 5
	Read Height: 7 mm
End Kinetic	

Layout
	1	2	3	4	5	6	7	8	9	10	11	12
A				SPL1	SPL2	SPL3	SPL4	SPL5	SPL6				Well ID
B													Well ID
C													Well ID
D													Well ID
E													Well ID
F													Well ID
G													Well ID
H													Well ID

425,457

Time	T° 425,457	A4	A5	A6	A7	A8	A9
0:00:00	30.0	7670	7093	6348	7664	7634	6208
0:00:05	30.0	7724	7206	6298	7631	7646	6300
0:00:10	30.0	7680	7226	6347	7707	7691	6263
0:00:15	30.0	7764	7218	6371	7679	7649	6251
0:00:20	30.0	7775	7285	6410	7756	7639	6337
0:00:25	30.0	7733	7246	6373	7755	7648	6366
0:00:30	30.0	7769	7251	6412	7755	7656	6439
0:00:35	30.0	7765	7314	6391	7755	7623	6447
0:00:40	30.0	7774	7325	6399	7795	7692	6474
0:00:45	30.0	7785	7338	6366	7865	7706	6527
0:00:50	30.0	7841	7401	6420	7773	7653	6510
0:00:55	30.1	7838	7364	6400	7820	7693	6572
0:01:00	30.0	7804	7397	6360	7859	7694	6578
0:01:05	30.1	7799	7406	6406	7829	7743	6617
0:01:10	30.1	7843	7492	6344	7826	7678	6637
0:01:15	30.0	7760	7437	6416	7788	7728	6681
0:01:20	30.1	7813	7512	6444	7841	7757	6686
0:01:25	30.0	7786	7554	6381	7889	7686	6745
0:01:30	30.0	7837	7518	6398	7894	7629	6736
0:01:35	30.0	7783	7525	6441	7885	7640	6809
0:01:40	30.0	7802	7559	6387	7959	7716	6812
0:01:45	30.0	7795	7560	6369	7923	7729	6806
0:01:50	30.0	7799	7569	6435	7909	7690	6894
0:01:55	30.0	7864	7554	6398	7908	7722	6948
0:02:00	30.0	7872	7570	6385	7963	7701	6988
0:02:05	30.0	7865	7634	6439	7884	7737	7009
0:02:10	30.0	7808	7611	6390	7946	7724	7073
0:02:15	30.0	7769	7701	6434	8035	7671	7038
0:02:20	30.0	7784	7682	6373	8030	7686	7072
0:02:25	30.0	7749	7678	6440	8043	7728	7178
0:02:30	30.0	7841	7710	6426	7963	7646	7157
0:02:35	30.0	7726	7768	6430	7997	7691	7182
0:02:40	30.0	7791	7690	6474	8045	7657	7291
0:02:45	30.0	7831	7768	6444	8018	7646	7229
0:02:50	30.0	7774	7782	6436	8026	7659	7317
0:02:55	30.0	7788	7864	6420	8045	7708	7365
0:03:00	30.0	7768	7823	6493	8074	7720	7421
0:03:05	30.0	7783	7910	6411	8105	7701	7468
0:03:10	30.0	7790	7888	6419	8076	7686	7529
0:03:15	30.0	7797	7856	6427	8085	7726	7495
0:03:20	30.0	7793	7943	6392	8033	7648	7633
0:03:25	30.0	7804	7909	6445	8068	7684	7625
0:03:30	30.0	7836	7944	6465	8165	7736	7665
0:03:35	30.0	7781	8013	6432	8129	7652	7772
0:03:40	30.0	7768	8026	6455	8112	7710	7752
0:03:45	30.0	7792	8039	6463	8138	7692	7776
0:03:50	30.0	7814	8077	6445	8165	7676	7898
0:03:55	30.0	7804	8042	6440	8153	7683	7898
0:04:00	30.0	7719	8014	6354	8192	7703	7974
0:04:05	30.0	7764	8126	6459	8185	7680	7998
0:04:10	30.0	7777	8149	6464	8164	7754	8022
0:04:15	30.0	7763	8222	6378	8243	7715	8112
0:04:20	30.0	7747	8175	6428	8213	7686	8215
0:04:25	30.0	7815	8284	6442	8213	7671	8259
0:04:30	30.0	7780	8204	6469	8249	7729	8348
0:04:35	30.0	7824	8250	6460	8210	7725	8320
0:04:40	30.0	7796	8259	6444	8218	7706	8422
0:04:45	30.0	7776	8336	6408	8244	7754	8546
0:04:50	30.0	7821	8409	6385	8266	7687	8539
0:04:55	30.0	7831	8446	6503	8308	7647	8538
0:05:00	30.0	7794	8398	6423	8313	7678	8666
0:05:05	30.0	7838	8475	6422	8315	7713	8672
0:05:10	30.0	7768	8438	6449	8282	7698	8820
0:05:15	30.0	7791	8424	6449	8311	7750	8840
0:05:20	30.0	7813	8506	6432	8288	7637	8985
0:05:25	30.0	7787	8517	6463	8393	7728	9024
0:05:30	30.0	7838	8626	6459	8361	7730	9013
0:05:35	30.0	7863	8479	6461	8368	7671	9132
0:05:40	30.0	7743	8628	6457	8400	7655	9265
0:05:45	30.0	7798	8610	6438	8419	7685	9272
0:05:50	30.0	7798	8681	6431	8408	7655	9399
0:05:55	30.0	7749	8751	6500	8455	7695	9435
0:06:00	30.0	7817	8699	6533	8456	7711	9529
0:06:05	30.0	7809	8786	6454	8397	7788	9616
0:06:10	30.0	7764	8844	6462	8505	7700	9620
0:06:15	30.0	7762	8901	6449	8462	7699	9786
0:06:20	30.0	7749	8837	6462	8444	7689	9833
0:06:25	30.0	7840	8831	6510	8510	7690	9978
0:06:30	30.0	7824	8911	6481	8478	7696	10043
0:06:35	30.0	7785	8909	6398	8515	7750	10035
0:06:40	30.0	7778	8957	6462	8503	7779	10206
0:06:45	30.0	7808	9034	6485	8512	7640	10263
0:06:50	30.0	7834	9036	6510	8584	7688	10363
0:06:55	30.0	7805	9130	6480	8587	7711	10454
0:07:00	30.0	7870	9111	6498	8478	7661	10565
0:07:05	30.0	7776	9143	6449	8654	7668	10643
0:07:10	30.0	7826	9218	6457	8608	7711	10805
0:07:15	30.0	7826	9263	6443	8611	7691	10895
0:07:20	30.0	7878	9307	6445	8652	7720	10873
0:07:25	30.0	7831	9283	6476	8670	7733	11061
0:07:30	30.0	7794	9338	6432	8658	7721	11139
0:07:35	30.0	7847	9440	6475	8679	7666	11214
0:07:40	30.0	7753	9441	6395	8750	7706	11367
0:07:45	30.0	7745	9498	6462	8657	7743	11441
0:07:50	30.0	7843	9491	6508	8656	7733	11511
0:07:55	30.0	7777	9567	6451	8744	7743	11659
0:08:00	30.0	7767	9596	6435	8691	7715	11798
0:08:05	30.0	7825	9670	6478	8726	7703	11808
0:08:10	30.0	7783	9650	6494	8783	7688	11908
0:08:15	30.0	7798	9762	6455	8695	7672	11995
0:08:20	30.0	7818	9677	6486	8783	7757	12150
0:08:25	30.0	7839	9783	6497	8751	7704	12365
0:08:30	30.0	7749	9771	6500	8802	7704	12318
0:08:35	30.0	7757	9858	6464	8861	7728	12482
0:08:40	30.0	7755	9815	6471	8846	7692	12596
0:08:45	30.0	7841	9956	6458	8833	7698	12589
0:08:50	30.0	7786	9968	6433	8884	7753	12743
0:08:55	30.0	7815	10022	6479	8953	7708	12871
0:09:00	30.0	7811	10058	6473	8877	7687	13004
0:09:05	30.0	7819	10174	6483	8896	7747	13147
0:09:10	30.0	7815	10113	6500	8975	7712	13232
0:09:15	30.0	7791	10200	6505	8931	7718	13367
0:09:20	30.0	7828	10249	6465	8997	7701	13396
0:09:25	30.0	7845	10397	6450	8982	7767	13571
0:09:30	30.0	7733	10341	6481	8984	7647	13755
0:09:35	30.0	7795	10410	6504	9050	7663	13859
0:09:40	30.0	7824	10385	6457	9020	7722	13868
0:09:45	30.0	7816	10463	6457	9148	7784	13929
0:09:50	30.0	7809	10570	6484	9026	7702	14252
0:09:55	30.0	7785	10610	6508	8999	7710	14362
0:10:00	30.0	7837	10609	6457	9109	7730	14450
0:10:05	30.0	7804	10674	6481	9127	7778	14496
0:10:10	30.0	7775	10706	6514	9075	7763	14516
0:10:15	30.0	7822	10796	6505	9142	7707	14708
0:10:20	30.0	7792	10813	6494	9138	7695	14814
0:10:25	30.0	7754	10894	6515	9189	7712	14910
0:10:30	30.0	7808	10906	6479	9158	7724	15122
0:10:35	30.0	7761	11024	6433	9152	7758	15119
0:10:40	30.0	7824	11043	6538	9165	7718	15339
0:10:45	30.0	7795	11065	6508	9129	7720	15448
0:10:50	30.0	7735	11136	6499	9214	7766	15563
0:10:55	30.0	7783	11201	6506	9150	7693	15770
0:11:00	30.0	7831	11293	6477	9263	7674	15885
0:11:05	30.0	7734	11264	6528	9250	7698	15973
0:11:10	30.0	7826	11406	6497	9258	7680	16040
0:11:15	30.0	7821	11422	6482	9342	7683	16098
0:11:20	30.0	7765	11545	6481	9341	7697	16214
0:11:25	30.0	7774	11617	6506	9335	7758	16450
0:11:30	30.0	7849	11672	6469	9314	7722	16440
0:11:35	30.0	7858	11659	6511	9399	7678	16630
0:11:40	30.0	7780	11771	6491	9398	7654	16763
0:11:45	30.0	7801	11787	6476	9400	7715	16928
0:11:50	30.0	7774	11750	6511	9471	7780	16972
0:11:55	30.0	7822	11904	6519	9450	7787	17181
0:12:00	30.0	7847	11906	6500	9495	7733	17092
0:12:05	30.0	7852	12018	6519	9524	7660	17270
0:12:10	30.0	7793	12054	6482	9621	7666	17381
0:12:15	30.0	7813	12171	6470	9433	7656	17564
0:12:20	30.0	7848	12271	6439	9509	7688	17612
0:12:25	30.0	7823	12346	6523	9547	7707	17737
0:12:30	30.0	7751	12386	6485	9551	7778	17800
0:12:35	30.0	7798	12443	6523	9581	7716	17926
0:12:40	30.0	7765	12495	6537	9577	7730	18056
0:12:45	30.0	7798	12542	6557	9676	7662	18069
0:12:50	30.0	7828	12591	6481	9572	7696	18234
0:12:55	30.0	7838	12636	6508	9662	7735	18479
0:13:00	30.0	7762	12797	6496	9657	7715	18535
0:13:05	30.0	7815	12779	6530	9642	7732	18617
0:13:10	30.0	7782	12842	6529	9792	7706	18726
0:13:15	30.0	7827	12973	6524	9754	7703	18846
0:13:20	30.0	7767	13091	6494	9741	7683	18929
0:13:25	30.0	7820	13050	6535	9766	7705	19013
0:13:30	30.0	7762	13082	6501	9790	7784	19176
0:13:35	30.0	7835	13213	6506	9794	7725	19228
0:13:40	30.0	7813	13263	6535	9827	7731	19370
0:13:45	30.0	7816	13290	6467	9839	7759	19335
0:13:50	30.0	7815	13406	6520	9822	7718	19506
0:13:55	30.0	7818	13476	6491	9805	7656	19679
0:14:00	30.0	7793	13568	6533	9909	7695	19738
0:14:05	30.0	7836	13547	6465	10010	7747	19821
0:14:10	30.0	7852	13638	6465	9947	7702	19899
0:14:15	30.0	7826	13677	6470	9959	7774	19993
0:14:20	30.0	7769	13849	6524	10045	7753	20229
0:14:25	30.0	7800	13879	6535	10108	7736	20342
0:14:30	30.0	7732	13975	6543	9949	7703	20356
0:14:35	30.0	7797	14101	6528	10026	7756	20446
0:14:40	30.0	7796	14049	6473	10027	7787	20535
0:14:45	30.0	7822	14090	6532	10103	7700	20704
0:14:50	30.0	7847	14302	6474	10118	7685	20808
0:14:55	30.0	7758	14275	6491	10187	7751	20850
0:15:00	30.0	7768	14412	6527	10064	7718	21014
0:15:05	30.0	7745	14526	6507	10181	7767	20938
0:15:10	30.0	7808	14546	6571	10206	7698	21173
0:15:15	30.0	7864	14609	6500	10195	7665	21298
0:15:20	30.0	7767	14696	6537	10262	7710	21356
0:15:25	30.0	7866	14773	6528	10283	7740	21386
0:15:30	30.0	7754	14945	6498	10300	7682	21570
0:15:35	30.0	7798	14966	6533	10252	7681	21660
0:15:40	30.0	7803	15065	6554	10317	7674	21571
0:15:45	30.0	7794	15115	6548	10435	7677	21911
0:15:50	30.0	7849	15210	6503	10383	7742	21707
0:15:55	30.0	7798	15295	6533	10412	7721	21861
0:16:00	30.0	7786	15297	6522	10435	7715	22137
0:16:05	30.0	7803	15436	6506	10447	7643	22027
0:16:10	30.0	7778	15455	6566	10448	7719	22248
0:16:15	30.0	7817	15593	6573	10532	7779	22348
0:16:20	30.0	7813	15565	6600	10579	7722	22476
0:16:25	30.0	7750	15731	6492	10606	7664	22680
0:16:30	30.0	7810	15688	6531	10508	7672	22545
0:16:35	30.0	7772	15838	6577	10549	7753	22908
0:16:40	30.0	7768	15906	6533	10665	7705	22566
0:16:45	30.0	7816	16006	6502	10631	7729	22815
0:16:50	30.0	7812	16087	6557	10759	7729	22944
0:16:55	30.0	7857	16144	6559	10686	7734	23170
0:17:00	30.0	7765	16252	6568	10728	7749	23220
0:17:05	30.0	7806	16316	6541	10812	7700	23188
0:17:10	30.0	7803	16519	6529	10732	7763	23265
0:17:15	30.0	7812	16514	6545	10778	7709	23344
0:17:20	30.0	7839	16615	6542	10809	7766	23680
0:17:25	30.0	7807	16579	6516	10788	7734	23589
0:17:30	30.0	7809	16709	6571	10804	7717	23592
0:17:35	30.0	7859	16670	6547	10878	7784	23724
0:17:40	30.0	7795	16860	6567	10925	7756	23832
0:17:45	30.0	7764	16949	6560	10984	7698	24063
0:17:50	30.0	7796	17072	6529	10966	7720	23963
0:17:55	30.0	7793	17170	6558	10963	7727	24006
0:18:00	30.0	7807	17145	6579	10994	7706	24153
0:18:05	30.0	7781	17229	6518	11041	7720	24289
0:18:10	30.0	7789	17390	6583	11054	7770	24287
0:18:15	30.0	7806	17503	6564	11144	7806	24391
0:18:20	30.0	7781	17527	6552	11122	7731	24405
0:18:25	30.0	7853	17639	6531	11176	7748	24446
0:18:30	30.0	7740	17814	6501	11198	7777	24608
0:18:35	30.0	7799	17828	6583	11111	7727	24761
0:18:40	30.0	7771	17890	6542	11237	7761	24969
0:18:45	30.0	7786	18014	6573	11280	7685	24816
0:18:50	30.0	7781	17999	6566	11234	7710	25049
0:18:55	30.0	7795	18083	6516	11311	7684	25062
0:19:00	30.0	7761	18194	6573	11433	7760	25331
0:19:05	30.0	7723	18360	6549	11369	7660	25281
0:19:10	30.0	7764	18359	6588	11372	7709	25390
0:19:15	30.0	7780	18472	6561	11367	7730	25422
0:19:20	30.0	7807	18442	6559	11467	7685	25368
0:19:25	30.0	7806	18725	6560	11531	7646	25592
0:19:30	30.0	7834	18855	6586	11514	7752	25849
0:19:35	30.0	7743	18849	6536	11666	7776	25693
0:19:40	30.0	7830	18880	6588	11548	7728	25743
0:19:45	30.0	7792	19002	6579	11668	7750	25660
0:19:50	30.0	7811	19075	6536	11602	7713	25962
0:19:55	30.0	7825	19121	6553	11754	7691	25896
0:20:00	30.0	7793	19278	6571	11657	7738	26193
0:20:05	30.0	7809	19384	6613	11724	7796	26100
0:20:10	30.0	7814	19340	6547	11757	7723	25992
0:20:15	30.0	7794	19553	6641	11752	7677	26214
0:20:20	30.0	7788	19626	6549	11776	7765	26333
0:20:25	30.0	7746	19791	6578	11896	7696	26331
0:20:30	30.0	7781	19828	6580	11836	7691	26520
0:20:35	30.0	7770	19734	6554	11961	7711	26582
0:20:40	30.0	7767	19921	6555	11873	7697	26789
0:20:45	30.0	7781	19966	6560	11997	7692	26935
0:20:50	30.0	7830	20205	6553	11942	7750	26692
0:20:55	30.0	7815	20193	6641	12004	7743	26904
0:21:00	30.0	7811	20226	6569	11958	7694	26899
0:21:05	30.0	7792	20392	6604	12058	7725	26970
0:21:10	30.0	7793	20517	6589	12233	7747	27184
0:21:15	30.0	7890	20485	6563	12121	7766	26906
0:21:20	30.0	7791	20727	6585	12134	7695	27100
0:21:25	30.0	7750	20569	6600	12273	7697	27060
0:21:30	30.0	7763	20897	6581	12108	7612	27460
0:21:35	30.0	7751	20772	6559	12178	7756	27285
0:21:40	30.0	7841	20795	6546	12244	7722	27414
0:21:45	30.0	7775	21074	6540	12270	7719	27441
0:21:50	30.0	7796	21094	6589	12363	7722	27617
0:21:55	30.0	7807	21255	6614	12423	7743	27702
0:22:00	30.0	7887	21294	6581	12491	7708	27614
0:22:05	30.0	7753	21314	6613	12309	7738	27725
0:22:10	30.0	7783	21551	6604	12449	7736	27650
0:22:15	30.0	7842	21518	6630	12392	7757	27976
0:22:20	30.0	7809	21514	6537	12590	7736	27824
0:22:25	30.0	7797	21754	6604	12502	7716	27947
0:22:30	30.0	7803	21770	6592	12589	7734	28041
0:22:35	30.0	7801	21768	6603	12624	7756	28046
0:22:40	30.0	7833	22052	6618	12798	7778	28089
0:22:45	30.0	7770	21922	6603	12741	7769	28317
0:22:50	30.0	7781	22191	6584	12749	7766	28388
0:22:55	30.0	7793	22273	6607	12825	7818	28395
0:23:00	30.0	7804	22257	6549	12874	7719	28346
0:23:05	30.0	7774	22520	6637	12770	7687	28655
0:23:10	30.0	7767	22227	6520	12920	7761	28621
0:23:15	30.0	7763	22399	6624	12901	7702	28582
0:23:20	30.0	7843	22690	6544	12986	7718	28799
0:23:25	30.0	7808	22724	6565	12946	7799	28746
0:23:30	30.0	7744	22822	6601	12979	7687	28839
0:23:35	30.0	7799	22958	6553	12993	7715	28842
0:23:40	30.0	7786	23071	6607	12997	7775	28912
0:23:45	30.0	7800	23115	6638	13062	7755	28875
0:23:50	30.0	7813	23122	6568	13157	7747	29069
0:23:55	30.0	7784	23398	6596	13219	7735	28999
0:24:00	30.0	7868	23190	6633	13194	7791	29029
0:24:05	30.0	7853	23416	6615	13209	7696	29272
0:24:10	30.0	7791	23524	6646	13225	7780	29412
0:24:15	30.0	7756	23512	6620	13343	7730	29313
0:24:20	30.0	7802	23646	6605	13324	7750	29199
0:24:25	30.0	7845	23618	6579	13310	7748	29222
0:24:30	30.0	7795	23713	6637	13498	7728	29507
0:24:35	30.0	7773	23903	6656	13488	7721	29385
0:24:40	30.0	7815	23869	6590	13566	7748	29528
0:24:45	30.0	7780	23875	6600	13575	7725	29566
0:24:50	30.0	7795	24191	6589	13530	7757	29516
0:24:55	30.0	7796	24132	6592	13625	7731	29774
0:25:00	30.0	7793	24174	6568	13583	7796	29709
0:25:05	30.0	7802	24266	6599	13658	7757	29690
0:25:10	30.0	7792	24510	6646	13760	7732	29676
0:25:15	30.0	7755	24511	6580	13772	7782	29717
0:25:20	30.0	7842	24769	6586	13708	7733	29970
0:25:25	30.0	7780	24736	6610	13719	7769	30040
0:25:30	30.0	7819	24798	6592	13834	7785	29947
0:25:35	30.0	7797	24749	6605	13790	7734	30088
0:25:40	30.0	7803	24858	6661	13903	7761	30335
0:25:45	30.0	7733	24910	6634	13898	7679	29931
0:25:50	30.0	7779	25036	6586	13874	7746	30155
0:25:55	30.0	7744	25200	6628	13983	7750	30257
0:26:00	30.0	7735	25253	6638	14116	7761	30092
0:26:05	30.0	7811	25497	6651	14123	7764	30302
0:26:10	30.0	7846	25415	6629	14174	7709	30272
0:26:15	30.0	7796	25711	6616	14050	7697	30484
0:26:20	30.0	7836	25592	6664	14133	7757	30544
0:26:25	30.0	7777	25610	6570	14219	7734	30575
0:26:30	30.0	7832	25714	6598	14278	7680	30386
0:26:35	30.0	7780	25805	6625	14255	7740	30366
0:26:40	30.0	7791	25918	6583	14311	7723	30422
0:26:45	30.0	7741	25896	6610	14380	7772	30587
0:26:50	30.0	7782	26231	6619	14326	7629	30724
0:26:55	30.0	7766	26204	6658	14448	7728	30792
0:27:00	30.0	7789	26331	6588	14380	7770	30739
0:27:05	30.0	7817	26240	6618	14420	7752	30871
0:27:10	30.0	7793	26446	6684	14441	7738	30865
0:27:15	30.0	7818	26623	6666	14571	7755	30758
0:27:20	30.0	7816	26363	6634	14535	7715	30787
0:27:25	30.0	7815	26588	6628	14630	7692	30905
0:27:30	30.0	7774	26645	6632	14585	7752	30911
0:27:35	30.0	7767	26886	6680	14606	7679	30967
0:27:40	30.0	7767	27067	6612	14689	7696	31115
0:27:45	30.0	7866	26754	6617	14671	7786	31024
0:27:50	30.0	7865	26948	6596	14679	7758	30975
0:27:55	30.0	7800	26993	6604	14838	7728	31090
0:28:00	30.0	7748	27193	6675	14705	7752	31233
0:28:05	30.0	7752	27084	6631	14786	7765	31086
0:28:10	30.0	7816	27358	6668	14746	7701	31191
0:28:15	30.0	7749	27348	6626	14893	7710	31145
0:28:20	30.0	7765	27511	6694	14949	7704	31306
0:28:25	30.0	7769	27641	6593	14961	7728	31093
0:28:30	30.0	7851	27561	6630	14875	7738	31515
0:28:35	30.0	7761	27693	6732	15012	7751	31385
0:28:40	30.0	7821	27878	6641	15005	7689	31340
0:28:45	30.0	7794	27819	6636	15022	7807	31259
0:28:50	30.0	7795	27731	6623	15081	7747	31459
0:28:55	30.0	7768	28229	6685	15025	7720	31631
0:29:00	30.0	7792	28398	6631	15065	7767	31473
0:29:05	30.0	7791	28080	6619	15171	7700	31606
0:29:10	30.0	7786	28194	6663	15130	7781	31653
0:29:15	30.0	7833	28284	6699	15163	7757	31782
0:29:20	30.0	7790	28261	6642	15201	7770	31620
0:29:25	30.0	7758	28413	6680	15185	7792	31912
0:29:30	30.0	7766	28619	6624	15315	7764	31803
0:29:35	30.0	7832	28417	6651	15261	7702	31880
0:29:40	30.0	7853	28830	6647	15232	7751	31598
0:29:45	30.0	7885	28728	6679	15336	7728	31782
0:29:50	30.0	7780	28697	6654	15198	7685	31801
0:29:55	30.0	7788	28875	6645	15299	7742	31930
0:30:00	30.0	7819	29007	6630	15396	7766	31870
0:30:05	30.0	7791	28971	6676	15369	7758	31784
0:30:10	30.0	7753	29068	6671	15247	7677	31905
0:30:15	30.0	7774	29126	6671	15509	7791	31921
0:30:20	30.0	7831	29080	6661	15347	7737	31841
0:30:25	30.0	7840	29283	6648	15417	7748	32087
0:30:30	30.0	7781	29353	6644	15441	7773	32168
0:30:35	30.0	7772	29256	6673	15338	7747	32372
0:30:40	30.0	7807	29226	6687	15423	7699	31996
0:30:45	30.0	7758	29512	6618	15425	7774	32092
0:30:50	30.0	7780	29643	6620	15372	7733	32532
0:30:55	30.0	7845	29507	6688	15444	7723	32049
0:31:00	30.0	7740	29817	6718	15454	7767	32235
0:31:05	30.0	7836	29785	6639	15423	7753	32248
0:31:10	30.0	7874	29919	6672	15572	7799	32093
0:31:15	30.0	7766	29852	6653	15401	7708	32081
0:31:20	30.0	7812	29863	6629	15498	7768	32126
0:31:25	30.0	7831	30180	6630	15470	7689	32251
0:31:30	30.0	7782	30167	6653	15532	7772	32271
0:31:35	30.0	7782	30166	6661	15497	7765	32406
0:31:40	30.0	7761	30212	6691	15476	7728	32274
0:31:45	30.0	7778	30327	6605	15348	7780	32570
0:31:50	30.0	7804	30477	6679	15503	7779	32430
0:31:55	30.0	7727	30513	6666	15505	7726	32578
0:32:00	30.1	7817	30664	6641	15597	7721	32374
0:32:05	30.0	7865	30370	6701	15565	7744	32727
0:32:10	30.0	7800	30839	6628	15513	7800	32425
0:32:15	30.0	7798	30729	6651	15463	7732	32324
0:32:20	30.0	7782	30664	6625	15651	7704	32395
0:32:25	30.0	7761	31123	6650	15587	7735	32303
0:32:30	30.0	7785	30926	6690	15499	7744	32614
0:32:35	30.0	7874	30958	6697	15464	7762	32491
0:32:40	30.0	7808	30942	6696	15653	7725	32698
0:32:45	30.0	7782	31038	6667	15545	7792	32646
0:32:50	30.0	7759	31221	6667	15497	7707	32616
0:32:55	30.1	7841	31248	6668	15606	7725	32319
0:33:00	30.0	7818	31059	6662	15559	7653	32558
0:33:05	30.0	7795	31322	6724	15526	7753	32597
0:33:10	30.1	7776	31392	6698	15554	7695	32775
0:33:15	30.0	7800	31544	6685	15524	7723	32681
0:33:20	30.1	7775	31615	6635	15637	7820	32592
0:33:25	30.1	7827	31587	6704	15483	7722	32802
0:33:30	30.1	7799	31572	6678	15592	7784	32735
0:33:35	30.0	7818	31443	6639	15580	7774	32521
0:33:40	30.1	7800	31734	6641	15542	7719	32769
0:33:45	30.1	7780	31592	6694	15444	7754	32786
0:33:50	30.0	7816	31895	6670	15459	7724	32699
0:33:55	30.1	7831	31883	6667	15409	7745	32923
0:34:00	30.1	7775	31907	6721	15553	7720	32947
0:34:05	30.1	7852	31931	6689	15506	7804	32789
0:34:10	30.1	7833	32097	6662	15495	7734	32647
0:34:15	30.0	7778	32277	6664	15568	7746	33001
0:34:20	30.1	7807	31956	6673	15540	7746	32674
0:34:25	30.1	7848	32289	6660	15531	7734	32893
0:34:30	30.1	7802	32241	6684	15472	7698	32979
0:34:35	30.0	7794	32373	6699	15505	7791	32961
0:34:40	30.1	7859	32366	6713	15516	7773	32888
0:34:45	30.1	7771	32303	6656	15406	7767	32888
0:34:50	30.1	7796	32540	6682	15565	7723	33075
0:34:55	30.1	7797	32513	6692	15538	7709	33160
0:35:00	30.1	7793	32705	6679	15597	7767	33071
0:35:05	30.1	7766	32618	6726	15502	7762	32927
0:35:10	30.1	7742	32784	6743	15528	7681	32982
0:35:15	30.0	7766	32854	6712	15588	7720	32972
0:35:20	30.1	7813	32914	6672	15571	7784	33144
0:35:25	30.1	7825	32734	6688	15584	7760	33101
0:35:30	30.1	7771	33028	6710	15441	7706	33140
0:35:35	30.1	7796	33007	6742	15617	7726	33190
0:35:40	30.1	7767	32892	6676	15524	7752	33293
0:35:45	30.0	7813	33165	6702	15649	7706	33021
0:35:50	30.1	7794	33097	6668	15608	7741	33065
0:35:55	30.0	7778	33117	6645	15557	7704	33186
0:36:00	30.1	7828	33204	6733	15468	7756	33073
0:36:05	30.1	7799	33024	6703	15593	7727	33270
0:36:10	30.1	7824	33100	6694	15472	7764	33228
0:36:15	30.1	7731	33450	6728	15472	7786	33257
0:36:20	30.1	7781	33173	6684	15528	7807	33362
0:36:25	30.1	7793	33478	6701	15504	7687	33356
0:36:30	30.1	7825	33545	6730	15433	7783	33147
0:36:35	30.1	7821	33648	6680	15470	7741	33369
0:36:40	30.0	7798	33561	6672	15526	7707	33214
0:36:45	30.1	7758	33576	6729	15619	7719	33066
0:36:50	30.1	7837	33486	6680	15497	7749	33301
0:36:55	30.1	7794	33962	6673	15600	7791	33305
0:37:00	30.1	7859	33764	6716	15610	7767	33269
0:37:05	30.0	7811	33529	6673	15597	7803	33256
0:37:10	30.1	7774	33840	6699	15546	7728	33487
0:37:15	30.1	7871	33820	6730	15511	7722	33165
0:37:20	30.1	7783	33816	6748	15527	7764	33348
0:37:25	30.1	7840	33678	6711	15583	7774	33269
0:37:30	30.1	7783	33865	6757	15473	7752	33362
0:37:35	30.1	7812	34033	6698	15543	7749	33540
0:37:40	30.1	7804	34021	6778	15532	7763	33468
0:37:45	30.1	7793	33965	6709	15621	7678	33457
0:37:50	30.0	7762	34249	6761	15463	7687	33353
0:37:55	30.1	7791	33930	6703	15561	7723	33442
0:38:00	30.0	7803	34235	6702	15524	7686	33356
0:38:05	30.1	7779	34416	6727	15569	7768	33598
0:38:10	30.1	7755	34067	6730	15556	7699	33502
0:38:15	30.1	7810	34297	6781	15597	7755	33459
0:38:20	30.1	7816	34313	6692	15615	7695	33471
0:38:25	30.1	7843	34403	6737	15542	7766	33518
0:38:30	30.1	7781	34404	6746	15432	7754	33372
0:38:35	30.0	7859	34545	6717	15533	7716	33470
0:38:40	30.1	7836	34362	6722	15607	7756	33374
0:38:45	30.0	7810	34674	6723	15583	7775	33429
0:38:50	30.1	7808	34669	6715	15553	7769	33738
0:38:55	30.1	7816	34744	6724	15542	7755	33557
0:39:00	30.1	7761	34650	6713	15545	7693	33372
0:39:05	30.1	7814	34604	6734	15612	7773	33440
0:39:10	30.1	7767	34669	6718	15477	7781	33496
0:39:15	30.1	7789	34685	6714	15459	7797	33381
0:39:20	30.0	7790	34960	6754	15597	7754	33637
0:39:25	30.0	7791	34638	6770	15519	7734	33345
0:39:30	30.1	7787	34789	6761	15506	7717	33505
0:39:35	30.1	7826	34726	6778	15527	7760	33214
0:39:40	30.1	7792	34779	6712	15567	7710	33817
0:39:45	30.1	7817	35012	6744	15460	7710	33497
0:39:50	30.1	7805	34718	6782	15581	7763	33667
0:39:55	30.1	7875	35088	6727	15555	7791	33406
0:40:00	30.0	7837	35058	6746	15611	7728	33347
0:40:05	30.0	7828	34981	6704	15507	7774	33514
0:40:10	30.0	7757	34856	6761	15527	7736	33349
0:40:15	30.1	7801	35092	6788	15517	7745	33455
0:40:20	30.1	7797	35047	6761	15473	7675	33688
0:40:25	30.1	7826	35343	6794	15473	7717	33762
0:40:30	30.1	7770	35019	6751	15632	7701	33562
0:40:35	30.1	7788	35222	6678	15511	7706	33700
0:40:40	30.1	7794	35111	6752	15636	7733	33535
0:40:45	30.1	7854	35134	6752	15365	7748	33494
0:40:50	30.1	7801	35195	6752	15558	7702	33651
0:40:55	30.1	7824	35402	6744	15586	7721	33781
0:41:00	30.1	7824	35372	6807	15532	7747	33651
0:41:05	30.1	7778	35235	6739	15540	7796	33830
0:41:10	30.1	7792	35082	6712	15636	7742	33710
0:41:15	30.1	7834	35378	6725	15659	7759	33689
0:41:20	30.1	7749	35242	6722	15510	7767	33592
0:41:25	30.1	7777	35421	6758	15574	7779	33620
0:41:30	30.0	7770	35239	6740	15548	7742	33721
0:41:35	30.1	7791	35735	6726	15452	7721	33647
0:41:40	30.1	7794	35342	6718	15497	7769	33722
0:41:45	30.1	7847	35451	6800	15559	7693	33691
0:41:50	30.1	7797	35571	6759	15712	7748	33745
0:41:55	30.1	7849	35454	6787	15615	7812	33625
0:42:00	30.1	7776	35562	6738	15581	7753	33730
0:42:05	30.1	7781	35438	6846	15453	7763	33709
0:42:10	30.1	7800	35652	6707	15464	7752	33589
0:42:15	30.1	7812	35822	6734	15426	7715	33995
0:42:20	30.1	7795	36020	6706	15586	7733	33741
0:42:25	30.1	7806	35570	6744	15529	7732	33543
0:42:30	30.1	7816	35660	6828	15565	7762	33860
0:42:35	30.1	7784	35913	6717	15456	7737	33800
0:42:40	30.1	7739	35538	6741	15589	7662	33845
0:42:45	30.1	7858	35728	6757	15580	7702	33919
0:42:50	30.1	7809	35480	6751	15589	7730	33812
0:42:55	30.1	7782	35802	6779	15524	7787	33953
0:43:00	30.1	7812	35885	6734	15402	7726	33877
0:43:05	30.1	7785	35996	6818	15509	7778	33757
0:43:10	30.1	7813	35804	6735	15468	7805	33796
0:43:15	30.1	7764	35770	6799	15536	7755	33648
0:43:20	30.1	7753	35883	6812	15567	7731	33767
0:43:25	30.1	7831	35863	6808	15428	7796	33734
0:43:30	30.1	7767	35600	6811	15456	7749	33760
0:43:35	30.1	7791	36082	6810	15502	7745	33774
0:43:40	30.1	7814	35938	6735	15488	7768	33710
0:43:45	30.1	7817	35941	6763	15545	7720	34033
0:43:50	30.1	7820	35745	6776	15544	7722	33709
0:43:55	30.1	7827	35773	6751	15448	7783	33756
0:44:00	30.1	7797	36253	6710	15428	7762	33820
0:44:05	30.1	7804	35610	6814	15434	7747	33613
0:44:10	30.1	7753	36346	6698	15558	7710	33635
0:44:15	30.1	7804	35732	6780	15537	7725	33796
0:44:20	30.1	7822	35859	6847	15585	7713	33770
0:44:25	30.1	7791	35569	6732	15475	7710	33579
0:44:30	30.1	7800	36071	6790	15533	7784	33884
0:44:35	30.1	7789	35971	6770	15479	7708	33907
0:44:40	30.1	7753	35913	6782	15406	7733	33576
0:44:45	30.1	7775	35973	6733	15543	7675	33754
0:44:50	30.1	7797	35917	6739	15491	7763	33775
0:44:55	30.1	7761	36312	6741	15502	7778	33722
0:45:00	30.1	7733	35759	6738	15443	7739	33826
0:45:05	30.1	7756	36030	6756	15451	7702	33580
0:45:10	30.1	7770	36236	6793	15448	7782	33611
0:45:15	30.1	7816	35974	6797	15498	7807	33793
0:45:20	30.1	7780	35889	6821	15421	7685	33484
0:45:25	30.1	7736	36294	6766	15506	7732	33721
0:45:30	30.1	7819	36333	6781	15405	7698	33667
0:45:35	30.1	7759	36066	6782	15434	7660	33647
0:45:40	30.1	7812	36154	6856	15513	7684	33929
0:45:45	30.1	7744	36093	6782	15472	7687	33878
0:45:50	30.1	7791	35969	6823	15504	7722	33658
0:45:55	30.1	7807	36113	6799	15424	7779	33983
0:46:00	30.1	7787	36380	6729	15405	7734	33690
0:46:05	30.1	7785	36194	6767	15448	7714	33638
0:46:10	30.1	7825	36473	6800	15467	7668	33660
0:46:15	30.1	7710	36135	6785	15419	7778	33687
0:46:20	30.1	7733	36123	6766	15449	7762	33811
0:46:25	30.1	7819	36166	6812	15397	7759	33714
0:46:30	30.1	7820	36104	6733	15401	7690	33717
0:46:35	30.1	7759	36569	6761	15467	7763	33637
0:46:40	30.1	7749	36111	6829	15442	7669	33662
0:46:45	30.1	7785	36061	6750	15477	7646	33652
0:46:50	30.1	7815	36209	6782	15367	7694	33568
0:46:55	30.1	7781	36066	6813	15363	7721	33761
0:47:00	30.1	7784	36249	6790	15415	7668	33543
0:47:05	30.1	7757	36206	6785	15421	7694	33672
0:47:10	30.1	7721	36144	6736	15460	7680	33734
0:47:15	30.1	7750	36273	6759	15499	7718	33890
0:47:20	30.1	7818	36303	6791	15428	7743	34078
0:47:25	30.1	7791	36342	6766	15433	7787	33627
0:47:30	30.1	7750	36564	6747	15363	7749	33786
0:47:35	30.1	7761	36280	6793	15357	7716	33787
0:47:40	30.1	7740	36285	6791	15430	7718	33518
0:47:45	30.1	7824	36185	6835	15414	7694	33854
0:47:50	30.1	7778	36230	6794	15497	7766	33711
0:47:55	30.1	7747	36274	6753	15446	7707	33805
0:48:00	30.1	7798	36066	6787	15398	7710	33694
0:48:05	30.1	7797	36406	6762	15450	7693	33550
0:48:10	30.0	7748	36308	6824	15475	7717	33619
0:48:15	30.1	7767	36396	6794	15407	7720	33828
0:48:20	30.1	7826	36493	6824	15399	7736	33947
0:48:25	30.1	7779	36355	6812	15391	7722	33712
0:48:30	30.1	7783	36191	6785	15324	7770	33619
0:48:35	30.1	7759	36331	6808	15316	7707	33771
0:48:40	30.1	7701	36508	6771	15428	7693	33739
0:48:45	30.1	7760	36273	6763	15444	7718	33651
0:48:50	30.1	7740	36301	6756	15547	7725	33659
0:48:55	30.0	7737	36346	6811	15377	7705	33851
0:49:00	30.1	7762	36401	6826	15495	7715	33798
0:49:05	30.1	7777	36303	6775	15465	7693	33733
0:49:10	30.1	7744	36215	6812	15483	7709	33455
0:49:15	30.1	7745	36531	6816	15341	7720	33819
0:49:20	30.1	7795	36267	6818	15414	7762	33798
0:49:25	30.1	7735	36468	6792	15392	7748	33902
0:49:30	30.1	7760	36238	6839	15401	7769	33657
0:49:35	30.1	7788	36460	6837	15431	7705	33759
0:49:40	30.0	7804	36599	6787	15388	7757	33900
0:49:45	30.1	7821	36253	6791	15443	7694	33744
0:49:50	30.1	7746	36573	6772	15452	7721	33766
0:49:55	30.1	7767	36299	6804	15360	7640	33811
0:50:00	30.1	7692	36305	6817	15338	7665	33576
0:50:05	30.1	7796	36350	6818	15494	7709	33713
0:50:10	30.1	7755	36632	6792	15415	7733	33732
0:50:15	30.1	7772	36317	6817	15416	7723	33718
0:50:20	30.1	7729	36185	6819	15515	7791	33599
0:50:25	30.1	7711	36286	6810	15348	7726	33532
0:50:30	30.1	7822	36094	6818	15402	7684	33739
0:50:35	30.1	7710	36539	6838	15447	7696	33593
0:50:40	30.1	7764	36556	6847	15404	7659	33904
0:50:45	30.1	7771	36010	6849	15429	7697	33924
0:50:50	30.1	7745	36387	6851	15419	7698	33741
0:50:55	30.1	7832	36476	6827	15493	7716	33941
0:51:00	30.1	7729	36283	6797	15488	7697	33789
0:51:05	30.0	7778	36576	6798	15424	7661	33836
0:51:10	30.1	7754	36437	6842	15364	7712	33647
0:51:15	30.1	7767	36624	6816	15347	7637	33683
0:51:20	30.1	7695	36473	6852	15281	7721	33674
0:51:25	30.1	7774	36642	6810	15333	7740	33739
0:51:30	30.1	7688	36456	6902	15352	7695	33871
0:51:35	30.1	7758	36577	6836	15383	7701	33790
0:51:40	30.1	7793	36365	6832	15389	7705	33752
0:51:45	30.1	7682	36703	6780	15539	7725	33805
0:51:50	30.1	7799	36398	6798	15312	7708	33909
0:51:55	30.1	7761	36382	6836	15382	7700	33573
0:52:00	30.1	7686	36374	6877	15389	7707	33898
0:52:05	30.1	7809	36380	6853	15521	7765	33927
0:52:10	30.1	7753	36429	6787	15442	7692	33854
0:52:15	30.1	7712	36651	6829	15536	7709	33775
0:52:20	30.1	7786	36397	6823	15526	7772	33915
0:52:25	30.1	7796	36762	6851	15488	7723	33792
0:52:30	30.1	7789	36534	6852	15268	7752	33646
0:52:35	30.1	7847	36490	6823	15504	7676	33827
0:52:40	30.1	7808	36613	6818	15428	7778	33814
0:52:45	30.1	7713	36397	6867	15376	7727	33997
0:52:50	30.1	7723	36535	6819	15475	7700	33797
0:52:55	30.1	7777	36870	6825	15564	7684	33879
0:53:00	30.1	7772	36595	6843	15420	7738	33933
0:53:05	30.1	7735	36873	6819	15399	7740	33814
0:53:10	30.1	7773	36686	6824	15571	7656	33894
0:53:15	30.1	7793	36764	6845	15431	7731	33846
0:53:20	30.1	7865	36858	6846	15402	7674	33982
0:53:25	30.1	7799	36494	6861	15329	7717	33837
0:53:30	30.1	7848	36839	6862	15341	7671	33923
0:53:35	30.1	7772	36869	6849	15400	7740	33816
0:53:40	30.1	7818	36869	6905	15396	7777	33656
0:53:45	30.1	7764	36273	6827	15352	7718	33744
0:53:50	30.1	7816	36747	6914	15382	7723	33647
0:53:55	30.1	7795	36502	6769	15458	7740	33878
0:54:00	30.1	7776	36544	6831	15452	7715	33850
0:54:05	30.1	7794	36386	6862	15434	7748	33732
0:54:10	30.1	7761	36903	6867	15414	7781	33671
0:54:15	30.1	7788	36669	6824	15503	7750	33807
0:54:20	30.1	7723	36478	6899	15323	7758	33821
0:54:25	30.1	7779	36579	6846	15547	7773	33966
0:54:30	30.1	7749	36835	6888	15313	7739	33882
0:54:35	30.1	7801	36408	6837	15557	7690	33772
0:54:40	30.1	7760	36678	6896	15357	7721	33702
0:54:45	30.1	7757	36570	6888	15440	7779	33705
0:54:50	30.1	7824	36841	6913	15316	7705	33691
0:54:55	30.1	7768	36452	6850	15407	7704	33559
0:55:00	30.1	7771	36718	6848	15378	7692	33721
0:55:05	30.1	7818	37014	6861	15317	7762	34084
0:55:10	30.1	7771	36758	6847	15355	7760	33919
0:55:15	30.1	7783	36522	6852	15455	7715	33838
0:55:20	30.1	7786	36692	6907	15352	7704	33904
0:55:25	30.1	7813	36485	6854	15375	7731	33919
0:55:30	30.1	7811	36697	6889	15535	7799	33969
0:55:35	30.1	7762	36733	6849	15321	7739	33877
0:55:40	30.1	7780	36755	6854	15538	7774	33725
0:55:45	30.1	7737	36542	6889	15475	7730	33904
0:55:50	30.1	7791	36602	6896	15399	7685	33917
0:55:55	30.1	7772	36917	6860	15412	7777	33887
0:56:00	30.1	7809	36768	6932	15397	7757	33813
0:56:05	30.1	7778	36499	6888	15349	7701	33907
0:56:10	30.0	7748	36733	6932	15445	7722	33676
0:56:15	30.1	7783	36690	6887	15402	7710	33718
0:56:20	30.0	7765	36889	6858	15435	7705	33692
0:56:25	30.1	7770	36830	6907	15478	7743	33951
0:56:30	30.1	7761	36992	6906	15427	7715	33864
0:56:35	30.1	7762	36622	6887	15485	7729	33801
0:56:40	30.1	7782	36775	6891	15392	7712	33987
0:56:45	30.1	7838	36655	6885	15341	7768	33926
0:56:50	30.1	7761	36604	6912	15409	7757	34165
0:56:55	30.0	7770	36693	6936	15336	7792	33962
0:57:00	30.1	7767	36692	6942	15489	7696	33947
0:57:05	30.0	7853	36937	6827	15374	7778	33646
0:57:10	30.1	7776	36760	6878	15449	7693	33893
0:57:15	30.1	7815	36446	6858	15520	7803	34003
0:57:20	30.1	7772	36850	6930	15468	7703	34033
0:57:25	30.1	7808	36723	6920	15384	7737	33643
0:57:30	30.1	7767	36705	6920	15409	7653	33939
0:57:35	30.1	7752	36984	6906	15447	7813	33658
0:57:40	30.1	7775	36680	6850	15332	7743	33897
0:57:45	30.0	7795	36698	6953	15431	7749	33984
0:57:50	30.1	7785	36566	6944	15396	7817	33911
0:57:55	30.1	7776	37008	6902	15468	7765	33751
0:58:00	30.1	7760	36791	6887	15463	7769	33867
0:58:05	30.1	7773	36892	6935	15446	7759	34000
0:58:10	30.1	7830	36826	6937	15458	7739	34022
0:58:15	30.1	7833	37012	6917	15476	7762	33757
0:58:20	30.0	7843	36772	6919	15592	7710	33888
0:58:25	30.1	7770	36857	6925	15468	7766	33917
0:58:30	30.1	7745	36776	6932	15337	7712	33838
0:58:35	30.0	7786	36804	6991	15465	7757	33736
0:58:40	30.1	7758	36904	6958	15411	7753	33908
0:58:45	30.1	7806	36543	6942	15352	7757	33788
0:58:50	30.1	7791	36672	6943	15420	7785	33773
0:58:55	30.1	7757	36917	6976	15469	7734	34067
0:59:00	30.0	7787	36591	6953	15481	7703	34046
0:59:05	30.1	7753	36903	6914	15579	7742	34129
0:59:10	30.1	7833	37059	6950	15476	7750	33965
0:59:15	30.0	7822	36967	6909	15358	7754	34249
0:59:20	30.1	7765	36992	6929	15482	7735	33894
0:59:25	30.1	7802	36922	6945	15470	7800	33793
0:59:30	30.1	7779	36923	6955	15419	7780	33908
0:59:35	30.1	7863	36908	6945	15405	7814	33879
0:59:40	30.1	7875	36572	7016	15418	7812	33919
0:59:45	30.0	7776	36934	6960	15427	7772	33954
0:59:50	30.1	7775	36726	6958	15561	7758	33805
0:59:55	30.0	7816	37033	6926	15412	7743	33926
1:00:00	30.1	7812	36749	6920	15493	7730	33676
1:00:05	30.1	7808	37033	6968	15445	7737	34014
1:00:10	30.1	7808	37126	7005	15463	7741	33812
1:00:15	30.1	7806	36850	6966	15394	7722	34056
1:00:20	30.1	7798	37220	6906	15483	7794	34064
1:00:25	30.1	7836	37017	6970	15494	7705	33943
1:00:30	30.1	7822	36820	6953	15455	7717	33753
1:00:35	30.1	7797	36973	6997	15446	7757	33757
1:00:40	30.0	7821	37132	6944	15394	7798	34026
1:00:45	30.1	7835	36955	6999	15460	7700	33908
1:00:50	30.1	7800	37026	6917	15496	7789	33880
1:00:55	30.1	7816	37020	6993	15462	7747	34051
1:01:00	30.1	7819	36748	6970	15424	7727	33940
1:01:05	30.1	7780	36838	6926	15397	7769	33902
1:01:10	30.0	7802	36735	6971	15414	7790	33888
1:01:15	30.1	7858	36765	6970	15401	7774	33799
1:01:20	30.1	7842	36709	7014	15430	7778	33815
1:01:25	30.1	7794	36949	6966	15424	7713	34065
1:01:30	30.1	7861	36939	7001	15442	7770	34048
1:01:35	30.1	7789	37023	6956	15397	7733	34281
1:01:40	30.1	7771	36918	7029	15494	7741	34077
1:01:45	30.1	7874	37058	7007	15406	7789	33875
1:01:50	30.1	7750	36781	6963	15519	7771	34087
1:01:55	30.0	7824	36994	6939	15447	7758	33990
1:02:00	30.0	7796	36885	6977	15495	7815	33826
1:02:05	30.1	7816	37112	6991	15458	7824	34110
1:02:10	30.1	7775	37055	7011	15371	7763	33941
1:02:15	30.1	7831	36682	6986	15547	7728	34218
1:02:20	30.1	7760	36838	7009	15480	7735	33990
1:02:25	30.1	7818	36789	7003	15471	7802	33996
1:02:30	30.1	7804	36974	6968	15559	7771	33682
1:02:35	30.0	7840	37004	6983	15409	7773	34036
1:02:40	30.1	7793	36927	6972	15550	7807	33917
1:02:45	30.0	7871	37134	7005	15525	7744	34027
1:02:50	30.1	7782	37103	6925	15558	7770	34160
1:02:55	30.1	7824	36952	6993	15489	7762	34146
1:03:00	30.1	7782	37024	6999	15520	7740	34101
1:03:05	30.1	7831	36709	7045	15492	7793	34098
1:03:10	30.1	7881	36789	7030	15395	7780	34004
1:03:15	30.1	7822	36978	7040	15354	7786	33948
1:03:20	30.1	7902	37166	7023	15453	7808	33871
1:03:25	30.0	7808	37004	6941	15369	7778	34150
1:03:30	30.1	7833	36828	7022	15403	7786	34086
1:03:35	30.1	7876	36926	6982	15400	7809	33967
1:03:40	30.1	7823	37019	7038	15530	7765	34041
1:03:45	30.1	7794	37194	6983	15425	7810	34042
1:03:50	30.1	7856	36980	7024	15390	7786	33874
1:03:55	30.1	7838	36839	7003	15505	7760	34070
1:04:00	30.1	7885	36997	6994	15508	7760	34244
1:04:05	30.0	7824	37177	7001	15457	7743	34081
1:04:10	30.0	7718	36881	6994	15678	7767	34034
1:04:15	30.1	7860	37095	7017	15406	7769	33949
1:04:20	30.1	7806	36881	6992	15515	7794	34106
1:04:25	30.1	7835	36867	7089	15435	7766	34139
1:04:30	30.1	7824	37118	7056	15481	7758	33930
1:04:35	30.1	7842	37114	7007	15495	7806	34157
1:04:40	30.0	7803	36952	7045	15564	7853	34097
1:04:45	30.1	7830	36912	7025	15431	7779	34009
1:04:50	30.0	7869	37072	7011	15547	7798	34016
1:04:55	30.1	7823	37049	7033	15518	7782	34072
1:05:00	30.1	7853	37100	6985	15525	7760	34339
1:05:05	30.1	7862	36928	7073	15563	7822	34085
1:05:10	30.1	7821	37092	7050	15398	7807	33978
1:05:15	30.1	7850	37303	7047	15414	7836	34087
1:05:20	30.0	7874	37090	7023	15559	7805	34118
1:05:25	30.1	7917	37062	7063	15494	7843	33915
1:05:30	30.1	7850	36907	7033	15490	7749	34061
1:05:35	30.0	7813	37177	7097	15462	7851	34042
1:05:40	30.1	7873	36953	7069	15450	7798	34034
1:05:45	30.0	7880	36898	7058	15584	7782	33942
1:05:50	30.1	7760	36993	7055	15611	7883	34276
1:05:55	30.1	7837	37225	7047	15487	7864	34186
1:06:00	30.0	7854	37207	7035	15589	7830	34058
1:06:05	30.1	7865	37071	7035	15511	7775	34283
1:06:10	30.0	7789	36986	7134	15416	7820	34155
1:06:15	30.0	7832	37252	7080	15488	7843	34329
1:06:20	30.0	7915	37241	7066	15398	7792	33994
1:06:25	30.1	7886	37198	7016	15626	7867	34171
1:06:30	30.1	7831	37121	7128	15637	7806	34172
1:06:35	30.0	7877	37316	7146	15577	7849	34200
1:06:40	30.0	7848	36933	7114	15544	7783	34509
1:06:45	30.1	7838	37069	7061	15525	7761	34295
1:06:50	30.1	7927	36890	7116	15492	7856	34021
1:06:55	30.1	7881	37489	7090	15548	7822	34259
1:07:00	30.0	7884	37364	7081	15539	7859	34233
1:07:05	30.1	7930	37152	7076	15488	7791	34686
1:07:10	30.1	7866	37274	7152	15610	7799	34368
1:07:15	30.1	7918	37170	7106	15602	7829	34346
1:07:20	30.0	7821	37214	7087	15561	7831	34417
1:07:25	30.0	7858	37475	7106	15634	7796	34272
1:07:30	30.1	7879	37215	7134	15536	7813	34257
1:07:35	30.1	7862	37210	7111	15513	7846	34211
1:07:40	30.0	7857	37264	7091	15583	7846	34002
1:07:45	30.1	7814	37128	7102	15398	7895	34262
1:07:50	30.0	7900	37232	7088	15614	7827	34191
1:07:55	30.1	7919	37287	7106	15580	7834	34213
1:08:00	30.0	7855	37212	7193	15529	7805	34405
1:08:05	30.1	7882	37125	7093	15627	7828	34282
1:08:10	30.1	7809	37055	7111	15486	7812	34304
1:08:15	30.1	7813	37286	7118	15499	7868	34247
1:08:20	30.1	7876	37505	7143	15698	7832	34371
1:08:25	30.1	7849	37158	7123	15540	7840	34340
1:08:30	30.0	7890	37115	7142	15619	7788	34183
1:08:35	30.0	7880	37300	7120	15564	7825	34317
1:08:40	30.0	7865	36978	7182	15580	7823	34310
1:08:45	30.0	7861	37419	7098	15538	7846	34365
1:08:50	30.0	7894	37349	7177	15616	7876	34327
1:08:55	30.1	7911	37260	7092	15593	7790	34201
1:09:00	30.1	7927	37250	7074	15557	7915	34639
1:09:05	30.1	7864	37422	7124	15572	7850	34205
1:09:10	30.1	7857	37243	7152	15579	7845	34295
1:09:15	30.0	7892	37273	7146	15599	7824	34450
1:09:20	30.0	7893	37312	7175	15730	7893	34611
1:09:25	30.1	7868	37468	7122	15566	7847	34279
1:09:30	30.0	7881	37419	7118	15612	7888	34093
1:09:35	30.1	7911	37182	7147	15646	7847	34304
1:09:40	30.1	7904	37330	7152	15690	7861	34288
1:09:45	30.1	7939	37385	7148	15591	7862	34417
1:09:50	30.1	7889	37059	7157	15496	7845	34295
1:09:55	30.0	7844	37013	7148	15549	7836	34422
1:10:00	30.0	7963	37349	7191	15550	7844	34512
1:10:05	30.1	7878	37388	7131	15690	7833	34063
1:10:10	30.1	7910	37055	7176	15569	7861	34497
1:10:15	30.1	7889	37500	7129	15564	7810	34229
1:10:20	30.1	7895	37200	7192	15470	7886	34232
1:10:25	30.1	7858	37441	7244	15572	7828	34385
1:10:30	30.1	7934	37340	7128	15589	7832	34390
1:10:35	30.1	7909	37429	7162	15496	7848	34272
1:10:40	30.0	7904	37228	7182	15600	7849	34592
1:10:45	30.0	7914	37329	7133	15559	7911	34325
1:10:50	30.0	7855	37441	7163	15566	7857	34471
1:10:55	30.1	7917	37224	7180	15560	7883	34228
1:11:00	30.1	7882	37364	7197	15591	7863	34555
1:11:05	30.1	7876	37433	7159	15529	7873	34300
1:11:10	30.1	7886	37260	7121	15656	7895	34135
1:11:15	30.1	7899	37314	7139	15580	7891	34309
1:11:20	30.0	7873	37378	7186	15493	7853	34519
1:11:25	30.0	7865	37347	7182	15597	7882	34389
1:11:30	30.1	7986	37336	7193	15448	7860	34371
1:11:35	30.1	7896	37464	7204	15599	7896	34386
1:11:40	30.1	7918	37500	7202	15483	7924	34348
1:11:45	30.1	7905	37379	7161	15555	7827	34405
1:11:50	30.1	7882	37254	7151	15621	7859	34292
1:11:55	30.1	7922	37452	7169	15607	7925	34457
1:12:00	30.1	7951	37285	7155	15564	7848	34285
1:12:05	30.1	7913	37733	7104	15625	7837	34141
1:12:10	30.0	7891	37366	7174	15631	7879	34268
1:12:15	30.1	7923	37189	7196	15585	7872	34149
1:12:20	30.1	7931	37141	7251	15664	7878	34530
1:12:25	30.1	7903	37402	7117	15666	7921	34388
1:12:30	30.1	7877	37238	7177	15584	7938	34319
1:12:35	30.1	7956	37462	7182	15526	7902	34296
1:12:40	30.1	7884	37393	7174	15482	7821	34158
1:12:45	30.1	7901	37181	7165	15589	7864	34316
1:12:50	30.0	7905	37611	7212	15571	7898	34207
1:12:55	30.0	7856	37457	7192	15616	7859	34196
1:13:00	30.1	7868	37382	7201	15666	7870	34300
1:13:05	30.1	7881	37379	7202	15537	7915	34494
1:13:10	30.1	7926	37390	7153	15462	7937	34300
1:13:15	30.1	7874	37283	7246	15651	7901	34398
1:13:20	30.1	7865	37428	7171	15602	7896	34317
1:13:25	30.1	7868	37487	7195	15604	7910	34335
1:13:30	30.1	7873	37208	7229	15624	7849	34513
1:13:35	30.0	7947	37282	7164	15536	7833	34306
1:13:40	30.1	7907	37305	7193	15535	7952	34280
1:13:45	30.1	7920	37109	7177	15631	7878	34479
1:13:50	30.1	7911	37489	7187	15648	7883	34520
1:13:55	30.1	7878	37394	7145	15474	7872	34292
1:14:00	30.1	7907	37415	7202	15511	7919	34608
1:14:05	30.1	7910	37607	7293	15683	7878	34231
1:14:10	30.1	7936	37610	7244	15470	7831	34274
1:14:15	30.0	7892	37325	7216	15574	7847	34330
1:14:20	30.1	7880	37341	7231	15634	7848	34418
1:14:25	30.1	7932	37436	7224	15603	7886	34337
1:14:30	30.1	7880	37681	7218	15596	7838	34375
1:14:35	30.1	7945	37168	7248	15476	7877	34374
1:14:40	30.1	7931	37476	7247	15626	7850	34590
1:14:45	30.1	7940	37625	7195	15661	7890	34391
1:14:50	30.1	7875	37410	7208	15724	7944	34370
1:14:55	30.0	7902	37388	7275	15780	7913	34543
1:15:00	30.0	7902	37105	7199	15602	7918	34305
1:15:05	30.1	7879	37234	7234	15658	7884	34489
1:15:10	30.1	7945	37318	7299	15529	7944	34545
1:15:15	30.1	7947	37256	7227	15509	7904	34329
1:15:20	30.1	7894	37445	7206	15585	7905	34377
1:15:25	30.1	7958	37192	7265	15600	7870	34406
1:15:30	30.1	7942	37645	7228	15589	7867	34766
1:15:35	30.0	7959	37484	7200	15694	7874	34360
1:15:40	30.0	7925	37324	7225	15584	7934	34575
1:15:45	30.1	7889	37365	7250	15691	7942	34678
1:15:50	30.1	7933	37519	7224	15632	7893	34619
1:15:55	30.0	7914	37182	7240	15575	7848	34465
1:16:00	30.0	7988	37281	7309	15563	7868	34506
1:16:05	30.1	7936	37331	7293	15687	7891	34475
1:16:10	30.1	7951	37188	7253	15500	7867	34482
1:16:15	30.1	7894	37316	7237	15664	7876	34306
1:16:20	30.0	7947	37620	7222	15606	7846	34222
1:16:25	30.0	7920	37464	7226	15522	7783	34322
1:16:30	30.1	7933	37525	7226	15608	7916	34361
1:16:35	30.1	7962	37270	7294	15588	7907	34317
1:16:40	30.0	7889	37281	7204	15631	7883	34633
1:16:45	30.1	7903	37616	7226	15594	7883	34624
1:16:50	30.1	7917	37607	7253	15643	7945	34244
1:16:55	30.1	7963	37509	7248	15513	7892	34306
1:17:00	30.0	7906	37338	7213	15515	7956	34229
1:17:05	30.0	7983	37427	7261	15626	7838	34549
1:17:10	30.1	7920	37714	7284	15693	7930	34353
1:17:15	30.1	7925	37366	7281	15583	7909	34201
1:17:20	30.1	7932	37391	7259	15592	7881	34529
1:17:25	30.1	7876	37464	7273	15663	7888	34416
1:17:30	30.1	7878	37560	7293	15681	7914	34192
1:17:35	30.1	7923	37406	7258	15689	7815	34656
1:17:40	30.1	7915	37314	7271	15672	7874	34430
1:17:45	30.0	7919	37419	7277	15631	7852	34348
1:17:50	30.1	7946	37570	7219	15585	7867	34282
1:17:55	30.1	7940	37467	7270	15554	7877	34349
1:18:00	30.1	7951	37312	7305	15520	7835	34388
1:18:05	30.1	7915	37387	7301	15549	7854	34418
1:18:10	30.1	7947	37330	7276	15638	7920	34575
1:18:15	30.1	7900	37216	7323	15621	7880	34721
1:18:20	30.1	7923	37209	7242	15653	7869	34415
1:18:25	30.0	7949	37352	7337	15612	7907	34522
1:18:30	30.1	7900	37431	7353	15647	7906	34227
1:18:35	30.1	7891	37325	7314	15636	7845	34587
1:18:40	30.0	7884	37395	7287	15516	7906	34376
1:18:45	30.1	7914	37540	7279	15731	7921	34504
1:18:50	30.1	7912	37430	7312	15545	7897	34589
1:18:55	30.1	7956	37350	7256	15627	7876	34512
1:19:00	30.0	7908	37365	7327	15554	7858	34576
1:19:05	30.1	7930	37494	7310	15628	7886	34775
1:19:10	30.0	7918	37499	7315	15561	7882	34196
1:19:15	30.1	7913	37421	7275	15539	7831	34501
1:19:20	30.1	7902	37358	7311	15636	7910	34361
1:19:25	30.1	7899	37351	7319	15558	7885	34528
1:19:30	30.1	7947	37645	7307	15569	7906	34279
1:19:35	30.1	7923	37292	7303	15574	7882	34287
1:19:40	30.1	7909	37696	7317	15533	7909	34512
1:19:45	30.1	7969	37425	7333	15570	7932	34335
1:19:50	30.0	7875	37642	7347	15611	7895	34501
1:19:55	30.1	7955	37707	7285	15582	7886	34539
1:20:00	30.1	7954	37514	7306	15581	7905	34540
1:20:05	30.1	7886	37435	7399	15625	7898	34346
1:20:10	30.1	8001	37474	7273	15579	7895	34375
1:20:15	30.1	7900	37398	7272	15545	7949	34442
1:20:20	30.1	7985	37464	7307	15523	7846	34481
1:20:25	30.1	7889	37337	7279	15674	7953	34308
1:20:30	30.0	7899	37381	7309	15646	7876	34312
1:20:35	30.1	8009	37381	7298	15576	7920	34524
1:20:40	30.1	7987	37499	7276	15642	7875	34252
1:20:45	30.1	7904	37572	7326	15620	7960	34291
1:20:50	30.1	7908	37343	7261	15575	7928	34447
1:20:55	30.1	7905	37481	7302	15602	7890	34449
1:21:00	30.1	7861	37434	7291	15639	7941	34412
1:21:05	30.0	7987	37371	7293	15659	7919	34410
1:21:10	30.0	7962	37523	7305	15622	7979	34355
1:21:15	30.0	7889	37255	7352	15638	7909	34446
1:21:20	30.1	7898	37259	7328	15565	7970	34498
1:21:25	30.1	7972	37399	7308	15527	7888	34591
1:21:30	30.1	7928	37381	7372	15664	7943	34310
1:21:35	30.1	7956	37501	7364	15610	7915	34441
1:21:40	30.1	7944	37476	7318	15694	7892	34337
1:21:45	30.1	7940	37512	7295	15632	7915	34316
1:21:50	30.0	8009	37458	7327	15579	7900	34539
1:21:55	30.1	7984	37253	7354	15626	7903	34636
1:22:00	30.0	7937	37485	7345	15474	7919	34439
1:22:05	30.1	7889	37333	7329	15553	7861	34375
1:22:10	30.1	7944	37455	7331	15567	7955	34605
1:22:15	30.1	7892	37397	7386	15581	7907	34352
1:22:20	30.1	7950	37321	7403	15589	7895	34454
1:22:25	30.1	7972	37301	7346	15667	7868	34535
1:22:30	30.1	7953	37304	7299	15629	7916	34700
1:22:35	30.1	8001	37436	7376	15681	7903	34155
1:22:40	30.1	7980	37228	7368	15549	7925	34710
1:22:45	30.1	7893	37654	7382	15547	7842	34532
1:22:50	30.1	7964	37607	7365	15583	7911	34391
1:22:55	30.1	7949	37246	7391	15648	7897	34313
1:23:00	30.1	7920	37723	7354	15656	7883	34530

Results
	1	2	3	4	5	6	7	8	9	10	11	12
A				1704000.000	8832000.000	-1740000.000	-3264000.000	1920000.000	7236000.000				Max V [425,457]
				1.000	1.000	1.000	1.000	1.000	1.000				R-Squared [425,457]
				1:04:13	0:44:08	0:53:53	1:04:13	0:57:33	0:39:38				t at Max V [425,457]
				1:04:08	0:40:51	0:54:10	1:06:37	0:57:29	0:35:51				Lagtime [425,457]
B													Max V [425,457]
													R-Squared [425,457]
													t at Max V [425,457]
													Lagtime [425,457]
C													Max V [425,457]
													R-Squared [425,457]
													t at Max V [425,457]
													Lagtime [425,457]
D													Max V [425,457]
													R-Squared [425,457]
													t at Max V [425,457]
													Lagtime [425,457]
E													Max V [425,457]
													R-Squared [425,457]
													t at Max V [425,457]
													Lagtime [425,457]
F													Max V [425,457]
													R-Squared [425,457]
													t at Max V [425,457]
													Lagtime [425,457]
G													Max V [425,457]
													R-Squared [425,457]
													t at Max V [425,457]
													Lagtime [425,457]
H													Max V [425,457]
													R-Squared [425,457]
													t at Max V [425,457]
													Lagtime [425,457]

