

Software Version	3.03.14



Experiment File Path:	C:\Users\Public\Documents\Experiments\Tina\20190315_GAP_assay.xpt
Protocol File Path:	C:\Users\Public\Documents\Protocols\Tina\GAP_sensor_assay.prt



Plate Number	Plate 1
Date	3/15/2019
Time	3:04:51 PM
Reader Type:	Synergy H1
Reader Serial Number:	1803011C
Reading Type	Reader

Procedure Details

Plate Type	Costar 96 well half area
Set Temperature	Setpoint 30°C
Start Kinetic	Runtime 1:23:00 (HH:MM:SS), Interval 0:00:05, 997 Reads
    Read	Fluorescence Endpoint
	C2..C10
	Filter Set 1
	    Excitation: 425,  Emission: 457
	    Optics: Bottom,  Gain: 57
	Light Source: Xenon Flash,  Lamp Energy: High
	Read Speed: Normal,  Delay: 0 msec,  Measurements/Data Point: 5
	Read Height: 7 mm
End Kinetic	

Layout
	1	2	3	4	5	6	7	8	9	10	11	12
A													Well ID
B													Well ID
C		SPL1	SPL2	SPL3	SPL4	SPL5	SPL6	SPL7	SPL8	SPL9			Well ID
D													Well ID
E													Well ID
F													Well ID
G													Well ID
H													Well ID

425,457

Time	T° 425,457	C2	C3	C4	C5	C6	C7	C8	C9	C10
0:00:00	30.0	4773	5459	5556	5224	6804	6922	5375	7734	7313
0:00:05	30.0	4804	5632	5681	5217	7148	7223	5347	8130	7682
0:00:10	30.0	4828	5699	5754	5257	7405	7463	5380	8619	8111
0:00:15	30.0	4830	5769	5835	5251	7675	7791	5396	8974	8366
0:00:20	30.0	4839	5942	5961	5243	7846	8132	5386	9372	8770
0:00:25	30.0	4870	6004	6043	5272	8232	8368	5394	9740	9076
0:00:30	30.0	4844	6066	6125	5282	8500	8682	5380	10185	9444
0:00:35	30.0	4850	6213	6231	5270	8730	8949	5365	10613	9723
0:00:40	30.0	4842	6269	6343	5284	9066	9190	5410	10909	10113
0:00:45	30.0	4830	6346	6432	5285	9182	9520	5420	11400	10427
0:00:50	30.0	4854	6425	6550	5251	9536	9767	5369	11704	10761
0:00:55	30.0	4894	6550	6644	5308	9771	10031	5384	12152	11163
0:01:00	30.0	4902	6688	6738	5268	9988	10271	5407	12519	11483
0:01:05	30.0	4877	6740	6778	5228	10305	10595	5392	12846	11778
0:01:10	30.0	4886	6799	6968	5273	10597	10906	5442	13160	12053
0:01:15	30.0	4853	6896	6992	5285	10811	11229	5402	13742	12485
0:01:20	30.0	4865	6977	7120	5270	11177	11469	5408	14048	12762
0:01:25	30.0	4884	7154	7195	5324	11333	11673	5397	14391	12992
0:01:30	30.0	4851	7198	7306	5249	11611	12055	5430	14685	13310
0:01:35	30.0	4904	7271	7394	5294	11899	12228	5425	15165	13639
0:01:40	30.0	4919	7351	7478	5305	12123	12481	5462	15492	13938
0:01:45	30.0	4850	7450	7546	5290	12440	12830	5423	15895	14323
0:01:50	30.0	4862	7528	7664	5308	12725	13127	5447	16129	14576
0:01:55	30.0	4865	7677	7768	5358	12977	13324	5440	16601	14908
0:02:00	30.1	4892	7793	7894	5319	13173	13586	5453	16955	15277
0:02:05	30.1	4894	7880	7992	5318	13433	13913	5433	17336	15544
0:02:10	30.0	4897	7832	8050	5330	13616	14074	5499	17494	15732
0:02:15	30.0	4900	7948	8165	5317	13894	14346	5457	17902	16189
0:02:20	30.0	4876	8063	8246	5327	14186	14739	5416	18142	16421
0:02:25	30.0	4944	8216	8365	5324	14412	14839	5417	18619	16719
0:02:30	30.0	4917	8284	8429	5389	14747	15154	5431	18696	17003
0:02:35	30.0	4950	8361	8558	5332	14943	15389	5489	19183	17298
0:02:40	30.0	4890	8426	8615	5322	15215	15612	5466	19438	17658
0:02:45	30.0	4929	8578	8689	5341	15449	16005	5498	19661	17848
0:02:50	30.0	4916	8624	8880	5329	15556	16115	5456	20123	18131
0:02:55	30.0	4917	8766	8864	5399	15969	16357	5531	20328	18472
0:03:00	30.0	4903	8833	8903	5338	16270	16731	5454	20749	18700
0:03:05	30.0	4911	8867	9031	5376	16405	17000	5478	20871	19093
0:03:10	30.0	4914	8923	9154	5397	16670	17164	5446	21087	19160
0:03:15	30.0	4914	9080	9216	5392	16837	17346	5456	21312	19467
0:03:20	30.0	4920	9153	9278	5423	17087	17566	5499	21796	19625
0:03:25	30.0	4905	9294	9530	5422	17323	17825	5533	21873	19928
0:03:30	30.0	4949	9318	9541	5363	17616	18026	5522	22202	20102
0:03:35	30.0	4912	9583	9722	5400	17716	18235	5481	22499	20502
0:03:40	30.0	4909	9517	9826	5374	17975	18618	5530	22573	20717
0:03:45	30.0	4936	9664	9893	5418	18226	18684	5476	22827	20800
0:03:50	30.0	4923	9721	9920	5391	18439	19169	5439	23088	21152
0:03:55	30.0	4941	9767	9933	5362	18610	19157	5487	23226	21406
0:04:00	30.0	4939	9891	10101	5370	18768	19263	5478	23565	21445
0:04:05	30.0	4878	10029	10024	5401	18950	19554	5519	23421	21827
0:04:10	30.0	4934	10089	10060	5419	19152	19931	5533	23729	22064
0:04:15	30.0	4917	10117	10224	5378	19494	20065	5560	23952	22137
0:04:20	30.0	4976	10240	10165	5402	19680	20211	5527	23986	22504
0:04:25	30.0	4893	10333	10362	5407	19785	20395	5482	24204	22507
0:04:30	30.0	4923	10322	10418	5404	20001	20595	5561	24414	22794
0:04:35	30.0	4940	10522	10481	5411	20178	20941	5476	24785	23044
0:04:40	30.0	4922	10535	10493	5376	20388	21041	5492	24886	23132
0:04:45	30.0	4977	10634	10605	5377	20560	21268	5512	24685	23139
0:04:50	30.0	4963	10744	10752	5392	20860	21402	5496	24875	23258
0:04:55	30.0	4907	10769	10822	5445	21005	21497	5555	25097	23606
0:05:00	30.0	4937	10860	10773	5396	21129	21823	5505	25278	23696
0:05:05	30.0	4928	10904	10883	5366	21261	22003	5490	25188	23933
0:05:10	30.0	4940	11087	11132	5420	21515	22292	5511	25217	23974
0:05:15	30.0	4906	11124	11110	5441	21677	22340	5511	25442	24074
0:05:20	30.0	4904	11253	11182	5380	21961	22412	5528	25210	24104
0:05:25	30.0	4911	11348	11334	5436	21850	22709	5550	25525	24337
0:05:30	30.0	4915	11347	11377	5429	22233	22664	5561	25661	24328
0:05:35	30.0	4897	11456	11552	5384	22271	23135	5525	25897	24586
0:05:40	30.0	4905	11589	11561	5425	22402	23245	5555	25703	24775
0:05:45	30.0	4939	11476	11508	5413	22761	23254	5532	25913	24718
0:05:50	30.0	4934	11680	11643	5405	22667	23572	5523	25635	24850
0:05:55	30.0	4931	11783	11787	5447	22945	23591	5502	25795	24808
0:06:00	30.0	4926	11923	11798	5416	23132	23874	5598	26087	25094
0:06:05	30.0	4946	11893	11995	5428	23358	23962	5560	26047	24816
0:06:10	30.0	4897	11949	12019	5424	23506	24147	5493	26103	25052
0:06:15	30.0	4958	12136	12015	5452	23494	24114	5530	26039	25280
0:06:20	30.0	4917	12092	12204	5399	23705	24369	5541	25763	25168
0:06:25	30.0	4873	12175	12157	5466	23934	24565	5563	26050	25315
0:06:30	30.0	4934	12269	12209	5412	23874	24752	5532	26064	25213
0:06:35	30.0	4893	12315	12478	5511	24326	24761	5507	26291	25478
0:06:40	30.0	4908	12492	12434	5461	24141	24980	5490	26175	25385
0:06:45	30.0	4914	12521	12597	5449	24380	25042	5513	26242	25693
0:06:50	30.0	4880	12552	12570	5442	24726	25126	5590	26292	25616
0:06:55	30.0	4927	12566	12685	5388	24565	25400	5572	26106	25572
0:07:00	30.0	4875	12735	12758	5458	24772	25455	5528	26235	25693
0:07:05	30.0	4889	12745	12720	5428	24909	25352	5526	26322	25921
0:07:10	30.0	4919	12795	12922	5409	25004	25590	5556	26299	25554
0:07:15	30.0	4917	12862	12943	5478	25139	25733	5513	26116	25827
0:07:20	30.0	4935	13021	13083	5466	25324	25882	5566	26354	25897
0:07:25	30.0	4873	13159	13098	5470	25469	25817	5537	26341	25920
0:07:30	30.0	4889	13149	13170	5399	25629	26097	5614	26362	25826
0:07:35	30.0	4908	13208	13315	5527	25526	26072	5513	26307	25817
0:07:40	30.0	4894	13264	13266	5469	25743	26083	5573	26289	25713
0:07:45	30.0	4905	13314	13357	5399	25936	26226	5525	26185	25797
0:07:50	30.0	4900	13450	13593	5432	25878	26565	5565	26208	26152
0:07:55	30.0	4900	13505	13557	5432	26207	26432	5565	26102	25765
0:08:00	30.0	4880	13563	13518	5490	26055	26769	5550	26439	26070
0:08:05	30.0	4900	13547	13715	5412	26076	26712	5618	26277	25904
0:08:10	30.0	4892	13680	13730	5437	26498	26691	5609	26324	26007
0:08:15	30.0	4906	13682	13665	5485	26490	27028	5553	26373	25957
0:08:20	30.0	4916	13784	13925	5415	26568	26759	5565	26313	25932
0:08:25	30.0	4917	13745	14044	5445	26689	27046	5554	26342	26097
0:08:30	30.0	4883	13879	13973	5418	26812	27216	5590	26264	25988
0:08:35	30.0	4917	13904	13939	5446	26838	27253	5560	26369	25819
0:08:40	30.0	4920	14003	14096	5457	26783	27484	5581	26411	26060
0:08:45	30.0	4905	14121	14241	5446	26805	27301	5598	26355	25985
0:08:50	30.0	4929	14160	14185	5449	26895	27435	5560	26373	25935
0:08:55	30.0	4917	14129	14326	5459	27126	27324	5588	26398	25977
0:09:00	30.0	4937	14231	14379	5503	26898	27490	5565	26351	26146
0:09:05	30.1	4911	14325	14422	5447	27068	27632	5573	26242	25911
0:09:10	30.1	4870	14309	14290	5448	27266	27516	5601	26273	25950
0:09:15	30.0	4981	14378	14424	5441	27341	27761	5616	26515	25813
0:09:20	30.0	4906	14446	14570	5457	27522	27998	5601	26317	25979
0:09:25	30.0	4928	14659	14633	5460	27163	28050	5650	26183	26097
0:09:30	30.0	4907	14550	14671	5495	27291	28044	5589	26254	25931
0:09:35	30.0	4958	14500	14769	5434	27432	28246	5569	26277	25813
0:09:40	30.0	4890	14583	14759	5448	27789	28138	5595	26165	25926
0:09:45	30.0	4885	14771	14909	5473	27658	28042	5643	26505	26027
0:09:50	30.0	4954	14767	14945	5459	27751	28088	5635	26246	26037
0:09:55	30.0	4932	14812	15072	5468	27985	28205	5572	26200	26060
0:10:00	30.0	4933	14886	15002	5463	27938	28334	5643	26335	26004
0:10:05	30.0	4923	15035	15096	5451	27854	28370	5565	26229	26109
0:10:10	30.0	4937	15118	15051	5541	27782	28373	5649	26357	26223
0:10:15	30.0	4929	15170	15255	5493	27958	28339	5616	26242	25938
0:10:20	30.0	4912	15208	15188	5511	28036	28589	5651	26226	26043
0:10:25	30.0	4926	15052	15282	5443	27916	28365	5615	26214	25982
0:10:30	30.0	4941	15137	15347	5473	28355	28321	5600	26135	26146
0:10:35	30.0	4985	15194	15390	5412	28330	28805	5619	26352	25907
0:10:40	30.0	4903	15228	15416	5509	28540	28400	5613	26224	26233
0:10:45	30.0	4948	15331	15417	5442	28309	28809	5617	26395	26154
0:10:50	30.0	4928	15454	15440	5463	28306	28593	5645	26175	26150
0:10:55	30.0	4944	15415	15584	5515	28688	28848	5599	26540	26127
0:11:00	30.0	4901	15438	15511	5496	28372	28856	5667	26302	26015
0:11:05	30.0	4893	15583	15614	5497	28418	28699	5573	26354	25978
0:11:10	30.0	4901	15647	15739	5517	28362	28858	5636	26233	25996
0:11:15	30.0	4902	15618	15627	5415	28607	28985	5641	26236	26083
0:11:20	30.0	4929	15732	15808	5471	28457	29072	5624	26379	25930
0:11:25	30.0	4936	15677	15908	5521	28765	28761	5609	26450	25943
0:11:30	30.0	4956	15638	15960	5480	28443	29161	5570	26200	26079
0:11:35	30.0	4904	15780	15909	5474	28712	29100	5619	26257	25851
0:11:40	30.0	4925	15804	15866	5512	28859	29038	5596	26235	26020
0:11:45	30.0	4923	15936	15952	5545	28800	29088	5628	26424	25918
0:11:50	30.0	4896	15835	16104	5486	28739	29049	5644	26140	26140
0:11:55	30.0	4940	15958	16172	5501	28730	29322	5663	26261	25995
0:12:00	30.0	4879	15999	16254	5523	28933	29248	5680	26248	26158
0:12:05	30.0	4898	15924	16057	5520	28761	29099	5650	26630	25901
0:12:10	30.0	4978	15986	16081	5499	28929	29205	5601	26554	26043
0:12:15	30.0	4934	16098	16218	5538	28748	29226	5642	26459	26226
0:12:20	30.0	4879	16074	16325	5538	28982	29058	5661	26237	25847
0:12:25	30.0	4924	16181	16212	5513	29171	29264	5636	26352	26224
0:12:30	30.0	5008	16082	16223	5542	28850	29383	5655	26213	26160
0:12:35	30.0	4919	16207	16320	5443	29173	29318	5633	26093	26082
0:12:40	30.0	4935	16218	16407	5487	29003	29392	5616	26477	26095
0:12:45	30.0	4915	16338	16536	5524	28840	29334	5695	26260	26065
0:12:50	30.0	4959	16339	16427	5539	28931	29182	5601	26146	25944
0:12:55	30.0	4955	16329	16549	5512	29153	29292	5623	26118	25804
0:13:00	30.0	4927	16346	16474	5519	29347	29469	5694	26347	25910
0:13:05	30.0	4924	16382	16487	5562	29019	29291	5658	26430	26119
0:13:10	30.0	4957	16508	16541	5502	29364	29523	5624	26402	25921
0:13:15	30.0	4969	16590	16629	5525	29190	29465	5673	26405	26118
0:13:20	30.0	4921	16575	16730	5536	29307	29343	5691	26067	25980
0:13:25	30.0	4945	16632	16705	5505	29219	29420	5682	26077	26090
0:13:30	30.0	4931	16476	16884	5499	29108	29428	5703	26219	25914
0:13:35	30.0	4929	16424	16917	5534	29085	29568	5695	26107	26156
0:13:40	30.0	4995	16651	16774	5545	29364	29433	5644	26239	26077
0:13:45	30.0	4932	16527	16805	5579	29100	29519	5663	26138	26056
0:13:50	30.1	4929	16652	16847	5531	29156	29578	5637	26200	26242
0:13:55	30.0	4925	16684	16831	5585	29436	29435	5663	26219	25905
0:14:00	30.0	4935	16824	16991	5568	29210	29577	5681	26011	25690
0:14:05	30.0	4907	16768	16842	5536	29565	29324	5689	26161	25801
0:14:10	30.0	4965	16805	17008	5533	29531	29595	5658	26189	26270
0:14:15	30.0	4915	16787	17014	5526	29386	29746	5719	26203	26025
0:14:20	30.0	4945	17030	16829	5547	29475	29661	5723	26423	26101
0:14:25	30.0	4934	16874	17105	5526	29495	29638	5755	26172	26100
0:14:30	30.0	4950	16813	17057	5530	29519	29667	5727	26151	26060
0:14:35	30.0	4922	17176	17215	5530	29258	29822	5723	26206	25925
0:14:40	30.0	4976	16986	17277	5529	29506	29752	5729	26207	25688
0:14:45	30.0	4959	17053	17223	5591	29691	29772	5755	26133	26206
0:14:50	30.0	4940	16975	17157	5495	29299	29734	5719	26311	25948
0:14:55	30.0	4940	17001	17268	5529	29532	29613	5696	26287	26024
0:15:00	30.0	4958	17153	17246	5544	29505	29795	5707	26264	25844
0:15:05	30.0	4972	16920	17208	5550	29500	29390	5719	26148	25890
0:15:10	30.0	4888	17137	17116	5518	29578	29425	5749	26011	26057
0:15:15	30.0	4944	17177	17410	5575	29509	29797	5739	26090	26033
0:15:20	30.0	4896	17129	17212	5596	29628	29703	5693	26035	26174
0:15:25	30.0	4962	17130	17163	5584	29434	29867	5731	26164	26017
0:15:30	30.0	4977	17089	17148	5549	29838	29943	5752	26065	25929
0:15:35	30.0	4901	17146	17401	5567	29450	29598	5718	26059	26145
0:15:40	30.0	4943	17305	17293	5524	29138	29689	5680	26226	26018
0:15:45	30.0	4903	17284	17267	5610	29442	29966	5686	26228	25788
0:15:50	30.0	4962	17284	17312	5533	29406	29602	5719	26092	25934
0:15:55	30.0	4979	17187	17252	5577	29397	29642	5729	26094	26094
0:16:00	30.0	4921	17398	17326	5576	29746	29879	5735	26168	25933
0:16:05	30.0	4912	17207	17465	5544	29534	29870	5756	26184	26048
0:16:10	30.0	4963	17332	17435	5575	29414	29734	5735	26323	25933
0:16:15	30.0	4967	17466	17385	5523	29435	29670	5676	26159	25982
0:16:20	30.0	4979	17368	17370	5570	29703	29744	5749	25998	25783
0:16:25	30.0	4951	17523	17584	5524	29635	29596	5757	26136	25898
0:16:30	29.9	4928	17445	17397	5585	29500	29885	5744	26046	25892
0:16:35	30.0	4962	17354	17529	5567	29540	29667	5774	26125	25951
0:16:40	30.0	4990	17295	17577	5576	29552	29855	5752	26386	25756
0:16:45	30.1	4966	17439	17592	5614	29621	29845	5702	26290	25781
0:16:50	30.0	4962	17442	17494	5590	29722	29677	5752	26489	25814
0:16:55	30.0	5006	17449	17535	5581	29423	29876	5700	26224	25925
0:17:00	30.0	4938	17440	17509	5551	29552	29576	5728	26084	25736
0:17:05	30.0	4896	17408	17463	5600	29559	29607	5758	26165	26067
0:17:10	30.0	4950	17532	17455	5608	29832	29771	5854	26357	25911
0:17:15	30.0	4933	17427	17576	5585	29665	29645	5711	26191	26273
0:17:20	30.0	4920	17396	17553	5599	29599	29520	5709	26024	26087
0:17:25	30.0	4930	17580	17481	5615	29579	29709	5749	26159	25872
0:17:30	30.0	4924	17436	17647	5590	29752	29808	5794	26398	25903
0:17:35	30.0	4931	17532	17575	5614	29695	29857	5737	26127	26046
0:17:40	30.0	4945	17491	17535	5600	29829	29705	5756	26304	26056
0:17:45	30.0	4940	17516	17783	5568	29611	29656	5758	26061	25743
0:17:50	30.0	4944	17570	17659	5595	29629	29733	5768	26059	25871
0:17:55	30.0	4969	17654	17717	5604	29646	29640	5768	26021	25876
0:18:00	30.0	4972	17561	17571	5634	30005	29572	5754	26040	25846
0:18:05	30.0	4939	17596	17652	5628	29702	29758	5788	26252	25875
0:18:10	30.0	4933	17629	17644	5574	29784	29491	5767	26118	26033
0:18:15	30.0	4946	17661	17537	5596	29689	29861	5747	25903	25867
0:18:20	30.0	4980	17656	17771	5627	29756	29975	5774	26074	26001
0:18:25	30.0	4931	17363	17610	5600	29751	29677	5807	26201	25807
0:18:30	30.0	5014	17616	17758	5596	29480	29748	5801	26132	26075
0:18:35	30.0	4966	17545	17735	5612	29799	29780	5767	26050	25776
0:18:40	30.0	4937	17625	17677	5630	29671	29772	5819	26208	26053
0:18:45	30.0	4980	17605	17746	5587	29476	29891	5791	26144	25886
0:18:50	30.0	4957	17669	17812	5624	29482	29785	5778	26078	25953
0:18:55	30.0	4943	17668	17852	5600	29795	29580	5813	26243	26047
0:19:00	30.0	4981	17686	17683	5599	29554	29737	5795	26127	25929
0:19:05	30.0	4984	17608	17749	5624	29721	29717	5793	26079	25887
0:19:10	30.0	5000	17792	17679	5595	29487	29697	5846	26036	25856
0:19:15	30.0	4971	17747	17751	5584	29633	29671	5774	26166	25736
0:19:20	30.0	4977	17572	17660	5621	29716	29741	5795	26281	25971
0:19:25	30.0	4983	17876	17885	5613	29558	29962	5877	26052	26148
0:19:30	30.0	4935	17713	17830	5591	29612	29696	5744	26187	25895
0:19:35	30.0	4962	17814	17749	5600	29841	29880	5806	26091	25901
0:19:40	30.0	4936	17849	17909	5645	29808	30081	5794	26135	25998
0:19:45	30.0	4958	17660	17711	5633	29702	29644	5789	26216	25729
0:19:50	30.0	4967	17813	17770	5647	29483	29740	5868	26325	25990
0:19:55	30.0	4986	17917	17877	5682	29664	29737	5783	25974	26043
0:20:00	30.0	4957	17724	17718	5603	29553	29953	5828	26160	25727
0:20:05	30.0	4946	17639	17871	5634	29669	29765	5836	26197	26047
0:20:10	30.0	4992	17799	17773	5614	29674	29828	5832	26100	26033
0:20:15	30.0	4961	17817	17898	5708	29689	29880	5794	26161	25716
0:20:20	30.0	4978	17872	17727	5572	29781	29697	5809	26209	25765
0:20:25	30.0	4996	17964	17900	5608	29706	29992	5779	26026	25610
0:20:30	30.0	4973	17892	17972	5606	29732	29798	5852	26025	25677
0:20:35	30.0	4961	17738	17830	5618	29747	29676	5842	25917	25977
0:20:40	30.0	4986	17722	17987	5650	29631	29778	5811	25926	25957
0:20:45	30.0	4988	17809	17781	5660	29766	29707	5797	26084	25905
0:20:50	30.0	4996	17910	17993	5615	29850	29903	5868	26169	26077
0:20:55	30.1	4995	17750	17821	5600	29556	29706	5822	26139	26000
0:21:00	30.1	4995	17792	17864	5680	29430	29970	5875	26049	26039
0:21:05	30.1	5011	17735	17889	5622	29567	29938	5830	26049	25947
0:21:10	30.0	4960	17703	17901	5605	29514	29826	5807	26299	25805
0:21:15	30.0	4974	17751	17818	5680	29704	29759	5859	25977	25898
0:21:20	30.0	4943	17857	17745	5620	29734	29853	5824	25985	25786
0:21:25	30.0	4997	17923	17888	5668	29739	29729	5838	26218	25865
0:21:30	30.0	4994	17761	17983	5697	29513	29594	5833	25972	25865
0:21:35	30.0	4952	17916	17968	5670	29677	29924	5901	26025	25997
0:21:40	30.0	4955	17873	17848	5639	29864	29342	5840	26235	25749
0:21:45	30.0	4998	17863	17891	5632	29624	29734	5884	26293	25895
0:21:50	30.0	4974	17986	17959	5681	29689	29846	5887	26230	25953
0:21:55	30.0	5010	17883	17878	5653	29689	29890	5831	26185	25950
0:22:00	30.0	4981	17703	17963	5674	29360	30061	5829	26055	25860
0:22:05	30.0	5026	17881	17877	5670	29694	29798	5850	26092	25847
0:22:10	30.0	4989	18006	17931	5635	29862	29715	5880	26143	25836
0:22:15	30.0	4970	17940	17740	5655	29650	29979	5867	26094	25919
0:22:20	30.0	4961	17943	17918	5696	29637	29774	5855	26282	25966
0:22:25	30.0	4964	17869	17919	5644	29644	29849	5846	25964	25873
0:22:30	30.0	4951	17865	17849	5708	29513	29598	5875	25963	25770
0:22:35	30.0	4972	17908	17904	5648	29557	29849	5867	26100	26039
0:22:40	30.0	4972	17927	17968	5649	29729	29755	5871	26014	25983
0:22:45	30.0	4977	18086	17938	5666	29371	29756	5880	26023	25968
0:22:50	30.0	4970	17869	18022	5683	29568	29624	5846	26296	26096
0:22:55	30.0	4957	17800	17899	5694	29615	29690	5855	25839	25934
0:23:00	30.0	4982	17921	17930	5662	29651	29789	5858	25984	25926
0:23:05	30.0	4986	18110	17951	5665	29707	29800	5868	26123	25836
0:23:10	30.0	4984	17955	17999	5680	29607	29612	5905	26033	26190
0:23:15	30.0	4982	17911	17983	5632	29694	29989	5878	25964	26022
0:23:20	30.0	4988	17955	17949	5672	29578	29702	5844	26065	25754
0:23:25	30.0	4965	17969	17800	5683	29699	29845	5935	26174	25773
0:23:30	30.0	4961	17821	17793	5648	29658	29813	5915	26200	25798
0:23:35	30.0	4986	17878	17895	5696	29481	29830	5899	26082	25885
0:23:40	30.0	5010	17885	18001	5687	29676	29679	5868	26241	25967
0:23:45	30.0	4945	17938	17864	5699	29656	29562	5920	25900	25902
0:23:50	30.0	4996	17986	17828	5656	29742	29526	5888	26169	26067
0:23:55	30.1	4944	17901	18016	5709	29826	29826	5938	26085	25893
0:24:00	30.1	4980	17977	18027	5754	29491	29792	5917	26165	25767
0:24:05	30.0	5016	18057	17953	5718	29755	29551	5928	26077	25850
0:24:10	30.0	4996	17823	17904	5739	29619	29914	5903	25898	25956
0:24:15	30.0	4972	17949	18053	5662	29682	29762	5907	26114	25844
0:24:20	30.0	4981	18088	17949	5679	29676	29815	5906	26119	25793
0:24:25	30.0	5004	18021	17935	5727	29645	29521	5871	25950	25949
0:24:30	30.0	4991	17812	17894	5685	29567	29964	5944	25983	26017
0:24:35	30.0	4951	17838	18023	5682	29849	29509	5899	25989	25743
0:24:40	30.0	4962	17946	18071	5707	30067	29719	5960	26031	25847
0:24:45	30.0	4970	18035	17914	5733	29657	29721	5917	25920	25838
0:24:50	30.0	4973	17918	18061	5688	29784	29808	5891	26052	25920
0:24:55	30.0	5010	17861	18043	5733	30025	29783	5893	25916	25838
0:25:00	30.0	4967	17999	18001	5702	29373	29904	5876	26039	25849
0:25:05	30.0	4970	17963	18133	5754	29484	29956	5929	26041	25905
0:25:10	30.0	4989	17973	17905	5791	29865	29705	5877	25889	26166
0:25:15	30.0	4980	17959	18052	5720	29698	29542	5960	26172	25781
0:25:20	30.0	4991	18066	17980	5703	29689	29647	5942	25936	26185
0:25:25	30.0	5003	17842	17959	5739	29810	29259	5917	26072	25887
0:25:30	30.0	5010	18031	17887	5728	29586	29531	5937	26204	25870
0:25:35	30.0	4958	17809	17833	5799	29625	29670	5983	26008	25798
0:25:40	30.0	5017	18018	17842	5699	29696	29504	5922	25906	26092
0:25:45	30.0	4981	18067	17947	5706	29812	29532	5942	25971	25889
0:25:50	30.0	5000	17895	17989	5749	29584	29638	5935	26115	25774
0:25:55	30.0	4992	17887	17868	5709	29675	29707	5909	25998	25696
0:26:00	30.0	4956	17918	18051	5693	29539	29879	5936	25984	25797
0:26:05	30.0	5058	17900	17951	5767	29593	29622	5943	26020	25815
0:26:10	30.0	5002	17997	17891	5690	29738	29756	5921	26045	25976
0:26:15	30.0	4961	17863	18005	5692	29508	29433	5959	25986	25764
0:26:20	30.0	5071	17913	18052	5758	29673	29640	5946	26211	25735
0:26:25	30.0	5009	17880	17999	5715	29541	29597	5953	26008	25826
0:26:30	30.0	5043	18064	17992	5690	29834	29540	5934	26091	25813
0:26:35	30.1	4955	17880	17961	5699	29716	29798	5930	26087	25961
0:26:40	30.0	4996	17838	18035	5743	29599	29702	5977	26002	25686
0:26:45	30.0	4968	18029	18047	5700	29726	29842	5982	25980	25867
0:26:50	30.0	4963	18008	17995	5763	29467	29729	5968	26057	25598
0:26:55	30.0	5012	17959	17973	5761	29592	29674	5962	25971	25843
0:27:00	30.0	4969	17883	17891	5766	29679	29608	6009	25911	25813
0:27:05	30.0	4990	17962	17959	5735	29608	29579	5952	25984	26041
0:27:10	30.0	5041	17964	17973	5723	29570	29795	5947	26120	25973
0:27:15	30.0	5047	18095	18024	5745	29752	29592	5989	25920	26123
0:27:20	30.0	5031	18007	17934	5708	29780	29632	5930	26117	25882
0:27:25	30.0	4949	17926	17928	5683	29579	29836	5959	25913	25708
0:27:30	30.0	4993	18007	18175	5704	29607	29604	5977	26073	25852
0:27:35	30.0	4953	17932	18140	5801	29593	29883	5982	25909	25805
0:27:40	30.0	5068	17911	18081	5738	29480	29499	5983	25992	25597
0:27:45	30.0	5046	18050	17950	5774	29766	29625	5971	26195	25940
0:27:50	30.0	5046	18007	17993	5717	29648	29756	6031	25877	25933
0:27:55	30.0	5060	17855	18022	5775	29593	29681	5997	25906	25962
0:28:00	30.0	4993	17795	17953	5774	29530	29788	6010	26212	25824
0:28:05	30.0	4995	18043	17955	5746	29704	29638	6034	26057	25922
0:28:10	30.0	5019	17847	17919	5794	29604	29743	6040	25886	25946
0:28:15	30.0	4985	17965	17829	5826	29487	29714	5998	25990	25895
0:28:20	30.0	4986	17835	17906	5765	29752	29548	6063	25933	26000
0:28:25	30.0	4999	17711	17858	5711	29518	29817	6010	25773	25906
0:28:30	30.0	5051	17938	18082	5791	29591	29431	5970	26183	25941
0:28:35	30.0	5017	17981	17968	5767	29649	29662	6011	25945	25936
0:28:40	30.0	5045	17801	17935	5756	29408	29401	6027	26037	25825
0:28:45	30.0	5018	17923	18011	5778	29493	29509	6037	25861	25721
0:28:50	30.0	4999	17940	18129	5807	29676	29497	6002	26053	25871
0:28:55	30.0	5009	17922	18093	5825	29767	29665	6033	26167	26063
0:29:00	30.0	5041	17938	17952	5754	29533	29700	5992	26060	25850
0:29:05	30.0	4997	17999	18011	5818	29607	29654	6046	25912	25943
0:29:10	30.0	5021	17944	17931	5776	29585	29392	5967	26018	25822
0:29:15	30.0	4996	17967	17969	5795	29598	29390	5984	25923	25829
0:29:20	30.0	5006	17989	17896	5766	29670	29557	5994	25998	25676
0:29:25	30.0	5069	17941	17917	5784	29464	29723	5997	26031	25910
0:29:30	30.0	4999	17983	18043	5754	29881	29486	6020	26145	25892
0:29:35	30.0	5018	17908	17908	5780	29654	29615	6024	25909	25825
0:29:40	30.0	5030	17916	17980	5734	29505	29626	6090	26156	25775
0:29:45	30.0	5032	17954	17991	5771	29457	29557	6068	26138	25789
0:29:50	30.0	5026	17952	17979	5816	29676	29681	6025	26005	25921
0:29:55	30.0	5016	18068	18121	5770	29640	29485	6017	25918	25744
0:30:00	30.0	5026	17920	17913	5789	29378	29633	6012	26010	25927
0:30:05	30.0	5017	17992	17986	5774	29308	29767	5999	26039	25960
0:30:10	30.0	5037	17896	17933	5802	29674	29447	6009	26145	25649
0:30:15	30.0	5022	18059	18054	5789	29471	29660	6033	25977	25822
0:30:20	30.0	5053	17923	18012	5724	29534	29529	6069	26124	26036
0:30:25	30.0	5026	17979	18152	5809	29687	29386	6046	25788	25697
0:30:30	30.0	5082	17823	17988	5756	29734	29480	6029	25881	25799
0:30:35	30.0	5032	18017	17937	5793	29437	29532	6031	25896	25797
0:30:40	30.0	5039	17991	17844	5827	29699	29465	6041	26077	25628
0:30:45	30.0	5074	17868	17893	5795	29449	29554	6033	26002	25866
0:30:50	30.0	5024	17887	17989	5815	29521	29666	6016	26115	25750
0:30:55	30.0	5000	18011	17835	5797	29709	29602	6052	25820	25994
0:31:00	30.0	5074	17790	17981	5806	29682	29533	6043	26158	25992
0:31:05	30.0	5024	18004	17963	5842	29336	29539	6050	26075	25890
0:31:10	30.0	5039	17960	18092	5826	29740	29478	6072	26129	25857
0:31:15	30.0	5055	17877	18022	5832	29388	29592	6033	26044	25742
0:31:20	30.0	5024	17929	18088	5801	29542	29579	6072	26064	25713
0:31:25	30.0	5040	18025	18063	5799	29555	29436	6098	25857	25838
0:31:30	30.0	5064	17809	17869	5786	29595	29635	6081	25975	25807
0:31:35	30.0	5033	17831	18104	5779	29413	29648	6061	26101	25754
0:31:40	30.0	5014	17893	17965	5790	29691	29633	6085	26088	25958
0:31:45	30.0	5043	17946	18013	5812	29533	29604	6046	25839	25754
0:31:50	30.0	5038	17954	18043	5823	29484	29295	6045	26003	25858
0:31:55	30.0	5028	17884	18080	5858	29556	29727	6120	25987	25848
0:32:00	30.0	5022	17854	17885	5836	29380	29557	6058	26003	25664
0:32:05	30.0	5064	18018	17972	5806	29854	29665	6093	25995	25775
0:32:10	30.0	5070	17900	17965	5805	29472	29815	6070	26080	25863
0:32:15	30.0	5081	17862	18123	5821	29426	29552	6156	26054	25777
0:32:20	30.0	5006	18043	17969	5882	29601	29492	6095	26257	25787
0:32:25	30.0	5054	17878	18012	5870	29438	29586	6103	25857	25689
0:32:30	30.0	5058	17909	18052	5850	29668	29606	6072	25979	25818
0:32:35	30.0	5008	17868	18000	5869	29619	29756	6087	26137	25643
0:32:40	30.0	5024	18081	17915	5799	29476	29613	6079	26038	25863
0:32:45	30.0	5100	17850	18038	5762	29349	29619	6102	25867	25798
0:32:50	30.0	5085	18083	18070	5815	29664	29500	6074	25943	25800
0:32:55	30.0	5059	18043	18004	5843	29571	29560	6106	26075	25865
0:33:00	30.0	5035	17904	18124	5859	29347	29646	6087	25936	25922
0:33:05	30.0	5016	17944	17917	5892	29558	29624	6085	26003	26014
0:33:10	30.0	5010	17845	18000	5844	29394	29397	6093	25846	25917
0:33:15	30.0	5025	17903	17993	5876	29551	29645	6100	25994	25793
0:33:20	30.0	5087	17846	18024	5839	29403	29515	6053	25960	25816
0:33:25	30.0	5039	18008	17864	5870	29392	29362	6108	25797	25622
0:33:30	30.0	5069	17875	17945	5840	29445	29491	6136	26090	25808
0:33:35	30.0	5050	17969	17950	5827	29450	29450	6099	25715	25732
0:33:40	30.0	5090	17951	18147	5869	29441	29503	6061	25762	26015
0:33:45	30.0	5040	17855	18102	5825	29484	29568	6130	25825	25748
0:33:50	30.0	5059	17867	18149	5846	29582	29474	6128	25966	25988
0:33:55	30.0	5074	18018	18067	5846	29691	29484	6118	25976	25787
0:34:00	30.0	5032	17900	17996	5841	29452	29588	6101	26147	25763
0:34:05	30.0	5057	17947	18134	5842	29522	29560	6088	25857	25980
0:34:10	30.0	5040	17949	18057	5848	29464	29690	6171	25862	25829
0:34:15	30.0	5069	18032	18051	5889	29223	29676	6153	25810	25562
0:34:20	30.0	5055	17961	18048	5819	29566	29455	6116	25927	25897
0:34:25	30.0	5025	18092	17882	5816	29559	29664	6123	26129	25750
0:34:30	30.0	5086	17948	18010	5917	29506	29459	6105	25940	25723
0:34:35	30.0	5077	17981	18106	5847	29560	29608	6176	25836	25731
0:34:40	30.0	5033	18009	18042	5883	29558	29765	6132	25954	25567
0:34:45	30.0	5025	17926	18006	5779	29344	29499	6100	25944	26012
0:34:50	30.0	5070	17989	18118	5901	29340	29815	6145	26018	25714
0:34:55	30.0	5036	17936	17927	5912	29600	29433	6152	25924	25576
0:35:00	30.0	5054	17973	17865	5882	29659	29487	6119	25891	25657
0:35:05	30.0	5025	17972	18014	5873	29457	29637	6154	25842	25893
0:35:10	30.0	5071	17984	17790	5890	29508	29395	6137	25873	25668
0:35:15	30.0	5082	17877	17992	5860	29562	29499	6201	26010	25847
0:35:20	30.0	5133	17867	17816	5878	29442	29623	6145	25945	25655
0:35:25	30.0	5063	18068	17989	5877	29467	29487	6193	25866	25752
0:35:30	30.0	5050	17934	17944	5861	29446	29560	6170	25852	25750
0:35:35	30.0	5083	18047	18018	5929	29451	29635	6181	25935	25972
0:35:40	30.0	5078	17996	17941	5851	29400	29493	6137	25849	25661
0:35:45	30.0	5076	17767	18006	5907	29465	29678	6161	25883	25924
0:35:50	30.0	5078	18069	17782	5905	29115	29461	6147	25875	25851
0:35:55	30.0	5061	18004	17990	5926	29699	29581	6197	25718	25651
0:36:00	30.0	5074	17992	17881	5935	29463	29779	6202	25802	25729
0:36:05	30.0	5069	17833	18016	5939	29406	29573	6120	26158	25769
0:36:10	30.0	5101	17833	18013	5907	29523	29375	6186	26005	25715
0:36:15	30.0	5085	17977	17969	5923	29374	29582	6191	25969	25827
0:36:20	30.0	5068	17979	17943	5875	29200	29612	6218	26057	25850
0:36:25	30.0	5030	17933	17947	5888	29595	29515	6175	25847	25664
0:36:30	30.0	5033	17891	17982	5936	29311	29528	6164	25861	25834
0:36:35	30.0	5059	18032	17964	5918	29369	29532	6229	26047	25843
0:36:40	30.0	5109	17908	18112	5945	29477	29497	6173	26055	25733
0:36:45	30.0	5105	17864	18122	5947	29420	29483	6250	25887	25747
0:36:50	30.0	5079	17861	18045	5915	29426	29531	6231	25789	25584
0:36:55	30.0	5101	17900	18035	5940	29353	29195	6161	25742	25781
0:37:00	30.0	5044	17963	17937	5926	29277	29557	6187	25842	25867
0:37:05	30.0	5101	17879	17886	5872	29354	29572	6140	26023	25893
0:37:10	30.0	5111	18087	17869	5929	29281	29358	6231	25969	25617
0:37:15	30.0	5083	17956	17904	5994	29346	29543	6179	25873	25916
0:37:20	30.0	5095	18047	17940	5878	29252	29447	6174	25925	25745
0:37:25	30.0	5038	17960	17923	5917	29300	29674	6203	26069	25876
0:37:30	30.0	5103	17897	17985	5889	29516	29656	6247	25736	25831
0:37:35	30.0	5082	17897	17983	5923	29476	29539	6251	25960	25757
0:37:40	30.0	5054	18068	17836	5935	29362	29581	6213	25876	25979
0:37:45	30.0	5052	18128	17840	5901	29634	29492	6248	25956	25808
0:37:50	30.0	5049	17942	17950	5928	29194	29562	6255	25994	25822
0:37:55	30.0	5071	18104	17910	5934	29535	29367	6224	25993	25743
0:38:00	30.0	5094	18057	17920	5981	29440	29363	6261	25835	25911
0:38:05	30.0	5079	17991	18029	5907	29442	29572	6242	26177	25832
0:38:10	30.0	5089	17961	17854	5975	29482	29502	6195	25798	25896
0:38:15	30.0	5050	17912	17958	5947	29485	29768	6215	26014	25777
0:38:20	30.0	5067	17891	17766	5917	29344	29506	6233	25861	25999
0:38:25	30.0	5111	17878	17825	5963	29566	29475	6241	26134	25727
0:38:30	30.0	5062	18058	18076	5902	29441	29568	6226	25884	25716
0:38:35	30.0	5091	17847	17984	5935	29389	29205	6281	25833	25726
0:38:40	30.0	5110	17980	17871	5924	29626	29602	6248	25885	25879
0:38:45	30.0	5084	18071	17993	5945	29413	29354	6243	25732	25630
0:38:50	30.0	5078	17918	17841	5933	29571	29784	6229	25968	25885
0:38:55	30.0	5070	17912	17934	6007	29597	29419	6206	25858	25578
0:39:00	30.0	5075	17799	17897	5951	29297	29483	6195	25945	25752
0:39:05	30.0	5113	17932	17865	5971	29283	29479	6225	26113	25793
0:39:10	30.0	5079	17944	17885	5970	29347	29228	6241	25908	25629
0:39:15	30.0	5113	17884	17947	5933	29400	29788	6252	25872	25654
0:39:20	30.0	5058	18064	18056	5946	29386	29496	6204	26093	25802
0:39:25	30.0	5110	17916	17872	5929	29397	29679	6282	25719	25746
0:39:30	30.0	5057	17972	17928	6008	29222	29406	6205	25946	25767
0:39:35	30.0	5081	17829	17876	5964	29366	29451	6264	25603	25810
0:39:40	30.0	5075	17902	18069	5975	29302	29503	6256	26055	25758
0:39:45	30.0	5052	17987	17926	6024	29542	29559	6299	26030	25856
0:39:50	30.0	5067	17888	17936	5980	29422	29526	6238	25929	25822
0:39:55	30.0	5093	17998	17944	5983	29600	29491	6236	25803	25952
0:40:00	30.0	5103	17953	18053	6004	29279	29548	6246	26098	25832
0:40:05	30.0	5093	17923	17994	5953	29483	29575	6283	25988	25855
0:40:10	30.0	5057	17948	17882	6025	29125	29307	6252	25949	25726
0:40:15	30.0	5084	17947	17971	6000	29236	29615	6289	26067	25735
0:40:20	30.0	5058	17848	18002	5993	29284	29376	6306	25901	25970
0:40:25	30.0	5060	17948	18014	6064	29438	29275	6330	25968	25928
0:40:30	30.0	5104	17950	17914	5969	29386	29509	6282	25929	25828
0:40:35	30.0	5130	17897	17924	6046	29286	29652	6251	25862	26058
0:40:40	30.0	5103	17968	17919	5992	29605	29587	6283	25833	25620
0:40:45	30.0	5084	17885	18015	6027	29557	29528	6251	25772	25677
0:40:50	30.0	5045	17859	18074	5950	29343	29760	6290	25945	25593
0:40:55	30.0	5109	17961	17975	5965	29399	29449	6288	26029	25730
0:41:00	30.0	5089	17992	18138	5968	29509	29134	6326	26030	25856
0:41:05	30.0	5092	17849	17970	6021	29442	29537	6264	25985	25832
0:41:10	30.0	5036	17824	17889	5950	29454	29345	6269	25863	25634
0:41:15	30.0	5101	18043	17852	5965	29554	29329	6302	25773	25864
0:41:20	30.0	5103	17958	17869	5981	29398	29551	6322	25780	25807
0:41:25	30.0	5088	17941	17925	6010	29619	29621	6280	25880	25692
0:41:30	30.0	5083	18087	17923	5998	29199	29637	6294	25945	25888
0:41:35	30.0	5099	17889	17957	6060	29420	29428	6264	25873	25719
0:41:40	30.0	5091	17935	17961	6011	29434	29575	6327	25620	25705
0:41:45	30.0	5126	18069	17865	5992	29164	29471	6328	25901	25851
0:41:50	30.0	5127	17849	17986	6054	29320	29529	6341	26042	25752
0:41:55	30.0	5075	17984	17991	5952	29447	29457	6315	25804	25924
0:42:00	30.0	5099	18018	17834	5981	29454	29345	6299	25969	25776
0:42:05	30.0	5064	17979	18018	6037	29491	29492	6274	25835	25851
0:42:10	30.0	5060	18068	17945	5999	29326	29516	6331	26090	25747
0:42:15	30.0	5131	17948	17978	6003	29177	29313	6310	26022	25546
0:42:20	30.0	5087	18065	17856	5981	29333	29239	6337	25977	25764
0:42:25	30.0	5079	17973	17945	5993	29481	29430	6347	25889	25779
0:42:30	30.0	5118	17881	17794	6008	29166	29324	6352	25821	25990
0:42:35	30.0	5081	18027	17923	5989	29456	29122	6360	25872	25792
0:42:40	30.0	5069	18029	17931	6040	29319	29242	6361	25676	25678
0:42:45	30.0	5088	17872	17878	6003	29476	29368	6350	25658	25692
0:42:50	30.0	5101	17875	18041	6005	29410	29357	6306	25763	25839
0:42:55	30.0	5060	17843	18022	5969	29290	29330	6361	25963	26019
0:43:00	30.0	5074	17827	17827	6009	29358	29440	6311	25862	25702
0:43:05	30.0	5051	18017	17846	5991	29488	29491	6322	26020	25684
0:43:10	30.0	5067	17915	17882	6049	29436	29321	6389	25885	25857
0:43:15	30.0	5087	17947	17931	6081	29464	29444	6372	25896	25793
0:43:20	30.0	5100	17974	17884	6048	29343	29446	6341	25968	25723
0:43:25	30.0	5102	18054	17901	6060	29280	29320	6347	25890	25740
0:43:30	30.0	5050	17917	18140	6053	29138	29445	6325	25794	25840
0:43:35	30.0	5115	17891	18028	5993	29213	29424	6295	25790	25614
0:43:40	30.0	5113	18021	17947	6062	29206	29396	6347	25790	25580
0:43:45	30.0	5124	18086	18016	6067	29328	29471	6347	26046	25764
0:43:50	30.0	5060	17984	17865	6000	29375	29335	6409	25888	25830
0:43:55	30.0	5070	17887	17883	6044	29359	29318	6398	25955	25791
0:44:00	30.0	5161	17965	17893	6058	29325	29500	6316	25705	25634
0:44:05	30.0	5137	17920	18049	6085	29519	29293	6354	25948	25870
0:44:10	30.0	5116	17943	17961	6034	29461	29499	6332	25771	25776
0:44:15	30.0	5096	17891	17865	6058	29310	29553	6393	25975	26047
0:44:20	30.0	5119	17872	17967	6013	29510	29566	6368	25841	25672
0:44:25	30.0	5088	17886	18014	6066	28993	29357	6360	25926	25594
0:44:30	30.0	5114	18075	17922	6067	29296	29489	6376	25906	25888
0:44:35	30.0	5107	17822	17917	6076	29426	29328	6383	25804	25729
0:44:40	30.0	5117	17863	17939	6077	29341	29351	6411	25740	25883
0:44:45	30.0	5131	17946	17829	6063	29239	29254	6377	25826	25689
0:44:50	30.0	5104	17895	17869	6028	29467	29335	6368	25905	25799
0:44:55	30.0	5143	17960	17821	6091	29297	29298	6374	25916	25826
0:45:00	30.0	5120	17958	17787	6075	29217	29687	6383	25966	25657
0:45:05	30.0	5114	17843	17904	6084	29267	29268	6385	25936	25837
0:45:10	30.0	5124	17989	18193	6053	29191	29104	6377	26140	25828
0:45:15	30.0	5109	17909	17996	6071	29438	29366	6449	25873	25649
0:45:20	30.0	5123	17851	17872	6109	29453	29481	6413	25903	25877
0:45:25	30.0	5115	17838	18016	6045	29099	29224	6431	25895	25722
0:45:30	30.0	5094	17958	17912	6089	29412	29399	6425	25657	25791
0:45:35	30.0	5130	17884	17964	6065	29354	29373	6396	25922	25654
0:45:40	30.0	5085	18000	17921	6039	29485	29205	6375	25800	25624
0:45:45	30.0	5137	17847	17913	6069	29132	29540	6387	25988	25652
0:45:50	30.0	5122	17827	17982	6044	29157	29459	6412	25747	25842
0:45:55	30.0	5101	17891	17954	6110	29143	29568	6358	25924	25714
0:46:00	30.0	5126	17882	17830	6061	29287	29430	6379	25854	25822
0:46:05	30.0	5146	17954	17803	6088	29311	29491	6415	26061	25677
0:46:10	30.0	5115	17855	17844	6088	29361	29492	6429	26101	25749
0:46:15	30.0	5123	17801	17911	6116	29209	29482	6435	26221	25655
0:46:20	30.0	5107	17959	17830	6101	29128	29282	6383	25830	25591
0:46:25	30.0	5119	18000	17986	6079	29019	29481	6432	26021	25850
0:46:30	30.0	5082	17880	17936	6069	29264	29149	6441	25874	25881
0:46:35	30.0	5121	17809	17792	6076	29287	29429	6408	25757	25666
0:46:40	30.0	5137	17907	18008	6064	29085	29589	6432	25708	25579
0:46:45	30.0	5136	17905	18037	6112	29044	29271	6374	26026	25893
0:46:50	30.0	5099	17840	17926	6077	29259	29300	6417	25816	25689
0:46:55	30.0	5158	17963	17910	6116	29266	29214	6438	25755	25866
0:47:00	30.0	5094	17958	17953	6065	29551	29236	6446	25689	25873
0:47:05	30.0	5211	17889	17986	6098	29281	29510	6426	25775	25755
0:47:10	30.0	5102	17946	18007	6112	29459	29463	6442	25748	25775
0:47:15	30.0	5128	17868	17919	6148	29222	29438	6433	25760	25731
0:47:20	30.0	5136	17918	17863	6090	29173	29447	6399	25863	25748
0:47:25	30.0	5086	17929	17948	6114	29517	29288	6403	25909	25690
0:47:30	30.0	5138	17986	17872	6078	29207	29300	6450	25931	25675
0:47:35	30.0	5105	17947	17970	6131	29342	29418	6493	25835	25743
0:47:40	30.0	5117	17829	17904	6079	29108	29517	6472	25831	25882
0:47:45	30.0	5106	17984	17950	6115	29209	29157	6494	25701	25770
0:47:50	30.0	5086	17963	17936	6115	29227	29590	6501	25838	25561
0:47:55	30.0	5111	17902	17764	6086	29211	29240	6424	25701	25695
0:48:00	30.0	5109	17886	17901	6106	29125	29490	6500	25626	25589
0:48:05	30.0	5144	17884	17863	6156	29404	29402	6459	25645	25699
0:48:10	30.0	5133	17875	17936	6139	29383	29417	6463	25760	25697
0:48:15	30.0	5118	17932	18031	6098	29401	29503	6481	25815	25824
0:48:20	30.0	5166	17927	17886	6083	29164	29220	6458	25874	25867
0:48:25	30.0	5077	17780	17904	6095	29235	29465	6526	25728	25925
0:48:30	30.0	5103	17836	17952	6169	29263	29254	6523	25871	25839
0:48:35	30.0	5131	18018	18250	6138	29471	29612	6479	25852	25699
0:48:40	30.0	5164	17918	18003	6100	29436	29300	6487	26097	25761
0:48:45	30.0	5096	17996	17879	6120	29401	29319	6561	25777	25846
0:48:50	30.0	5097	17963	17880	6113	29299	29229	6519	25622	25665
0:48:55	30.0	5157	17872	17960	6133	29188	29496	6503	25823	25776
0:49:00	30.0	5138	18077	17905	6129	29243	29217	6523	25815	25684
0:49:05	30.0	5124	17951	18020	6048	29432	29331	6526	25951	25727
0:49:10	30.0	5167	17855	17871	6120	29253	29625	6443	25761	25816
0:49:15	30.0	5122	17908	18035	6158	29289	29166	6472	25747	25720
0:49:20	30.0	5100	17889	17845	6140	29278	29488	6474	25929	25616
0:49:25	30.0	5120	17966	17983	6103	29219	29574	6496	25999	25790
0:49:30	30.0	5118	17819	17980	6112	29513	29368	6482	25663	25597
0:49:35	30.0	5151	17839	17854	6173	29098	29304	6506	25915	25806
0:49:40	30.0	5163	17954	17879	6138	29142	29354	6444	25808	25878
0:49:45	30.0	5126	17913	17923	6168	29317	29509	6550	26159	25759
0:49:50	30.0	5132	17897	18006	6173	29449	29443	6511	25767	25719
0:49:55	30.0	5157	18057	17837	6160	29422	29345	6445	25755	25534
0:50:00	30.0	5143	18054	17955	6154	29298	29252	6486	25941	25767
0:50:05	30.0	5125	17807	17923	6191	29305	29312	6505	25989	25783
0:50:10	30.0	5152	17905	17810	6147	29141	29221	6496	26007	25955
0:50:15	30.0	5116	17883	17866	6172	29228	29563	6523	26137	25832
0:50:20	30.0	5152	17930	17926	6171	29309	29163	6558	25846	25672
0:50:25	30.0	5194	17822	17794	6150	29008	29367	6564	25841	25570
0:50:30	30.0	5197	17880	17903	6143	29376	29186	6535	25697	25723
0:50:35	30.0	5154	17905	17841	6233	29256	29318	6473	25680	25762
0:50:40	30.0	5141	18052	17981	6159	29499	29202	6472	25898	25717
0:50:45	30.0	5180	17930	17755	6143	29172	29227	6524	25769	25671
0:50:50	30.0	5147	17990	17982	6247	29158	29453	6518	25847	25852
0:50:55	30.0	5134	17863	17888	6163	28907	29392	6527	25783	25715
0:51:00	30.0	5181	17887	17872	6125	29365	29305	6496	26017	25713
0:51:05	30.0	5172	17876	17874	6151	29416	29202	6571	25891	25613
0:51:10	30.0	5181	17874	18010	6168	29273	29398	6522	25980	25898
0:51:15	30.0	5190	18098	17962	6142	29097	29300	6497	25865	25730
0:51:20	30.0	5165	17881	17962	6125	29206	29424	6547	25937	25743
0:51:25	30.0	5144	17851	18037	6210	29223	29142	6555	25772	25516
0:51:30	30.0	5174	18027	17962	6164	29225	29327	6512	25936	25919
0:51:35	30.0	5145	17787	17904	6216	29342	29300	6582	25957	25809
0:51:40	30.0	5175	17887	17872	6208	29156	29567	6562	25700	25670
0:51:45	30.0	5162	17972	17944	6176	29073	29195	6520	25899	25515
0:51:50	30.0	5132	17867	18000	6187	29452	29302	6576	25587	25698
0:51:55	30.0	5148	17948	17971	6139	29167	29327	6562	25915	25868
0:52:00	30.0	5117	17916	17896	6142	29154	29309	6560	25885	25786
0:52:05	30.0	5172	17828	17917	6173	29070	29222	6577	25828	25530
0:52:10	30.0	5151	17964	17904	6139	29241	29374	6558	25825	25936
0:52:15	30.0	5171	17810	17841	6147	29454	29336	6510	25799	25658
0:52:20	30.0	5191	17883	18012	6189	29238	29373	6601	26017	25681
0:52:25	30.0	5208	17865	17904	6161	29341	29432	6568	25915	25870
0:52:30	30.0	5161	17822	17915	6272	29167	29293	6526	25764	25689
0:52:35	30.0	5166	18016	17988	6186	29291	29297	6598	25776	25781
0:52:40	30.0	5158	17965	17896	6215	29363	29403	6547	25826	25834
0:52:45	30.0	5195	17903	17831	6259	29156	29225	6549	25745	25641
0:52:50	30.0	5182	17926	17986	6189	29292	29198	6568	25730	25934
0:52:55	30.0	5176	17820	17950	6183	29432	29308	6605	25862	25896
0:53:00	30.0	5151	17828	17872	6184	29215	29201	6624	25850	25747
0:53:05	30.0	5117	17892	17988	6192	29295	29165	6532	25857	25623
0:53:10	30.0	5209	17821	17845	6151	29385	29521	6635	25730	25648
0:53:15	30.0	5179	17795	17980	6206	29215	29434	6610	26077	25709
0:53:20	30.0	5144	17880	17841	6218	29232	29241	6574	25706	25624
0:53:25	30.0	5184	17928	17845	6263	29126	29255	6613	25858	25831
0:53:30	30.0	5156	17912	17908	6178	29023	29420	6598	25880	25716
0:53:35	30.0	5143	17996	18057	6238	29087	29359	6646	25996	25624
0:53:40	30.0	5152	17885	17844	6251	29335	29422	6616	25930	25751
0:53:45	30.0	5178	17812	17915	6218	29223	29117	6597	25743	25806
0:53:50	30.0	5197	17805	17860	6166	29141	29197	6609	25698	25583
0:53:55	30.0	5212	17981	17925	6242	29184	29296	6618	25892	25678
0:54:00	30.0	5147	18018	17856	6241	29196	29341	6625	25755	25657
0:54:05	30.0	5167	17804	18041	6254	28844	29715	6630	25925	25780
0:54:10	30.0	5167	18008	17886	6207	29024	29319	6604	26089	25631
0:54:15	30.0	5189	17857	17936	6239	29222	29288	6679	25734	25686
0:54:20	30.0	5195	17938	17945	6252	29357	29435	6635	25691	25808
0:54:25	30.0	5153	17994	17980	6245	29258	29506	6614	25903	25732
0:54:30	30.0	5156	17947	17954	6192	29147	29239	6612	26011	25697
0:54:35	30.0	5156	17853	17919	6294	29288	29263	6625	25826	25678
0:54:40	30.0	5191	17925	17875	6270	29224	29308	6594	25837	25854
0:54:45	30.0	5171	17809	17880	6214	29105	29484	6656	25624	25874
0:54:50	30.0	5133	18032	17781	6264	29400	29313	6661	25773	25647
0:54:55	30.0	5161	18061	17785	6298	29116	29235	6615	25800	25570
0:55:00	30.0	5174	17921	17846	6226	29409	29292	6681	25827	25868
0:55:05	30.0	5187	17874	17878	6250	29185	29325	6580	25829	25625
0:55:10	30.0	5157	17826	17983	6294	29030	29361	6669	25874	25817
0:55:15	30.0	5159	17879	18030	6316	29119	29124	6665	25936	25607
0:55:20	30.0	5179	17927	17864	6227	29147	29330	6713	25798	25609
0:55:25	30.0	5167	17873	17929	6247	29233	29580	6625	25854	25794
0:55:30	30.0	5140	17890	17934	6254	29096	29418	6698	25874	25499
0:55:35	30.0	5186	17870	17873	6230	29286	29401	6625	25792	25593
0:55:40	30.0	5189	17874	17862	6257	29300	29365	6677	25771	25683
0:55:45	30.0	5147	18016	17919	6250	29418	29378	6627	25846	25934
0:55:50	30.0	5208	17868	17796	6286	29320	29226	6674	25948	25706
0:55:55	30.0	5138	17919	18039	6283	29329	29359	6623	25710	25495
0:56:00	30.0	5211	17831	17939	6248	29463	29615	6661	25812	25748
0:56:05	30.0	5197	17852	17866	6242	29148	29225	6659	25890	25714
0:56:10	30.0	5207	17948	17936	6322	28954	29293	6636	25735	25648
0:56:15	30.0	5167	17860	17838	6261	29228	29357	6673	25973	25717
0:56:20	30.0	5165	17923	17942	6281	29030	29330	6683	25793	25795
0:56:25	30.0	5157	18030	18002	6269	29242	29227	6645	25862	25546
0:56:30	30.0	5225	18055	18012	6274	29078	29266	6673	25846	25695
0:56:35	30.0	5189	17865	17992	6291	29036	29214	6614	25890	25746
0:56:40	30.0	5161	17852	17987	6308	29348	29163	6714	25965	25705
0:56:45	30.0	5168	17830	17823	6269	29335	29479	6689	25777	25714
0:56:50	30.0	5161	17890	17897	6313	29289	29143	6696	25766	25560
0:56:55	30.0	5165	17934	17915	6292	29167	29267	6691	25914	25577
0:57:00	30.0	5171	17922	17799	6277	29161	29142	6633	25628	25759
0:57:05	30.0	5152	17778	17963	6250	29269	29463	6706	25798	25880
0:57:10	30.0	5175	17887	17781	6317	29116	29131	6629	25680	25589
0:57:15	30.0	5156	17800	17766	6282	29340	29331	6680	25727	25779
0:57:20	30.0	5197	17829	17749	6271	29364	29179	6630	25977	25665
0:57:25	30.0	5188	17822	17924	6288	29138	29331	6675	25682	25869
0:57:30	30.0	5205	18034	17769	6275	29360	29359	6736	25770	25842
0:57:35	30.0	5213	17906	17782	6323	29081	29380	6647	25726	25827
0:57:40	30.0	5177	17971	17870	6316	29032	29086	6721	25899	25850
0:57:45	30.0	5180	17980	17918	6287	29197	29360	6680	25956	25765
0:57:50	30.0	5176	17958	17882	6344	29207	29296	6679	25859	25782
0:57:55	30.0	5203	17938	17895	6318	29302	29487	6740	25642	25751
0:58:00	30.0	5149	17968	17842	6330	29167	29140	6677	25904	25742
0:58:05	30.0	5190	17887	17887	6300	29301	29381	6652	25865	25734
0:58:10	30.0	5205	17990	17949	6296	29267	29086	6658	25696	25823
0:58:15	30.0	5196	17962	18018	6327	29234	29278	6769	25572	25691
0:58:20	30.0	5184	17927	17831	6277	29353	29375	6677	25663	25771
0:58:25	30.0	5179	17867	17901	6337	29021	29273	6771	25741	25617
0:58:30	30.0	5198	18004	17910	6293	29168	29161	6772	25754	25795
0:58:35	30.0	5202	17830	17999	6298	29234	29400	6755	25847	25792
0:58:40	30.0	5191	17850	17886	6314	28881	29225	6750	25682	25734
0:58:45	30.0	5212	18024	17861	6297	29095	29285	6739	25743	25688
0:58:50	30.0	5173	17988	17863	6329	29059	29281	6702	25743	25674
0:58:55	30.0	5180	17784	17826	6347	29070	29045	6717	25710	25995
0:59:00	30.0	5154	17919	17921	6327	29244	29217	6729	25890	25536
0:59:05	30.0	5241	17923	17866	6315	29467	29179	6731	25801	25824
0:59:10	30.0	5213	17879	17892	6315	29204	29151	6740	25790	25740
0:59:15	30.0	5198	17905	17871	6331	29078	29305	6792	25775	25719
0:59:20	30.0	5186	17804	17988	6291	29311	29396	6726	25705	25734
0:59:25	30.0	5229	18025	17955	6346	29221	29300	6807	25848	25690
0:59:30	30.0	5195	17754	17876	6331	29065	29424	6680	25828	25621
0:59:35	30.0	5209	17880	17862	6320	29406	29328	6762	25745	25715
0:59:40	30.0	5198	17862	17977	6355	29081	29182	6713	25775	25847
0:59:45	30.0	5229	17984	18015	6326	29183	29084	6712	25805	25491
0:59:50	30.0	5209	17834	17820	6309	29326	29337	6755	25866	25651
0:59:55	30.0	5202	17996	18012	6325	29249	29134	6721	25827	25615
1:00:00	30.0	5193	17972	17942	6318	29053	29397	6751	25767	25679
1:00:05	30.0	5213	18008	17737	6375	29272	29331	6740	25548	25780
1:00:10	30.0	5165	17947	17871	6353	29148	29183	6743	25885	25740
1:00:15	30.0	5235	17871	17852	6338	29215	29345	6737	25817	25934
1:00:20	30.0	5217	17997	17820	6399	29094	29119	6725	25722	25874
1:00:25	30.0	5257	17950	17956	6343	29156	29265	6773	25791	25695
1:00:30	30.0	5199	17966	17906	6347	29215	29399	6761	25830	25646
1:00:35	30.0	5195	17836	17954	6320	29265	29373	6833	25726	25827
1:00:40	30.0	5206	17836	17983	6298	29210	29203	6779	25856	25713
1:00:45	30.0	5210	17955	18083	6361	29282	29325	6791	25663	25599
1:00:50	30.0	5202	17860	17952	6352	29272	29066	6808	25806	25767
1:00:55	30.0	5168	17822	17850	6328	29023	29066	6772	25937	25658
1:01:00	30.0	5211	17954	18037	6388	29146	29398	6749	25926	25710
1:01:05	30.0	5198	18032	17912	6355	29434	29108	6759	25684	25737
1:01:10	30.0	5245	17820	17999	6351	29238	29205	6764	25787	25638
1:01:15	30.0	5247	17899	17958	6375	29248	29245	6806	26027	25792
1:01:20	30.0	5203	18057	17796	6387	29086	29173	6770	26081	25943
1:01:25	30.0	5197	18012	17852	6394	28980	29199	6834	25804	25652
1:01:30	30.0	5263	17945	18047	6352	29278	29278	6828	25769	25555
1:01:35	30.0	5253	17806	17902	6413	29285	29189	6807	25883	25827
1:01:40	30.0	5193	18006	17794	6341	29280	29315	6794	25782	25671
1:01:45	30.0	5199	17866	17925	6386	29124	29254	6724	25819	25658
1:01:50	30.0	5182	17899	17890	6377	29245	29336	6834	25825	25760
1:01:55	30.0	5197	17930	17866	6381	29330	29214	6794	25797	25750
1:02:00	30.0	5203	18033	17888	6411	29099	29322	6821	25946	25580
1:02:05	30.0	5231	17866	17880	6391	29240	29243	6845	25984	25855
1:02:10	30.0	5241	17789	17886	6351	28886	29263	6783	25741	25848
1:02:15	30.0	5200	17870	18080	6358	28930	29372	6826	25845	25583
1:02:20	30.0	5240	17858	17913	6375	29296	29356	6823	25942	25592
1:02:25	30.0	5238	17881	17931	6400	28895	29023	6783	25718	25906
1:02:30	30.0	5226	17839	17785	6432	29104	28991	6862	25764	25744
1:02:35	30.0	5227	17994	17872	6398	29087	29118	6866	25602	25823
1:02:40	30.0	5222	17867	17779	6423	29090	29080	6840	25815	25754
1:02:45	30.0	5183	17820	18008	6386	29154	29155	6781	25727	25748
1:02:50	30.0	5226	17941	17862	6350	29191	29178	6854	25853	25653
1:02:55	30.0	5256	17888	17857	6294	29015	29384	6808	25735	25722
1:03:00	30.0	5192	17826	17891	6451	29050	29078	6817	25723	25680
1:03:05	30.0	5188	17943	17819	6356	29208	29034	6794	25850	25678
1:03:10	30.0	5231	17786	17796	6377	28926	29204	6805	25852	25726
1:03:15	30.0	5218	17996	17975	6412	29004	29053	6857	25619	25843
1:03:20	30.0	5289	17996	17825	6403	29102	29234	6838	25628	25702
1:03:25	30.0	5183	17931	17884	6420	29317	29099	6843	25693	25603
1:03:30	30.0	5222	17928	17948	6413	29286	29191	6870	25657	25721
1:03:35	30.0	5205	17882	17990	6452	29061	29104	6806	25755	25810
1:03:40	30.0	5243	17869	17973	6383	29169	29323	6871	25650	25667
1:03:45	30.0	5207	17901	17901	6385	29151	29305	6829	25696	25870
1:03:50	30.0	5198	17899	17899	6453	29125	29473	6834	25848	25683
1:03:55	30.0	5266	17864	17824	6351	29047	29227	6744	25526	25755
1:04:00	30.0	5258	17979	17849	6451	29218	29314	6805	25659	25582
1:04:05	30.0	5270	17880	17993	6440	29076	29056	6880	25822	25636
1:04:10	30.0	5251	17914	18085	6430	29071	29289	6844	25784	25718
1:04:15	30.0	5237	17941	18009	6405	29216	29124	6835	25980	25595
1:04:20	30.0	5237	17766	17876	6448	29115	29280	6874	25789	25588
1:04:25	30.0	5200	17900	17859	6380	29070	29248	6880	25722	25749
1:04:30	30.0	5252	17706	17751	6462	29047	29291	6886	25821	25797
1:04:35	30.0	5249	17882	17758	6486	29199	28905	6864	25844	25616
1:04:40	30.0	5240	17968	17890	6461	29115	29344	6870	25868	25604
1:04:45	30.0	5256	17869	17939	6451	29147	29160	6901	25665	25705
1:04:50	30.0	5245	17759	17901	6490	29264	29002	6842	25945	25657
1:04:55	30.0	5251	17894	17800	6453	29319	29143	6897	25690	25656
1:05:00	30.0	5232	17970	17852	6450	29312	29097	6935	25739	25833
1:05:05	30.0	5226	17844	17804	6456	28845	29176	6891	25845	25825
1:05:10	30.0	5247	17851	18008	6438	29201	29296	6915	25645	25624
1:05:15	30.0	5276	17840	17949	6413	29177	29378	6876	25761	25839
1:05:20	30.0	5265	17914	17891	6435	29390	29287	6863	25721	25737
1:05:25	30.0	5225	17898	17847	6472	29189	29139	6887	25828	25666
1:05:30	30.0	5286	17921	17828	6431	29032	29247	6876	25818	25668
1:05:35	30.0	5248	17924	17818	6444	29070	29338	6893	25737	25612
1:05:40	30.0	5205	17914	17919	6448	29272	29122	6916	25730	25780
1:05:45	30.0	5224	17828	17888	6449	29095	29240	6855	25715	25607
1:05:50	30.0	5199	17781	17823	6471	29143	28995	6921	25750	25750
1:05:55	30.0	5259	17776	17906	6459	28859	29180	6910	25705	25799
1:06:00	30.0	5213	17839	17832	6452	28965	29156	6844	25749	25653
1:06:05	30.0	5204	17843	17847	6500	29177	29337	6951	26017	25545
1:06:10	30.0	5208	18003	17861	6475	29151	29252	6928	25780	25728
1:06:15	30.0	5219	17763	17928	6472	29226	29252	6942	25801	25692
1:06:20	30.0	5224	17877	17925	6417	29083	29240	6955	25959	25736
1:06:25	30.0	5262	18004	17863	6431	28991	29233	6946	25744	25620
1:06:30	30.0	5261	17753	17814	6476	28914	29136	6888	25952	25734
1:06:35	30.0	5248	17934	17947	6512	28994	29244	7007	25799	25659
1:06:40	30.0	5187	17883	17996	6462	28909	29271	6900	25711	25572
1:06:45	30.0	5237	17968	17896	6415	29208	29273	6934	25909	25688
1:06:50	30.0	5264	17960	17844	6461	29290	29236	6920	25741	25718
1:06:55	30.0	5242	17768	17895	6464	29190	29174	6921	25999	25783
1:07:00	30.0	5296	17924	17927	6468	28943	29205	6927	25757	25896
1:07:05	30.0	5265	17886	17840	6473	29117	29081	6913	25739	25811
1:07:10	30.0	5244	17916	17906	6497	28995	29187	6886	25893	25842
1:07:15	30.0	5217	17885	17820	6508	29019	29276	6962	25653	25699
1:07:20	30.0	5242	17755	17840	6463	29124	29157	6914	25638	25785
1:07:25	30.0	5265	17933	18002	6512	28996	29103	6937	25693	25509
1:07:30	30.0	5281	17786	18045	6483	29076	29046	6989	25623	25657
1:07:35	30.0	5247	17906	17873	6463	29143	29197	6959	25638	25591
1:07:40	30.0	5222	17783	17772	6465	29075	29273	6980	25784	25619
1:07:45	30.0	5268	17755	17931	6482	29235	29042	6939	25735	25814
1:07:50	30.0	5231	17945	17767	6555	29101	29123	6951	25772	25745
1:07:55	30.0	5278	17953	17889	6467	29038	29024	6970	25749	25671
1:08:00	30.0	5247	17864	18005	6422	29331	28941	6951	25950	25706
1:08:05	30.0	5231	17854	18023	6598	29190	29022	7006	25766	25805
1:08:10	30.0	5267	17854	17824	6490	28883	29285	6896	25753	25609
1:08:15	30.0	5251	18020	17823	6554	28908	29168	6909	25928	25626
1:08:20	30.0	5246	17910	17948	6566	29107	29023	6957	25846	25786
1:08:25	30.0	5271	17822	17949	6473	28879	29198	6929	25673	25624
1:08:30	30.0	5254	18009	17888	6533	29185	29236	6899	25803	25659
1:08:35	30.0	5224	17778	17914	6469	29157	29099	7008	25764	25844
1:08:40	30.0	5272	17832	17839	6484	29239	29243	6969	25811	25836
1:08:45	30.0	5231	17943	17928	6480	29177	29085	6960	25690	25796
1:08:50	30.0	5268	18000	17879	6514	29372	29419	6955	25673	25702
1:08:55	30.0	5263	17848	17832	6501	29103	29245	6984	25578	25780
1:09:00	30.0	5229	17839	17824	6564	29069	28935	6991	25896	25760
1:09:05	30.0	5223	17807	17809	6536	29369	29157	6946	25742	25568
1:09:10	30.0	5223	17851	17863	6465	29282	29257	7001	25851	25587
1:09:15	30.0	5274	17752	17928	6476	29267	29119	6985	25676	25553
1:09:20	30.0	5266	17966	17856	6519	29150	29023	6938	25783	25737
1:09:25	30.0	5263	17985	17741	6521	29365	29119	6971	25628	25647
1:09:30	30.0	5258	17944	17938	6536	29032	29047	7026	25710	25855
1:09:35	30.0	5311	17839	17855	6525	29221	29302	6985	25708	25532
1:09:40	30.0	5239	17961	17840	6519	29002	29319	6973	25600	25787
1:09:45	30.0	5277	17880	17815	6576	29076	29267	7021	25825	25779
1:09:50	30.0	5293	17981	17899	6528	29164	29225	6981	25802	25687
1:09:55	30.0	5291	17922	17961	6544	29031	29398	7008	25826	25532
1:10:00	30.0	5288	17948	17914	6570	29194	29193	6983	25686	25735
1:10:05	30.0	5274	17908	17904	6562	29056	29065	7051	25747	25653
1:10:10	30.0	5274	17800	17785	6535	29089	29169	6967	25626	25709
1:10:15	30.0	5257	17781	17875	6590	29132	29339	7036	25806	25748
1:10:20	30.0	5297	17923	17920	6540	29147	29138	6983	25883	25834
1:10:25	30.0	5286	17885	17876	6511	28988	29089	6992	25707	25722
1:10:30	30.0	5267	17711	17814	6561	29204	29243	7030	25838	25690
1:10:35	30.0	5281	17918	17952	6529	29230	29009	7014	25567	25736
1:10:40	30.0	5299	17846	17881	6542	29067	28938	7049	25737	25585
1:10:45	30.0	5277	17985	17818	6572	29100	29155	7024	25781	25743
1:10:50	30.0	5271	17852	17827	6521	29108	29323	7060	25493	25672
1:10:55	30.0	5308	17823	17890	6520	29200	28875	7012	25941	25778
1:11:00	30.0	5255	17807	17860	6576	28988	29349	7009	25859	25862
1:11:05	30.0	5269	17971	17816	6596	29121	29079	7075	25762	25688
1:11:10	30.0	5244	18006	17869	6519	29005	29444	7009	26097	25634
1:11:15	30.0	5240	17734	17951	6526	29460	29039	7016	25635	25606
1:11:20	30.0	5341	17864	17802	6515	29349	29211	7038	25687	25501
1:11:25	30.0	5294	17848	17885	6561	29027	29321	7039	25762	25594
1:11:30	30.0	5273	17828	17782	6567	29313	29466	7061	25657	25630
1:11:35	30.0	5276	17920	17823	6591	29150	29164	7029	25888	25575
1:11:40	30.1	5302	17921	17724	6598	29029	29019	7044	25653	25727
1:11:45	30.0	5260	17901	17901	6544	29098	29153	7071	25822	25740
1:11:50	30.0	5258	17846	17805	6543	28973	29182	7057	25729	25854
1:11:55	30.0	5289	17801	17853	6623	29065	28943	7042	25889	25780
1:12:00	30.0	5269	17839	17927	6579	29006	29348	7063	25674	25776
1:12:05	30.0	5268	17762	17882	6638	29062	29273	7054	25778	25632
1:12:10	30.0	5254	17807	17964	6570	29035	29097	7042	25778	25660
1:12:15	30.0	5325	17941	17940	6565	29240	29255	7069	25836	25622
1:12:20	30.0	5295	17706	17803	6657	28856	29352	7040	25696	25584
1:12:25	30.0	5264	17934	17823	6567	29166	29309	7107	25921	25632
1:12:30	30.0	5291	17766	17843	6566	29134	29292	7013	25579	25755
1:12:35	30.0	5324	17796	17968	6632	29135	29100	7049	25679	25659
1:12:40	30.0	5302	17828	17781	6592	28951	29008	7103	25881	25843
1:12:45	30.0	5292	18047	17875	6528	28913	29417	7068	25688	25816
1:12:50	30.0	5346	17968	17869	6559	29223	29452	7090	25686	25849
1:12:55	30.0	5319	17755	17801	6633	29076	29371	7135	25579	25736
1:13:00	30.0	5290	17902	17797	6634	29130	29044	7044	25827	25803
1:13:05	30.0	5276	17777	18018	6573	28942	29291	7079	25719	25661
1:13:10	30.0	5327	17862	17836	6565	28990	29079	7140	25801	25613
1:13:15	30.0	5270	17919	17924	6644	29045	29172	7074	25649	25894
1:13:20	30.0	5345	17892	17717	6606	29000	29225	7058	25775	25840
1:13:25	30.0	5303	17832	17806	6584	29084	28996	7125	25579	25600
1:13:30	30.0	5320	17868	17744	6674	29026	29084	7106	26066	25722
1:13:35	30.0	5268	17772	17852	6583	28970	29141	7054	25903	25657
1:13:40	30.0	5281	17810	17852	6663	29009	29153	7163	25783	25692
1:13:45	30.0	5312	17861	17907	6615	28974	29105	7097	25716	25981
1:13:50	30.0	5333	17904	17765	6584	29301	29056	7131	25777	25809
1:13:55	30.0	5276	17876	17871	6628	28855	29100	7125	25640	25681
1:14:00	30.0	5264	17989	17852	6630	29046	29099	7074	25769	25622
1:14:05	30.0	5277	17854	17839	6612	29056	29044	7104	25745	25585
1:14:10	30.0	5298	17985	17812	6602	28897	29146	7162	25815	25906
1:14:15	30.0	5316	17729	17966	6602	29042	29189	7142	25813	25612
1:14:20	30.0	5326	17908	17754	6632	28990	29168	7129	25819	25770
1:14:25	30.0	5275	18041	17927	6639	29151	29118	7073	25748	25695
1:14:30	30.0	5273	17823	17960	6564	29198	28950	7116	25623	25610
1:14:35	30.0	5300	17909	17821	6599	28980	29101	7072	25853	25629
1:14:40	30.0	5269	17946	17812	6642	29163	29271	7127	25806	25661
1:14:45	30.0	5278	17813	18002	6576	29231	28961	7101	25727	25689
1:14:50	30.0	5319	17795	17778	6637	29016	29011	7140	25708	25782
1:14:55	30.0	5287	17730	17873	6638	28910	29085	7101	25781	25750
1:15:00	30.0	5297	17829	17752	6601	29088	29227	7125	25766	25628
1:15:05	30.0	5304	17844	17837	6712	29005	28855	7141	25814	25893
1:15:10	30.0	5328	17957	17871	6652	29028	29042	7100	25792	25900
1:15:15	30.0	5304	17884	17882	6610	29105	29189	7087	25659	25494
1:15:20	30.0	5290	17844	17887	6676	29015	29019	7111	25613	25746
1:15:25	30.0	5331	17844	17784	6626	29156	29143	7111	25895	25834
1:15:30	30.0	5299	17957	17823	6658	29186	28938	7147	25737	25594
1:15:35	30.0	5293	17878	17886	6673	29030	29091	7178	25845	25663
1:15:40	30.0	5332	18057	17932	6640	29250	29150	7139	25663	25784
1:15:45	30.0	5270	17815	17808	6628	29026	28982	7135	25666	25832
1:15:50	30.0	5290	17939	17913	6665	29335	29237	7160	25959	25651
1:15:55	30.0	5288	17791	17959	6708	29016	29037	7177	25853	25639
1:16:00	30.0	5292	17784	17777	6723	28831	29115	7079	25576	25558
1:16:05	30.0	5272	17767	17848	6700	29109	28985	7193	25718	25685
1:16:10	30.0	5271	17797	17952	6655	28971	29045	7096	25795	25785
1:16:15	30.0	5308	17781	17934	6643	29156	29092	7121	25852	25676
1:16:20	30.0	5364	17817	17915	6603	29224	28934	7144	25750	25747
1:16:25	30.1	5347	17908	17820	6680	28980	28998	7120	25776	25599
1:16:30	30.0	5302	17855	17813	6685	29056	28884	7196	25666	25605
1:16:35	30.0	5313	17969	17853	6618	29123	29041	7203	25736	25867
1:16:40	30.0	5299	17812	17927	6639	29001	29404	7140	25742	25679
1:16:45	30.0	5297	17890	17821	6614	29358	29122	7129	25707	25853
1:16:50	30.0	5326	17864	17792	6643	29121	29080	7203	25827	25851
1:16:55	30.0	5314	17708	17776	6678	28926	28986	7178	25793	25763
1:17:00	30.0	5365	17840	17851	6645	28905	29034	7190	25694	25687
1:17:05	30.0	5331	17875	17807	6664	29123	29032	7112	25728	25807
1:17:10	30.0	5319	17744	17802	6676	28894	29298	7153	25483	25653
1:17:15	30.0	5297	17813	17977	6663	29090	29254	7250	25748	25771
1:17:20	30.0	5345	17876	17875	6668	28770	28990	7179	25747	25648
1:17:25	30.0	5323	17755	17820	6675	29020	28838	7195	25764	25764
1:17:30	30.0	5307	17769	18006	6665	29163	29059	7150	25810	25860
1:17:35	30.0	5316	17833	17739	6689	28989	29142	7157	25833	25860
1:17:40	30.0	5316	18000	17915	6684	28986	29332	7251	25679	25556
1:17:45	30.0	5292	17909	17723	6713	29001	29239	7170	25627	25853
1:17:50	30.0	5276	17815	17824	6696	29016	29066	7218	25883	25521
1:17:55	30.0	5277	17715	17762	6670	28966	29202	7237	25824	25742
1:18:00	30.0	5284	17903	17774	6764	28961	29095	7144	25650	25609
1:18:05	30.0	5318	18004	17759	6686	28875	29108	7194	25821	25815
1:18:10	30.0	5302	17892	17873	6692	29066	29047	7240	25858	25634
1:18:15	30.0	5316	17773	17855	6729	29078	29262	7152	25891	25638
1:18:20	30.0	5332	17779	17918	6746	28867	28834	7189	25896	25730
1:18:25	30.0	5311	17702	17771	6682	29131	28969	7219	25921	25783
1:18:30	30.0	5307	17883	17823	6721	28931	29041	7206	25771	25541
1:18:35	30.0	5344	17874	17781	6716	29093	29027	7199	25554	25557
1:18:40	30.0	5300	17841	17982	6717	28956	29307	7193	25687	25679
1:18:45	30.0	5297	17747	17907	6713	29187	29011	7209	25744	25682
1:18:50	30.0	5313	17814	17842	6644	28884	29199	7188	25598	25647
1:18:55	30.0	5329	17831	17779	6714	28953	29049	7223	25742	25716
1:19:00	30.0	5338	17799	17743	6696	29000	29197	7239	25691	25665
1:19:05	30.0	5304	17935	17838	6669	28985	28987	7243	25650	25473
1:19:10	30.0	5345	17905	17672	6684	29031	28969	7193	25776	25544
1:19:15	30.0	5299	17815	17905	6709	29054	28939	7212	25813	25535
1:19:20	30.0	5409	17771	17884	6765	29096	29264	7205	25822	25742
1:19:25	30.0	5373	17817	17923	6804	28935	29162	7155	25748	25539
1:19:30	30.0	5302	17800	17843	6768	29082	29109	7206	25838	25939
1:19:35	30.0	5300	17779	17694	6742	29022	29091	7289	25636	25641
1:19:40	30.0	5316	17755	17889	6714	29046	29133	7229	25679	25529
1:19:45	30.0	5367	17875	18026	6733	28952	29079	7200	25648	25644
1:19:50	30.0	5357	17788	17857	6700	28884	29026	7258	25713	25527
1:19:55	30.0	5362	17743	17860	6698	29076	28911	7229	25593	25707
1:20:00	30.0	5303	17996	17884	6694	28728	29358	7196	25796	25714
1:20:05	30.0	5366	17950	17739	6741	28935	29285	7307	25718	25711
1:20:10	30.0	5323	17865	17811	6728	29098	29065	7231	25988	25881
1:20:15	30.0	5316	17794	17951	6700	28777	29085	7224	25616	25725
1:20:20	30.0	5363	17785	17897	6771	28913	29028	7277	25723	25631
1:20:25	30.0	5297	17775	17914	6688	28998	29006	7244	25671	25909
1:20:30	30.0	5281	17690	17929	6758	28987	29050	7305	25738	25603
1:20:35	30.0	5351	17836	17931	6716	28980	29218	7221	25639	25730
1:20:40	30.0	5320	17729	17872	6766	29241	29209	7241	25899	25627
1:20:45	30.0	5330	17815	17748	6738	28836	29100	7304	25839	25703
1:20:50	30.0	5373	17773	17977	6717	28831	29217	7196	25689	25625
1:20:55	30.0	5324	17912	17885	6716	29070	29141	7248	25756	25618
1:21:00	30.0	5353	17728	17845	6724	28794	28957	7260	25740	25658
1:21:05	30.0	5343	17712	17844	6789	29087	29325	7289	25765	25692
1:21:10	30.0	5363	17876	17801	6796	29200	29108	7293	25816	25504
1:21:15	30.0	5332	17798	17910	6719	29311	29038	7324	25819	25717
1:21:20	30.1	5328	17819	17743	6701	29072	29002	7311	25816	25889
1:21:25	30.0	5313	17907	18038	6734	29055	29102	7325	25407	25608
1:21:30	30.0	5345	17736	17759	6751	28957	29016	7367	25686	25915
1:21:35	30.0	5340	17873	17937	6773	28927	28931	7326	25703	25636
1:21:40	30.0	5323	17888	17851	6732	29002	29079	7351	25686	25491
1:21:45	30.0	5350	17771	17826	6777	29123	28878	7279	25693	25677
1:21:50	30.0	5378	17786	17864	6747	28815	28756	7316	25836	25740
1:21:55	30.0	5361	17868	17841	6725	28924	29235	7343	25807	25586
1:22:00	30.0	5327	17914	17812	6759	28873	29167	7270	25573	25594
1:22:05	30.0	5335	17847	17758	6754	28892	29035	7328	25828	25600
1:22:10	30.0	5330	17898	17740	6760	29126	29115	7431	25715	25609
1:22:15	30.0	5334	17793	17732	6823	28934	29118	7303	25804	25829
1:22:20	30.0	5356	17910	17843	6768	28897	29161	7287	25697	25747
1:22:25	30.0	5391	17872	17794	6789	28674	29014	7288	25667	25567
1:22:30	30.0	5331	17812	17906	6750	29037	28833	7361	25656	25762
1:22:35	30.0	5336	17812	17879	6803	29023	29106	7351	25646	25773
1:22:40	30.0	5393	17903	17903	6722	29160	29208	7314	25672	25568
1:22:45	30.0	5351	17840	17736	6815	28872	28929	7319	25718	25729
1:22:50	30.0	5361	17871	17861	6798	28778	29151	7365	25753	25507
1:22:55	30.0	5323	17667	17929	6811	29057	28822	7342	25830	25695
1:23:00	30.0	5334	17857	17876	6766	28847	29162	7369	25653	25613

Results
	1	2	3	4	5	6	7	8	9	10	11	12
A													Max V [425,457]
													R-Squared [425,457]
													t at Max V [425,457]
													Lagtime [425,457]
B													Max V [425,457]
													R-Squared [425,457]
													t at Max V [425,457]
													Lagtime [425,457]
C		1404000.000	4356000.000	3576000.000	2112000.000	-7824000.000	-6984000.000	-1716000.000	6984000.000	6216000.000			Max V [425,457]
		1.000	1.000	1.000	1.000	1.000	1.000	1.000	1.000	1.000			R-Squared [425,457]
		0:47:03	0:14:33	0:48:33	1:08:03	0:24:58	0:21:38	0:17:13	0:01:13	0:14:43			t at Max V [425,457]
		0:46:46	0:11:54	0:45:02	1:07:26	0:27:53	0:24:53	0:17:27	0:00:23	0:11:43			Lagtime [425,457]
D													Max V [425,457]
													R-Squared [425,457]
													t at Max V [425,457]
													Lagtime [425,457]
E													Max V [425,457]
													R-Squared [425,457]
													t at Max V [425,457]
													Lagtime [425,457]
F													Max V [425,457]
													R-Squared [425,457]
													t at Max V [425,457]
													Lagtime [425,457]
G													Max V [425,457]
													R-Squared [425,457]
													t at Max V [425,457]
													Lagtime [425,457]
H													Max V [425,457]
													R-Squared [425,457]
													t at Max V [425,457]
													Lagtime [425,457]

