

Software Version	3.03.14



Experiment File Path:	C:\Users\Public\Documents\Experiments\Tina\20190228_GAP_assay.xpt
Protocol File Path:	C:\Users\Public\Documents\Protocols\Tina\GAP_sensor_assay.prt



Plate Number	Plate 1
Date	2/28/2019
Time	4:36:50 PM
Reader Type:	Synergy H1
Reader Serial Number:	1803011C
Reading Type	Reader

Procedure Details

Plate Type	Costar 96 well half area
Set Temperature	Setpoint 30°C
Start Kinetic	Runtime 1:39:00 (HH:MM:SS), Interval 0:00:06, 991 Reads
    Read	Fluorescence Endpoint
	G2..G9
	Filter Set 1
	    Excitation: 425,  Emission: 457
	    Optics: Bottom,  Gain: 57
	Light Source: Xenon Flash,  Lamp Energy: High
	Read Speed: Normal,  Delay: 0 msec,  Measurements/Data Point: 5
	Read Height: 7 mm
End Kinetic	

Layout
	1	2	3	4	5	6	7	8	9	10	11	12
A													Well ID
B													Well ID
C													Well ID
D													Well ID
E													Well ID
F													Well ID
G		SPL1	SPL2	SPL3	SPL4	SPL5	SPL6	SPL7	SPL9				Well ID
H													Well ID

425,457

Time	T° 425,457	G2	G3	G4	G5	G6	G7	G8	G9
0:00:00	30.0	6093	6713	6278	6764	4229	4661	5472	5935
0:00:06	30.0	6100	6861	6199	6968	4286	4832	5500	6065
0:00:12	30.0	6125	6960	6276	7095	4292	4891	5507	6143
0:00:18	30.0	6141	7178	6289	7163	4241	5011	5574	6350
0:00:24	30.0	6094	7362	6275	7341	4289	5096	5617	6419
0:00:30	30.0	6177	7475	6301	7462	4331	5236	5556	6567
0:00:36	30.0	6143	7628	6345	7692	4311	5321	5560	6677
0:00:42	30.0	6145	7824	6355	7701	4268	5438	5568	6739
0:00:48	30.0	6170	7845	6430	7910	4282	5528	5557	6878
0:00:54	30.0	6183	8023	6363	7947	4288	5644	5551	7023
0:01:00	30.0	6089	8253	6380	8088	4330	5785	5557	7122
0:01:06	30.0	6154	8367	6342	8211	4303	5865	5553	7224
0:01:12	30.0	6185	8558	6400	8368	4313	6004	5571	7356
0:01:18	30.0	6129	8707	6411	8466	4283	6168	5561	7519
0:01:24	30.0	6230	8843	6385	8596	4280	6242	5557	7558
0:01:30	30.0	6166	8974	6390	8803	4290	6286	5604	7694
0:01:36	30.0	6161	9111	6428	8860	4319	6402	5630	7892
0:01:42	30.0	6204	9306	6414	9028	4325	6552	5596	7942
0:01:48	30.0	6189	9373	6472	9131	4356	6653	5626	8147
0:01:54	30.0	6224	9557	6393	9194	4342	6824	5695	8205
0:02:00	30.0	6136	9715	6409	9364	4384	6915	5620	8354
0:02:06	30.0	6174	9862	6410	9548	4343	6979	5675	8534
0:02:12	30.0	6214	9922	6481	9635	4349	7061	5634	8571
0:02:18	30.0	6236	10205	6508	9768	4365	7182	5576	8683
0:02:24	30.0	6245	10262	6419	9793	4344	7303	5616	8825
0:02:30	30.0	6266	10409	6530	10049	4369	7454	5619	8892
0:02:36	30.0	6261	10590	6484	10175	4352	7586	5648	9070
0:02:42	30.0	6291	10759	6492	10302	4363	7685	5625	9156
0:02:48	30.0	6264	10907	6564	10335	4343	7846	5579	9250
0:02:54	30.0	6277	11026	6509	10501	4409	7879	5619	9423
0:03:00	30.0	6276	11288	6537	10720	4374	7879	5648	9538
0:03:06	30.0	6257	11338	6520	10795	4365	8137	5622	9677
0:03:12	30.0	6260	11459	6552	10926	4407	8146	5631	9737
0:03:18	30.0	6312	11697	6570	10929	4403	8301	5660	9892
0:03:24	30.0	6313	11846	6584	11082	4413	8383	5683	10093
0:03:30	30.0	6274	12013	6552	11270	4412	8580	5673	10180
0:03:36	30.0	6287	12094	6565	11373	4399	8574	5661	10242
0:03:42	30.0	6308	12230	6599	11652	4406	8736	5632	10342
0:03:48	30.0	6363	12477	6568	11639	4478	8851	5658	10480
0:03:54	30.0	6322	12627	6692	11728	4391	9005	5686	10580
0:04:00	30.0	6346	12652	6580	11887	4448	9067	5684	10789
0:04:06	30.0	6321	12886	6676	12038	4450	9181	5651	10833
0:04:12	30.0	6313	12988	6656	12164	4418	9243	5673	11044
0:04:18	30.0	6338	13112	6649	12229	4439	9390	5688	11095
0:04:24	30.0	6338	13229	6703	12434	4439	9426	5699	11199
0:04:30	30.0	6384	13457	6699	12476	4432	9606	5724	11349
0:04:36	30.0	6371	13597	6677	12514	4452	9595	5732	11464
0:04:42	30.0	6348	13751	6679	12795	4448	9790	5708	11556
0:04:48	30.0	6412	13908	6689	12762	4456	9803	5718	11661
0:04:54	30.0	6423	14011	6712	13014	4468	9924	5756	11754
0:05:00	30.0	6384	14132	6756	12939	4454	10100	5774	11876
0:05:06	30.0	6394	14298	6789	13181	4486	10175	5725	12029
0:05:12	30.0	6415	14445	6714	13464	4430	10250	5767	12201
0:05:18	30.0	6362	14554	6768	13477	4422	10265	5770	12279
0:05:24	30.0	6444	14739	6796	13547	4439	10367	5784	12464
0:05:30	30.0	6375	14796	6757	13636	4490	10409	5769	12593
0:05:36	30.0	6390	14906	6783	13789	4512	10571	5757	12656
0:05:42	30.0	6396	15162	6726	13778	4416	10617	5713	12762
0:05:48	30.0	6434	15297	6825	13896	4491	10626	5837	12779
0:05:54	30.0	6421	15397	6805	14124	4456	10812	5776	12948
0:06:00	30.0	6407	15462	6761	14262	4452	10791	5757	13024
0:06:06	30.0	6456	15692	6773	14459	4466	10953	5801	13223
0:06:12	30.0	6443	15811	6782	14481	4440	10920	5778	13425
0:06:18	30.0	6414	15969	6802	14510	4457	11004	5795	13427
0:06:24	30.0	6504	16227	6822	14785	4466	11022	5797	13515
0:06:30	30.0	6541	16205	6828	14866	4459	11053	5739	13746
0:06:36	30.0	6453	16331	6765	14967	4448	11113	5857	13798
0:06:42	30.0	6421	16600	6819	15093	4475	11079	5823	13945
0:06:48	30.0	6428	16677	6805	14999	4508	11106	5856	13971
0:06:54	30.0	6438	16680	6822	15265	4457	11198	5839	14125
0:07:00	30.0	6409	16693	6789	15271	4510	11183	5849	14311
0:07:06	30.0	6463	16962	6792	15408	4444	11125	5806	14239
0:07:12	30.0	6461	17060	6880	15551	4451	11224	5856	14465
0:07:18	30.0	6459	17310	6833	15515	4527	11282	5885	14530
0:07:24	30.0	6478	17267	6848	15711	4509	11283	5851	14672
0:07:30	30.0	6528	17515	6831	15768	4460	11289	5874	14873
0:07:36	30.0	6515	17621	6921	15960	4498	11324	5897	14746
0:07:42	30.0	6530	17802	6879	16179	4457	11240	5809	14925
0:07:48	30.0	6532	17972	6868	16072	4432	11213	5877	15120
0:07:54	30.0	6533	17963	6826	16201	4428	11355	5895	15133
0:08:00	30.0	6516	17975	6853	16292	4490	11353	5844	15246
0:08:06	30.0	6556	18166	6850	16386	4426	11288	5894	15431
0:08:12	30.0	6536	18265	6869	16488	4474	11261	5864	15625
0:08:18	30.0	6530	18396	6863	16622	4477	11354	5929	15623
0:08:24	30.0	6567	18510	6888	16660	4490	11292	5887	15821
0:08:30	30.0	6545	18590	6880	16739	4469	11323	5872	15774
0:08:36	30.0	6483	18748	6865	16903	4491	11324	5937	15985
0:08:42	30.0	6518	18870	6953	16879	4486	11262	5901	16025
0:08:48	30.0	6599	18980	6864	16996	4512	11215	5907	16176
0:08:54	30.0	6595	19173	6887	17089	4481	11245	5928	16337
0:09:00	30.0	6577	19216	6884	17245	4456	11263	5953	16400
0:09:06	30.0	6582	19427	6915	17432	4482	11240	5932	16502
0:09:12	30.0	6606	19423	6915	17474	4496	11201	5955	16747
0:09:18	30.0	6564	19555	6878	17516	4456	11255	5935	16784
0:09:24	30.0	6581	19771	6900	17500	4506	11412	5980	16787
0:09:30	30.0	6555	19824	6936	17719	4431	11374	5931	17034
0:09:36	30.0	6601	19938	6918	17656	4502	11320	5973	17055
0:09:42	30.0	6596	19924	6923	17856	4466	11217	5944	17056
0:09:48	30.0	6594	20000	6940	17976	4537	11338	5964	17395
0:09:54	30.0	6538	20150	6999	17988	4480	11191	5938	17434
0:10:00	30.0	6637	20282	6897	18310	4514	11311	5956	17433
0:10:06	30.0	6571	20250	6905	18169	4462	11252	5975	17558
0:10:12	30.0	6634	20596	6977	18156	4490	11339	5988	17611
0:10:18	30.0	6581	20654	6944	18560	4459	11256	5971	17698
0:10:24	30.0	6564	20549	6951	18554	4482	11233	5972	17974
0:10:30	30.0	6653	20859	6971	18501	4478	11348	5977	17869
0:10:36	30.0	6573	20768	6939	18631	4467	11233	5972	18115
0:10:42	30.0	6646	20907	6922	18660	4488	11312	5933	18072
0:10:48	30.0	6622	21147	7012	18663	4471	11264	5945	18264
0:10:54	30.0	6637	20992	7031	18776	4473	11246	6005	18434
0:11:00	30.0	6585	21166	6975	18967	4451	11237	5944	18389
0:11:06	30.0	6600	21284	6981	18945	4477	11234	6032	18530
0:11:12	30.0	6644	21396	7002	19020	4468	11259	5955	18629
0:11:18	30.0	6655	21341	7050	19081	4493	11244	6011	18603
0:11:24	30.0	6667	21738	7008	19224	4496	11240	6000	18973
0:11:30	30.0	6660	21743	6972	19374	4453	11326	6007	18866
0:11:36	30.0	6707	21763	7014	19292	4462	11291	6039	18877
0:11:42	30.0	6659	21929	6994	19321	4479	11185	6028	19088
0:11:48	30.0	6671	21876	7008	19545	4463	11206	5967	19132
0:11:54	30.0	6688	21966	6985	19569	4455	11206	6022	19379
0:12:00	30.0	6657	22057	7036	19702	4472	11262	5994	19485
0:12:06	30.0	6617	22242	7017	19781	4462	11254	6052	19282
0:12:12	30.0	6684	22321	7062	19748	4538	11171	5960	19543
0:12:18	30.0	6666	22266	7104	19940	4524	11181	6036	19809
0:12:24	30.0	6720	22283	7082	19791	4470	11143	6028	19755
0:12:30	30.0	6692	22396	7057	20061	4490	11185	6047	19784
0:12:36	30.0	6717	22382	7027	20070	4492	11188	6041	19926
0:12:42	30.0	6680	22712	7091	20246	4508	11288	6043	20113
0:12:48	30.0	6692	22763	7035	20268	4474	11270	6104	19995
0:12:54	30.0	6715	22596	7103	20281	4521	11130	6106	20205
0:13:00	30.0	6731	22794	7117	20331	4466	11207	6070	20134
0:13:06	30.0	6625	22699	7072	20424	4516	11176	6001	20189
0:13:12	30.0	6750	22973	7059	20512	4498	11184	6067	20453
0:13:18	30.0	6680	22905	7074	20523	4494	11144	6002	20326
0:13:24	30.0	6747	22824	7053	20602	4485	11173	6020	20366
0:13:30	30.0	6657	23098	7171	20850	4499	11224	6071	20740
0:13:36	30.0	6689	22932	7085	20591	4503	11211	6015	20689
0:13:42	30.0	6735	23008	7134	20615	4505	11259	6114	20723
0:13:48	30.0	6713	23135	7149	20853	4486	11202	6084	20811
0:13:54	30.0	6726	22984	7130	20934	4492	11282	6059	20860
0:14:00	30.0	6743	23257	7112	20850	4499	11136	6016	20923
0:14:06	30.0	6707	23036	7135	21059	4545	11293	6114	21119
0:14:12	30.0	6711	23003	7199	21277	4537	11235	6091	21138
0:14:18	30.0	6786	22909	7164	21157	4526	11157	6074	21145
0:14:24	30.0	6777	23156	7147	21331	4523	11180	6096	21357
0:14:30	30.0	6779	23125	7164	21332	4522	11172	6137	21251
0:14:36	30.0	6724	22970	7183	21280	4522	11248	6057	21328
0:14:42	30.0	6762	23162	7194	21225	4508	11244	6072	21466
0:14:48	30.0	6778	23018	7259	21663	4527	11218	6121	21397
0:14:54	30.0	6829	22902	7204	21602	4469	11304	6138	21738
0:15:00	30.0	6798	22987	7158	21644	4499	11180	6069	21653
0:15:06	30.0	6807	23102	7196	21552	4520	11143	6112	21729
0:15:12	30.0	6821	22973	7260	21731	4521	11146	6102	21750
0:15:18	30.0	6794	23101	7225	21750	4525	11173	6120	22026
0:15:24	30.0	6790	22896	7187	21519	4551	11188	6107	21914
0:15:30	30.0	6811	23236	7162	21856	4537	11134	6099	21856
0:15:36	30.0	6809	23038	7223	21885	4560	11205	6092	21909
0:15:42	30.0	6765	23116	7132	22172	4531	11172	6120	22149
0:15:48	30.0	6859	23102	7288	22097	4501	11276	6135	21934
0:15:54	30.0	6844	22940	7232	22160	4509	11206	6140	22119
0:16:00	30.0	6832	22916	7243	21930	4519	11164	6151	22205
0:16:06	30.0	6833	22996	7252	22213	4483	11162	6120	22108
0:16:12	30.0	6848	22971	7175	22331	4521	11261	6129	22280
0:16:18	30.0	6825	22964	7241	22359	4532	11202	6202	22211
0:16:24	30.0	6889	23072	7262	22379	4508	11162	6136	22366
0:16:30	30.0	6857	23155	7318	22633	4492	11121	6185	22088
0:16:36	30.0	6789	23055	7237	22426	4505	11198	6157	22213
0:16:42	30.0	6845	22919	7338	22344	4550	11189	6166	22290
0:16:48	30.0	6857	23018	7287	22556	4473	11141	6244	22139
0:16:54	30.0	6863	23126	7299	22320	4568	11076	6166	22120
0:17:00	30.0	6843	22835	7236	22554	4542	11162	6206	22273
0:17:06	30.0	6875	23017	7301	22562	4555	11201	6164	22231
0:17:12	30.0	6889	22973	7386	22740	4511	11156	6144	22288
0:17:18	30.0	6904	23023	7315	22662	4569	11081	6206	22172
0:17:24	30.0	6882	23101	7372	23002	4540	11095	6184	22290
0:17:30	30.0	6858	22968	7360	22831	4527	11278	6198	22048
0:17:36	30.0	6947	22944	7308	22998	4545	11119	6164	22258
0:17:42	30.0	6965	22926	7346	22853	4579	11087	6171	22299
0:17:48	30.0	6912	23110	7399	22803	4539	11064	6166	22500
0:17:54	30.0	6963	22986	7385	22976	4487	11111	6234	22249
0:18:00	30.0	6893	23045	7348	22884	4540	11111	6214	22532
0:18:06	30.0	6941	23011	7332	23038	4529	11155	6164	22322
0:18:12	30.0	6916	22905	7381	22981	4560	11160	6195	22264
0:18:18	30.0	6916	22907	7354	23120	4542	11179	6166	22201
0:18:24	30.0	6946	23019	7432	23168	4512	11111	6291	22099
0:18:30	30.0	6994	22968	7360	23285	4556	11130	6161	22053
0:18:36	30.0	7017	22952	7378	23374	4526	11125	6226	22328
0:18:42	30.0	6947	23187	7402	23260	4569	11118	6213	22099
0:18:48	30.0	6884	22995	7448	23310	4533	11145	6209	22287
0:18:54	30.0	6979	23210	7427	23090	4493	11136	6203	22047
0:19:00	30.0	6910	22931	7419	23387	4508	11153	6180	22263
0:19:06	30.0	6923	23100	7385	23259	4579	11075	6208	22405
0:19:12	30.0	6964	22913	7406	23503	4565	11188	6219	22212
0:19:18	30.0	7003	23140	7389	23391	4516	11217	6265	22077
0:19:24	30.0	6946	22927	7355	23499	4514	11114	6212	22075
0:19:30	30.0	7066	22876	7436	23499	4548	11035	6260	22134
0:19:36	30.0	6982	22890	7450	23736	4514	10939	6202	22282
0:19:42	30.0	6966	22922	7417	23622	4575	11228	6272	22229
0:19:48	30.0	6987	22877	7493	23553	4547	11075	6243	22167
0:19:54	30.0	7045	23127	7463	23597	4552	11118	6225	22232
0:20:00	30.0	7008	23036	7487	23699	4552	10987	6281	22406
0:20:06	30.0	7002	22821	7473	23605	4537	11139	6270	22327
0:20:12	30.0	7010	23037	7517	23703	4502	11164	6231	22319
0:20:18	30.0	6997	23004	7447	23931	4557	11109	6253	22243
0:20:24	30.0	7089	22857	7469	23799	4572	11168	6255	22244
0:20:30	30.0	7017	22848	7488	23772	4573	11055	6265	22311
0:20:36	30.0	7058	22925	7496	23723	4606	11146	6259	22092
0:20:42	30.0	7104	22880	7501	23745	4515	11104	6269	22053
0:20:48	30.0	7053	22780	7497	24016	4509	11092	6248	22345
0:20:54	30.0	7106	22872	7535	24034	4525	11002	6240	22096
0:21:00	30.0	7043	22916	7561	23935	4561	11018	6270	22212
0:21:06	30.0	7047	22776	7488	23896	4546	11184	6285	22068
0:21:12	30.0	7075	22779	7620	24032	4562	11129	6344	22208
0:21:18	30.0	7103	22862	7583	23967	4537	11105	6344	22046
0:21:24	30.0	7031	22961	7561	24280	4579	11175	6288	22207
0:21:30	30.0	7033	23014	7635	24137	4539	11060	6266	22279
0:21:36	30.0	7125	22808	7582	24082	4555	11052	6309	22137
0:21:42	30.0	7137	22663	7558	23997	4538	11097	6324	22153
0:21:48	30.0	7093	23113	7539	24063	4553	11041	6336	22016
0:21:54	30.0	7148	22921	7566	24134	4553	11102	6258	22263
0:22:00	30.0	7164	22740	7553	24244	4523	11113	6303	22207
0:22:06	30.0	7113	22806	7630	24101	4541	11079	6273	22213
0:22:12	30.0	7096	22823	7644	24354	4528	11127	6270	22209
0:22:18	30.0	7043	23070	7528	24430	4544	11068	6283	22275
0:22:24	30.0	7074	22881	7608	24277	4574	10971	6286	22148
0:22:30	30.0	7140	23017	7669	24353	4564	10997	6334	22087
0:22:36	30.0	7118	22871	7574	24471	4529	11060	6346	22191
0:22:42	30.0	7100	23058	7595	24476	4540	11082	6354	22116
0:22:48	30.0	7110	23047	7602	24266	4523	10995	6318	22043
0:22:54	30.0	7174	22932	7632	24404	4575	11056	6347	22248
0:23:00	30.0	7176	22910	7624	24289	4550	11029	6333	22163
0:23:06	30.0	7213	22905	7627	24693	4615	11025	6334	22308
0:23:12	30.0	7136	22835	7624	24402	4525	11036	6325	22183
0:23:18	30.0	7128	23019	7594	24653	4553	11045	6417	22304
0:23:24	30.0	7136	22957	7709	24732	4604	11069	6364	22220
0:23:30	30.0	7152	22979	7690	24464	4563	11094	6429	22177
0:23:36	30.0	7170	22697	7667	24506	4543	11029	6385	22268
0:23:42	30.0	7246	22721	7694	24650	4613	11107	6348	22000
0:23:48	30.0	7094	22987	7651	24621	4565	10953	6417	22211
0:23:54	30.0	7210	22976	7697	24474	4532	11123	6399	22193
0:24:00	30.0	7258	22844	7723	24531	4583	11130	6432	22140
0:24:06	30.0	7158	22928	7793	24487	4566	11068	6430	22075
0:24:12	30.0	7156	22920	7703	24644	4573	10952	6432	22208
0:24:18	30.0	7158	22812	7686	24622	4595	11183	6428	22255
0:24:24	30.0	7260	22874	7775	24626	4581	11077	6346	22328
0:24:30	30.0	7235	22808	7717	24654	4567	11072	6443	22154
0:24:36	30.0	7253	22867	7713	24661	4554	11005	6449	22322
0:24:42	30.0	7305	22698	7747	24727	4556	11052	6420	22122
0:24:48	30.0	7189	22969	7739	24635	4567	11055	6402	21886
0:24:54	30.0	7250	23136	7761	24792	4567	11018	6450	22291
0:25:00	30.0	7266	22920	7684	24731	4614	11033	6360	21968
0:25:06	30.0	7298	22897	7766	24798	4551	11028	6335	22105
0:25:12	30.0	7278	22772	7735	24763	4556	11053	6473	22152
0:25:18	30.0	7274	22817	7709	24767	4569	10998	6359	22007
0:25:24	30.0	7266	23045	7819	24885	4541	11081	6408	22053
0:25:30	30.0	7281	22687	7774	25050	4554	11090	6395	22177
0:25:36	30.0	7254	23012	7795	24746	4532	11099	6423	22114
0:25:42	30.0	7256	22764	7770	24672	4577	11024	6423	22171
0:25:48	30.0	7336	22948	7819	24847	4588	11132	6455	22111
0:25:54	30.0	7162	22793	7829	24760	4574	11082	6439	22040
0:26:00	30.0	7207	22900	7761	24807	4592	11078	6439	22186
0:26:06	30.0	7293	22911	7780	24928	4608	10964	6452	22030
0:26:12	30.0	7247	22889	7754	24934	4601	11081	6446	22113
0:26:18	30.0	7287	22967	7800	25100	4599	10993	6437	22076
0:26:24	30.0	7321	22988	7775	25008	4603	10947	6444	22219
0:26:30	30.0	7269	22800	7847	24941	4577	11030	6442	22115
0:26:36	30.0	7301	22716	7971	24886	4567	11116	6430	22122
0:26:42	30.0	7294	22889	7879	24848	4588	11146	6493	22121
0:26:48	30.0	7358	22892	7857	24731	4582	11099	6499	22173
0:26:54	30.0	7318	22990	7834	24851	4593	11038	6480	22088
0:27:00	30.0	7310	22816	7878	24949	4563	11032	6470	22195
0:27:06	30.0	7290	22816	7850	25021	4571	10999	6503	21878
0:27:12	30.0	7308	22835	7924	24900	4578	10993	6453	21961
0:27:18	30.0	7318	22544	7921	25027	4579	11083	6434	22149
0:27:24	30.0	7307	22745	7823	24950	4567	11018	6496	22101
0:27:30	30.0	7378	22781	7922	25075	4610	11046	6508	22107
0:27:36	30.0	7372	22874	7893	25020	4563	11010	6524	22169
0:27:42	30.0	7306	22692	7877	25009	4568	10977	6501	22207
0:27:48	30.0	7397	22666	7926	25138	4619	11011	6532	22055
0:27:54	30.0	7325	22966	7929	25004	4559	10988	6508	22125
0:28:00	30.0	7414	22703	7940	25125	4644	11083	6499	22082
0:28:06	30.0	7318	22596	8004	25152	4586	11014	6509	22084
0:28:12	30.0	7399	22717	7880	25131	4591	11063	6509	22066
0:28:18	30.0	7327	22809	7946	24922	4612	10996	6528	22049
0:28:24	30.0	7384	22908	7944	25027	4598	10944	6542	22216
0:28:30	30.0	7350	22787	7920	25223	4623	11020	6527	22067
0:28:36	30.0	7420	22754	8045	25141	4564	10948	6499	22125
0:28:42	30.0	7327	22735	8004	25093	4580	10999	6510	22108
0:28:48	30.0	7364	22829	7927	25054	4603	10944	6538	22001
0:28:54	30.0	7402	22913	7927	25016	4609	10988	6502	22041
0:29:00	30.0	7445	22627	7975	25102	4585	11010	6585	22292
0:29:06	30.0	7409	22818	7989	25090	4564	11079	6577	22121
0:29:12	30.0	7383	22635	8041	25174	4584	10983	6503	22139
0:29:18	30.0	7386	22829	8033	25107	4596	10975	6564	22071
0:29:24	30.0	7386	22851	7996	25176	4605	11011	6549	22029
0:29:30	30.0	7425	22775	8010	25044	4574	10941	6574	22130
0:29:36	30.0	7409	22969	8033	25109	4584	10981	6564	21991
0:29:42	30.0	7447	22702	8101	25011	4625	11010	6563	22027
0:29:48	30.0	7450	22901	8030	25050	4599	11040	6542	22171
0:29:54	30.0	7449	22640	8079	25154	4592	10976	6621	22100
0:30:00	30.0	7442	22860	8045	24978	4579	11022	6536	22068
0:30:06	30.0	7506	22833	8077	25146	4585	10995	6514	22136
0:30:12	30.0	7468	22823	7990	25193	4571	11070	6600	22181
0:30:18	30.0	7474	22843	8104	25373	4617	10986	6623	22216
0:30:24	30.0	7433	22697	8084	25237	4589	10979	6631	22118
0:30:30	30.0	7503	22729	8000	24966	4598	11063	6614	22276
0:30:36	30.0	7421	22779	8037	25098	4632	11012	6581	22070
0:30:42	30.0	7456	22713	8117	25291	4596	11026	6605	21909
0:30:48	30.0	7437	22877	8143	25105	4625	10985	6653	21908
0:30:54	30.0	7533	22821	8138	25166	4591	10829	6583	22140
0:31:00	30.0	7455	22777	8180	25342	4630	10999	6614	22101
0:31:06	30.0	7476	22740	8096	25171	4600	10994	6598	22183
0:31:12	30.0	7554	22690	8087	25331	4617	10980	6567	21973
0:31:18	30.0	7560	22927	8108	25263	4633	10936	6554	21910
0:31:24	30.0	7492	22767	8149	25132	4624	11016	6629	21972
0:31:30	30.0	7569	22871	8133	25141	4599	11041	6608	22156
0:31:36	30.0	7504	22756	8151	25213	4583	11041	6655	21896
0:31:42	30.0	7577	22809	8098	25176	4612	10952	6612	22046
0:31:48	30.0	7470	22694	8193	25195	4558	11044	6637	22071
0:31:54	30.0	7468	22883	8177	25027	4577	11037	6660	21959
0:32:00	30.0	7514	22768	8187	25288	4654	10995	6675	22218
0:32:06	30.0	7523	22713	8181	25238	4607	10940	6630	21886
0:32:12	30.0	7495	22663	8180	25142	4590	10915	6604	21953
0:32:18	30.0	7534	22604	8177	25482	4620	11015	6704	22179
0:32:24	30.0	7503	22587	8164	25171	4620	10935	6637	22053
0:32:30	30.0	7570	22628	8221	25441	4593	11054	6672	21974
0:32:36	30.0	7519	22864	8212	25229	4582	11017	6630	22125
0:32:42	30.0	7563	22886	8241	25202	4634	10887	6644	22088
0:32:48	30.0	7593	22589	8254	25247	4661	10974	6652	22087
0:32:54	30.0	7498	22863	8285	25212	4681	11036	6678	22096
0:33:00	30.0	7521	22617	8216	25459	4640	10972	6743	22094
0:33:06	30.0	7538	22752	8211	25273	4613	10987	6682	22094
0:33:12	30.0	7576	22734	8236	25346	4635	10981	6618	22062
0:33:18	30.0	7534	22768	8290	25311	4610	11028	6660	22114
0:33:24	30.0	7586	22804	8313	25073	4587	11012	6624	22063
0:33:30	30.0	7578	22772	8265	25330	4642	10992	6707	22064
0:33:36	30.0	7615	22695	8186	25507	4631	10926	6750	21933
0:33:42	30.0	7578	22667	8232	25196	4638	11003	6643	22019
0:33:48	30.0	7580	22625	8275	25294	4638	10981	6682	22001
0:33:54	30.0	7641	22810	8309	25141	4603	10977	6710	22012
0:34:00	30.0	7588	22644	8236	25167	4670	10945	6769	21953
0:34:06	30.0	7621	22753	8234	25294	4632	10966	6655	22106
0:34:12	30.0	7717	22632	8313	25395	4655	11048	6673	22024
0:34:18	30.0	7609	22734	8290	25323	4572	10943	6724	21892
0:34:24	30.0	7637	22779	8279	25294	4618	10937	6719	21976
0:34:30	30.0	7640	22659	8416	25509	4623	10944	6742	21949
0:34:36	30.0	7610	22824	8359	25352	4653	10950	6714	22161
0:34:42	30.0	7686	22724	8334	25205	4641	10947	6727	21984
0:34:48	30.0	7589	22590	8379	25216	4626	10934	6660	21901
0:34:54	30.0	7594	22604	8317	25169	4652	10924	6748	22172
0:35:00	30.0	7643	22740	8326	25240	4636	10891	6686	21977
0:35:06	30.0	7644	22626	8323	25330	4631	11077	6656	21996
0:35:12	30.0	7681	22747	8412	25113	4643	10988	6790	22058
0:35:18	30.0	7612	22659	8353	25334	4649	10962	6769	22055
0:35:24	30.0	7623	22616	8333	25396	4634	10930	6764	22030
0:35:30	30.0	7715	22750	8414	25219	4635	10936	6712	21895
0:35:36	30.0	7682	22789	8460	25111	4679	10952	6750	21967
0:35:42	30.0	7737	22706	8392	25484	4635	11016	6725	22068
0:35:48	30.0	7681	22820	8410	25288	4656	10931	6748	22073
0:35:54	30.0	7668	22829	8377	25137	4660	10943	6723	21973
0:36:00	30.0	7670	22757	8478	25391	4677	10907	6766	22093
0:36:06	30.0	7679	22664	8417	25266	4629	10919	6739	22092
0:36:12	30.0	7712	22654	8452	25249	4655	10982	6765	22034
0:36:18	30.0	7645	22701	8411	25172	4639	10869	6732	22197
0:36:24	30.0	7736	22622	8376	25443	4649	10890	6853	21927
0:36:30	30.0	7729	22785	8381	25393	4633	10998	6755	21988
0:36:36	30.0	7684	22689	8430	25384	4618	10948	6823	22034
0:36:42	30.0	7735	22799	8526	25239	4641	10977	6784	22079
0:36:48	30.0	7710	22554	8452	25427	4671	11045	6768	22148
0:36:54	30.0	7785	22643	8436	25326	4639	10882	6822	21939
0:37:00	30.0	7769	22853	8438	25230	4645	10963	6837	22002
0:37:06	30.0	7758	22796	8459	25219	4656	10913	6832	22168
0:37:12	30.0	7775	22595	8482	25143	4654	10975	6865	21921
0:37:18	30.0	7741	22699	8464	25145	4670	10915	6793	21902
0:37:24	30.0	7758	22852	8510	25422	4665	10879	6803	21988
0:37:30	30.0	7725	22725	8502	25255	4682	11016	6779	21928
0:37:36	30.0	7712	22893	8524	25402	4708	10977	6800	22021
0:37:42	30.0	7755	22706	8502	25296	4665	11024	6804	22076
0:37:48	30.0	7751	22815	8509	25158	4617	10967	6875	21997
0:37:54	30.0	7719	22880	8553	25351	4646	11021	6826	22047
0:38:00	30.0	7833	22691	8539	25249	4657	10895	6836	21952
0:38:06	30.0	7758	22831	8531	25194	4670	10918	6843	22055
0:38:12	30.0	7740	22789	8558	25223	4628	10914	6812	22036
0:38:18	30.0	7746	22734	8604	25248	4663	10968	6861	21959
0:38:24	30.0	7806	22796	8564	25236	4638	10933	6857	22066
0:38:30	30.0	7792	22773	8535	25321	4677	10924	6861	21941
0:38:36	30.0	7772	22613	8570	25318	4641	10886	6844	21970
0:38:42	30.0	7895	22674	8589	25375	4661	10846	6856	21939
0:38:48	30.0	7771	22842	8619	25307	4656	10849	6883	22056
0:38:54	30.0	7848	22811	8557	25316	4674	10908	6861	22096
0:39:00	30.0	7815	22698	8607	25482	4664	10855	6859	21968
0:39:06	30.0	7869	22677	8590	25325	4601	11043	6840	22121
0:39:12	30.0	7840	22939	8550	25381	4633	10931	6950	22114
0:39:18	30.0	7759	22623	8620	25251	4653	10899	6915	22080
0:39:24	30.0	7869	22720	8643	25252	4647	10887	6861	22108
0:39:30	30.0	7888	22640	8597	25266	4690	10900	6909	21959
0:39:36	30.0	7854	22995	8567	25407	4663	10890	6885	22048
0:39:42	30.0	7800	22681	8642	25174	4652	10819	6891	22039
0:39:48	30.0	7843	22570	8696	25288	4728	10890	6887	22001
0:39:54	30.0	7831	22554	8694	25249	4705	10930	6912	21939
0:40:00	30.0	7899	22561	8620	25258	4661	10924	6943	21938
0:40:06	30.0	7885	22766	8650	25309	4707	10864	6918	22265
0:40:12	30.0	7970	22667	8697	25292	4715	10973	6898	21974
0:40:18	30.0	7866	22769	8731	25353	4673	10924	6853	22102
0:40:24	30.0	7912	22677	8708	25511	4650	10955	6905	22100
0:40:30	30.0	7974	22823	8688	25343	4654	11041	6922	22099
0:40:36	30.0	7926	22756	8675	25273	4719	10922	6954	22000
0:40:42	30.0	7915	22618	8698	25286	4692	10975	6947	22060
0:40:48	30.0	7915	22679	8689	25432	4703	10988	6950	21997
0:40:54	30.0	7939	22753	8780	25276	4681	10865	6979	22052
0:41:00	30.0	7885	22920	8704	25154	4644	10898	6992	22052
0:41:06	30.0	7955	22827	8701	25206	4679	10888	6952	21842
0:41:12	30.0	7918	22806	8699	25485	4683	10955	6984	22018
0:41:18	30.0	7868	22689	8745	25356	4645	10980	6962	21984
0:41:24	30.0	7917	22713	8738	25324	4675	10993	6959	22001
0:41:30	30.0	7996	22755	8713	25445	4696	10909	6925	22137
0:41:36	30.0	7942	22648	8768	25231	4702	10966	7022	21982
0:41:42	30.0	7989	22550	8795	25324	4746	10889	6947	21929
0:41:48	30.0	7919	22788	8701	25243	4662	10805	6936	22129
0:41:54	30.0	7921	22562	8741	25310	4669	10973	6929	22163
0:42:00	30.0	7980	22561	8750	25335	4696	10809	6998	21859
0:42:06	30.0	7973	22713	8797	25191	4730	10899	7031	21838
0:42:12	30.0	7925	22735	8777	25212	4710	10840	7053	21998
0:42:18	30.0	7948	22793	8811	25433	4704	10864	7027	21931
0:42:24	30.0	8067	22657	8844	25226	4677	10913	6966	21992
0:42:30	30.0	7974	22669	8772	25309	4737	10858	6972	21875
0:42:36	30.0	7937	22642	8909	25272	4697	10971	7031	21971
0:42:42	30.0	7967	22641	8859	25300	4696	11004	7049	22065
0:42:48	30.0	8062	22619	8862	25257	4693	10873	6988	21845
0:42:54	30.0	7992	22693	8932	25229	4679	10838	7036	22034
0:43:00	30.0	7954	22800	8794	25371	4706	10985	6964	22060
0:43:06	30.0	8022	22527	8912	25273	4715	10910	7027	22115
0:43:12	30.0	7983	22546	8806	25372	4732	10876	7022	21999
0:43:18	30.0	8005	22710	8894	25270	4695	10917	7011	22011
0:43:24	30.0	8013	22611	8918	25302	4668	10920	7100	22027
0:43:30	30.0	7978	22601	8903	25212	4697	10939	7100	21997
0:43:36	30.0	8040	22640	8852	25264	4705	10890	7034	21906
0:43:42	30.0	8065	22530	8833	25286	4703	10972	7057	21894
0:43:48	30.0	8048	22765	8881	25439	4721	10892	6976	21975
0:43:54	30.0	8019	22829	8946	25370	4724	10975	7084	21941
0:44:00	30.0	8027	22606	8912	25353	4731	10924	7027	21954
0:44:06	30.0	8075	22799	8940	25214	4668	10821	7005	21823
0:44:12	30.0	8098	22696	8991	25132	4726	10962	7057	21960
0:44:18	30.0	8031	22733	8863	25363	4743	10851	7053	22074
0:44:24	30.0	7985	22727	8920	25231	4726	10888	7075	21861
0:44:30	30.0	8072	22617	8929	25156	4741	10992	6978	21829
0:44:36	30.0	8043	22456	8944	25302	4712	10984	7109	22008
0:44:42	30.0	8027	22474	8946	25171	4717	10981	7039	21897
0:44:48	30.0	8101	22588	8948	25177	4715	10889	7079	21806
0:44:54	30.0	8035	22517	8989	25247	4728	10863	7027	22005
0:45:00	30.0	8046	22738	8999	25118	4651	10802	7013	21869
0:45:06	30.0	8131	22482	8989	25154	4699	10799	7156	21989
0:45:12	30.0	8066	22656	8968	25226	4712	10755	7078	22191
0:45:18	30.0	8111	22598	8971	25247	4714	10907	7119	22154
0:45:24	30.0	8100	22491	8956	25249	4718	10939	7009	21954
0:45:30	30.0	8094	22748	9034	25366	4734	10941	7055	21898
0:45:36	30.0	8095	22654	8968	25328	4708	10943	7119	21986
0:45:42	30.0	8094	22751	9041	25061	4704	10854	7064	22052
0:45:48	30.0	8095	22677	8967	25162	4679	10861	7151	21825
0:45:54	30.0	8194	22820	9035	25222	4715	10828	7125	22043
0:46:00	30.0	8115	22506	9039	25471	4692	10852	7105	21887
0:46:06	30.0	8075	22745	8984	25320	4710	10913	7093	22031
0:46:12	30.0	8181	22556	8957	25026	4719	10974	7104	21898
0:46:18	30.0	8101	22688	9094	25250	4711	10900	7100	21913
0:46:24	30.0	8101	22524	8982	25143	4739	10806	7145	21959
0:46:30	30.0	8118	22595	9053	25219	4753	10936	7166	21831
0:46:36	30.0	8195	22615	9014	25184	4705	10941	7109	21883
0:46:42	30.0	8202	22537	9139	25119	4725	10964	7153	21957
0:46:48	30.0	8118	22600	9114	25156	4726	10965	7131	21808
0:46:54	30.0	8126	22578	9058	25073	4754	11007	7122	21840
0:47:00	30.0	8110	22405	9095	24962	4724	11008	7113	21931
0:47:06	30.0	8109	22638	9121	25222	4721	10832	7127	22022
0:47:12	30.0	8209	22512	9033	25261	4741	10911	7137	21922
0:47:18	30.0	8207	22517	9040	25204	4772	10851	7135	21977
0:47:24	30.0	8205	22746	9093	25151	4756	10928	7188	21991
0:47:30	30.0	8136	22452	9146	25103	4746	10914	7175	21944
0:47:36	30.0	8159	22552	9051	25443	4716	10949	7166	21768
0:47:42	30.0	8160	22689	9086	25132	4738	10889	7174	22044
0:47:48	30.0	8181	22543	9136	25248	4709	10823	7215	22017
0:47:54	30.0	8222	22549	9165	25180	4758	10911	7122	22016
0:48:00	30.0	8186	22693	9096	25096	4700	10858	7144	21944
0:48:06	30.0	8149	22481	9177	25407	4744	10871	7141	21823
0:48:12	30.0	8244	22515	9219	25183	4758	10904	7188	21904
0:48:18	30.0	8179	22483	9178	25151	4770	10907	7108	21987
0:48:24	30.0	8261	22559	9187	25454	4738	10756	7152	21890
0:48:30	30.0	8255	22704	9171	24903	4717	10807	7175	22082
0:48:36	30.0	8225	22605	9145	25078	4748	10934	7210	21894
0:48:42	30.0	8203	22701	9165	25289	4771	10873	7205	21972
0:48:48	30.0	8263	22554	9102	25217	4766	10923	7207	21928
0:48:54	30.0	8218	22491	9284	25117	4724	10939	7199	22137
0:49:00	30.0	8255	22490	9253	25401	4737	10842	7230	22062
0:49:06	30.0	8211	22627	9277	25235	4779	10847	7289	21943
0:49:12	30.0	8249	22548	9319	25270	4728	10983	7224	21746
0:49:18	30.0	8238	22801	9246	25238	4756	10917	7208	22022
0:49:24	30.0	8259	22614	9218	25112	4764	10919	7158	22152
0:49:30	30.0	8260	22625	9276	25078	4730	10868	7280	21809
0:49:36	30.0	8232	22537	9294	25253	4745	10883	7270	21881
0:49:42	30.0	8234	22603	9215	25180	4722	10881	7221	22075
0:49:48	30.0	8277	22290	9256	25360	4759	10895	7155	21889
0:49:54	30.0	8260	22647	9298	25410	4777	10816	7190	21823
0:50:00	30.0	8349	22536	9299	25151	4739	10829	7313	21963
0:50:06	30.0	8313	22782	9251	25107	4771	10855	7237	21958
0:50:12	30.0	8371	22820	9242	25342	4744	10994	7201	21841
0:50:18	30.0	8313	22668	9372	25098	4765	10920	7270	22002
0:50:24	30.0	8269	22680	9284	25186	4787	10848	7286	21905
0:50:30	30.0	8207	22637	9323	25158	4764	10860	7201	21932
0:50:36	30.0	8296	22680	9256	25130	4767	10843	7281	21891
0:50:42	30.0	8333	22657	9363	25325	4756	10896	7302	21893
0:50:48	30.0	8339	22556	9251	24893	4794	10948	7299	21890
0:50:54	30.0	8292	22583	9357	25111	4770	10857	7239	21845
0:51:00	30.0	8311	22581	9353	25217	4777	10874	7262	21895
0:51:06	30.0	8339	22568	9374	25438	4811	10835	7294	21827
0:51:12	30.0	8305	22561	9354	25118	4750	10899	7243	21797
0:51:18	30.0	8309	22685	9289	25207	4766	10982	7275	22059
0:51:24	30.0	8284	22703	9398	25112	4754	10838	7302	21773
0:51:30	30.0	8326	22647	9368	25062	4746	10898	7287	21835
0:51:36	30.0	8299	22733	9317	25170	4725	10885	7340	21938
0:51:42	30.0	8341	22658	9395	24947	4814	10844	7272	21839
0:51:48	30.0	8343	22483	9378	25065	4811	10953	7306	21772
0:51:54	30.0	8385	22716	9410	25245	4750	10872	7335	21779
0:52:00	30.0	8318	22419	9428	25149	4775	10955	7340	21964
0:52:06	30.0	8340	22564	9410	25251	4764	10821	7368	22006
0:52:12	30.0	8283	22460	9389	25017	4808	10842	7270	22014
0:52:18	30.0	8350	22585	9457	25217	4746	10867	7350	21762
0:52:24	30.0	8386	22655	9447	25358	4750	10849	7311	21876
0:52:30	30.0	8308	22706	9408	25193	4761	10815	7316	21947
0:52:36	30.0	8391	22485	9383	25303	4772	10956	7371	21824
0:52:42	30.0	8376	22751	9444	25199	4758	10863	7318	22000
0:52:48	30.0	8383	22497	9443	25123	4796	10924	7363	21847
0:52:54	30.0	8394	22489	9401	25215	4750	10890	7339	21949
0:53:00	30.0	8398	22572	9442	25265	4847	10859	7374	21844
0:53:06	30.0	8385	22627	9472	25275	4783	10832	7378	21752
0:53:12	30.0	8439	22597	9498	25035	4792	10842	7322	21848
0:53:18	30.0	8436	22404	9588	25359	4821	10892	7327	22140
0:53:24	30.0	8398	22514	9518	25262	4808	10822	7357	21890
0:53:30	30.0	8357	22779	9447	25206	4753	10843	7408	21959
0:53:36	30.0	8460	22693	9441	25097	4767	10880	7328	21895
0:53:42	30.0	8464	22573	9553	25306	4800	10863	7318	21655
0:53:48	30.0	8437	22699	9518	25355	4773	10940	7351	21972
0:53:54	30.0	8412	22793	9523	25071	4772	10860	7419	21982
0:54:00	30.0	8448	22631	9542	25190	4764	10952	7374	21994
0:54:06	30.0	8464	22453	9559	25099	4763	10844	7376	21929
0:54:12	30.0	8483	22702	9408	25228	4829	10862	7375	21928
0:54:18	30.0	8354	22545	9547	24912	4768	10937	7342	21972
0:54:24	30.0	8488	22431	9545	25237	4793	10948	7363	21944
0:54:30	30.0	8473	22637	9549	25217	4790	10873	7379	21979
0:54:36	30.0	8481	22514	9510	25038	4776	10892	7395	21923
0:54:42	30.0	8502	22450	9550	25112	4776	10867	7375	21839
0:54:48	30.0	8415	22577	9580	24973	4791	10927	7435	21871
0:54:54	30.0	8504	22446	9541	25161	4760	10786	7418	21880
0:55:00	30.0	8453	22481	9597	25278	4798	10824	7439	21886
0:55:06	30.0	8426	22533	9635	25359	4783	10867	7423	21980
0:55:12	30.0	8490	22680	9623	25321	4805	10856	7423	22007
0:55:18	30.0	8561	22642	9604	25027	4806	10863	7430	21909
0:55:24	30.0	8455	22542	9557	25035	4781	10870	7343	21876
0:55:30	30.0	8462	22520	9558	25277	4803	10890	7471	21908
0:55:36	30.0	8527	22779	9707	25181	4767	10808	7545	21865
0:55:42	30.0	8598	22641	9554	25147	4852	10823	7451	21840
0:55:48	30.0	8500	22569	9622	25015	4800	10837	7455	22038
0:55:54	30.0	8450	22554	9623	24992	4817	10852	7463	22142
0:56:00	30.0	8494	22568	9690	25078	4812	10921	7395	21785
0:56:06	30.0	8498	22630	9650	25040	4802	10866	7437	21769
0:56:12	30.0	8450	22386	9714	25177	4813	10782	7487	21789
0:56:18	30.0	8598	22841	9611	25318	4816	10830	7436	21792
0:56:24	30.0	8506	22598	9682	25275	4784	10805	7477	22078
0:56:30	30.0	8499	22687	9645	25244	4839	10801	7471	21964
0:56:36	30.0	8526	22608	9642	25290	4773	10869	7408	21787
0:56:42	30.0	8567	22512	9744	25244	4815	10819	7497	21807
0:56:48	30.0	8535	22610	9675	25077	4845	10846	7462	21863
0:56:54	30.0	8576	22441	9700	25245	4842	10891	7487	21916
0:57:00	30.0	8479	22749	9709	25421	4802	10770	7464	21790
0:57:06	30.0	8568	22564	9698	25126	4795	10824	7566	21987
0:57:12	30.0	8573	22622	9718	25212	4828	10913	7468	21803
0:57:18	30.0	8610	22655	9740	25156	4807	10901	7526	21752
0:57:24	30.0	8528	22543	9773	24898	4826	10867	7490	21717
0:57:30	30.0	8585	22685	9713	25083	4817	10764	7512	22067
0:57:36	30.0	8571	22453	9831	25191	4817	10940	7531	21902
0:57:42	30.0	8585	22408	9811	25185	4838	10874	7537	21973
0:57:48	30.0	8601	22532	9726	25348	4843	10795	7460	22028
0:57:54	30.0	8536	22605	9750	25095	4812	10859	7607	21949
0:58:00	30.0	8651	22444	9773	25369	4851	10872	7577	22074
0:58:06	30.0	8684	22396	9859	25046	4836	10848	7584	21796
0:58:12	30.0	8617	22641	9710	25298	4808	10850	7505	21835
0:58:18	30.0	8597	22516	9791	25329	4883	10907	7494	21731
0:58:24	30.0	8654	22555	9814	25031	4812	10863	7553	21854
0:58:30	30.0	8593	22540	9832	25026	4800	10855	7491	21972
0:58:36	30.0	8542	22641	9858	25236	4815	10858	7658	21767
0:58:42	30.0	8498	22639	9882	25003	4856	10835	7520	21921
0:58:48	30.0	8593	22595	9816	25030	4834	10944	7554	21932
0:58:54	30.0	8623	22475	9809	24770	4818	10772	7499	21975
0:59:00	30.0	8559	22529	9802	25100	4866	10824	7561	22127
0:59:06	30.0	8654	22512	9781	24945	4837	10856	7537	21952
0:59:12	30.0	8606	22623	9826	25188	4852	10927	7558	21792
0:59:18	30.0	8602	22535	9854	25147	4841	10833	7583	21904
0:59:24	30.0	8652	22492	9827	25196	4811	10774	7592	21807
0:59:30	30.0	8681	22541	9898	25283	4854	10830	7575	21872
0:59:36	30.0	8718	22586	9854	25285	4842	10916	7527	21790
0:59:42	30.0	8625	22531	9911	25331	4841	10795	7535	21984
0:59:48	30.0	8591	22583	9946	24980	4850	10902	7545	21863
0:59:54	30.0	8677	22595	9838	25084	4815	10855	7600	21841
1:00:00	30.0	8639	22561	9894	24954	4797	10859	7604	22046
1:00:06	30.0	8667	22691	9887	24950	4874	10910	7608	21823
1:00:12	30.0	8661	22679	9900	25217	4889	10763	7555	21886
1:00:18	30.0	8650	22483	10025	25133	4866	10973	7599	21788
1:00:24	30.0	8657	22379	9953	24782	4792	10928	7580	21678
1:00:30	30.0	8674	22550	9914	25340	4786	10880	7549	21955
1:00:36	30.0	8686	22409	9997	25123	4851	10901	7562	21796
1:00:42	30.0	8666	22622	9798	25191	4869	10851	7577	21728
1:00:48	30.0	8740	22494	10011	24828	4869	10787	7642	21834
1:00:54	30.0	8651	22516	9911	25089	4889	10828	7569	21736
1:01:00	30.0	8644	22323	9998	25238	4832	10774	7604	21720
1:01:06	30.0	8732	22664	9950	25179	4803	10852	7619	21941
1:01:12	30.0	8706	22580	9907	25042	4864	10855	7665	21834
1:01:18	30.0	8687	22543	9960	25098	4830	10836	7619	21869
1:01:24	30.0	8755	22481	9910	24861	4825	10821	7613	21976
1:01:30	30.0	8803	22514	10011	25052	4864	10794	7583	21958
1:01:36	30.0	8762	22523	9915	24802	4864	10804	7626	21989
1:01:42	30.0	8779	22446	9912	24873	4890	10927	7595	21747
1:01:48	30.0	8684	22602	10047	25321	4816	10795	7724	21812
1:01:54	30.0	8699	22509	10062	25259	4887	10836	7636	21710
1:02:00	30.0	8794	22655	10048	25112	4883	10831	7640	21835
1:02:06	30.0	8756	22536	10061	25031	4848	10877	7689	21695
1:02:12	30.0	8746	22617	10032	25178	4849	10875	7625	21723
1:02:18	30.0	8735	22421	10026	25042	4845	10883	7623	22007
1:02:24	30.0	8695	22599	10136	25057	4872	10856	7654	21906
1:02:30	30.0	8807	22602	10018	24824	4844	10902	7653	21692
1:02:36	30.0	8905	22569	9951	25149	4851	10873	7704	22105
1:02:42	30.0	8811	22637	9995	25043	4826	10844	7687	21679
1:02:48	30.0	8793	22559	10044	25246	4895	10892	7735	21796
1:02:54	30.0	8740	22603	10085	25082	4828	10823	7682	21617
1:03:00	30.0	8800	22558	10128	25145	4881	10870	7714	21973
1:03:06	30.0	8742	22695	10132	25164	4877	10858	7670	21820
1:03:12	30.0	8880	22561	10077	25063	4843	10825	7691	21902
1:03:18	30.0	8846	22653	10116	25146	4840	10809	7623	21825
1:03:24	30.0	8811	22615	10090	25027	4894	10895	7789	21819
1:03:30	30.0	8798	22609	10099	25063	4841	10781	7719	21888
1:03:36	30.0	8766	22430	10140	24999	4873	10875	7660	21911
1:03:42	30.0	8882	22556	10081	25035	4929	10881	7708	21770
1:03:48	30.0	8817	22495	10180	25100	4874	10900	7721	21985
1:03:54	30.0	8828	22382	10154	25060	4855	10818	7693	21761
1:04:00	30.0	8773	22441	10131	25090	4870	10798	7709	21718
1:04:06	30.0	8843	22627	10106	25074	4932	10912	7822	21800
1:04:12	30.0	8796	22577	10168	25002	4899	10890	7752	21727
1:04:18	30.0	8852	22698	10048	25104	4913	10898	7675	21932
1:04:24	30.0	8846	22556	10119	25169	4853	10884	7780	21642
1:04:30	30.0	8893	22533	10100	25104	4869	10818	7691	21880
1:04:36	30.0	8844	22541	10274	25198	4858	10724	7760	21837
1:04:42	30.0	8892	22383	10135	25099	4870	10835	7654	21948
1:04:48	30.0	8858	22666	10189	25084	4854	10878	7774	21841
1:04:54	30.0	8873	22406	10181	25279	4878	10779	7686	21839
1:05:00	30.0	8833	22510	10158	25133	4907	10778	7800	21723
1:05:06	30.0	8959	22552	10235	25271	4883	10901	7780	21836
1:05:12	30.0	8882	22560	10180	25201	4851	10865	7742	21749
1:05:18	30.0	8915	22446	10251	25107	4871	10899	7782	22007
1:05:24	30.0	8878	22514	10141	25062	4865	10788	7719	22018
1:05:30	30.0	8892	22408	10204	24935	4892	10832	7741	22011
1:05:36	30.0	8864	22403	10194	25146	4879	10902	7737	21916
1:05:42	30.0	8908	22395	10260	25115	4879	10902	7750	21648
1:05:48	30.0	8865	22661	10235	24976	4897	10861	7694	22087
1:05:54	30.0	8860	22456	10343	25168	4949	10831	7774	21812
1:06:00	30.0	8872	22263	10228	24785	4857	10791	7786	21736
1:06:06	30.0	8817	22377	10318	25069	4904	10879	7811	21876
1:06:12	30.0	8935	22543	10247	24924	4891	10918	7824	21924
1:06:18	30.0	8844	22439	10254	25064	4857	10901	7794	21785
1:06:24	30.0	8924	22351	10309	25112	4876	10795	7809	21819
1:06:30	30.0	8894	22490	10245	25082	4866	10881	7767	21907
1:06:36	30.0	8885	22364	10264	25052	4931	10714	7788	21783
1:06:42	30.0	8962	22524	10211	25085	4898	10919	7790	21853
1:06:48	30.0	8859	22461	10310	25021	4923	10873	7827	21968
1:06:54	30.0	8879	22549	10364	25114	4912	10771	7818	21751
1:07:00	30.0	8970	22320	10347	24840	4933	10884	7784	21933
1:07:06	30.0	8982	22579	10321	24972	4851	10899	7787	21795
1:07:12	30.0	8885	22618	10348	25052	4884	10833	7817	21950
1:07:18	30.0	8964	22436	10411	24945	4920	10903	7856	21788
1:07:24	30.0	8936	22586	10275	24984	4907	10770	7773	21788
1:07:30	30.0	8955	22434	10334	25071	4919	10854	7827	21874
1:07:36	30.0	8970	22500	10396	25155	4863	10790	7801	21819
1:07:42	30.0	8908	22409	10444	24976	4933	10807	7835	21871
1:07:48	30.0	8936	22592	10410	25275	4903	10811	7862	21828
1:07:54	30.0	9016	22470	10399	25141	4849	10803	7838	21934
1:08:00	30.0	8943	22390	10412	24849	4944	10770	7802	21972
1:08:06	30.0	8949	22450	10377	24900	4851	10823	7813	21951
1:08:12	30.0	8999	22469	10456	24959	4876	10806	7849	21903
1:08:18	30.0	8961	22561	10424	25062	4923	10805	7813	21833
1:08:24	30.0	8997	22368	10347	24958	4917	10814	7860	21911
1:08:30	30.0	8968	22516	10438	24842	4929	10804	7913	21695
1:08:36	30.0	8950	22443	10386	25196	4922	10805	7880	21873
1:08:42	30.0	8993	22507	10425	25063	4905	10914	7881	21938
1:08:48	30.0	8996	22601	10552	25155	4904	10842	7875	21722
1:08:54	30.0	9002	22359	10401	25025	4894	10872	7955	21815
1:09:00	30.0	8936	22388	10413	24882	4964	10912	7835	21489
1:09:06	30.0	9000	22552	10528	25077	4898	10847	7908	21875
1:09:12	30.0	9102	22439	10313	24885	4952	10798	7837	21947
1:09:18	30.0	9086	22391	10510	25082	4908	10767	7966	21885
1:09:24	30.0	9037	22381	10375	25044	4903	10712	7904	21758
1:09:30	30.0	8923	22443	10397	25099	4923	10913	7939	21641
1:09:36	30.0	9060	22597	10498	25075	4890	10906	7918	21939
1:09:42	30.0	9040	22292	10463	25002	4920	10864	7895	21983
1:09:48	30.0	9040	22488	10472	25088	4892	10847	7891	21826
1:09:54	30.0	9056	22447	10461	25002	4949	10820	7845	21910
1:10:00	30.0	9140	22490	10493	25233	4920	10865	7923	21789
1:10:06	30.0	9004	22659	10557	24981	4867	10834	7863	21875
1:10:12	30.0	9116	22669	10529	24841	4880	10795	7829	21737
1:10:18	30.0	9062	22535	10483	24961	4900	10773	7861	21792
1:10:24	30.0	9098	22484	10503	24874	4863	10881	7973	21835
1:10:30	30.0	9074	22266	10490	24890	4904	10820	7906	21863
1:10:36	30.0	9067	22480	10596	25112	4927	10784	7882	21909
1:10:42	30.0	9044	22503	10613	24893	4896	10740	7875	21729
1:10:48	30.0	9093	22608	10608	24960	4966	10792	7970	21819
1:10:54	30.0	9024	22445	10489	24902	4974	10859	7947	21872
1:11:00	30.0	9138	22357	10620	24991	4912	10816	7966	21663
1:11:06	30.0	9036	22382	10594	25012	4942	10867	7945	21893
1:11:12	30.0	9062	22521	10663	25237	4932	10867	7983	22106
1:11:18	30.0	9032	22586	10582	24924	4930	10843	7960	21755
1:11:24	30.0	9051	22491	10616	25011	4917	10835	7915	22025
1:11:30	30.0	9057	22485	10603	25282	4938	10843	7947	21768
1:11:36	30.0	9109	22279	10635	24917	4954	10892	7971	21739
1:11:42	30.0	9114	22341	10643	24842	4931	10896	7919	21905
1:11:48	30.0	9073	22455	10650	24751	4899	10872	8049	21873
1:11:54	30.0	9130	22460	10684	25077	4936	10815	7968	21993
1:12:00	30.0	9130	22433	10612	24977	4924	10754	7979	21967
1:12:06	30.0	9118	22433	10685	24874	4912	10791	7924	21837
1:12:12	30.0	9179	22444	10589	25016	4926	10623	7918	21667
1:12:18	30.0	9061	22539	10613	24909	4926	10767	7924	21903
1:12:24	30.0	9192	22673	10572	25073	4934	10795	7928	21757
1:12:30	30.0	9140	22409	10633	25049	4942	10796	7956	21818
1:12:36	30.0	9166	22458	10730	24929	4940	10775	7933	21680
1:12:42	30.0	9159	22456	10645	25154	4947	10893	8012	21832
1:12:48	30.1	9192	22620	10601	24856	4929	10890	7994	21738
1:12:54	30.0	9144	22517	10717	25084	4905	10770	7945	21806
1:13:00	30.0	9207	22484	10637	25038	4947	10863	7997	21895
1:13:06	30.0	9213	22470	10712	25121	4912	10791	8026	21791
1:13:12	30.0	9155	22472	10774	24972	4935	10878	8014	21816
1:13:18	30.0	9136	22326	10659	24950	4980	10815	8046	21776
1:13:24	30.0	9132	22536	10650	24888	4964	10867	7971	21911
1:13:30	30.0	9158	22479	10725	24982	4957	10786	8026	21876
1:13:36	30.0	9201	22435	10687	25121	4964	10837	8028	21898
1:13:42	30.0	9207	22489	10711	25058	4941	10808	8006	21800
1:13:48	30.0	9148	22561	10766	25003	4929	10806	7989	21872
1:13:54	30.0	9238	22577	10739	24811	4940	10884	8020	21764
1:14:00	30.0	9241	22483	10739	25071	4929	10793	7999	21731
1:14:06	30.0	9348	22480	10767	24870	4968	10866	8045	21706
1:14:12	30.0	9244	22560	10758	24940	4965	10831	8042	21902
1:14:18	30.0	9285	22623	10799	25092	4948	10776	8030	22004
1:14:24	30.0	9260	22418	10773	25013	4933	10898	7936	21734
1:14:30	30.0	9206	22443	10755	24833	4957	10813	8022	21987
1:14:36	30.0	9191	22561	10776	25033	4985	10843	8058	21668
1:14:42	30.0	9197	22618	10765	25141	4922	10842	8077	21786
1:14:48	30.0	9259	22440	10819	25185	4944	10856	8074	21821
1:14:54	30.0	9235	22567	10762	24741	4963	10780	8024	21750
1:15:00	30.0	9195	22427	10697	25178	5001	10887	8059	21731
1:15:06	30.0	9253	22492	10831	24789	4958	10754	8079	21820
1:15:12	30.0	9319	22502	10779	25132	4979	10793	8040	21697
1:15:18	30.0	9355	22545	10901	25095	5004	10868	8080	21783
1:15:24	30.0	9204	22471	10853	24926	4988	10817	8057	21773
1:15:30	30.0	9304	22532	10849	25041	4991	10919	8121	21685
1:15:36	30.0	9213	22700	10835	24921	4985	10859	8054	21757
1:15:42	30.0	9301	22336	10838	24913	4957	10786	8075	21844
1:15:48	30.0	9222	22416	10897	24958	4955	10842	8115	21929
1:15:54	30.0	9256	22374	10876	24972	4955	10792	8067	21747
1:16:00	30.0	9291	22508	10841	24982	4981	10845	8121	21741
1:16:06	30.0	9245	22284	10814	24943	4981	10780	8076	21905
1:16:12	30.0	9292	22372	10927	24852	4991	10810	8049	21792
1:16:18	30.0	9262	22500	10877	25051	5005	10845	8125	21790
1:16:24	30.0	9308	22447	10873	24928	5015	10793	8074	21639
1:16:30	30.0	9290	22425	10914	25098	4970	10898	8064	21535
1:16:36	30.0	9326	22427	10878	24845	4959	10898	8059	21825
1:16:42	30.0	9324	22351	10907	24907	4977	10735	8093	22104
1:16:48	30.0	9346	22513	10913	25085	5000	10839	8157	21843
1:16:54	30.0	9310	22550	10989	24993	4953	10889	8139	21656
1:17:00	30.0	9251	22515	10983	25023	4949	10758	8100	22074
1:17:06	30.0	9346	22392	10836	24975	4987	10871	8177	21788
1:17:12	30.0	9284	22596	10941	24978	4975	10822	8126	21682
1:17:18	30.0	9430	22536	10945	25022	4967	10873	8138	21775
1:17:24	30.0	9377	22353	11011	24918	4966	10823	8202	21829
1:17:30	30.0	9316	22646	10958	25047	4980	10791	8224	21859
1:17:36	30.0	9393	22660	11013	25082	5002	10843	8124	21537
1:17:42	30.0	9336	22383	10901	25099	4999	10876	8184	21858
1:17:48	30.0	9331	22651	10957	25173	5017	10791	8055	21687
1:17:54	30.0	9354	22341	10918	24910	4999	10782	8139	21763
1:18:00	30.0	9341	22477	10977	24898	4972	10727	8115	21899
1:18:06	30.0	9306	22403	11052	24825	5026	10780	8127	21831
1:18:12	30.0	9382	22411	11021	24918	4993	10818	8217	21736
1:18:18	30.0	9414	22571	11005	25027	4946	10796	8205	21968
1:18:24	30.0	9402	22350	11015	25133	4986	10767	8210	21813
1:18:30	30.0	9349	22514	10935	24905	5007	10793	8208	21634
1:18:36	30.0	9403	22423	11005	24907	4980	10820	8224	21847
1:18:42	30.0	9340	22502	10982	24808	4976	10864	8237	21750
1:18:48	30.0	9360	22436	11018	24864	4995	10848	8204	21868
1:18:54	30.0	9387	22458	11152	25001	4998	10849	8168	21927
1:19:00	30.0	9318	22517	11132	24970	5005	10712	8220	21894
1:19:06	30.0	9367	22501	10948	24850	5028	10748	8151	21900
1:19:12	30.0	9394	22404	10984	24972	5007	10812	8231	21821
1:19:18	30.0	9455	22398	11100	24936	4999	10870	8206	21826
1:19:24	30.0	9473	22480	11038	24670	5002	10818	8278	21776
1:19:30	30.0	9384	22446	11048	25083	4973	10757	8189	21729
1:19:36	30.0	9452	22418	11045	24932	4950	10731	8177	21859
1:19:42	30.0	9397	22483	11081	24850	4959	10706	8268	21764
1:19:48	30.0	9403	22434	11049	24875	4990	10712	8195	21675
1:19:54	30.0	9388	22467	11052	24960	5033	10798	8243	21836
1:20:00	30.0	9386	22231	11097	24541	4997	10818	8284	21635
1:20:06	30.0	9482	22481	11040	24835	5042	10793	8186	21706
1:20:12	30.0	9449	22557	11149	24838	4991	10819	8243	21730
1:20:18	30.0	9451	22358	11173	24876	5004	10762	8235	21725
1:20:24	30.0	9411	22370	11163	24905	5022	10794	8218	21896
1:20:30	30.0	9522	22272	11080	24890	4992	10769	8237	21775
1:20:36	30.1	9424	22280	11142	24959	5009	10775	8258	21758
1:20:42	30.1	9369	22663	11170	24836	5014	10796	8307	21690
1:20:48	30.0	9438	22264	11001	24959	5015	10867	8192	21729
1:20:54	30.0	9479	22440	11155	24776	5020	10704	8222	21762
1:21:00	30.0	9410	22474	11245	24784	4971	10715	8274	21844
1:21:06	30.0	9453	22488	11186	25045	5022	10689	8300	21868
1:21:12	30.0	9460	22443	11127	24915	5027	10713	8201	21835
1:21:18	30.0	9468	22507	11216	24867	5021	10826	8284	21909
1:21:24	30.0	9545	22462	11232	24917	5032	10826	8269	21661
1:21:30	30.0	9545	22327	11256	24945	5065	10756	8237	21619
1:21:36	30.0	9513	22510	11306	24894	5057	10780	8233	21835
1:21:42	30.0	9520	22587	11380	24832	4998	10791	8227	21858
1:21:48	30.0	9566	22331	11236	24851	4985	10758	8259	21907
1:21:54	30.0	9460	22282	11289	24902	5048	10748	8292	21768
1:22:00	30.0	9485	22425	11165	24968	5019	10830	8277	21777
1:22:06	30.0	9456	22359	11306	24859	5090	10702	8246	21848
1:22:12	30.0	9494	22426	11269	24795	5023	10758	8274	21963
1:22:18	30.1	9452	22489	11242	24913	5025	10789	8273	21857
1:22:24	30.0	9487	22310	11342	24855	5049	10873	8245	21780
1:22:30	30.1	9517	22498	11183	24827	4988	10807	8302	21824
1:22:36	30.1	9453	22407	11384	25074	5038	10738	8333	21696
1:22:42	30.1	9504	22383	11210	24911	5048	10871	8356	21881
1:22:48	30.1	9553	22585	11321	25201	5019	10785	8267	21721
1:22:54	30.1	9520	22559	11268	24732	5045	10856	8222	21852
1:23:00	30.0	9493	22360	11303	24798	5034	10788	8338	21747
1:23:06	30.1	9549	22539	11350	24954	5027	10793	8267	21821
1:23:12	30.1	9564	22337	11347	24742	5041	10750	8289	21817
1:23:18	30.1	9530	22437	11277	24852	5032	10795	8387	21708
1:23:24	30.1	9522	22611	11371	24838	5039	10833	8284	21937
1:23:30	30.1	9595	22396	11379	24951	5025	10781	8374	21732
1:23:36	30.0	9603	22385	11337	24913	5019	10781	8312	21602
1:23:42	30.0	9581	22241	11276	24766	5052	10817	8340	21875
1:23:48	30.1	9565	22410	11429	24892	4986	10751	8340	21821
1:23:54	30.1	9685	22496	11339	24834	5063	10730	8342	21715
1:24:00	30.1	9589	22184	11351	25083	4980	10788	8426	21747
1:24:06	30.1	9626	22388	11302	24777	5030	10734	8333	21813
1:24:12	30.0	9600	22308	11293	24968	4988	10738	8380	21955
1:24:18	30.0	9523	22336	11371	24762	5001	10735	8410	21797
1:24:24	30.1	9551	22459	11404	24787	5042	10965	8375	21864
1:24:30	30.1	9647	22415	11436	24799	5050	10906	8403	21821
1:24:36	30.1	9589	22335	11372	24774	5021	11006	8385	21732
1:24:42	30.1	9648	22347	11381	24748	5041	11002	8357	21786
1:24:48	30.1	9591	22327	11404	24955	5032	11058	8395	21896
1:24:54	30.0	9655	22355	11427	24867	5070	11034	8297	21679
1:25:00	30.0	9574	22577	11445	24788	5034	10934	8386	21822
1:25:06	30.1	9667	22306	11406	24975	5037	10981	8380	21902
1:25:12	30.1	9553	22394	11493	24709	5033	11002	8388	21626
1:25:18	30.1	9632	22476	11412	24776	5064	11045	8373	21733
1:25:24	30.1	9558	22430	11344	24881	5019	11013	8439	21788
1:25:30	30.1	9653	22586	11439	24995	5091	11037	8437	21877
1:25:36	30.0	9662	22319	11493	24771	5033	11049	8359	21835
1:25:42	30.1	9666	22570	11410	24677	5036	10982	8373	21733
1:25:48	30.1	9614	22153	11423	24973	5065	10931	8381	21764
1:25:54	30.1	9691	22504	11502	24843	5041	11006	8420	21846
1:26:00	30.1	9650	22435	11495	24979	5053	11023	8431	21884
1:26:06	30.1	9662	22228	11532	24802	5055	11013	8430	21771
1:26:12	30.1	9690	22587	11571	24896	5086	10955	8376	21589
1:26:18	30.0	9615	22692	11554	24988	5088	10984	8461	21771
1:26:24	30.1	9696	22330	11475	25029	5091	11014	8485	21762
1:26:30	30.1	9618	22507	11542	24773	5079	11041	8487	21725
1:26:36	30.1	9631	22277	11583	24935	5061	10993	8493	21772
1:26:42	30.1	9601	22653	11541	24861	5079	11016	8500	21928
1:26:48	30.1	9646	22342	11599	25044	5101	10961	8491	21722
1:26:54	30.0	9701	22460	11523	24965	5062	10986	8390	21620
1:27:00	30.0	9629	22538	11484	24937	5038	11051	8502	21745
1:27:06	30.1	9637	22482	11592	24699	5042	10969	8375	21796
1:27:12	30.1	9713	22643	11577	24948	5087	10977	8471	21616
1:27:18	30.1	9645	22388	11507	24738	5075	11008	8496	21902
1:27:24	30.1	9695	22289	11532	24818	5044	11086	8411	21707
1:27:30	30.1	9740	22427	11517	24896	5085	11040	8522	21744
1:27:36	30.1	9650	22411	11531	24770	5066	10949	8402	21918
1:27:42	30.0	9644	22342	11600	24912	5076	10955	8481	21740
1:27:48	30.1	9694	22354	11595	24834	5116	10957	8524	21789
1:27:54	30.1	9704	22509	11639	24929	5059	11001	8452	21941
1:28:00	30.1	9631	22502	11612	24716	5064	11052	8451	21753
1:28:06	30.1	9786	22444	11729	24988	5058	10919	8446	21577
1:28:12	30.0	9689	22391	11651	25015	5078	10990	8519	21804
1:28:18	30.0	9704	22534	11625	24637	5029	10963	8398	21756
1:28:24	30.1	9795	22286	11622	24726	5069	10962	8459	21791
1:28:30	30.1	9762	22564	11664	24734	5044	10942	8498	21819
1:28:36	30.1	9687	22556	11621	24994	5045	10963	8474	21669
1:28:42	30.1	9699	22497	11685	24799	5056	10884	8541	21773
1:28:48	30.1	9728	22608	11642	24859	5069	10920	8508	21692
1:28:54	30.0	9835	22703	11746	24623	5047	11065	8486	21821
1:29:00	30.0	9729	22492	11752	24822	5076	10973	8540	21949
1:29:06	30.1	9691	22411	11684	24728	5067	10974	8470	21817
1:29:12	30.1	9699	22427	11672	24863	5059	11012	8457	21808
1:29:18	30.1	9839	22429	11714	24798	5069	10895	8546	21849
1:29:24	30.1	9765	22367	11643	24785	5099	11032	8531	21777
1:29:30	30.1	9729	22331	11685	24946	5077	11017	8486	21952
1:29:36	30.0	9768	22311	11613	24933	5073	10874	8505	21720
1:29:42	30.1	9745	22357	11748	24963	5066	10954	8459	21907
1:29:48	30.1	9762	22510	11763	24804	5058	10910	8498	21856
1:29:54	30.1	9656	22456	11786	24894	5124	10854	8615	21817
1:30:00	30.1	9784	22386	11771	24868	5096	10959	8487	21556
1:30:06	30.1	9722	22315	11660	24705	5061	10981	8567	21675
1:30:12	30.0	9783	22477	11606	24892	5103	10947	8536	21716
1:30:18	30.0	9866	22516	11657	24842	5072	10936	8490	21690
1:30:24	30.1	9743	22497	11788	24916	5079	10941	8559	21680
1:30:30	30.1	9770	22330	11611	24910	5076	11054	8484	21894
1:30:36	30.1	9896	22369	11821	25039	5092	10970	8506	21598
1:30:42	30.1	9848	22380	11784	24918	5066	11004	8560	21656
1:30:48	30.0	9773	22443	11781	24771	5121	10999	8556	21903
1:30:54	30.1	9818	22211	11801	25007	5122	10945	8511	21894
1:31:00	30.0	9780	22368	11649	24758	5073	11096	8594	21885
1:31:06	30.1	9820	22417	11859	24625	5051	10955	8583	21890
1:31:12	30.1	9814	22209	11771	24754	5084	11036	8595	21592
1:31:18	30.1	9809	22344	11737	24822	5134	10901	8563	21896
1:31:24	30.1	9808	22397	11847	24911	5079	11037	8563	21868
1:31:30	30.0	9831	22412	11730	24854	5086	10988	8580	21728
1:31:36	30.1	9858	22322	11773	24971	5077	11023	8564	21686
1:31:42	30.1	9820	22540	11729	24790	5099	10938	8574	21705
1:31:48	30.1	9818	22272	11777	24822	5080	11005	8544	21750
1:31:54	30.1	9892	22391	11893	24912	5125	10962	8642	21811
1:32:00	30.1	9877	22392	11863	24743	5045	10988	8625	21631
1:32:06	30.1	9802	22519	11856	24969	5096	10964	8532	21854
1:32:12	30.0	9764	22346	11950	24761	5116	10944	8600	21808
1:32:18	30.1	9829	22404	11884	24864	5124	10913	8571	21631
1:32:24	30.0	9879	22401	11860	24849	5070	11023	8619	21678
1:32:30	30.1	9787	22437	11764	24714	5098	10876	8579	21774
1:32:36	30.1	9936	22439	11837	24784	5117	11006	8619	21690
1:32:42	30.1	9938	22370	11955	24936	5100	10889	8650	21723
1:32:48	30.0	9865	22415	11884	24736	5122	10998	8592	21711
1:32:54	30.1	9864	22368	11905	24820	5084	10918	8688	21733
1:33:00	30.1	9820	22536	11747	24849	5114	11019	8564	21729
1:33:06	30.1	9977	22565	11928	24874	5091	11051	8618	21767
1:33:12	30.1	9868	22240	11881	24833	5081	10938	8578	21743
1:33:18	30.1	9943	22358	11818	24984	5079	10910	8582	21743
1:33:24	30.1	9910	22362	11894	24719	5146	10937	8610	21858
1:33:30	30.0	9919	22417	11841	24835	5095	11000	8634	21884
1:33:36	30.1	9843	22374	11941	24962	5086	10989	8608	21952
1:33:42	30.1	9845	22589	11975	24815	5113	10969	8575	21768
1:33:48	30.1	9820	22404	11847	24841	5101	10965	8687	21825
1:33:54	30.1	9950	22322	11925	24706	5115	10969	8665	21644
1:34:00	30.1	9948	22432	11960	24893	5109	11046	8695	21723
1:34:06	30.0	9942	22581	12007	24675	5141	10973	8718	21648
1:34:12	30.1	9873	22315	11942	24886	5139	11088	8612	21745
1:34:18	30.0	9939	22346	11982	24961	5114	10977	8672	21654
1:34:24	30.1	9971	22449	11952	24635	5158	11035	8681	21862
1:34:30	30.1	10021	22392	11966	24597	5149	10904	8728	21818
1:34:36	30.1	9939	22294	11998	24850	5141	10926	8635	21673
1:34:42	30.1	9957	22408	11954	24739	5108	10956	8668	21695
1:34:48	30.0	10029	22493	12034	24798	5115	10959	8754	21727
1:34:54	30.1	9865	22619	12052	24920	5124	11081	8607	21838
1:35:00	30.0	9947	22536	12037	24860	5106	11058	8704	21971
1:35:06	30.1	9984	22473	12017	24842	5086	10933	8634	21571
1:35:12	30.1	9983	22430	12030	24771	5108	10982	8728	21733
1:35:18	30.1	9893	22412	12042	24879	5160	10995	8676	21625
1:35:24	30.0	10000	22436	12070	24723	5130	10972	8711	21727
1:35:30	30.1	10040	22428	12080	24680	5176	10960	8742	21779
1:35:36	30.1	9926	22458	12002	24971	5164	10983	8713	21724
1:35:42	30.0	9937	22339	12022	24698	5095	10893	8698	21874
1:35:48	30.1	9953	22403	12075	24741	5119	11011	8777	21629
1:35:54	30.1	9914	22555	12122	24652	5100	10914	8695	21570
1:36:00	30.1	9944	22220	12047	24775	5102	11048	8666	21789
1:36:06	30.0	9963	22268	12189	24755	5129	10986	8739	21745
1:36:12	30.1	9909	22491	12029	24842	5146	11028	8702	21887
1:36:18	30.1	9976	22512	12073	24744	5144	11075	8693	21771
1:36:24	30.1	9930	22371	12006	24730	5146	10960	8701	21828
1:36:30	30.1	9980	22475	12064	24864	5159	11063	8776	21664
1:36:36	30.1	10107	22389	12156	24762	5135	10895	8796	21825
1:36:42	30.1	10058	22593	12123	24692	5127	11012	8766	21724
1:36:48	30.1	10019	22416	12105	24828	5189	10975	8770	21682
1:36:54	30.1	9938	22354	12143	24965	5140	10878	8752	21660
1:37:00	30.1	9931	22422	12187	24709	5163	11031	8709	21588
1:37:06	30.0	9992	22320	12082	24903	5142	10931	8712	21810
1:37:12	30.1	10031	22412	12113	24718	5128	10989	8725	21554
1:37:18	30.1	9998	22429	12285	24783	5152	11002	8777	21691
1:37:24	30.1	9994	22450	12197	24682	5127	10999	8744	21705
1:37:30	30.0	10139	22431	12186	24530	5151	10929	8811	21608
1:37:36	30.1	9956	22427	12112	24832	5119	11080	8713	21730
1:37:42	30.1	10096	22316	12168	24790	5102	10999	8700	21622
1:37:48	30.0	10106	22296	12123	24708	5168	10920	8786	21917
1:37:54	30.1	10029	22349	12119	24972	5119	11023	8792	21683
1:38:00	30.1	10171	22392	12100	24586	5149	11024	8832	21799
1:38:06	30.1	10100	22637	12146	24746	5133	10986	8697	21774
1:38:12	30.0	10054	22467	12169	24754	5111	11015	8784	21686
1:38:18	30.1	10012	22206	12136	24707	5131	11000	8810	21754
1:38:24	30.0	10035	22298	12139	24630	5132	11085	8834	21961
1:38:30	30.1	10055	22245	12243	24824	5165	10987	8722	21620
1:38:36	30.1	10077	22489	12227	24665	5140	10979	8859	21764
1:38:42	30.1	10090	22426	12219	24699	5188	11111	8863	21711
1:38:48	30.1	10077	22305	12250	24721	5188	10931	8806	21720
1:38:54	30.0	10018	22298	12251	24655	5151	10972	8800	21797
1:39:00	30.1	10121	22363	12203	24891	5185	10881	8806	21774

Results
	1	2	3	4	5	6	7	8	9	10	11	12
A													Max V [425,457]
													R-Squared [425,457]
													t at Max V [425,457]
													Lagtime [425,457]
B													Max V [425,457]
													R-Squared [425,457]
													t at Max V [425,457]
													Lagtime [425,457]
C													Max V [425,457]
													R-Squared [425,457]
													t at Max V [425,457]
													Lagtime [425,457]
D													Max V [425,457]
													R-Squared [425,457]
													t at Max V [425,457]
													Lagtime [425,457]
E													Max V [425,457]
													R-Squared [425,457]
													t at Max V [425,457]
													Lagtime [425,457]
F													Max V [425,457]
													R-Squared [425,457]
													t at Max V [425,457]
													Lagtime [425,457]
G		-1830000.000	4550000.000	-2150000.000	5580000.000	970000.000	2890000.000	1670000.000	4390000.000				Max V [425,457]
		1.000	1.000	1.000	1.000	1.000	1.000	1.000	1.000				R-Squared [425,457]
		1:37:33	0:56:15	1:09:09	1:00:27	0:52:57	0:19:39	0:58:33	1:05:45				t at Max V [425,457]
		?????	0:52:45	1:11:05	0:57:10	0:52:22	0:17:26	0:57:17	1:02:07				Lagtime [425,457]
H													Max V [425,457]
													R-Squared [425,457]
													t at Max V [425,457]
													Lagtime [425,457]

