

Software Version	3.03.14



Experiment File Path:	C:\Users\Public\Documents\Experiments\Tina\20190212_GAP_assay2.xpt
Protocol File Path:	C:\Users\Public\Documents\Protocols\Tina\GAP_sensor_assay.prt



Plate Number	Plate 1
Date	2/12/2019
Time	3:07:27 PM
Reader Type:	Synergy H1
Reader Serial Number:	1803011C
Reading Type	Reader

Procedure Details

Plate Type	Costar 96 well half area
Set Temperature	Setpoint 30°C
Start Kinetic	Runtime 1:23:00 (HH:MM:SS), Interval 0:00:05, 997 Reads
    Read	Fluorescence Endpoint
	E1..E11
	Filter Set 1
	    Excitation: 425,  Emission: 457
	    Optics: Bottom,  Gain: 57
	Light Source: Xenon Flash,  Lamp Energy: High
	Read Speed: Normal,  Delay: 0 msec,  Measurements/Data Point: 5
	Read Height: 7 mm
End Kinetic	

Layout
	1	2	3	4	5	6	7	8	9	10	11	12
A													Well ID
B													Well ID
C													Well ID
D													Well ID
E	SPL3	SPL4	SPL5	SPL6	SPL7	SPL8	SPL9	SPL10	SPL11	SPL12	SPL13		Well ID
F													Well ID
G													Well ID
H													Well ID

425,457

Time	T° 425,457	E1	E2	E3	E4	E5	E6	E7	E8	E9	E10	E11
0:00:00	30.0	6173	6096	6100	5791	6048	6045	5916	6417	6386	6421	6348
0:00:05	30.0	6137	6106	6153	5824	6108	6085	5968	6391	6473	6355	6342
0:00:10	30.0	6087	6202	6221	5871	6166	6125	6018	6393	6530	6443	6447
0:00:15	30.0	6101	6207	6289	5806	6193	6204	6039	6210	6559	6461	6538
0:00:20	30.0	6130	6267	6353	5861	6275	6333	6114	6241	6596	6508	6569
0:00:25	30.0	6123	6356	6375	5912	6341	6321	6107	6320	6638	6573	6608
0:00:30	30.0	6075	6322	6382	5901	6343	6403	6142	6313	6674	6600	6643
0:00:35	30.0	6183	6291	6489	5852	6424	6467	6184	6275	6691	6588	6664
0:00:40	30.0	6181	6434	6478	5981	6538	6463	6196	6350	6789	6687	6667
0:00:45	30.0	6209	6470	6542	5936	6616	6582	6309	6347	6776	6625	6648
0:00:50	30.0	6166	6522	6562	6000	6624	6658	6240	6264	6837	6716	6670
0:00:55	30.0	6192	6554	6597	5974	6734	6652	6331	6307	6859	6807	6767
0:01:00	30.0	6214	6581	6695	5936	6730	6764	6360	6386	6925	6837	6782
0:01:05	30.0	6199	6656	6676	6006	6832	6746	6377	6392	6996	6826	6775
0:01:10	30.0	6218	6686	6779	6021	6865	6746	6441	6332	7009	6867	6823
0:01:15	30.0	6254	6648	6788	5957	6862	6899	6452	6382	7062	6866	6843
0:01:20	30.0	6195	6701	6859	5964	7033	6909	6501	6320	7114	6915	6971
0:01:25	30.0	6207	6777	6885	6017	7051	6973	6508	6378	7199	6991	6952
0:01:30	30.0	6230	6818	6932	6022	7062	7076	6620	6347	7185	6986	6976
0:01:35	30.0	6196	6911	6940	6038	7207	7142	6589	6396	7246	7003	7074
0:01:40	30.0	6225	6937	6992	6081	7247	7166	6638	6405	7245	7079	7093
0:01:45	30.0	6223	6926	7062	6004	7345	7375	6653	6381	7292	7090	7106
0:01:50	30.0	6302	6929	7142	6035	7372	7356	6718	6383	7365	7118	7121
0:01:55	30.0	6276	7031	7163	6019	7420	7340	6739	6341	7385	7153	7159
0:02:00	30.0	6228	7077	7210	6037	7447	7457	6773	6347	7487	7186	7161
0:02:05	30.0	6223	7189	7294	5990	7557	7474	6938	6400	7490	7236	7244
0:02:10	30.0	6183	7219	7290	5978	7606	7574	6915	6437	7479	7231	7246
0:02:15	30.0	6262	7226	7382	6030	7645	7602	6916	6462	7496	7252	7203
0:02:20	30.0	6241	7305	7420	6057	7683	7653	7046	6381	7587	7300	7341
0:02:25	30.0	6220	7396	7479	5992	7845	7655	7021	6397	7604	7337	7366
0:02:30	30.0	6288	7386	7516	6064	7854	7785	7032	6464	7702	7367	7372
0:02:35	30.0	6231	7426	7533	6028	7872	7857	7104	6349	7779	7422	7468
0:02:40	30.0	6256	7438	7581	5986	7962	7921	7195	6348	7794	7428	7433
0:02:45	30.0	6233	7534	7624	6036	8076	7860	7204	6401	7717	7420	7465
0:02:50	30.0	6220	7558	7704	5966	8142	8012	7218	6411	7774	7517	7537
0:02:55	30.0	6197	7594	7753	6037	8197	8045	7287	6476	7860	7563	7553
0:03:00	30.0	6278	7723	7782	6029	8240	8166	7320	6441	7936	7544	7594
0:03:05	30.0	6290	7682	7834	6035	8240	8244	7324	6487	7999	7662	7556
0:03:10	30.0	6193	7748	7846	6048	8361	8312	7375	6430	8023	7555	7651
0:03:15	30.0	6275	7715	7891	6083	8378	8313	7447	6477	8070	7645	7672
0:03:20	30.0	6290	7732	7887	6050	8464	8309	7477	6416	8078	7745	7732
0:03:25	30.0	6290	7786	7983	6062	8554	8436	7543	6368	8206	7730	7741
0:03:30	30.0	6271	7860	7953	6038	8607	8558	7558	6437	8160	7791	7796
0:03:35	30.0	6240	7957	8054	6030	8709	8562	7589	6467	8261	7805	7831
0:03:40	30.0	6309	8000	8132	6063	8756	8577	7579	6436	8245	7763	7859
0:03:45	30.0	6242	7978	8179	6081	8757	8712	7658	6332	8245	7914	7847
0:03:50	30.0	6278	8085	8164	6007	8795	8753	7685	6431	8366	7892	7916
0:03:55	30.0	6217	8103	8275	6039	8992	8827	7708	6441	8328	7938	7915
0:04:00	30.0	6259	8183	8270	6012	9024	8942	7781	6425	8384	7956	7960
0:04:05	30.0	6270	8224	8257	6044	9099	8898	7886	6431	8425	7979	7936
0:04:10	30.0	6260	8204	8296	6094	9119	8977	7871	6423	8557	8026	7990
0:04:15	30.0	6278	8258	8338	6055	9245	8956	8008	6423	8553	8061	8079
0:04:20	30.0	6280	8347	8387	6077	9285	9103	7986	6412	8670	8115	8125
0:04:25	30.0	6327	8359	8461	6016	9275	9117	7952	6398	8668	8135	8141
0:04:30	30.0	6303	8348	8550	6039	9368	9256	8012	6448	8723	8129	8164
0:04:35	30.0	6308	8440	8535	6117	9360	9371	8056	6463	8802	8313	8259
0:04:40	30.0	6299	8412	8707	6154	9568	9470	8138	6418	8821	8275	8286
0:04:45	30.0	6272	8462	8615	6029	9617	9434	8135	6427	8917	8284	8358
0:04:50	30.0	6305	8587	8711	6049	9684	9423	8188	6415	8894	8286	8349
0:04:55	30.0	6256	8550	8743	5982	9673	9573	8252	6458	8972	8417	8439
0:05:00	30.0	6317	8548	8725	6012	9775	9576	8250	6503	8978	8404	8394
0:05:05	30.0	6313	8721	8928	6075	9775	9747	8366	6419	9004	8427	8445
0:05:10	30.0	6271	8752	8759	6094	9891	9671	8415	6426	8981	8513	8450
0:05:15	30.0	6303	8805	8878	6031	9853	9800	8370	6411	9032	8508	8491
0:05:20	30.0	6297	8848	8883	6054	9978	9855	8426	6453	9133	8482	8539
0:05:25	30.0	6356	8843	8931	6002	10015	9874	8482	6454	9188	8536	8525
0:05:30	30.0	6242	8901	9040	6105	10136	10009	8473	6433	9234	8632	8596
0:05:35	30.0	6316	8910	9070	6083	10148	10023	8558	6431	9278	8661	8689
0:05:40	30.0	6350	8988	9077	6103	10224	10099	8641	6449	9287	8697	8724
0:05:45	30.0	6347	9097	9155	6087	10325	10026	8698	6458	9437	8636	8730
0:05:50	30.0	6279	9019	9154	6149	10307	10281	8738	6398	9361	8748	8807
0:05:55	30.0	6311	9084	9270	6035	10433	10295	8677	6510	9515	8753	8805
0:06:00	30.0	6281	9089	9250	6079	10479	10276	8714	6523	9415	8835	8774
0:06:05	30.0	6361	9233	9384	6067	10525	10407	8786	6473	9472	8829	8865
0:06:10	30.0	6320	9229	9362	6059	10547	10347	8846	6500	9526	8945	8832
0:06:15	30.0	6327	9162	9431	6098	10615	10451	8841	6459	9539	8911	8867
0:06:20	30.0	6283	9218	9533	6089	10651	10564	8906	6463	9646	8958	9038
0:06:25	30.0	6279	9367	9505	6060	10746	10601	8924	6441	9667	9039	8989
0:06:30	30.0	6342	9420	9602	6011	10759	10744	9078	6462	9687	9034	9091
0:06:35	30.0	6306	9463	9645	6015	10873	10684	9012	6477	9845	9039	9074
0:06:40	30.0	6316	9512	9659	6061	10919	10808	9151	6470	9808	9191	9113
0:06:45	30.0	6298	9572	9680	6069	11023	10872	9170	6493	9834	9058	9218
0:06:50	30.0	6342	9540	9655	6095	11115	10967	9185	6451	9912	9186	9225
0:06:55	30.0	6289	9613	9768	6062	11161	11014	9198	6508	9928	9188	9226
0:07:00	30.0	6361	9634	9752	6059	11223	11098	9282	6510	9990	9298	9286
0:07:05	30.0	6330	9678	9914	6126	11272	11130	9317	6514	10069	9255	9303
0:07:10	30.0	6349	9747	9988	6131	11190	11122	9385	6478	10038	9352	9340
0:07:15	30.0	6312	9749	10006	6038	11275	11174	9391	6446	10156	9367	9349
0:07:20	30.0	6309	9866	10000	6058	11354	11329	9475	6466	10236	9464	9419
0:07:25	30.0	6353	9804	10073	6061	11330	11262	9429	6491	10124	9387	9494
0:07:30	30.0	6375	9901	10081	6048	11548	11295	9485	6428	10277	9381	9473
0:07:35	30.0	6328	10034	10059	6147	11605	11512	9527	6507	10272	9491	9479
0:07:40	30.0	6321	10038	10184	6002	11651	11448	9613	6519	10379	9547	9578
0:07:45	30.0	6327	10155	10170	6126	11735	11499	9668	6496	10317	9561	9597
0:07:50	30.0	6371	10034	10266	6026	11839	11699	9670	6495	10384	9553	9612
0:07:55	30.0	6409	10068	10274	6091	11777	11720	9649	6514	10443	9579	9675
0:08:00	30.0	6338	10167	10374	6128	11941	11801	9748	6525	10328	9676	9750
0:08:05	30.0	6327	10202	10341	6160	11996	11798	9840	6461	10460	9674	9707
0:08:10	30.0	6389	10267	10539	6058	11986	11758	9887	6451	10506	9813	9760
0:08:15	30.0	6330	10278	10466	6132	12097	11829	9887	6493	10645	9679	9766
0:08:20	30.0	6348	10405	10532	6114	12286	12080	9938	6538	10669	9859	9940
0:08:25	30.0	6362	10386	10556	6089	12128	12082	10024	6542	10701	9831	9792
0:08:30	30.0	6348	10460	10718	6151	12308	12077	9945	6534	10687	9877	9997
0:08:35	30.0	6335	10586	10725	6160	12395	12133	10084	6527	10847	9851	9922
0:08:40	30.0	6312	10539	10804	6120	12353	12254	10113	6503	10851	9969	9964
0:08:45	30.0	6369	10642	10782	6075	12444	12295	9996	6514	10976	9916	9979
0:08:50	30.0	6363	10633	10871	6150	12567	12327	10281	6527	10982	9949	10072
0:08:55	30.0	6324	10721	10846	6112	12532	12379	10261	6531	10989	10104	10079
0:09:00	30.0	6318	10562	11032	6150	12584	12436	10301	6508	10987	10160	10074
0:09:05	30.0	6366	10749	10900	6067	12596	12447	10272	6586	11123	10077	10185
0:09:10	30.0	6408	10788	11143	6091	12771	12613	10292	6597	11187	10229	10164
0:09:15	30.0	6331	10913	11051	6095	12799	12599	10387	6545	11112	10243	10279
0:09:20	30.0	6346	10951	11155	6129	12835	12700	10444	6577	11194	10232	10220
0:09:25	30.0	6331	10974	11227	6116	12822	12768	10489	6524	11252	10274	10281
0:09:30	30.0	6372	10979	11285	6089	13069	12848	10517	6551	11284	10202	10369
0:09:35	30.0	6378	10935	11396	6132	13103	12729	10540	6581	11199	10412	10356
0:09:40	30.0	6358	11048	11429	6102	13088	12940	10698	6589	11385	10464	10435
0:09:45	30.0	6358	11095	11386	6139	13268	12976	10650	6487	11345	10367	10485
0:09:50	30.0	6364	11061	11485	6132	13254	13081	10743	6570	11426	10387	10479
0:09:55	30.0	6432	11202	11501	6136	13376	13104	10613	6584	11520	10485	10588
0:10:00	30.0	6396	11175	11629	6086	13241	13200	10797	6520	11495	10537	10483
0:10:05	30.0	6400	11208	11514	6109	13409	13185	10883	6565	11552	10602	10538
0:10:10	30.0	6424	11258	11674	6135	13453	13278	10860	6494	11626	10541	10632
0:10:15	30.0	6360	11425	11664	6058	13520	13293	10839	6571	11597	10611	10600
0:10:20	30.0	6384	11434	11785	6064	13602	13407	10971	6602	11785	10708	10601
0:10:25	30.0	6368	11523	11753	6107	13649	13400	11067	6521	11737	10742	10663
0:10:30	30.0	6387	11590	11865	6171	13753	13471	10975	6564	11796	10750	10760
0:10:35	30.0	6380	11569	11879	6122	13774	13493	11064	6641	11818	10675	10864
0:10:40	30.0	6426	11635	11937	6100	13778	13742	11104	6494	11780	10736	10867
0:10:45	30.0	6430	11639	11944	6081	13811	13637	11121	6545	12001	10760	10906
0:10:50	30.0	6367	11751	11943	6039	13929	13610	11135	6568	11895	10727	10873
0:10:55	30.0	6448	11721	12077	6084	14053	13670	11278	6597	12013	10933	10974
0:11:00	30.0	6379	11759	12049	6057	14030	13807	11230	6631	11998	10872	10983
0:11:05	30.0	6383	11950	12112	6137	14076	13819	11402	6579	12223	11055	10960
0:11:10	30.0	6341	11826	12092	6107	14181	13997	11412	6586	12212	10986	11053
0:11:15	30.0	6417	11893	12123	6165	14081	14153	11437	6573	12183	10988	11122
0:11:20	30.0	6358	11989	12231	6112	14354	14156	11444	6549	12241	11141	11089
0:11:25	30.0	6431	12035	12261	6113	14336	14023	11481	6588	12192	11128	11166
0:11:30	30.0	6370	12082	12355	6117	14376	14222	11479	6591	12281	11143	11157
0:11:35	30.0	6409	12008	12477	6128	14488	14303	11526	6527	12286	11203	11210
0:11:40	30.0	6398	12179	12405	6121	14668	14292	11562	6603	12300	11255	11292
0:11:45	30.1	6388	12173	12493	6107	14491	14312	11610	6612	12502	11272	11366
0:11:50	30.0	6431	12306	12484	6150	14532	14354	11692	6561	12448	11263	11278
0:11:55	30.0	6458	12346	12520	6121	14713	14603	11775	6526	12384	11336	11329
0:12:00	30.0	6432	12295	12686	6138	14772	14532	11787	6586	12595	11325	11415
0:12:05	30.0	6473	12358	12623	6139	14682	14636	11795	6554	12654	11437	11474
0:12:10	30.0	6411	12455	12777	6109	14811	14738	11855	6625	12572	11361	11438
0:12:15	30.0	6425	12482	12774	6158	14941	14716	11943	6618	12660	11409	11493
0:12:20	30.0	6416	12552	12811	6129	14909	14821	11965	6650	12637	11508	11609
0:12:25	30.0	6455	12594	12792	6115	15054	14853	12109	6588	12847	11486	11587
0:12:30	30.0	6447	12634	12879	6143	15187	14879	12014	6609	12771	11450	11735
0:12:35	30.0	6464	12632	13021	6121	15007	14944	12140	6663	12850	11591	11770
0:12:40	30.0	6448	12614	12953	6143	15262	15120	12139	6636	12918	11608	11720
0:12:45	30.0	6414	12756	13028	6136	15424	14946	12190	6608	12879	11713	11679
0:12:50	30.0	6428	12790	13093	6177	15301	15086	12186	6643	12938	11639	11820
0:12:55	30.0	6454	12869	13135	6130	15395	15106	12281	6614	13033	11733	11728
0:13:00	30.0	6452	12893	13008	6177	15279	15230	12260	6636	12986	11781	11765
0:13:05	30.0	6437	12956	13131	6118	15471	15122	12401	6605	13083	11829	11835
0:13:10	30.0	6439	12798	13225	6163	15541	15223	12403	6572	13071	11847	11876
0:13:15	30.0	6426	13124	13318	6176	15594	15445	12342	6592	13092	11912	11851
0:13:20	30.0	6443	13214	13438	6215	15782	15491	12489	6613	13250	11924	11928
0:13:25	30.0	6424	13158	13462	6116	15744	15550	12536	6630	13250	11950	11909
0:13:30	30.0	6465	13121	13527	6166	15725	15592	12522	6655	13346	11870	12011
0:13:35	30.0	6472	13214	13544	6132	15772	15562	12648	6614	13448	12051	12165
0:13:40	30.0	6476	13232	13403	6155	15848	15579	12695	6628	13494	12086	12093
0:13:45	30.0	6459	13192	13677	6153	15884	15730	12748	6694	13401	12072	12096
0:13:50	30.0	6435	13322	13618	6143	16134	15712	12716	6683	13392	12249	12084
0:13:55	30.0	6445	13276	13639	6143	16039	15791	12836	6580	13605	12129	12258
0:14:00	30.0	6458	13262	13781	6145	16034	15708	12792	6625	13589	12197	12316
0:14:05	30.0	6483	13434	13680	6198	16255	15931	12792	6662	13542	12268	12234
0:14:10	30.0	6498	13364	13833	6172	16222	15935	12913	6686	13575	12267	12301
0:14:15	30.0	6472	13496	13912	6189	16299	16024	12933	6638	13790	12244	12271
0:14:20	30.0	6545	13744	13948	6185	16331	16093	12902	6644	13827	12281	12468
0:14:25	30.0	6466	13675	14012	6108	16498	16053	13137	6638	13795	12278	12285
0:14:30	30.0	6451	13642	13982	6201	16608	16166	12946	6693	13933	12369	12417
0:14:35	30.0	6434	13707	13939	6201	16329	16210	12940	6641	13883	12399	12312
0:14:40	30.0	6423	13624	14094	6120	16471	16297	13226	6692	14028	12553	12577
0:14:45	30.0	6463	13804	14179	6167	16537	16323	13192	6649	13885	12505	12642
0:14:50	30.0	6435	13907	14276	6124	16736	16440	13345	6688	14006	12452	12581
0:14:55	30.0	6489	13914	14325	6196	16704	16298	13112	6655	13984	12595	12586
0:15:00	30.0	6491	13907	14299	6189	16616	16477	13361	6631	14112	12616	12645
0:15:05	30.0	6540	13996	14334	6214	16799	16337	13304	6701	14175	12583	12683
0:15:10	30.0	6448	14016	14312	6180	16705	16547	13479	6702	14096	12680	12797
0:15:15	30.0	6486	14062	14377	6192	16927	16797	13505	6603	14116	12647	12764
0:15:20	30.0	6443	14036	14462	6222	16906	16613	13302	6643	14171	12787	12736
0:15:25	30.0	6470	14197	14500	6202	16853	16688	13597	6711	14372	12710	12854
0:15:30	30.0	6475	14081	14399	6231	17087	16835	13569	6608	14253	12877	12865
0:15:35	30.0	6477	14259	14694	6145	17154	16907	13566	6671	14268	12833	12882
0:15:40	30.0	6527	14355	14593	6151	17158	16845	13557	6696	14374	12896	12977
0:15:45	30.0	6451	14302	14761	6203	17274	16951	13594	6673	14455	12781	12900
0:15:50	30.0	6524	14324	14766	6199	17290	16978	13623	6628	14451	12988	13166
0:15:55	30.0	6488	14510	14737	6154	17411	17054	13826	6720	14419	12865	13057
0:16:00	30.0	6515	14444	15030	6195	17458	17064	13821	6731	14522	13050	13100
0:16:05	30.0	6515	14504	14847	6150	17428	17125	13831	6709	14601	12974	13004
0:16:10	30.0	6472	14424	14998	6197	17378	17265	13885	6694	14650	12973	13133
0:16:15	30.0	6475	14576	14984	6131	17493	17268	13783	6725	14656	13072	13276
0:16:20	30.0	6487	14688	15152	6202	17376	17332	14015	6759	14615	13214	13164
0:16:25	30.0	6477	14692	15109	6194	17608	17376	13941	6718	14803	13167	13302
0:16:30	30.0	6485	14738	15090	6236	17721	17316	14076	6674	14604	13175	13266
0:16:35	30.0	6482	14752	15168	6234	17756	17470	14129	6767	14792	13261	13359
0:16:40	30.0	6529	14780	15142	6195	17685	17392	14186	6738	14814	13239	13316
0:16:45	30.0	6481	15004	15236	6190	17801	17611	14151	6715	15009	13152	13372
0:16:50	30.0	6556	15054	15154	6198	17884	17536	14213	6755	14990	13402	13415
0:16:55	30.0	6528	14987	15296	6225	17846	17596	14215	6745	14947	13386	13418
0:17:00	30.0	6586	15010	15457	6171	17802	17655	14281	6661	15099	13333	13488
0:17:05	30.0	6466	15056	15456	6254	17893	17712	14401	6771	15058	13405	13518
0:17:10	30.0	6500	15177	15546	6196	18105	17607	14514	6718	15098	13451	13520
0:17:15	30.0	6530	15180	15513	6210	18009	17741	14428	6789	15230	13448	13653
0:17:20	30.0	6536	15264	15641	6204	18120	17653	14437	6765	15256	13517	13562
0:17:25	30.0	6483	15110	15729	6217	18067	17883	14543	6741	15282	13517	13654
0:17:30	30.0	6476	15340	15645	6201	17952	17945	14506	6729	15356	13617	13598
0:17:35	30.0	6469	15152	15755	6165	18268	18011	14499	6767	15365	13666	13658
0:17:40	30.0	6553	15406	15885	6155	18140	17917	14703	6783	15515	13611	13801
0:17:45	30.0	6543	15441	15890	6200	18152	18140	14808	6687	15431	13701	13656
0:17:50	30.0	6558	15391	15938	6210	18334	18134	14598	6783	15342	13751	13828
0:17:55	30.0	6556	15438	15895	6205	18257	18054	14767	6707	15390	13785	13798
0:18:00	30.0	6519	15550	15866	6200	18458	18193	14799	6726	15621	13736	13817
0:18:05	30.0	6557	15629	15953	6143	18393	18160	14799	6743	15684	13799	13891
0:18:10	30.0	6571	15739	16117	6142	18235	18335	14821	6810	15615	13817	13966
0:18:15	30.0	6568	15624	16125	6199	18500	18240	14836	6772	15610	13958	13920
0:18:20	30.0	6497	15648	16155	6172	18462	18234	14923	6789	15672	14018	13897
0:18:25	30.0	6545	15836	16326	6165	18480	18323	15049	6780	15689	13795	13998
0:18:30	30.0	6476	15799	16186	6221	18619	18543	15045	6710	15713	13924	13925
0:18:35	30.0	6545	15776	16235	6245	18444	18321	15186	6727	15800	14063	14144
0:18:40	30.0	6518	15971	16255	6184	18623	18388	14955	6729	15862	14073	14191
0:18:45	30.0	6535	16084	16317	6267	18611	18451	15085	6820	15935	14037	14162
0:18:50	30.0	6524	15886	16486	6217	18762	18659	15249	6810	15980	14198	14121
0:18:55	30.0	6527	16102	16715	6244	18794	18698	15156	6786	15830	14105	14342
0:19:00	30.0	6489	15990	16390	6261	18777	18526	15169	6787	15920	14237	14273
0:19:05	30.0	6560	16037	16504	6218	18946	18660	15267	6764	16170	14097	14326
0:19:10	30.0	6550	16158	16700	6210	18779	18614	15366	6812	16261	14330	14418
0:19:15	30.0	6503	16185	16678	6307	18957	18704	15366	6751	16118	14281	14347
0:19:20	30.0	6519	16306	16719	6238	18833	18760	15538	6784	16050	14284	14437
0:19:25	30.0	6579	16405	16756	6237	18946	18759	15486	6775	16183	14418	14471
0:19:30	30.0	6532	16272	16964	6167	19010	18936	15455	6746	16310	14428	14609
0:19:35	30.0	6496	16300	16683	6255	19096	18922	15549	6827	16371	14522	14501
0:19:40	30.0	6538	16493	16901	6200	19078	18737	15627	6785	16366	14464	14604
0:19:45	30.0	6562	16545	16935	6197	19107	18882	15682	6804	16296	14368	14687
0:19:50	30.0	6570	16591	16932	6214	19196	18739	15692	6767	16410	14580	14568
0:19:55	30.0	6527	16563	17107	6221	19214	18937	15616	6773	16426	14554	14600
0:20:00	30.0	6520	16690	17034	6229	19139	18941	15657	6792	16509	14554	14698
0:20:05	30.0	6553	16671	17103	6221	19280	19080	15721	6768	16415	14517	14712
0:20:10	30.0	6542	16628	17242	6304	19269	18978	15793	6782	16431	14705	14711
0:20:15	30.0	6549	16733	17221	6257	19272	19216	15791	6836	16594	14669	14828
0:20:20	30.0	6538	16983	17109	6258	19190	19169	15823	6845	16656	14682	14827
0:20:25	30.0	6554	16860	17183	6262	19271	19163	15796	6775	16700	14879	14783
0:20:30	30.0	6565	16914	17341	6242	19396	19123	15910	6828	16820	14820	14916
0:20:35	30.0	6586	16899	17390	6264	19514	19226	15962	6819	16856	14844	14902
0:20:40	30.0	6571	16941	17551	6239	19345	19152	16070	6839	16884	14724	14979
0:20:45	30.0	6516	16940	17422	6307	19429	19280	16091	6859	16915	14941	14930
0:20:50	30.0	6588	16993	17707	6325	19531	19030	16036	6830	16730	14967	15086
0:20:55	30.0	6618	16972	17727	6242	19500	19266	15962	6837	16873	15043	15107
0:21:00	30.0	6591	17098	17514	6214	19405	19264	16187	6844	17016	15016	15061
0:21:05	30.0	6601	17148	17550	6240	19447	19318	16085	6799	17086	14955	15088
0:21:10	30.0	6589	17244	17617	6199	19589	19236	16215	6859	17046	15019	15111
0:21:15	30.0	6619	17181	17699	6311	19464	19393	16298	6807	16996	15025	15157
0:21:20	30.0	6603	17287	17840	6266	19433	19376	16234	6859	17033	15060	15191
0:21:25	30.0	6551	17309	17866	6286	19641	19566	16343	6920	16945	15060	15180
0:21:30	30.0	6569	17296	17962	6291	19700	19511	16350	6882	17147	15125	15243
0:21:35	30.0	6632	17380	18004	6275	19526	19551	16266	6876	17238	15167	15297
0:21:40	30.0	6631	17424	17874	6287	19571	19233	16547	6875	17037	15301	15495
0:21:45	30.0	6597	17570	18036	6234	19687	19547	16482	6821	17161	15247	15300
0:21:50	30.0	6611	17435	18184	6251	19676	19559	16550	6824	17152	15215	15371
0:21:55	30.0	6567	17608	18004	6272	19501	19539	16447	6918	17319	15382	15346
0:22:00	30.0	6573	17784	18113	6267	19715	19543	16662	6821	17335	15298	15472
0:22:05	30.0	6528	17712	18152	6208	19582	19677	16653	6842	17372	15381	15590
0:22:10	30.0	6563	17759	18121	6285	19740	19622	16657	6876	17395	15418	15595
0:22:15	30.0	6638	17922	18288	6291	19611	19763	16505	6776	17451	15461	15595
0:22:20	30.0	6605	17804	18370	6245	20043	19690	16709	6889	17569	15347	15654
0:22:25	30.0	6636	18025	18235	6267	19812	19682	16648	6800	17563	15441	15702
0:22:30	30.0	6667	17795	18374	6245	19986	19607	16737	6880	17452	15657	15699
0:22:35	30.0	6579	18043	18550	6323	19758	19788	16816	6876	17666	15415	15698
0:22:40	30.0	6592	17995	18589	6313	19932	19581	16865	6920	17599	15611	15863
0:22:45	30.0	6589	18039	18585	6268	19666	19606	16818	6813	17695	15626	15778
0:22:50	30.0	6638	18134	18630	6317	19720	19811	16752	6871	17712	15737	15789
0:22:55	30.0	6631	18034	18511	6302	19866	19906	16936	6848	17541	15675	15848
0:23:00	30.0	6626	18148	18779	6286	19761	20035	16985	6887	17757	15627	15984
0:23:05	30.0	6617	18094	18818	6297	19982	19811	17053	6916	17745	15732	15886
0:23:10	30.0	6585	18139	18793	6215	20001	19893	16860	6885	17909	15940	15779
0:23:15	30.0	6635	18261	18848	6291	19774	19715	17002	6884	17899	15856	15868
0:23:20	30.0	6598	18455	18815	6277	20006	19914	17090	6824	18036	15989	16003
0:23:25	30.0	6675	18451	18876	6334	20026	20003	17234	6851	18065	15844	15919
0:23:30	30.0	6646	18345	18961	6290	20092	19945	17135	6923	18049	15922	15855
0:23:35	30.0	6620	18421	19129	6276	20100	20041	17269	6887	18050	15856	16105
0:23:40	30.0	6674	18493	19023	6258	19956	19927	17225	6938	18118	15988	16188
0:23:45	30.0	6612	18470	19003	6262	19994	19953	17307	6892	18186	15902	16243
0:23:50	30.0	6612	18606	19075	6254	20017	20113	17289	6867	18033	15935	16206
0:23:55	30.0	6668	18651	19177	6237	20025	19987	17211	6886	18048	16032	16187
0:24:00	30.0	6620	18573	19100	6313	20072	20063	17385	6835	18304	16002	16351
0:24:05	30.0	6617	18459	19353	6363	19913	20046	17495	6904	18185	16202	16305
0:24:10	30.0	6677	18812	19234	6299	20044	19909	17457	6924	18313	16104	16298
0:24:15	30.0	6639	18849	19204	6318	20025	20083	17367	6899	18332	16364	16270
0:24:20	30.0	6655	18790	19314	6328	20047	20078	17372	6906	18206	16196	16313
0:24:25	30.0	6713	18870	19335	6265	20060	20037	17309	6990	18388	16341	16342
0:24:30	30.0	6637	18863	19378	6339	20081	20130	17373	6945	18316	16243	16463
0:24:35	30.0	6711	18990	19312	6318	20259	20027	17524	6945	18400	16287	16494
0:24:40	30.0	6575	19023	19487	6282	20345	19936	17684	6930	18418	16414	16486
0:24:45	30.0	6623	19165	19626	6338	20130	20011	17637	6863	18549	16334	16531
0:24:50	30.0	6632	19113	19554	6310	20158	20055	17673	6862	18508	16468	16531
0:24:55	30.0	6633	19160	19697	6241	20270	20164	17581	6939	18595	16587	16468
0:25:00	30.0	6658	19200	19850	6308	20123	20159	17605	6920	18490	16430	16486
0:25:05	30.0	6676	19212	19710	6281	20192	20335	17638	6948	18650	16463	16740
0:25:10	30.0	6607	19164	19852	6332	20266	20065	17715	6965	18691	16621	16634
0:25:15	30.0	6704	19504	19936	6235	20025	20241	17819	6975	18660	16661	16689
0:25:20	30.0	6737	19434	19800	6340	20224	20152	18005	7018	18690	16712	16646
0:25:25	30.0	6612	19411	19865	6344	20390	20119	17780	6924	18695	16718	16637
0:25:30	30.0	6647	19368	19805	6329	20146	20258	17968	6938	18821	16575	16757
0:25:35	30.0	6659	19498	19979	6310	20216	20013	17860	6965	18843	16609	16825
0:25:40	30.0	6662	19482	19987	6333	20224	20278	17992	6979	18968	16516	16754
0:25:45	30.0	6614	19704	20107	6336	20279	20180	17967	6999	18827	16822	16834
0:25:50	30.0	6674	19600	20373	6312	20309	20191	18134	6935	18939	16671	16748
0:25:55	30.0	6659	19715	20291	6273	20266	20266	18074	6971	19073	16810	16734
0:26:00	30.0	6694	19754	20271	6318	20320	20218	18040	7027	19078	16794	16986
0:26:05	30.0	6700	19609	20230	6311	20324	20165	18173	6997	19068	16998	16938
0:26:10	30.0	6689	19876	20517	6338	20377	20189	18079	6928	19049	16941	16912
0:26:15	30.0	6700	19850	20042	6340	20330	20298	18026	6969	19068	16975	16958
0:26:20	30.0	6667	19807	20341	6301	20256	20313	18084	6994	19257	16940	17197
0:26:25	30.0	6656	19938	20482	6339	20242	20412	18147	6970	19111	16862	17083
0:26:30	30.0	6704	19943	20583	6337	20427	20256	18105	6933	19158	17038	17220
0:26:35	30.0	6689	19942	20624	6344	20246	20400	18134	6951	19216	17100	17225
0:26:40	30.0	6707	20154	20545	6276	20269	20349	18239	7011	19328	16957	17180
0:26:45	30.0	6667	20054	20407	6275	20362	20322	18315	7020	19303	17161	17228
0:26:50	30.0	6707	19995	20741	6302	20480	20130	18270	6999	19300	17056	17118
0:26:55	30.0	6755	20040	20708	6354	20240	20435	18453	7008	19379	17294	17040
0:27:00	30.0	6711	20060	20760	6332	20285	20131	18317	6988	19475	17207	17344
0:27:05	30.0	6741	20219	20703	6404	20187	20331	18427	6976	19467	17209	17443
0:27:10	30.0	6729	20308	20608	6332	20370	20409	18322	7024	19498	17289	17297
0:27:15	30.0	6740	20286	20934	6333	20255	20326	18278	7002	19358	17301	17369
0:27:20	30.0	6697	20484	20797	6358	20318	20254	18438	7061	19480	17411	17286
0:27:25	30.0	6745	20613	20908	6337	20239	20255	18538	7006	19432	17520	17429
0:27:30	30.0	6674	20331	20808	6274	20327	20364	18507	7017	19487	17433	17458
0:27:35	30.0	6671	20493	20996	6421	20337	20379	18446	6941	19602	17484	17419
0:27:40	30.0	6692	20551	21096	6320	20278	20371	18456	7049	19661	17566	17595
0:27:45	30.0	6708	20605	21116	6357	20287	20206	18796	6929	19596	17482	17440
0:27:50	30.0	6707	20534	21216	6357	20399	20382	18681	7005	19649	17536	17574
0:27:55	30.0	6758	20666	21363	6358	20439	20354	18698	7044	19589	17498	17573
0:28:00	30.0	6695	20589	21345	6384	20517	20269	18623	7036	19638	17520	17631
0:28:05	30.0	6676	20715	21221	6334	20449	20222	18663	7047	19827	17424	17654
0:28:10	30.0	6768	20759	21455	6357	20385	20450	18679	7011	19716	17688	17664
0:28:15	30.0	6769	20835	21303	6326	20374	20363	18781	7049	19806	17551	17705
0:28:20	30.0	6751	20845	21449	6313	20368	20314	18895	7036	19636	17649	17796
0:28:25	30.0	6705	20852	21373	6355	20256	20405	18590	7032	19855	17742	17810
0:28:30	30.0	6699	20827	21516	6344	20328	20454	18720	7032	20028	17745	17722
0:28:35	30.0	6726	20919	21520	6362	20475	20431	18775	7057	19845	17606	17872
0:28:40	30.0	6686	20862	21503	6385	20178	20444	18741	7020	19966	17726	17969
0:28:45	30.0	6755	21135	21569	6397	20310	20422	18871	7064	20086	17703	18056
0:28:50	30.0	6778	21122	21664	6299	20285	20391	18897	6959	20021	17734	17844
0:28:55	30.0	6792	20985	21783	6409	20304	20421	18927	7053	20089	17820	18093
0:29:00	30.0	6779	21037	21712	6315	20544	20468	18899	7066	19974	17928	17976
0:29:05	30.0	6756	21136	21704	6358	20601	20388	18950	7057	20123	17711	18147
0:29:10	30.0	6710	21097	21846	6369	20465	20408	18846	7044	20072	18055	18005
0:29:15	30.0	6759	21314	21741	6362	20452	20421	18866	7049	20242	17991	18017
0:29:20	30.0	6791	21262	21910	6317	20466	20401	18866	7051	20308	17865	18183
0:29:25	30.0	6785	21051	21866	6333	20480	20411	19022	7062	20354	18040	17971
0:29:30	30.0	6733	21203	21968	6319	20500	20235	18918	7071	20315	18023	18165
0:29:35	30.0	6749	21140	22065	6346	20412	20523	19040	7071	20296	17967	18194
0:29:40	30.0	6717	21439	22030	6353	20423	20433	19031	7110	20372	18217	18228
0:29:45	30.0	6787	21434	22014	6329	20251	20486	19067	7138	20286	18037	18241
0:29:50	30.0	6660	21537	21944	6348	20474	20387	19111	7058	20276	18024	18217
0:29:55	30.0	6717	21468	22095	6342	20333	20522	18941	7020	20374	17981	18209
0:30:00	30.0	6763	21705	22311	6431	20381	20504	19066	7048	20580	18133	18298
0:30:05	30.0	6718	21883	22126	6346	20404	20391	19069	7117	20324	18282	18293
0:30:10	30.0	6804	21486	22193	6402	20544	20435	19073	7053	20329	18287	18250
0:30:15	30.0	6749	21638	22283	6418	20480	20440	19040	7105	20427	18119	18383
0:30:20	30.0	6779	21864	22106	6378	20543	20560	19060	7086	20515	18247	18318
0:30:25	30.0	6758	21697	22317	6432	20518	20304	19165	7093	20607	18348	18318
0:30:30	30.0	6752	21848	22217	6374	20612	20537	19307	7095	20490	18258	18324
0:30:35	30.0	6761	21825	22620	6375	20405	20514	19237	7115	20497	18445	18487
0:30:40	30.0	6795	21806	22164	6339	20270	20364	19207	7112	20498	18477	18358
0:30:45	30.0	6728	21911	22308	6421	20472	20454	19259	7157	20742	18429	18435
0:30:50	29.9	6744	21919	22451	6345	20417	20411	19206	7187	20764	18345	18397
0:30:55	30.0	6819	21922	22523	6367	20419	20508	19228	7023	20561	18601	18518
0:31:00	30.0	6854	21960	22434	6393	20425	20394	19233	7111	20724	18690	18493
0:31:05	30.0	6780	22097	22546	6376	20485	20392	19216	7110	20832	18535	18578
0:31:10	30.0	6776	22140	22636	6401	20491	20473	19272	7118	20803	18603	18842
0:31:15	30.0	6753	22033	22779	6413	20535	20654	19397	7108	20861	18793	18679
0:31:20	30.0	6723	22171	22722	6406	20529	20461	19260	7096	20816	18533	18773
0:31:25	30.0	6761	22195	22698	6371	20424	20436	19436	7091	20940	18646	18708
0:31:30	30.0	6806	21902	22737	6394	20507	20426	19196	7068	20836	18569	18874
0:31:35	30.0	6734	22183	22762	6455	20561	20476	19205	7147	20728	18654	18938
0:31:40	30.0	6737	22117	22691	6347	20418	20434	19351	7155	21110	18669	18877
0:31:45	30.0	6818	22203	22962	6384	20344	20307	19339	7147	21116	18815	19022
0:31:50	30.0	6789	22330	22870	6354	20373	20458	19261	7153	21109	18820	18875
0:31:55	30.0	6830	22170	22979	6398	20570	20417	19440	7178	20884	18803	19049
0:32:00	30.0	6830	22417	22944	6356	20491	20433	19443	7149	20935	18862	18884
0:32:05	30.0	6807	22548	22942	6420	20380	20310	19369	7126	20950	18814	18972
0:32:10	30.0	6737	22325	22750	6404	20400	20482	19593	7130	21053	19009	19029
0:32:15	30.0	6762	22406	23225	6433	20554	20554	19584	7158	21131	18737	19045
0:32:20	30.0	6798	22390	22767	6396	20495	20520	19353	7139	21172	18950	19024
0:32:25	30.0	6783	22288	23066	6382	20435	20554	19523	7139	21080	19010	19014
0:32:30	30.0	6810	22462	23086	6425	20509	20541	19596	7165	21056	18946	19141
0:32:35	30.0	6795	22673	23087	6415	20541	20471	19475	7112	21123	19129	19078
0:32:40	30.0	6799	22574	23207	6381	20592	20523	19477	7148	21126	18935	19226
0:32:45	30.0	6747	22499	23160	6424	20465	20442	19489	7200	21297	18876	19233
0:32:50	30.0	6811	22608	23194	6436	20774	20496	19564	7146	21435	19047	19204
0:32:55	30.0	6796	22664	23227	6391	20339	20511	19738	7139	21217	19025	19167
0:33:00	30.0	6817	22756	23285	6436	20454	20342	19670	7134	21246	19044	19377
0:33:05	30.0	6863	22638	23209	6468	20490	20444	19510	7129	21171	18924	19186
0:33:10	30.0	6818	22656	23319	6420	20454	20433	19551	7200	21399	19179	19403
0:33:15	30.0	6854	22710	23320	6421	20353	20406	19556	7223	21110	19257	19337
0:33:20	30.0	6829	22989	23461	6394	20500	20539	19543	7173	21420	19238	19424
0:33:25	30.0	6794	22753	23232	6429	20583	20525	19535	7143	21467	18993	19194
0:33:30	30.0	6800	22834	23427	6368	20475	20496	19459	7186	21279	19263	19300
0:33:35	30.0	6846	22894	23401	6438	20388	20518	19721	7135	21655	19343	19417
0:33:40	30.0	6855	23095	23357	6407	20475	20554	19615	7205	21373	19186	19326
0:33:45	30.0	6843	22855	23186	6428	20476	20347	19619	7186	21490	19454	19414
0:33:50	30.0	6859	22815	23394	6355	20555	20453	19639	7202	21597	19519	19465
0:33:55	30.0	6840	22834	23488	6499	20401	20461	19735	7189	21525	19199	19334
0:34:00	30.0	6853	23091	23400	6431	20530	20469	19584	7198	21505	19456	19407
0:34:05	30.0	6856	22964	23483	6399	20426	20422	19734	7188	21650	19501	19671
0:34:10	30.0	6812	23115	23374	6428	20343	20541	19690	7146	21679	19400	19474
0:34:15	30.0	6848	23104	23515	6355	20319	20365	19683	7249	21444	19544	19627
0:34:20	30.0	6795	22951	23491	6438	20562	20640	19800	7227	21548	19434	19505
0:34:25	30.0	6842	23017	23612	6417	20381	20462	19660	7189	21638	19444	19687
0:34:30	30.0	6875	23106	23513	6443	20467	20642	19707	7209	21751	19412	19794
0:34:35	30.0	6876	23154	23654	6430	20715	20396	19659	7148	21633	19520	19673
0:34:40	30.0	6824	23029	23687	6397	20536	20742	19692	7266	21737	19726	19663
0:34:45	30.0	6817	22992	23537	6435	20524	20543	19742	7164	21723	19708	19487
0:34:50	30.0	6784	23089	23427	6393	20302	20453	19725	7166	21778	19573	19654
0:34:55	30.0	6960	23253	23403	6476	20569	20577	19701	7259	21925	19659	19858
0:35:00	30.0	6787	23067	23479	6435	20359	20470	19858	7232	21997	19940	19713
0:35:05	30.0	6854	23135	23595	6405	20540	20431	19774	7193	21616	19517	19565
0:35:10	30.0	6890	23119	23548	6436	20703	20517	19843	7143	21920	19771	19892
0:35:15	30.0	6884	23259	23459	6440	20443	20570	19675	7155	21939	19830	19814
0:35:20	30.0	6893	23334	23694	6458	20559	20477	19725	7243	21912	19859	19855
0:35:25	30.0	6888	23183	23631	6469	20306	20437	19743	7256	21888	19872	19830
0:35:30	30.0	6832	23213	23530	6433	20355	20338	19781	7218	22109	19939	20008
0:35:35	30.0	6935	23223	23813	6459	20539	20446	19893	7225	22022	19880	19908
0:35:40	30.0	6892	23180	23437	6403	20585	20315	19875	7226	21955	19885	19950
0:35:45	30.0	6858	23260	23800	6445	20367	20498	19848	7201	22006	19870	20012
0:35:50	30.0	6829	23382	23392	6460	20458	20430	19869	7247	22120	19751	20181
0:35:55	30.0	6857	23222	23608	6449	20294	20613	19628	7196	22046	20069	19911
0:36:00	30.0	6880	23038	23628	6446	20483	20496	19912	7312	21988	20008	20082
0:36:05	30.0	6875	23381	23883	6411	20580	20449	19889	7229	22017	20042	20147
0:36:10	30.0	6906	23338	23449	6507	20377	20521	19989	7231	22089	19970	20132
0:36:15	30.0	6855	23187	23613	6472	20484	20668	19747	7251	22297	20105	20108
0:36:20	30.0	6904	23262	23372	6471	20445	20482	19808	7254	22059	20118	20176
0:36:25	30.0	6851	23321	23657	6500	20528	20508	19884	7182	22129	20029	20122
0:36:30	30.0	6853	23230	23753	6501	20473	20496	19793	7256	22109	20038	20251
0:36:35	30.0	6873	23155	23796	6515	20407	20459	19911	7264	22115	19948	20225
0:36:40	30.0	6833	23331	23627	6460	20521	20590	19926	7269	22359	19906	20199
0:36:45	30.0	6909	23246	23725	6471	20329	20507	19952	7276	22060	20151	20188
0:36:50	30.0	6835	23378	23550	6547	20334	20448	19796	7300	22291	20181	20424
0:36:55	30.0	6884	23295	23457	6389	20424	20493	19931	7270	22095	20223	20331
0:37:00	30.0	6888	23326	23656	6472	20505	20486	19931	7279	22214	20080	20280
0:37:05	30.0	6861	23246	23843	6455	20569	20452	19893	7312	22188	20178	20093
0:37:10	30.0	6871	23585	23787	6529	20285	20595	19726	7276	22242	20108	20409
0:37:15	30.0	6959	23475	23610	6434	20409	20410	19905	7280	22462	20393	20169
0:37:20	30.0	6865	23427	23704	6469	20409	20460	19960	7250	22269	20316	20470
0:37:25	30.0	6921	23386	23729	6522	20395	20654	19782	7333	22377	20369	20497
0:37:30	30.0	6966	23234	23766	6427	20328	20548	19722	7241	22313	20541	20389
0:37:35	30.0	6841	23348	23800	6459	20375	20580	19839	7324	22573	20327	20493
0:37:40	30.0	6929	23411	23641	6472	20580	20566	19973	7290	22509	20386	20497
0:37:45	30.0	6876	23172	23704	6455	20557	20569	20094	7268	22547	20470	20712
0:37:50	30.0	6909	23310	23618	6492	20600	20615	19787	7362	22157	20459	20413
0:37:55	30.0	6926	23244	23691	6447	20366	20553	19962	7296	22463	20450	20469
0:38:00	30.0	6860	23448	23661	6499	20446	20625	19806	7331	22351	20415	20553
0:38:05	30.0	6904	23444	23636	6482	20515	20469	19817	7337	22525	20529	20397
0:38:10	30.0	6903	23242	23837	6543	20487	20413	19964	7245	22443	20412	20443
0:38:15	30.0	6931	23389	23592	6483	20407	20339	19792	7332	22612	20578	20689
0:38:20	30.0	6905	23536	23598	6491	20620	20531	19971	7357	22522	20471	20636
0:38:25	30.0	6968	23421	23716	6516	20391	20380	19955	7277	22616	20420	20806
0:38:30	30.0	6906	23071	23679	6524	20428	20582	20042	7276	22578	20673	20774
0:38:35	30.0	6970	23357	23639	6477	20455	20625	19976	7358	22560	20683	20642
0:38:40	30.0	6892	23275	23782	6427	20566	20489	19933	7361	22601	20776	20792
0:38:45	30.0	6905	23283	23800	6489	20565	20531	19922	7334	22462	20501	20863
0:38:50	30.0	6997	23400	23639	6527	20496	20473	20014	7295	22502	20784	20773
0:38:55	30.0	6882	23364	23672	6486	20474	20523	19885	7349	22689	20688	20758
0:39:00	30.0	6955	23371	23545	6472	20483	20478	20112	7316	22771	20889	20931
0:39:05	30.0	6926	23161	23663	6421	20518	20425	20058	7350	22621	20902	20836
0:39:10	30.0	6917	23342	23806	6516	20376	20554	19819	7370	22523	20798	20920
0:39:15	30.0	6861	23358	23794	6564	20528	20597	20012	7349	22536	20681	20938
0:39:20	30.0	6957	23337	23841	6533	20378	20584	20006	7366	22659	20730	20843
0:39:25	30.0	6933	23318	23669	6500	20454	20381	20031	7232	22762	20726	20876
0:39:30	30.0	6837	23417	23730	6465	20356	20613	19884	7340	22687	20893	20917
0:39:35	30.0	6935	23557	23862	6548	20576	20417	20146	7314	22784	20861	20841
0:39:40	30.0	6931	23431	23801	6499	20449	20369	19993	7348	22669	20809	21169
0:39:45	30.0	6974	23356	23623	6474	20518	20543	20156	7413	22907	20841	20926
0:39:50	30.0	6923	23255	23798	6509	20488	20470	20085	7272	22816	20971	21127
0:39:55	30.0	6910	23370	23604	6551	20428	20333	19944	7424	22734	21078	20823
0:40:00	30.0	6893	23277	23528	6491	20362	20542	19900	7354	23004	20847	20995
0:40:05	30.0	6913	23215	23571	6525	20619	20542	19899	7412	22889	21035	20827
0:40:10	30.0	6942	23238	23533	6522	20492	20343	20231	7383	22855	20942	21027
0:40:15	30.0	6948	23402	23719	6536	20446	20503	20058	7339	22709	21016	21136
0:40:20	30.0	6972	23308	23653	6532	20286	20586	20180	7427	22835	20888	21181
0:40:25	30.0	6909	23270	23823	6566	20325	20488	20025	7399	23040	21314	20994
0:40:30	30.0	6958	23340	23621	6528	20295	20347	19921	7340	22914	21292	21230
0:40:35	30.0	6968	23320	23621	6515	20319	20491	20182	7372	22916	21136	21134
0:40:40	30.0	7024	23421	23725	6455	20453	20546	19961	7347	22894	21180	21025
0:40:45	30.0	6966	23326	23818	6516	20406	20393	20064	7438	23031	21049	21332
0:40:50	30.0	6975	23473	23764	6505	20345	20533	19965	7338	22850	21040	21168
0:40:55	30.0	6990	23554	23821	6508	20388	20430	20200	7393	22817	21109	21136
0:41:00	30.0	6927	23389	23777	6456	20536	20524	20098	7370	22798	21361	21256
0:41:05	30.0	6927	23189	23536	6544	20342	20576	20105	7387	23068	21197	21234
0:41:10	30.0	7001	23385	23751	6535	20549	20527	19970	7361	23052	21362	21305
0:41:15	30.0	6948	23491	23649	6512	20436	20547	20180	7286	22911	20967	21373
0:41:20	30.0	6969	23359	23639	6583	20548	20548	19919	7395	23168	21349	21157
0:41:25	30.0	6969	23454	23661	6525	20281	20467	20124	7364	22943	21114	21388
0:41:30	30.0	6992	23192	23684	6584	20397	20617	20176	7403	23112	21490	21143
0:41:35	30.0	7032	23295	23628	6560	20284	20630	20217	7364	23133	21484	21270
0:41:40	30.0	6974	23301	23811	6506	20308	20540	20120	7364	23178	21336	21402
0:41:45	30.0	6933	23336	23501	6625	20385	20273	20119	7441	23094	21239	21330
0:41:50	30.0	6951	23362	23788	6521	20412	20439	19932	7425	23042	21372	21419
0:41:55	30.0	6988	23266	23696	6510	20363	20407	20166	7404	22995	21415	21515
0:42:00	30.0	6938	23215	23508	6562	20340	20471	19924	7412	23156	21510	21313
0:42:05	30.0	7038	23522	23674	6584	20433	20431	19985	7387	23182	21297	21492
0:42:10	30.0	6973	23387	23768	6543	20554	20391	20069	7325	23003	21406	21343
0:42:15	30.0	7029	23197	23839	6556	20317	20460	20003	7359	23454	21462	21704
0:42:20	30.0	6976	23425	23755	6545	20398	20449	19879	7465	23090	21586	21432
0:42:25	30.0	6999	23286	23718	6582	20247	20657	20102	7439	23382	21548	21341
0:42:30	30.0	7010	23309	23400	6542	20523	20488	20005	7365	23297	21379	21380
0:42:35	30.0	6987	23246	23500	6573	20509	20571	20206	7400	23153	21603	21415
0:42:40	30.0	6926	23334	23792	6520	20459	20572	20186	7327	23252	21579	21568
0:42:45	30.0	7017	23302	23754	6598	20566	20584	20121	7507	23346	21575	21684
0:42:50	30.0	7008	23316	23626	6531	20436	20315	20177	7415	23485	21750	21518
0:42:55	30.0	6987	23253	23838	6618	20314	20582	20109	7475	23194	21682	21653
0:43:00	30.0	6995	23285	23859	6557	20378	20490	20108	7467	23059	21753	21689
0:43:05	30.0	7074	23188	23530	6599	20490	20430	20269	7412	23332	21666	21484
0:43:10	30.0	6950	23564	23587	6543	20467	20586	20170	7449	23222	21598	21733
0:43:15	30.0	7042	23292	23609	6554	20343	20478	20017	7458	23240	21587	21728
0:43:20	30.0	7011	23130	23561	6546	20258	20354	20034	7474	23338	21769	21658
0:43:25	30.0	7055	23298	23560	6578	20526	20522	20031	7493	23341	21730	21857
0:43:30	30.0	6956	23235	23616	6540	20473	20396	20120	7461	23420	21716	21896
0:43:35	30.0	6952	23370	23505	6526	20445	20621	19971	7459	23394	21731	21679
0:43:40	30.0	7017	23193	23371	6528	20709	20492	20108	7461	23547	21795	21540
0:43:45	30.0	7065	23340	23641	6568	20524	20443	20016	7530	23212	21744	21990
0:43:50	30.0	6987	23467	23834	6512	20590	20560	20085	7466	23539	21778	21684
0:43:55	30.0	6979	23282	23651	6612	20245	20503	20074	7517	23316	21794	21930
0:44:00	30.0	7072	23275	23719	6620	20315	20383	19981	7488	23585	21820	21920
0:44:05	30.0	6970	23326	23793	6620	20460	20420	20015	7486	23427	21750	21941
0:44:10	30.0	7035	23263	23797	6499	20509	20499	19978	7424	23328	21698	22000
0:44:15	30.0	7007	23519	23621	6557	20547	20400	20214	7381	23398	21893	21756
0:44:20	30.0	7055	23367	23704	6582	20489	20691	20035	7410	23240	21951	21957
0:44:25	30.0	7025	23386	23868	6609	20535	20494	19971	7407	23322	22078	21987
0:44:30	30.0	7019	23303	23777	6645	20551	20452	20129	7511	23493	21861	22007
0:44:35	30.0	7056	23416	23752	6566	20497	20322	20157	7489	23656	21975	22016
0:44:40	30.0	7040	23181	23674	6651	20482	20514	20039	7501	23608	21935	22098
0:44:45	30.0	7018	23104	23628	6598	20590	20411	20198	7528	23557	22076	21849
0:44:50	30.0	7066	23324	23705	6573	20557	20528	20203	7455	23294	21859	22008
0:44:55	30.0	7009	23282	23955	6599	20544	20450	19902	7454	23427	21755	21860
0:45:00	30.0	7056	23299	23648	6588	20265	20574	20227	7429	23530	21816	22010
0:45:05	30.0	7018	23265	23600	6510	20541	20281	20084	7447	23529	22121	21944
0:45:10	30.0	7090	23338	23726	6529	20505	20374	20084	7514	23618	21903	21982
0:45:15	30.0	7071	23259	23721	6539	20420	20338	20127	7490	23508	21991	22006
0:45:20	30.0	7055	23092	23631	6585	20312	20358	20016	7420	23603	22070	22035
0:45:25	30.0	7060	23188	23511	6616	20264	20343	19979	7494	23451	22001	22070
0:45:30	30.0	6987	23385	23782	6595	20626	20442	20142	7476	23650	21968	22334
0:45:35	30.0	7035	23290	23725	6606	20513	20631	20003	7537	23580	21991	22037
0:45:40	30.0	7068	23168	23731	6555	20540	20488	20004	7483	23483	22291	22126
0:45:45	30.0	7085	23186	23729	6550	20462	20461	19994	7563	23553	22131	22060
0:45:50	30.0	7018	23212	23699	6529	20463	20504	20031	7527	23647	22212	22206
0:45:55	30.0	7069	23313	23794	6522	20412	20500	19877	7473	23343	22145	22006
0:46:00	30.0	7073	23386	23638	6615	20445	20446	20083	7523	23656	21906	22219
0:46:05	30.0	6994	23306	23426	6584	20472	20404	20167	7522	23586	22196	22262
0:46:10	30.0	7055	23422	23823	6578	20214	20426	20083	7469	23525	22194	22100
0:46:15	30.0	7098	23218	23676	6574	20430	20465	20148	7503	23483	22153	22393
0:46:20	30.0	7124	23112	23936	6610	20539	20456	20182	7593	23762	22288	22086
0:46:25	30.0	7084	23213	23616	6653	20543	20406	19941	7597	23722	22197	22280
0:46:30	30.0	6991	23099	23728	6649	20464	20425	20162	7444	23842	22161	22301
0:46:35	30.0	7033	23539	23818	6617	20168	20439	20125	7548	23651	22205	22308
0:46:40	30.0	7054	23317	23786	6609	20594	20529	20008	7528	23840	22184	22245
0:46:45	30.0	7058	23480	23648	6569	20312	20549	20250	7494	23806	22222	22224
0:46:50	30.0	7090	23282	23608	6594	20421	20501	20083	7531	23624	22114	22162
0:46:55	30.0	7070	23483	23503	6584	20415	20529	19964	7526	23836	22354	22432
0:47:00	30.0	7138	23356	23837	6631	20363	20438	20004	7524	23505	22362	22365
0:47:05	30.0	7109	23550	23624	6640	20494	20395	20140	7534	23570	22342	22189
0:47:10	30.0	7057	23339	23930	6659	20490	20351	20278	7528	23913	22290	22415
0:47:15	30.0	7124	23286	23516	6632	20480	20515	20055	7574	23695	22495	22368
0:47:20	30.0	7072	23415	23522	6608	20327	20513	20186	7489	23537	22449	22419
0:47:25	30.0	7115	23367	23744	6603	20499	20395	20250	7575	23768	22407	22249
0:47:30	30.0	7098	23392	23804	6706	20493	20476	19913	7603	23905	22496	22344
0:47:35	30.0	7070	23150	23574	6620	20426	20427	20253	7568	23856	22298	22439
0:47:40	30.0	7062	23308	23458	6677	20476	20433	19974	7614	23604	22475	22400
0:47:45	30.0	7054	23301	23638	6643	20366	20259	20115	7528	23700	22370	22615
0:47:50	30.0	7118	23356	23763	6678	20263	20461	19971	7613	23668	22664	22542
0:47:55	30.0	7099	23281	23880	6573	20493	20500	20191	7571	23819	22629	22403
0:48:00	30.0	7110	23186	23805	6622	20552	20498	20171	7582	23787	22639	22297
0:48:05	30.0	7150	23452	23556	6618	20421	20456	20285	7522	23889	22577	22499
0:48:10	30.0	7085	23267	23615	6624	20515	20476	20190	7562	23621	22474	22660
0:48:15	30.0	7123	23405	23671	6629	20449	20568	20166	7561	23817	22653	22517
0:48:20	30.0	7137	23200	23644	6686	20466	20386	20203	7535	23634	22727	22376
0:48:25	30.0	7078	23270	23475	6672	20201	20408	20088	7583	23670	22552	22624
0:48:30	30.0	7120	23496	23581	6591	20402	20538	20031	7540	23596	22458	22539
0:48:35	30.0	7054	23385	23636	6688	20294	20473	20069	7534	23762	22756	22707
0:48:40	30.0	7153	23349	23617	6650	20337	20372	20084	7536	23870	22647	22623
0:48:45	30.0	7128	23154	23482	6631	20324	20526	20136	7584	23736	22545	22735
0:48:50	30.0	7179	23022	23542	6619	20664	20498	20040	7589	23696	22511	22612
0:48:55	30.0	7082	23223	23644	6695	20627	20357	20031	7632	23768	22479	22428
0:49:00	30.0	7064	23236	23598	6636	20562	20412	19945	7688	23849	22755	22659
0:49:05	30.0	7129	23385	23853	6672	20494	20427	20235	7552	23739	22527	22470
0:49:10	30.0	7095	23293	23566	6691	20397	20380	20106	7601	23731	22759	22585
0:49:15	30.0	7061	23306	23724	6603	20542	20550	20032	7637	23997	22580	22446
0:49:20	30.0	7040	23268	23554	6646	20347	20328	20220	7627	23913	22788	22975
0:49:25	30.0	7218	23320	23686	6658	20379	20406	20022	7663	23867	22708	22784
0:49:30	30.0	7120	23302	23473	6616	20480	20628	20164	7619	23926	22943	22650
0:49:35	30.0	7131	23223	23616	6704	20248	20518	20150	7665	23742	22623	22688
0:49:40	30.0	7091	23389	23755	6681	20417	20259	20045	7590	23752	22769	22820
0:49:45	30.0	7106	23398	23873	6614	20467	20214	20026	7602	23867	22786	22648
0:49:50	30.0	7112	23148	23649	6621	20562	20408	20145	7658	24025	22647	22532
0:49:55	30.0	7203	23223	23667	6672	20572	20554	20001	7669	23952	22674	22697
0:50:00	30.0	7135	23171	23675	6676	20499	20603	20120	7668	23794	22843	22706
0:50:05	30.0	7168	23382	23552	6677	20479	20415	20183	7687	23931	22980	22811
0:50:10	30.0	7119	23209	23702	6687	20572	20463	19963	7624	23787	22852	22677
0:50:15	30.0	7147	23064	23852	6639	20270	20346	20121	7573	23953	22974	22754
0:50:20	30.0	7129	23252	23616	6717	20432	20330	19975	7659	23882	22910	22737
0:50:25	30.0	7170	23085	23565	6671	20430	20249	19995	7634	23887	22829	22781
0:50:30	30.0	7149	23162	23710	6678	20244	20509	20161	7669	23964	22857	22814
0:50:35	30.0	7169	23369	23505	6714	20485	20371	20151	7733	23978	22838	22993
0:50:40	30.0	7107	23287	23584	6678	20284	20359	20052	7622	23788	22952	22547
0:50:45	30.0	7190	23195	23650	6668	20435	20423	20001	7651	23858	22820	22762
0:50:50	30.0	7175	23363	23459	6642	20451	20312	20023	7690	24017	22924	22849
0:50:55	30.0	7120	23325	23495	6671	20396	20315	20012	7643	24005	22987	23036
0:51:00	30.0	7142	23244	23673	6675	20446	20552	20273	7605	23951	22878	22889
0:51:05	30.0	7197	23188	23838	6659	20347	20407	20000	7659	23843	23028	22778
0:51:10	30.0	7139	23185	23765	6645	20465	20438	20062	7739	24069	23009	22734
0:51:15	30.0	7201	23207	23732	6717	20608	20378	20160	7652	23928	22927	22950
0:51:20	30.0	7206	23121	23843	6661	20291	20389	19943	7690	24099	22953	22926
0:51:25	30.0	7182	23349	23635	6672	20623	20385	19973	7692	23983	22946	23002
0:51:30	30.0	7174	23372	23699	6664	20275	20428	20218	7709	24048	22994	22888
0:51:35	30.0	7225	23468	23640	6724	20332	20436	20284	7614	23911	23074	22893
0:51:40	30.0	7157	23293	23722	6674	20424	20513	19954	7691	24010	23081	22900
0:51:45	30.0	7136	23154	23684	6704	20458	20359	19890	7678	23954	23011	23053
0:51:50	30.0	7171	23216	23746	6698	20336	20489	19994	7729	23994	22896	22758
0:51:55	30.0	7185	23338	23591	6741	20397	20506	20189	7653	23867	22829	22910
0:52:00	30.0	7118	23343	23730	6602	20504	20395	20030	7670	24060	23067	22993
0:52:05	30.0	7086	23373	23788	6767	20471	20419	20182	7671	24210	23031	22846
0:52:10	30.0	7224	23289	23738	6671	20541	20411	20056	7721	24005	23060	22913
0:52:15	30.0	7216	23378	23652	6684	20466	20354	20074	7686	24193	23186	22954
0:52:20	30.0	7106	23172	23721	6683	20332	20294	19946	7701	24027	22956	22955
0:52:25	30.0	7283	23201	23737	6735	20472	20396	20206	7758	24065	22945	22944
0:52:30	30.0	7165	23341	23730	6697	20535	20362	19990	7721	24025	23170	23030
0:52:35	30.0	7122	23257	23622	6698	20433	20338	20050	7711	24181	23348	23070
0:52:40	30.0	7185	23217	23575	6657	20534	20376	20197	7741	24125	23057	23046
0:52:45	30.0	7224	23222	23461	6672	20488	20426	20331	7742	23979	23026	23022
0:52:50	30.0	7238	23213	23782	6720	20514	20580	20118	7723	24070	23200	23059
0:52:55	30.0	7195	23410	23493	6729	20404	20439	20167	7714	24373	23214	23180
0:53:00	30.0	7182	23389	23762	6706	20334	20222	20076	7728	24224	23192	23043
0:53:05	30.0	7214	23301	23523	6636	20534	20222	20019	7713	24125	23351	22954
0:53:10	30.0	7199	23473	23609	6704	20466	20513	20113	7791	24396	23379	23093
0:53:15	30.0	7206	23369	23681	6666	20362	20441	20197	7776	23892	23336	23117
0:53:20	30.0	7238	23352	23709	6727	20259	20480	20024	7719	23911	23042	23139
0:53:25	30.0	7157	23306	23692	6671	20226	20539	20137	7731	24137	23221	23135
0:53:30	30.0	7213	23389	23650	6715	20322	20547	20106	7695	24076	23254	23020
0:53:35	30.0	7160	23213	23651	6752	20306	20547	20281	7798	24104	23315	23083
0:53:40	30.0	7173	23278	23671	6698	20410	20455	19988	7735	24142	23362	22978
0:53:45	30.0	7223	23267	23899	6733	20276	20395	20055	7734	24132	23162	23107
0:53:50	30.0	7267	23360	23794	6724	20402	20516	20065	7674	24113	23540	23267
0:53:55	30.0	7212	23275	23608	6741	20568	20460	20346	7723	24002	23341	23143
0:54:00	30.0	7180	23241	23734	6726	20391	20197	20205	7720	24243	23351	23146
0:54:05	30.0	7196	23185	23742	6716	20463	20260	20052	7777	24153	23222	23329
0:54:10	30.0	7234	23213	23813	6678	20342	20399	20108	7729	24136	23414	23040
0:54:15	30.0	7206	23338	23676	6745	20457	20595	20139	7833	24161	23310	23264
0:54:20	30.0	7272	23187	23795	6697	20376	20362	19896	7761	24205	23316	23126
0:54:25	30.0	7190	23276	23714	6696	20415	20451	20204	7800	24178	23235	23190
0:54:30	30.0	7217	23485	23830	6730	20550	20483	20298	7739	24309	23438	23321
0:54:35	30.0	7223	23319	23769	6714	20525	20409	20233	7844	24214	23244	23204
0:54:40	30.0	7284	23334	23763	6703	20281	20308	20192	7817	24263	23255	23389
0:54:45	30.0	7183	23191	23710	6731	20468	20430	20174	7796	24097	23318	23295
0:54:50	30.0	7193	23240	23523	6752	20507	20344	20034	7730	24049	23346	23224
0:54:55	30.0	7183	23335	23870	6737	20470	20509	20247	7756	24104	23572	23337
0:55:00	30.0	7219	23377	23556	6724	20348	20361	20019	7817	24200	23345	23318
0:55:05	30.0	7240	23181	23622	6692	20452	20281	20148	7752	24142	23342	23284
0:55:10	30.0	7272	23392	23640	6715	20538	20527	20168	7826	24203	23338	23140
0:55:15	30.0	7231	23297	23722	6719	20286	20714	19937	7791	24141	23292	23366
0:55:20	30.0	7252	23298	23642	6684	20517	20404	20162	7849	24218	23539	23142
0:55:25	30.0	7258	23175	23594	6742	20424	20539	20225	7772	24054	23442	23310
0:55:30	30.0	7236	23261	23476	6799	20318	20361	20013	7779	24085	23506	23199
0:55:35	30.0	7272	23296	23645	6740	20313	20482	20046	7833	24201	23370	23306
0:55:40	30.0	7298	23325	23518	6787	20513	20426	20132	7839	24036	23539	23463
0:55:45	30.0	7229	23218	23696	6766	20274	20549	20192	7753	24191	23402	23193
0:55:50	30.0	7295	23291	23504	6727	20377	20458	20280	7805	24430	23742	23418
0:55:55	30.0	7232	23261	23742	6806	20463	20484	20259	7790	24106	23459	23324
0:56:00	30.0	7318	23245	23645	6765	20426	20310	20207	7856	23946	23368	23396
0:56:05	30.0	7252	23323	23858	6697	20485	20276	19998	7872	24192	23484	23503
0:56:10	30.0	7232	23329	23940	6756	20473	20654	20024	7813	24030	23611	23301
0:56:15	30.0	7253	23064	23707	6719	20358	20560	20075	7799	24120	23310	23333
0:56:20	30.0	7180	23352	23776	6702	20504	20302	20182	7847	24050	23460	23559
0:56:25	30.0	7305	23155	23774	6745	20408	20462	19993	7898	24387	23581	23259
0:56:30	30.0	7222	23321	23595	6744	20569	20462	20231	7803	24313	23463	23470
0:56:35	30.0	7274	23209	23608	6677	20491	20508	20022	7782	24163	23500	23548
0:56:40	30.0	7280	23336	23716	6804	20306	20369	19969	7843	24173	23452	23457
0:56:45	30.0	7231	23361	23925	6771	20392	20288	20090	7768	24468	23549	23294
0:56:50	30.0	7255	23405	23546	6755	20449	20302	20174	7802	24177	23372	23248
0:56:55	30.0	7297	23126	23764	6824	20586	20476	20242	7797	24383	23642	23440
0:57:00	30.0	7263	23344	23661	6786	20404	20439	20197	7837	24209	23664	23263
0:57:05	30.0	7221	23266	23712	6741	20429	20389	20054	7820	24238	23566	23484
0:57:10	30.0	7230	23259	23467	6738	20324	20415	20225	7858	24323	23484	23254
0:57:15	30.0	7329	23196	23713	6768	20298	20519	20160	7858	24456	23589	23265
0:57:20	30.0	7294	23329	23646	6758	20353	20456	19995	7889	23951	23511	23293
0:57:25	30.0	7276	23356	23796	6768	20408	20486	20145	7851	24362	23602	23331
0:57:30	30.0	7250	23219	23547	6732	20386	20338	20177	7843	24362	23426	23290
0:57:35	30.0	7219	23420	23426	6752	20339	20407	20112	7859	24235	23717	23386
0:57:40	30.0	7269	23319	23512	6825	20551	20268	20123	7883	24344	23608	23496
0:57:45	30.0	7273	23290	23643	6823	20457	20341	19972	7877	24517	23539	23701
0:57:50	30.0	7225	23118	23498	6779	20413	20380	20070	7882	24381	23707	23459
0:57:55	30.0	7301	23054	23492	6709	20464	20380	20126	7867	24043	23726	23485
0:58:00	30.0	7235	23449	23668	6746	20618	20390	20144	7843	24272	23692	23524
0:58:05	30.0	7258	23340	23535	6826	20300	20341	20066	7837	24328	23593	23467
0:58:10	30.0	7324	23285	23513	6699	20488	20364	20138	7902	24166	23665	23466
0:58:15	30.0	7330	23298	23924	6814	20350	20346	20186	7853	24288	23429	23528
0:58:20	30.0	7279	23174	23607	6786	20254	20436	20093	7893	24108	23673	23454
0:58:25	30.0	7359	23164	23465	6794	20270	20378	20126	7883	24469	23541	23491
0:58:30	30.0	7346	23283	23421	6723	20485	20550	20104	7884	24223	23699	23479
0:58:35	30.0	7347	23134	23623	6767	20335	20440	20112	7911	24393	23607	23532
0:58:40	30.0	7337	23420	23407	6775	20266	20471	20137	7894	24022	23572	23705
0:58:45	30.0	7313	23286	23644	6863	20519	20395	20190	7926	24121	23630	23342
0:58:50	30.0	7236	23478	23829	6731	20430	20394	20229	7911	24350	23666	23587
0:58:55	30.0	7244	23360	23792	6775	20510	20441	20056	7940	24061	23804	23591
0:59:00	30.0	7296	23236	23597	6762	20267	20268	20257	7844	24271	23645	23425
0:59:05	30.0	7374	23327	23713	6873	20439	20303	20132	7854	24050	23928	23574
0:59:10	30.0	7326	23282	23673	6783	20289	20275	20170	7873	24157	23765	23331
0:59:15	30.0	7270	23154	23587	6814	20510	20442	20015	7908	24367	23618	23641
0:59:20	30.0	7299	23077	23762	6747	20472	20336	20159	7984	24195	23564	23579
0:59:25	30.0	7271	23148	23489	6800	20314	20306	20080	7881	24333	23757	23600
0:59:30	30.0	7291	23244	23754	6793	20355	20305	20168	7895	24118	23849	23624
0:59:35	30.0	7310	23114	23638	6842	20208	20505	20139	7891	24244	23740	23657
0:59:40	30.0	7378	23205	23453	6840	20320	20244	20061	7856	24275	23895	23597
0:59:45	30.0	7333	23406	23756	6796	20426	20405	20212	7890	24274	23791	23598
0:59:50	30.0	7359	23256	23589	6871	20418	20352	20085	7886	24364	23863	23693
0:59:55	30.0	7297	23404	23638	6783	20482	20391	20016	7999	24302	23823	23422
1:00:00	30.0	7327	23378	23636	6800	20460	20519	20029	7988	24390	23898	23696
1:00:05	30.0	7354	23192	23708	6777	20454	20381	20169	7886	24328	23768	23440
1:00:10	30.0	7344	23188	23468	6822	20284	20373	20086	7897	24473	23933	23603
1:00:15	30.0	7275	23188	23503	6816	20336	20169	20146	7877	24377	23559	23388
1:00:20	30.0	7290	23192	23560	6784	20399	20395	19818	7902	24278	23805	23510
1:00:25	30.0	7360	23306	23319	6870	20145	20241	20291	7924	24378	23608	23744
1:00:30	30.0	7303	23112	23582	6879	20212	20484	20225	7959	24165	23734	23526
1:00:35	30.0	7312	23140	23703	6793	20457	20397	20031	7888	24123	23626	23619
1:00:40	30.0	7322	23335	23651	6772	20371	20418	20252	7978	24341	23787	23421
1:00:45	30.0	7254	23114	23666	6764	20342	20364	20095	7973	24236	23776	23638
1:00:50	30.0	7308	23428	23699	6790	20394	20285	20087	7917	24137	23626	23510
1:00:55	30.0	7304	23167	23538	6824	20191	20353	19947	7905	24109	23683	23637
1:01:00	30.0	7342	23079	23374	6821	20272	20422	19889	7887	24115	23647	23532
1:01:05	30.0	7335	23495	23624	6787	20187	20551	20127	7979	24357	23750	23513
1:01:10	30.0	7325	23182	23311	6838	20468	20443	19990	8015	24306	23777	23500
1:01:15	30.0	7366	23181	23908	6851	20259	20251	20057	7899	24314	23894	23653
1:01:20	30.0	7332	23082	23634	6846	20410	20280	20122	7917	24189	23821	23814
1:01:25	30.0	7285	23286	23459	6836	20353	20353	20067	7900	24274	23943	23826
1:01:30	30.0	7410	23483	23562	6823	20419	20272	20045	7912	24187	23648	23400
1:01:35	30.0	7372	23146	23699	6777	20260	20133	19870	7981	24263	23892	23547
1:01:40	30.0	7348	23306	23516	6803	20278	20426	19999	7943	24350	24047	23597
1:01:45	30.0	7356	23273	23581	6777	20513	20544	20040	8010	24158	23931	23513
1:01:50	30.0	7371	23161	23660	6824	20402	20224	19992	7978	24434	23846	23768
1:01:55	30.0	7386	23097	23732	6809	20416	20495	20151	7879	24376	23887	23591
1:02:00	30.0	7380	23250	23749	6823	20384	20450	20124	7944	24151	23986	23786
1:02:05	30.0	7383	23257	23742	6835	20430	20653	20041	8032	24320	23825	23789
1:02:10	30.0	7342	23290	23407	6825	20350	20300	19960	7965	24307	23795	23863
1:02:15	30.0	7354	23412	23544	6846	20326	20352	20141	7970	24412	23681	23775
1:02:20	30.0	7389	23156	23344	6842	20276	20344	20017	7953	24231	24027	23772
1:02:25	30.0	7420	23149	23503	6855	20324	20328	19994	8004	24369	23811	23711
1:02:30	30.0	7312	23410	23555	6818	20273	20399	20040	8040	24093	23973	23691
1:02:35	30.0	7353	23299	23526	6840	20398	20325	20011	7968	24234	24045	23853
1:02:40	30.0	7303	23173	23693	6848	20227	20374	19952	8009	24563	23861	23564
1:02:45	30.0	7399	23249	23615	6864	20409	20460	19995	7992	24362	24093	23696
1:02:50	30.0	7383	23329	23790	6819	20363	20453	19977	7995	24409	23792	23688
1:02:55	30.0	7380	23104	23592	6799	20408	20255	20060	7960	24251	23808	23858
1:03:00	30.0	7389	23262	23588	6813	20385	20245	19889	8035	24286	23874	23884
1:03:05	30.0	7445	23307	23582	6908	20268	20391	19910	8025	24472	23814	23726
1:03:10	30.0	7455	23128	23491	6891	20026	20387	19923	7988	24523	24125	23639
1:03:15	30.0	7463	23136	23720	6858	20327	20113	20204	8020	24428	23978	23703
1:03:20	30.0	7371	23237	23604	6833	20328	20418	20248	8004	24362	23992	23688
1:03:25	30.0	7386	23401	23764	6801	20469	20311	19923	8094	24230	23898	23690
1:03:30	30.0	7432	23224	23566	6846	20484	20317	20126	8022	24229	23912	23751
1:03:35	30.0	7426	23190	23751	6850	20189	20229	20164	7976	24344	23892	23602
1:03:40	30.0	7438	23256	23637	6831	20352	20206	20065	8038	24295	23815	24027
1:03:45	30.0	7423	23409	23888	6849	20384	20197	20126	8014	24268	24022	23848
1:03:50	30.0	7408	23166	23618	6836	20267	20392	20156	7982	24491	24078	23729
1:03:55	30.0	7401	23098	23675	6866	20417	20442	20141	8026	24309	23973	23697
1:04:00	30.0	7434	23143	23708	6936	20572	20392	20164	7992	24196	23975	23581
1:04:05	30.0	7416	23233	23414	6922	20189	20231	20028	8099	24268	24135	23770
1:04:10	30.0	7459	23412	23516	6861	20265	20466	20150	7999	24345	24006	23955
1:04:15	30.0	7418	23453	23348	6868	20260	20344	19801	8033	24244	24152	23725
1:04:20	30.0	7459	23398	23348	6882	20487	20299	20057	8033	24405	23952	23685
1:04:25	30.0	7446	23205	23435	6909	20408	20305	20119	8082	24428	23961	23688
1:04:30	30.0	7379	23116	23615	6814	20366	20204	20093	8017	24278	23853	23777
1:04:35	30.0	7435	23426	23630	6882	20365	20484	20213	8014	24235	24128	23732
1:04:40	30.0	7389	23211	23640	6924	20366	20334	20026	8075	24270	24078	23801
1:04:45	30.0	7403	22997	23732	6913	20441	20309	19888	8080	24360	24135	23798
1:04:50	30.0	7507	23097	23433	6959	20350	20363	20207	8065	24183	24068	23916
1:04:55	30.0	7476	23315	23702	6832	20259	20252	20026	7949	24316	23838	23756
1:05:00	30.0	7490	23407	23699	6895	20344	20390	20174	7979	24228	24237	23726
1:05:05	30.0	7401	23110	23802	6840	20513	20438	19976	8005	24367	24066	23653
1:05:10	30.0	7430	23054	23759	6897	20297	20365	20026	8079	24268	23911	23695
1:05:15	30.0	7452	23237	23743	6885	20163	20409	20146	8046	24279	24004	23757
1:05:20	30.0	7433	23353	23375	6896	20519	20263	20107	8063	24498	23742	23587
1:05:25	30.0	7461	23356	23600	6900	20326	20367	20152	8084	24355	23907	23886
1:05:30	30.0	7502	23224	23566	6824	20433	20326	20012	7985	24536	23943	23880
1:05:35	30.0	7466	23195	23518	6937	20464	20246	20010	8091	24321	24093	23760
1:05:40	30.0	7478	23263	23480	6938	20258	20213	20172	8042	24132	24035	23904
1:05:45	30.0	7469	23288	23469	6881	20494	20363	20179	8064	24363	24267	23896
1:05:50	30.0	7483	23206	23811	6914	20338	20398	20119	8078	24186	24204	23843
1:05:55	30.0	7478	23108	23643	6865	20498	20248	20135	8079	24407	24289	24021
1:06:00	30.0	7443	23382	23559	6889	20280	20429	20033	8159	24336	24155	23792
1:06:05	30.0	7440	22931	23616	6856	20234	20218	20021	8072	24333	24019	23705
1:06:10	30.0	7493	23004	23419	6961	20236	20269	20098	8063	24471	24042	23969
1:06:15	30.0	7460	23087	23583	6938	20305	20275	20126	8084	24503	24138	24021
1:06:20	30.0	7454	23292	23695	6963	20481	20249	20183	8155	24504	24107	23773
1:06:25	30.0	7446	23221	23425	6932	20331	20176	20017	8003	24416	24213	23770
1:06:30	30.0	7497	23215	23431	6926	20328	20276	20131	8073	24323	24042	24041
1:06:35	30.0	7458	23323	23498	6943	20524	20414	20277	8141	24424	23898	24114
1:06:40	30.0	7476	23157	23470	6876	20455	20395	20201	8077	24384	23865	24067
1:06:45	30.0	7513	23179	23516	6896	20282	20187	20082	8092	24535	24083	24026
1:06:50	30.0	7517	22953	23473	6933	20467	20426	20020	8076	24303	24065	23978
1:06:55	30.0	7481	23228	23526	6832	20414	20268	20149	8101	24271	23915	23908
1:07:00	30.0	7457	23288	23679	6892	20259	20440	20105	8147	24163	23933	23722
1:07:05	30.0	7399	23153	23524	6876	20284	20503	20062	8139	24373	24053	23791
1:07:10	30.0	7428	23077	23551	6886	20451	20193	20113	8110	24317	24160	23946
1:07:15	30.0	7458	23112	23624	6881	20518	20427	20102	8176	24448	24104	23878
1:07:20	30.0	7496	23290	23551	6912	20235	20361	19929	8126	24381	24281	23945
1:07:25	30.0	7491	23115	23715	6846	20184	20239	19958	8168	24464	24061	23928
1:07:30	30.0	7501	23222	23595	6894	20438	20390	19952	8171	24381	24015	24057
1:07:35	30.0	7458	23161	23591	6886	20350	20203	20020	8158	24424	24065	24047
1:07:40	30.0	7400	23154	23537	6912	20426	20456	19995	8077	24399	24255	23856
1:07:45	30.0	7522	23224	23717	6945	20433	20524	20029	8145	24449	24100	23894
1:07:50	30.0	7400	23307	23667	6982	20337	20399	20031	8140	24387	23971	23775
1:07:55	30.0	7438	23172	23526	7004	20227	20291	19895	8099	24453	24223	23884
1:08:00	30.0	7464	23242	23531	6920	20307	20505	19978	8221	24438	24265	23800
1:08:05	30.0	7472	23246	23497	6912	20223	20285	20256	8108	24295	24202	23866
1:08:10	30.0	7608	23378	23503	6861	20348	20390	20131	8115	24522	24273	23894
1:08:15	30.0	7497	23251	23486	6998	20331	20354	20053	8129	24289	24149	23653
1:08:20	30.0	7502	23278	23698	6932	20446	20478	20053	8210	24525	24332	23949
1:08:25	30.0	7467	23283	23659	6923	20259	20220	20090	8224	24298	24294	23767
1:08:30	30.0	7456	22931	23657	6952	20618	20278	19938	8129	24322	24053	23800
1:08:35	30.0	7479	23155	23687	6918	20228	20168	20038	8120	24360	24162	23787
1:08:40	30.0	7462	23375	23541	6906	20382	20226	19911	8179	24451	24139	23857
1:08:45	30.0	7491	23208	23554	6953	20448	20225	20047	8138	24502	24014	23854
1:08:50	30.0	7503	23232	23734	6950	20225	20313	20045	8115	24333	24042	23873
1:08:55	30.0	7556	23251	23394	6910	20429	20376	19949	8171	24319	24128	23811
1:09:00	30.0	7460	23287	23606	7029	20376	20529	20134	8182	24405	24165	23731
1:09:05	30.0	7523	23295	23501	6947	20285	20401	20081	8115	24420	24254	23708
1:09:10	30.0	7510	23160	23598	6921	20100	20244	20027	8213	24418	23877	23930
1:09:15	30.0	7441	23205	23635	6927	20087	20320	19870	8229	24392	24057	24060
1:09:20	30.0	7485	23438	23626	6992	20346	20294	19950	8168	24220	24088	23859
1:09:25	30.0	7437	23275	23306	6954	20378	20349	20140	8150	24313	24229	23759
1:09:30	30.0	7477	23210	23576	6920	20443	20197	19973	8189	24573	24137	23859
1:09:35	30.0	7502	23266	23567	6921	20374	20410	20113	8167	24495	24241	23807
1:09:40	30.0	7524	23146	23611	6901	20477	20276	20149	8206	24415	24191	23942
1:09:45	30.0	7550	23158	23649	6933	20344	20380	20016	8199	24226	24113	24111
1:09:50	30.0	7500	23301	23610	6965	20221	20386	19943	8150	24376	24037	23678
1:09:55	30.0	7495	23348	23449	7009	20396	20336	20218	8183	24406	24064	23897
1:10:00	30.0	7498	23140	23506	6964	20472	20264	20019	8199	24568	24234	23934
1:10:05	30.0	7471	23228	23719	6921	20395	20489	20078	8182	24468	24372	23909
1:10:10	30.0	7565	22980	23428	6903	20371	20312	20035	8174	24469	24085	23912
1:10:15	30.0	7548	23236	23569	6936	20225	20479	20010	8246	24282	24000	23938
1:10:20	30.0	7555	23310	23516	6955	20161	20192	20182	8212	24396	24227	23882
1:10:25	30.0	7543	23229	23659	6939	20328	20386	20179	8202	24432	24249	23940
1:10:30	30.0	7520	23209	23461	6950	20218	20433	19954	8254	24519	24160	23851
1:10:35	30.0	7539	23058	23430	6960	20462	20328	20031	8155	24620	24107	24008
1:10:40	30.0	7532	23103	23522	6992	20350	20267	19855	8214	24267	24193	23900
1:10:45	30.0	7565	23108	23617	6966	20311	20282	20178	8254	24347	24111	23969
1:10:50	30.0	7527	23228	23457	6977	20345	20338	20153	8223	24520	24208	23846
1:10:55	30.0	7525	23008	23671	6916	20286	20353	20058	8112	24530	24199	23891
1:11:00	30.0	7534	22943	23505	7026	20317	20439	20000	8245	24453	24259	23719
1:11:05	30.0	7577	23399	23571	7007	20369	20377	20075	8175	24297	24399	23838
1:11:10	30.0	7566	23378	23526	6988	20312	20369	20086	8138	24467	23979	23865
1:11:15	30.0	7521	23270	23627	6990	20130	20415	20102	8237	24181	24319	24069
1:11:20	30.0	7619	23195	23655	6991	20440	20419	20010	8232	24426	24257	24052
1:11:25	30.0	7578	23268	23593	6950	20413	20246	20048	8205	24485	23995	23989
1:11:30	30.0	7577	23284	23662	6954	20354	20452	20037	8177	24456	24262	23895
1:11:35	30.0	7515	23264	23460	6984	20248	20313	20036	8322	24452	24234	23929
1:11:40	30.0	7576	23190	23419	7042	20404	20296	19895	8145	24249	24029	24026
1:11:45	30.0	7559	23055	23432	6931	20490	20415	20054	8238	24460	24364	23772
1:11:50	30.0	7580	23062	23623	6953	20305	20419	19901	8221	24475	24204	24036
1:11:55	30.1	7607	23218	23554	7002	20172	20339	20097	8261	24540	24254	24070
1:12:00	30.0	7505	23155	23639	7019	20175	20354	19993	8249	24552	24296	23758
1:12:05	30.0	7527	23152	23453	6964	20339	20320	19861	8253	24382	24319	23641
1:12:10	30.0	7655	23301	23651	6972	20255	20346	19978	8199	24240	24277	23876
1:12:15	30.0	7600	23250	23572	6950	20482	20465	19944	8218	24291	24067	23995
1:12:20	30.0	7621	23242	23496	7001	20337	20323	19968	8194	24388	24371	23829
1:12:25	30.1	7584	23184	23591	7004	20127	20216	19915	8295	24386	24268	23980
1:12:30	30.1	7527	23221	23585	7005	20377	20237	19999	8217	24379	24331	23740
1:12:35	30.1	7585	23163	23570	7015	20448	20377	20048	8268	24389	24316	24002
1:12:40	30.1	7549	23030	23430	7002	20211	20448	20113	8232	24267	24312	23830
1:12:45	30.1	7583	23018	23536	6931	20402	20375	20051	8269	24343	24419	24002
1:12:50	30.0	7634	23230	23604	7051	20187	20438	20011	8241	24337	24220	23767
1:12:55	30.0	7485	23290	23685	7019	20242	20236	20057	8204	24265	24209	23946
1:13:00	30.1	7613	23125	23581	7024	20343	20401	19892	8302	24342	24065	24072
1:13:05	30.1	7527	23189	23497	6962	20133	20238	20001	8306	24463	24256	24038
1:13:10	30.1	7574	23223	23412	7012	20226	20403	20123	8279	24101	24247	24059
1:13:15	30.1	7617	23174	23538	7008	20401	20225	19920	8247	24540	24264	23948
1:13:20	30.1	7535	23319	23577	7045	20428	20224	20156	8228	24510	24332	24078
1:13:25	30.0	7587	23237	23575	7060	20130	20331	19944	8249	24263	24482	23897
1:13:30	30.1	7572	23070	23720	7008	20300	20278	19981	8262	24278	24327	24095
1:13:35	30.0	7631	23167	23508	7019	20200	20274	19885	8320	24347	24337	23846
1:13:40	30.1	7603	23224	23481	7030	20323	20142	19876	8282	24140	24243	24068
1:13:45	30.1	7539	23282	23602	7007	20370	20378	20030	8302	24540	24087	24236
1:13:50	30.1	7590	23246	23556	7028	20260	20324	20076	8260	24298	24239	23956
1:13:55	30.1	7557	23010	23629	7054	20274	20314	20095	8319	24499	24207	24125
1:14:00	30.0	7553	23296	23398	6999	20308	20362	19936	8321	24439	24407	24061
1:14:05	30.1	7643	23124	23459	7084	20245	20221	19897	8384	24361	24395	23921
1:14:10	30.1	7592	23202	23525	6969	20426	20364	19892	8391	24373	24159	23864
1:14:15	30.0	7623	23166	23545	7044	20231	20457	19966	8342	24445	24312	23954
1:14:20	30.1	7577	23261	23501	7022	20360	20333	19926	8323	24358	24197	24009
1:14:25	30.1	7628	23262	23485	7033	20212	20278	20007	8370	24379	24305	24010
1:14:30	30.1	7643	23280	23536	7040	20347	20205	20016	8294	24276	24312	24011
1:14:35	30.0	7613	23075	23554	7051	20155	20330	19994	8291	24258	24220	24094
1:14:40	30.1	7670	23339	23569	6994	20467	20186	20028	8297	24531	24410	24030
1:14:45	30.1	7611	23110	23463	7095	20215	20322	19987	8360	24434	24405	24009
1:14:50	30.0	7621	23172	23641	7063	20485	20335	20146	8251	24332	24350	24015
1:14:55	30.1	7606	23005	23709	7016	20257	20276	19857	8279	24468	24306	24003
1:15:00	30.1	7636	23214	23377	7085	20361	20285	20085	8307	24366	24053	23837
1:15:05	30.1	7657	23043	23665	7000	20421	20455	20106	8338	24468	24333	23846
1:15:10	30.0	7660	23235	23492	7064	20350	20407	20027	8329	24437	24251	24103
1:15:15	30.1	7667	23337	23698	7040	20425	20383	20010	8405	24313	24161	23982
1:15:20	30.1	7618	23233	23630	7033	20361	20369	20112	8291	24436	24294	24079
1:15:25	30.1	7617	23126	23672	7081	20297	20308	19998	8355	24252	24386	24087
1:15:30	30.0	7576	23225	23509	7068	20253	20281	20072	8370	24287	24387	24057
1:15:35	30.1	7637	23097	23506	7081	20274	20307	20011	8350	24348	24141	24078
1:15:40	30.1	7595	23369	23458	7081	20420	20255	20079	8332	24178	24264	23993
1:15:45	30.0	7668	23198	23565	7074	20224	20215	20068	8323	24421	24213	23794
1:15:50	30.0	7686	23346	23538	7041	20324	20308	20028	8376	24425	24234	24051
1:15:55	30.1	7645	23265	23666	7044	20160	20318	20118	8296	24347	24184	23972
1:16:00	30.1	7608	23280	23514	7037	20412	20202	19918	8317	24513	24342	24026
1:16:05	30.1	7556	23158	23403	7022	20235	20190	19926	8386	24288	24610	23873
1:16:10	30.0	7619	23359	23525	7054	20377	20244	20174	8427	24401	24165	23827
1:16:15	30.1	7617	23283	23520	7012	20449	20310	19955	8383	24410	24302	23987
1:16:20	30.1	7738	23270	23546	7022	20192	20113	19891	8339	24571	24468	23880
1:16:25	30.0	7608	23131	23511	7062	20260	20215	20061	8380	24469	24295	23967
1:16:30	30.1	7610	23143	23729	7033	20302	20210	20124	8349	24191	24209	24173
1:16:35	30.1	7626	23127	23585	7057	20432	20397	20038	8356	24367	24328	23991
1:16:40	30.1	7619	23129	23412	7043	20411	20410	19907	8365	24401	24330	24035
1:16:45	30.1	7663	23208	23464	7046	20343	20154	19966	8410	24440	24280	23941
1:16:50	30.0	7634	23069	23551	7059	20347	20102	19993	8338	24606	24363	24125
1:16:55	30.1	7645	23019	23490	7029	20296	20347	19933	8413	24547	24416	24040
1:17:00	30.0	7620	23439	23654	7040	20322	20380	20106	8384	24272	24381	23953
1:17:05	30.0	7690	23022	23435	7060	20267	20220	19998	8403	24432	24238	24003
1:17:10	30.1	7653	23136	23546	7068	20267	20223	20080	8357	24390	24348	23920
1:17:15	30.1	7690	23124	23564	7071	20462	20108	19994	8337	24476	24282	24028
1:17:20	30.1	7664	23209	23461	7084	20286	20430	20167	8392	24408	24251	24006
1:17:25	30.1	7699	23342	23460	7076	20326	20293	20037	8301	24437	24385	24075
1:17:30	30.0	7605	23089	23494	7028	20289	20436	20144	8403	24505	24339	24106
1:17:35	30.1	7629	23207	23541	7060	20404	20353	20125	8355	24390	24310	23910
1:17:40	30.0	7664	23187	23589	7128	20194	20302	19911	8403	24612	24393	23971
1:17:45	30.1	7707	23394	23514	7072	20325	20331	20112	8376	24426	24179	24076
1:17:50	30.1	7668	23137	23589	7069	20228	20245	20108	8425	24485	24329	24006
1:17:55	30.1	7657	23098	23549	7066	20345	20222	20115	8406	24406	24247	23791
1:18:00	30.1	7693	23257	23626	7095	20368	20310	20172	8393	24438	24353	24231
1:18:05	30.1	7695	23127	23479	7017	20251	20228	19936	8450	24344	24323	23899
1:18:10	30.0	7687	23357	23574	7095	20298	20239	20062	8369	24195	24393	23973
1:18:15	30.0	7695	23176	23532	7073	20419	20245	19891	8355	24361	24375	24129
1:18:20	30.1	7663	23088	23615	7038	20219	20251	19883	8432	24374	24563	23889
1:18:25	30.1	7711	23212	23596	7079	20209	20201	20038	8411	24460	24520	24071
1:18:30	30.1	7681	23259	23697	7095	20298	20174	19997	8405	24440	24288	24000
1:18:35	30.1	7718	23254	23658	7174	20318	20565	20139	8431	24034	24301	24220
1:18:40	30.1	7688	23180	23574	7053	20378	20305	19888	8427	24240	24390	24071
1:18:45	30.1	7655	23358	23393	7118	20255	20282	20039	8447	24464	24289	24158
1:18:50	30.0	7723	23394	23454	7075	20375	20259	19774	8451	24383	24200	24072
1:18:55	30.0	7758	23039	23703	7076	20272	20233	20031	8471	24389	24621	24066
1:19:00	30.1	7731	23068	23733	7082	20271	20418	20017	8478	24349	24339	24038
1:19:05	30.1	7746	23214	23709	7085	20361	20280	20138	8488	24557	24289	23945
1:19:10	30.1	7676	23387	23605	7099	20368	20235	19850	8440	24265	24350	24000
1:19:15	30.1	7701	23041	23587	7099	20313	20412	19910	8385	24300	24398	23895
1:19:20	30.1	7709	23131	23508	7122	20402	20285	20052	8396	24458	24164	23921
1:19:25	30.1	7701	23298	23383	7039	20225	20356	20112	8523	24383	24383	24064
1:19:30	30.0	7680	23080	23670	7063	20333	20181	19971	8450	24418	24469	23888
1:19:35	30.1	7721	23171	23410	7074	20382	20457	20184	8502	24433	24301	24056
1:19:40	30.1	7688	23289	23402	7065	20115	20241	20022	8499	24615	24555	24091
1:19:45	30.1	7731	23206	23643	7106	20312	20282	19985	8536	24414	24566	24046
1:19:50	30.1	7678	23214	23316	7139	20265	20097	19983	8404	24384	24388	23957
1:19:55	30.1	7754	22872	23693	7122	20353	20349	19922	8473	24363	24460	24048
1:20:00	30.1	7726	23144	23577	7091	20386	20395	20043	8529	24478	24488	24061
1:20:05	30.0	7814	22886	23590	7154	20287	20304	19928	8444	24372	24352	24154
1:20:10	30.0	7704	23183	23512	7067	20387	20293	19945	8478	24198	24346	24056
1:20:15	30.1	7743	22964	23588	7143	20197	20246	19914	8474	24517	24468	24063
1:20:20	30.1	7756	23263	23636	7125	20228	20323	19882	8483	24366	24470	24105
1:20:25	30.1	7801	23195	23403	7168	20218	20269	20050	8487	24410	24414	24077
1:20:30	30.1	7686	22999	23531	7111	20305	20354	19939	8451	24462	24260	24225
1:20:35	30.1	7762	22882	23384	7147	20312	20247	20036	8534	24313	24516	23970
1:20:40	30.0	7701	23120	23641	7113	20332	20291	20058	8562	24418	24377	24025
1:20:45	30.0	7748	23203	23581	7165	20272	20348	20061	8507	24423	24532	24033
1:20:50	30.1	7736	23191	23594	7173	20329	20195	20008	8487	24627	24395	23917
1:20:55	30.1	7814	23102	23637	7063	20371	20333	20014	8475	24234	24235	24186
1:21:00	30.1	7727	23174	23562	7175	20365	20262	20076	8505	24486	24211	23825
1:21:05	30.1	7711	23347	23343	7122	20344	20350	20146	8530	24544	24346	24178
1:21:10	30.1	7737	23003	23587	7163	20233	20306	19968	8561	24265	24268	23813
1:21:15	30.1	7766	23238	23424	7049	20183	20327	19970	8535	24383	24259	24029
1:21:20	30.0	7772	23155	23392	7158	20275	20277	19955	8535	24368	24244	24162
1:21:25	30.0	7749	23227	23464	7124	20481	20106	20018	8498	24388	24371	23932
1:21:30	30.1	7672	23137	23596	7111	20234	20401	19978	8494	24359	24400	24301
1:21:35	30.1	7723	23101	23542	7175	20354	20238	19969	8443	24412	24341	23977
1:21:40	30.1	7819	23167	23548	7087	20251	20340	20154	8458	24332	24299	24097
1:21:45	30.1	7792	23051	23600	7128	20208	20310	20022	8494	24520	24349	24093
1:21:50	30.1	7772	22915	23548	7145	20247	20273	19832	8602	24547	24394	24029
1:21:55	30.0	7689	23245	23590	7135	20219	20205	19990	8543	24483	24252	24146
1:22:00	30.1	7702	23134	23404	7218	20448	20398	20023	8523	24504	24404	24038
1:22:05	30.0	7810	23158	23632	7135	20387	20205	20109	8545	24320	24447	23913
1:22:10	30.1	7745	23226	23539	7168	20350	20244	20013	8560	24467	24303	23923
1:22:15	30.1	7713	23056	23543	7158	20300	20329	20022	8535	24168	24484	23998
1:22:20	30.1	7742	23049	23655	7122	20254	20379	20068	8573	24418	24411	24012
1:22:25	30.1	7713	23234	23333	7144	20237	20190	20104	8568	24404	24335	24294
1:22:30	30.1	7746	23169	23712	7133	20424	20286	20095	8503	24565	24520	24046
1:22:35	30.0	7751	23126	23398	7138	20201	20335	20028	8538	24345	24297	23981
1:22:40	30.1	7818	23131	23580	7100	20314	20360	19750	8534	24218	24204	24113
1:22:45	30.0	7782	23164	23417	7119	20197	20245	19903	8546	24336	24379	24103
1:22:50	30.1	7745	23105	23713	7180	20232	20263	20100	8501	24385	24403	23991
1:22:55	30.1	7841	23115	23288	7143	20314	20086	19791	8605	24355	24236	23939
1:23:00	30.1	7740	23112	23560	7212	20371	20292	19983	8573	24507	24260	24110

Results
	1	2	3	4	5	6	7	8	9	10	11	12
A													Max V [425,457]
													R-Squared [425,457]
													t at Max V [425,457]
													Lagtime [425,457]
B													Max V [425,457]
													R-Squared [425,457]
													t at Max V [425,457]
													Lagtime [425,457]
C													Max V [425,457]
													R-Squared [425,457]
													t at Max V [425,457]
													Lagtime [425,457]
D													Max V [425,457]
													R-Squared [425,457]
													t at Max V [425,457]
													Lagtime [425,457]
E	2136000.000	5472000.000	7164000.000	1980000.000	-5220000.000	4692000.000	5676000.000	-2196000.000	-6060000.000	-5340000.000	6348000.000		Max V [425,457]
	1.000	1.000	1.000	1.000	1.000	1.000	1.000	1.000	1.000	1.000	1.000		R-Squared [425,457]
	0:49:23	1:11:03	1:01:13	0:52:03	0:32:53	1:18:33	1:00:23	0:00:13	0:57:18	1:16:08	0:49:18		t at Max V [425,457]
	0:48:56	1:07:55	0:58:46	0:51:35	0:35:39	1:15:29	0:57:53	0:00:09	1:00:14	1:19:29	0:46:43		Lagtime [425,457]
F													Max V [425,457]
													R-Squared [425,457]
													t at Max V [425,457]
													Lagtime [425,457]
G													Max V [425,457]
													R-Squared [425,457]
													t at Max V [425,457]
													Lagtime [425,457]
H													Max V [425,457]
													R-Squared [425,457]
													t at Max V [425,457]
													Lagtime [425,457]

