

Software Version	3.03.14



Experiment File Path:	C:\Users\Public\Documents\Experiments\Tina\20190220_GAP_assay.xpt
Protocol File Path:	C:\Users\Public\Documents\Protocols\Tina\GAP_sensor_assay.prt



Plate Number	Plate 1
Date	2/20/2019
Time	3:32:21 PM
Reader Type:	Synergy H1
Reader Serial Number:	1803011C
Reading Type	Reader

Procedure Details

Plate Type	Costar 96 well half area
Set Temperature	Setpoint 30°C
Start Kinetic	Runtime 1:20:00 (HH:MM:SS), Interval 0:00:05, 961 Reads
    Read	Fluorescence Endpoint
	E2..E6
	Filter Set 1
	    Excitation: 425,  Emission: 457
	    Optics: Bottom,  Gain: 57
	Light Source: Xenon Flash,  Lamp Energy: High
	Read Speed: Normal,  Delay: 0 msec,  Measurements/Data Point: 5
	Read Height: 7 mm
End Kinetic	

Layout
	1	2	3	4	5	6	7	8	9	10	11	12
A													Well ID
B													Well ID
C													Well ID
D													Well ID
E		SPL2	SPL3	SPL4	SPL5	SPL6							Well ID
F													Well ID
G													Well ID
H													Well ID

425,457

Time	T° 425,457	E2	E3	E4	E5	E6
0:00:00	30.0	6201	6461	6433	5858	6282
0:00:05	30.0	6248	6547	6463	5931	6324
0:00:10	30.0	6213	6580	6556	5928	6275
0:00:15	30.0	6233	6714	6584	5923	6386
0:00:20	30.0	6169	6785	6719	5898	6377
0:00:25	30.0	6185	6796	6752	5918	6417
0:00:30	30.0	6272	6898	6870	5917	6464
0:00:35	30.0	6234	6980	6954	5920	6498
0:00:40	29.9	6310	6998	6950	5936	6617
0:00:45	30.0	6213	7128	7039	5935	6669
0:00:50	30.0	6225	7212	7006	5897	6732
0:00:55	30.0	6238	7195	7205	5909	6776
0:01:00	30.0	6264	7367	7271	5927	6822
0:01:05	30.0	6272	7363	7241	5891	6908
0:01:10	30.0	6219	7414	7387	5933	6895
0:01:15	30.0	6224	7433	7430	5896	7014
0:01:20	30.0	6216	7543	7607	5907	7025
0:01:25	30.0	6275	7638	7585	5901	7027
0:01:30	30.0	6258	7623	7568	6027	7092
0:01:35	30.0	6261	7737	7675	5928	7174
0:01:40	30.0	6282	7750	7762	5891	7221
0:01:45	30.0	6301	7841	7827	5914	7229
0:01:50	30.0	6224	7898	7859	5970	7374
0:01:55	30.0	6267	8027	7923	5941	7353
0:02:00	30.0	6297	8038	8106	5901	7450
0:02:05	30.0	6220	8152	8095	5939	7451
0:02:10	30.0	6261	8245	8174	5877	7535
0:02:15	30.0	6312	8289	8245	5977	7581
0:02:20	30.0	6231	8341	8277	5979	7611
0:02:25	30.0	6314	8427	8414	5897	7740
0:02:30	30.0	6249	8529	8458	5973	7748
0:02:35	30.0	6306	8588	8438	5986	7849
0:02:40	30.0	6299	8703	8630	5989	7923
0:02:45	30.0	6304	8759	8722	5976	7899
0:02:50	30.0	6265	8673	8767	5977	7969
0:02:55	30.0	6266	8722	8843	5952	7920
0:03:00	30.0	6319	8936	8873	5962	8002
0:03:05	30.0	6380	8927	8995	5985	8105
0:03:10	30.0	6304	9078	9036	5946	8183
0:03:15	30.0	6301	9086	9081	5986	8173
0:03:20	30.0	6393	9171	9107	6037	8257
0:03:25	30.0	6338	9198	9248	5969	8333
0:03:30	30.0	6339	9319	9359	5937	8360
0:03:35	30.0	6308	9356	9438	5990	8432
0:03:40	30.0	6277	9320	9443	5989	8437
0:03:45	30.0	6295	9441	9555	5965	8513
0:03:50	29.9	6386	9592	9552	6058	8558
0:03:55	30.0	6303	9646	9638	6036	8690
0:04:00	30.0	6362	9670	9715	5982	8695
0:04:05	30.0	6328	9784	9779	6018	8755
0:04:10	30.0	6340	9850	9862	6011	8764
0:04:15	30.0	6367	9997	10004	6023	8790
0:04:20	30.0	6374	9950	9974	6030	8897
0:04:25	30.0	6395	10126	10001	6042	9017
0:04:30	30.0	6322	10163	10230	6038	9028
0:04:35	30.0	6344	10232	10328	5983	9085
0:04:40	30.0	6411	10343	10284	6049	9101
0:04:45	30.1	6339	10366	10296	6018	9103
0:04:50	30.0	6360	10405	10378	6029	9177
0:04:55	30.0	6316	10456	10444	5994	9222
0:05:00	30.0	6367	10651	10517	6052	9294
0:05:05	30.0	6326	10734	10615	6057	9367
0:05:10	30.0	6353	10671	10754	6035	9380
0:05:15	30.0	6417	10740	10816	6050	9440
0:05:20	30.0	6321	10788	10832	6079	9479
0:05:25	30.0	6333	10812	10792	6001	9514
0:05:30	30.0	6372	11012	10975	6099	9636
0:05:35	30.0	6384	11044	11068	6093	9642
0:05:40	30.0	6392	11131	11085	6067	9648
0:05:45	30.0	6369	11293	11269	6040	9720
0:05:50	30.0	6395	11196	11245	6087	9811
0:05:55	30.0	6314	11302	11438	5997	9796
0:06:00	30.0	6313	11453	11372	5997	9880
0:06:05	30.0	6350	11463	11510	6048	9837
0:06:10	30.0	6379	11448	11554	6076	9933
0:06:15	30.0	6357	11596	11640	6035	10099
0:06:20	30.0	6411	11664	11646	6042	10048
0:06:25	30.0	6325	11788	11767	6078	10033
0:06:30	30.0	6400	11836	11817	6064	10145
0:06:35	30.0	6338	11837	11745	6047	10324
0:06:40	30.0	6354	11977	11899	6086	10289
0:06:45	30.0	6360	11992	12040	6060	10320
0:06:50	30.0	6396	12051	12138	6088	10366
0:06:55	30.0	6373	12173	12181	6080	10381
0:07:00	30.0	6369	12126	12327	6041	10335
0:07:05	30.0	6352	12291	12332	6036	10511
0:07:10	30.0	6400	12410	12280	6067	10467
0:07:15	30.0	6376	12489	12329	6049	10491
0:07:20	30.0	6422	12492	12509	6059	10533
0:07:25	30.0	6335	12514	12595	6102	10725
0:07:30	30.0	6418	12570	12626	6077	10724
0:07:35	30.0	6349	12791	12771	6060	10782
0:07:40	30.0	6426	12850	12709	6024	10816
0:07:45	30.0	6379	12872	12834	6046	10903
0:07:50	30.0	6352	12942	12878	6030	10912
0:07:55	30.0	6416	13041	12953	6011	10953
0:08:00	30.0	6393	13068	13122	6038	10933
0:08:05	30.0	6430	13088	13137	6021	11050
0:08:10	30.0	6414	13138	13199	6035	11147
0:08:15	30.0	6399	13206	13188	6081	11139
0:08:20	30.0	6372	13271	13289	6100	11134
0:08:25	30.0	6435	13389	13419	6062	11213
0:08:30	30.0	6385	13303	13345	6079	11220
0:08:35	30.0	6359	13588	13556	6124	11308
0:08:40	30.0	6441	13495	13626	6049	11333
0:08:45	30.1	6375	13721	13766	6088	11267
0:08:50	30.1	6343	13639	13795	6082	11371
0:08:55	30.0	6436	13836	13842	6031	11478
0:09:00	30.0	6446	13872	13904	6029	11484
0:09:05	30.0	6406	13890	13987	6064	11476
0:09:10	30.0	6342	13906	14088	6059	11667
0:09:15	30.0	6388	14232	14097	6002	11629
0:09:20	30.0	6297	14104	14055	6101	11664
0:09:25	30.0	6372	14171	14152	6049	11656
0:09:30	30.0	6446	14357	14366	6113	11654
0:09:35	30.0	6385	14351	14313	6019	11891
0:09:40	30.0	6363	14301	14348	6044	11904
0:09:45	30.0	6377	14658	14602	6036	11872
0:09:50	30.0	6369	14444	14611	6084	11909
0:09:55	30.0	6378	14540	14584	6049	11908
0:10:00	30.0	6385	14622	14671	6077	12018
0:10:05	30.0	6392	14790	14684	6086	11938
0:10:10	30.0	6359	14786	14788	6090	12039
0:10:15	30.0	6368	14999	14846	6062	12083
0:10:20	30.0	6402	14898	14920	6091	12084
0:10:25	30.0	6474	15057	15039	6060	12247
0:10:30	30.0	6395	14924	15223	6034	12101
0:10:35	30.0	6382	15132	15188	6061	12173
0:10:40	30.0	6452	15208	15161	6090	12338
0:10:45	30.0	6411	15181	15243	6029	12331
0:10:50	30.0	6423	15402	15354	5998	12257
0:10:55	30.0	6406	15439	15312	6036	12263
0:11:00	30.0	6458	15416	15401	6064	12176
0:11:05	30.0	6374	15493	15656	6079	12328
0:11:10	30.0	6394	15555	15627	6042	12346
0:11:15	30.0	6405	15610	15605	6119	12448
0:11:20	30.0	6421	15739	15755	6077	12576
0:11:25	30.0	6381	15675	15694	6077	12610
0:11:30	30.0	6375	15726	15862	6078	12543
0:11:35	30.0	6404	15944	15911	6085	12497
0:11:40	30.0	6380	15912	15905	6085	12651
0:11:45	30.0	6392	16001	16065	6040	12575
0:11:50	30.0	6469	16108	16072	6047	12621
0:11:55	30.0	6379	16094	16170	6027	12582
0:12:00	30.0	6442	16243	16180	6066	12646
0:12:05	30.0	6432	16202	16266	6014	12655
0:12:10	30.0	6498	16268	16343	6052	12715
0:12:15	30.0	6389	16469	16369	6067	12830
0:12:20	30.0	6400	16486	16435	6015	12758
0:12:25	30.0	6375	16420	16572	6107	12755
0:12:30	30.0	6380	16670	16634	5999	12890
0:12:35	30.0	6370	16593	16565	6086	12870
0:12:40	30.0	6392	16692	16634	6092	12876
0:12:45	30.0	6446	16748	16769	6043	12948
0:12:50	30.0	6364	16716	16939	6045	12981
0:12:55	30.0	6470	16689	16868	6060	13060
0:13:00	30.0	6409	16885	16913	6022	13060
0:13:05	30.0	6396	16925	16948	6073	12976
0:13:10	30.0	6419	17040	16949	6108	13091
0:13:15	30.0	6444	17117	17090	6096	13044
0:13:20	30.0	6463	17288	17126	6080	13071
0:13:25	30.0	6416	17341	17424	6038	13067
0:13:30	30.0	6456	17256	17300	6008	13113
0:13:35	30.0	6403	17371	17375	5998	13174
0:13:40	30.0	6490	17347	17430	6105	13175
0:13:45	30.0	6445	17328	17475	6024	13135
0:13:50	30.0	6405	17448	17600	6041	13218
0:13:55	30.1	6454	17449	17754	6037	13126
0:14:00	30.0	6440	17609	17671	6123	13230
0:14:05	30.0	6360	17667	17803	6037	13249
0:14:10	30.0	6448	17772	17742	6123	13289
0:14:15	30.0	6450	17786	17683	6057	13341
0:14:20	30.0	6472	17964	17872	6033	13272
0:14:25	30.0	6457	17872	17870	6046	13264
0:14:30	30.0	6463	17940	17896	6051	13335
0:14:35	30.0	6488	17927	18069	6059	13433
0:14:40	30.0	6408	17791	18184	6087	13398
0:14:45	30.0	6423	18122	18248	6066	13339
0:14:50	30.0	6481	18157	18286	6071	13395
0:14:55	30.0	6462	18338	18269	6110	13393
0:15:00	30.0	6440	18334	18493	6047	13315
0:15:05	30.0	6430	18332	18537	6047	13411
0:15:10	30.0	6504	18267	18578	6018	13353
0:15:15	30.0	6492	18404	18446	6058	13511
0:15:20	30.0	6449	18510	18667	6110	13447
0:15:25	30.0	6506	18522	18518	6147	13386
0:15:30	30.0	6460	18513	18633	6041	13454
0:15:35	30.0	6472	18643	18732	6081	13554
0:15:40	30.0	6430	18707	18735	6069	13489
0:15:45	30.0	6416	18796	18892	6010	13534
0:15:50	30.0	6409	18927	18804	6141	13539
0:15:55	30.0	6436	18779	18927	6048	13588
0:16:00	30.0	6451	18894	18839	6048	13626
0:16:05	30.0	6454	18887	19126	6101	13658
0:16:10	30.0	6397	18982	19110	6065	13628
0:16:15	30.0	6453	18993	19114	6094	13626
0:16:20	30.0	6419	19048	19374	6057	13551
0:16:25	30.0	6462	19142	19202	6036	13724
0:16:30	29.9	6439	19238	19304	6056	13649
0:16:35	30.0	6434	19091	19292	6060	13639
0:16:40	30.0	6496	19175	19482	6069	13786
0:16:45	30.0	6385	19242	19473	6089	13690
0:16:50	30.0	6464	19375	19698	6121	13677
0:16:55	30.0	6486	19472	19491	6138	13668
0:17:00	30.0	6482	19450	19588	6097	13627
0:17:05	30.0	6541	19413	19682	6139	13774
0:17:10	30.0	6488	19448	19829	6026	13754
0:17:15	30.0	6427	19511	19872	6049	13670
0:17:20	30.0	6448	19615	19774	6085	13721
0:17:25	30.1	6527	19655	19817	6056	13738
0:17:30	30.1	6479	19842	19832	6099	13641
0:17:35	30.0	6487	19812	19828	6040	13791
0:17:40	30.0	6467	19677	19867	6074	13811
0:17:45	30.0	6459	19849	19873	6096	13927
0:17:50	30.0	6530	20115	20015	6052	13915
0:17:55	30.0	6432	19828	20123	6071	13795
0:18:00	30.0	6462	19994	20008	6086	13711
0:18:05	30.0	6464	19993	20255	6061	13943
0:18:10	30.0	6488	20129	20210	6088	13899
0:18:15	30.0	6534	20130	20157	6079	13826
0:18:20	30.0	6492	20124	20407	6092	13890
0:18:25	30.0	6496	20169	20258	6043	13864
0:18:30	30.0	6539	20385	20334	6066	13910
0:18:35	30.0	6450	20304	20271	6101	13730
0:18:40	30.0	6469	20323	20393	6108	13849
0:18:45	30.0	6517	20323	20481	6108	13839
0:18:50	30.0	6516	20373	20585	6065	13964
0:18:55	30.0	6498	20353	20601	6097	13783
0:19:00	30.0	6479	20518	20670	6095	13931
0:19:05	30.0	6525	20567	20724	6065	14085
0:19:10	30.0	6479	20548	20873	6029	13912
0:19:15	30.0	6491	20584	20665	6079	13814
0:19:20	30.0	6509	20583	20592	6074	13940
0:19:25	30.0	6523	20708	20724	6063	13940
0:19:30	30.0	6529	20688	20867	6069	14055
0:19:35	30.0	6518	20721	20858	6105	14027
0:19:40	30.0	6505	20812	21045	6068	13973
0:19:45	30.0	6573	21013	20855	6083	13862
0:19:50	30.0	6507	20942	20894	6100	14024
0:19:55	30.0	6479	20867	21025	6034	14009
0:20:00	30.0	6543	20931	20953	6066	13935
0:20:05	30.0	6486	20864	21018	6049	13930
0:20:10	30.0	6470	20981	21036	6116	13886
0:20:15	30.0	6507	20998	21227	6105	13835
0:20:20	30.0	6493	21006	21052	6044	14028
0:20:25	30.0	6548	21245	21356	6039	14053
0:20:30	30.0	6579	20965	21192	6064	13899
0:20:35	30.0	6524	21114	21281	6057	14015
0:20:40	30.0	6517	21220	21322	6040	13977
0:20:45	30.0	6484	21227	21181	6119	13946
0:20:50	30.0	6493	21181	21442	6030	13939
0:20:55	30.0	6499	21334	21365	6052	13924
0:21:00	30.0	6543	21274	21401	6072	14088
0:21:05	29.9	6485	21378	21365	6060	13948
0:21:10	30.0	6498	21290	21335	6027	13985
0:21:15	30.0	6533	21544	21512	6135	13993
0:21:20	30.0	6505	21481	21739	6057	13928
0:21:25	30.0	6507	21532	21540	6062	13988
0:21:30	30.0	6537	21504	21621	6069	13944
0:21:35	30.0	6542	21714	21445	6087	14038
0:21:40	29.9	6508	21593	21749	6056	14054
0:21:45	30.0	6525	21475	21706	6019	14024
0:21:50	30.0	6492	21756	21861	6105	13997
0:21:55	30.0	6511	21617	21884	6069	13997
0:22:00	30.0	6486	21831	21793	6079	13992
0:22:05	30.0	6516	21539	21671	6104	13946
0:22:10	30.0	6531	21744	22070	6032	14038
0:22:15	30.0	6526	21570	21903	6037	13953
0:22:20	30.0	6521	21855	21883	6077	13935
0:22:25	30.0	6514	21760	21671	6046	14095
0:22:30	30.0	6547	21686	22115	6078	13919
0:22:35	30.0	6532	21868	21933	6066	14076
0:22:40	30.0	6534	21896	21841	6056	14020
0:22:45	30.0	6528	22033	22029	6045	14006
0:22:50	30.0	6529	21935	22178	6025	14069
0:22:55	30.0	6536	21875	22107	6043	14009
0:23:00	30.0	6607	21955	22012	6079	14040
0:23:05	30.0	6515	22035	21972	6131	14007
0:23:10	30.0	6595	21960	22030	6099	14040
0:23:15	30.0	6529	22058	22086	6077	14008
0:23:20	30.0	6535	22232	22148	6083	14124
0:23:25	30.0	6511	22175	22203	6047	14035
0:23:30	29.9	6528	22242	22261	6087	14026
0:23:35	30.0	6636	22258	22204	6121	14107
0:23:40	30.0	6593	22058	22030	6095	14057
0:23:45	30.1	6509	22150	22255	6098	13926
0:23:50	30.0	6579	22098	22299	6085	14031
0:23:55	30.0	6574	22118	22294	6019	13991
0:24:00	30.0	6592	22241	22336	6106	14068
0:24:05	30.0	6522	22362	22349	6038	14192
0:24:10	30.0	6516	22134	22495	6121	14139
0:24:15	30.0	6566	22276	22294	6075	14039
0:24:20	30.0	6559	22214	22509	6028	14130
0:24:25	30.0	6498	22384	22362	6102	14087
0:24:30	30.0	6566	22358	22328	6110	14110
0:24:35	30.0	6616	22445	22608	6048	14093
0:24:40	30.0	6587	22462	22275	6125	14035
0:24:45	30.0	6561	22212	22249	6067	14014
0:24:50	30.0	6574	22466	22469	6098	14038
0:24:55	30.0	6578	22304	22637	6083	14127
0:25:00	30.0	6581	22399	22593	6102	14012
0:25:05	30.0	6601	22299	22636	6096	14141
0:25:10	30.0	6558	22617	22435	6107	14044
0:25:15	30.0	6580	22577	22550	6022	14097
0:25:20	30.0	6636	22563	22516	6069	14008
0:25:25	30.0	6572	22606	22581	6022	14042
0:25:30	30.0	6540	22665	22474	6079	14058
0:25:35	30.0	6523	22549	22505	5996	14050
0:25:40	30.0	6559	22563	22631	6061	14034
0:25:45	30.0	6597	22633	22677	6050	14175
0:25:50	30.0	6588	22542	22479	6091	13952
0:25:55	30.0	6541	22636	22478	6123	14097
0:26:00	30.0	6618	22598	22553	6078	14032
0:26:05	30.0	6516	22608	22439	6102	14057
0:26:10	30.0	6610	22477	22726	6064	14095
0:26:15	30.0	6593	22763	22566	6116	13962
0:26:20	30.0	6606	22620	22540	6097	14304
0:26:25	30.0	6626	22731	22605	6071	14066
0:26:30	30.0	6564	22633	22770	6113	14033
0:26:35	30.0	6587	22575	22678	6047	14044
0:26:40	30.0	6618	22695	22792	6114	14051
0:26:45	30.0	6642	22674	22546	6113	14075
0:26:50	30.0	6607	22840	22919	6075	14076
0:26:55	30.0	6627	22890	22747	6027	14019
0:27:00	30.0	6656	22787	22844	6050	14071
0:27:05	30.0	6617	22873	22888	6086	14105
0:27:10	30.0	6623	22537	22624	6060	14014
0:27:15	30.0	6668	22891	22683	6117	14097
0:27:20	30.0	6611	22936	22755	6058	13976
0:27:25	30.0	6596	22894	22731	6098	14159
0:27:30	30.0	6607	22974	22837	6069	14121
0:27:35	30.0	6594	22829	22963	6070	14115
0:27:40	30.0	6547	22799	22906	6129	14162
0:27:45	30.0	6591	23027	22711	6079	14048
0:27:50	30.0	6636	23038	22819	6080	14111
0:27:55	30.1	6581	22954	23038	6121	14055
0:28:00	30.0	6632	22843	23084	6056	14087
0:28:05	30.0	6569	22979	22855	6099	14160
0:28:10	30.0	6596	22997	22962	6056	14028
0:28:15	30.0	6618	22984	22823	6077	14029
0:28:20	30.0	6553	23045	22943	6109	14163
0:28:25	30.0	6664	23014	23004	6069	13948
0:28:30	30.0	6640	23184	22919	6077	14165
0:28:35	30.0	6608	22910	23098	6139	14145
0:28:40	30.0	6530	22968	22966	6108	14139
0:28:45	30.0	6599	22899	22962	6112	14043
0:28:50	30.0	6598	23156	22819	6099	14217
0:28:55	30.0	6629	23071	22860	6107	14072
0:29:00	30.0	6580	22916	23129	6055	14171
0:29:05	30.0	6692	22933	22879	6101	14142
0:29:10	30.0	6598	22879	23108	6047	13941
0:29:15	30.0	6595	23057	22907	6050	14059
0:29:20	30.0	6660	22956	22815	6109	14132
0:29:25	30.0	6633	23048	22903	6075	14189
0:29:30	30.0	6620	23264	22998	6081	14272
0:29:35	30.0	6623	23242	23015	6038	14001
0:29:40	30.0	6589	22976	23022	6131	14196
0:29:45	30.0	6694	22978	22987	6052	14139
0:29:50	30.0	6614	22991	23126	6074	14143
0:29:55	30.0	6590	22983	22892	6084	14011
0:30:00	30.0	6654	23209	23085	6111	14192
0:30:05	30.0	6600	23255	23098	6047	14183
0:30:10	30.0	6656	22906	22932	6127	14188
0:30:15	30.0	6632	23240	23162	6047	14092
0:30:20	30.0	6580	23124	22969	6033	14013
0:30:25	30.0	6631	22941	23126	6098	14152
0:30:30	30.0	6611	23280	23123	6091	14177
0:30:35	30.0	6614	23213	22988	6065	14110
0:30:40	30.0	6630	23222	23101	6089	14190
0:30:45	30.0	6613	23040	23047	6064	14090
0:30:50	30.0	6667	23302	22929	6072	14102
0:30:55	30.0	6593	23287	23192	6070	13988
0:31:00	30.0	6612	23150	23114	6058	14120
0:31:05	30.0	6691	22925	23156	6147	14126
0:31:10	30.0	6627	23063	23071	6100	14054
0:31:15	30.0	6603	23331	23130	6101	14165
0:31:20	30.0	6608	23102	22963	6048	14031
0:31:25	30.0	6722	23186	23167	6067	13979
0:31:30	30.0	6641	23256	23249	6070	14053
0:31:35	30.0	6665	23279	23005	6107	13980
0:31:40	30.0	6677	23162	23085	6063	14073
0:31:45	30.0	6656	23136	23079	6105	14078
0:31:50	30.0	6640	23092	23123	6100	14018
0:31:55	30.0	6708	23087	23186	6048	14014
0:32:00	30.0	6650	23104	23073	6106	14028
0:32:05	30.0	6620	23054	23026	6110	14069
0:32:10	30.0	6647	23068	23395	6095	14014
0:32:15	30.0	6656	22906	23161	6124	14076
0:32:20	30.0	6662	23383	23217	6094	13973
0:32:25	30.0	6722	23282	23042	6070	14085
0:32:30	30.0	6559	23307	23040	6119	13973
0:32:35	30.0	6648	23133	23210	6100	14058
0:32:40	30.0	6615	23331	23199	6029	14066
0:32:45	30.0	6636	23212	23264	6037	14101
0:32:50	30.0	6645	23341	23149	6077	14086
0:32:55	30.0	6680	23349	23047	6065	14110
0:33:00	30.0	6646	23279	23239	6099	14016
0:33:05	30.0	6621	23431	23314	6093	14045
0:33:10	30.0	6649	23234	23272	6094	14050
0:33:15	30.0	6669	23481	23290	6042	14031
0:33:20	30.0	6692	23179	23128	6086	14024
0:33:25	30.0	6661	23171	23136	6110	14150
0:33:30	30.0	6697	23202	23206	6044	14106
0:33:35	30.0	6630	23261	23271	6144	14115
0:33:40	30.0	6694	23362	23209	6121	14090
0:33:45	30.0	6670	23166	23169	6057	14055
0:33:50	30.0	6658	23446	23201	6040	14065
0:33:55	30.0	6688	23326	23392	6073	14119
0:34:00	30.0	6675	23155	23114	6095	14060
0:34:05	30.0	6627	23451	23309	6104	14072
0:34:10	30.0	6622	23258	23113	6149	14003
0:34:15	30.0	6693	23116	23307	6072	14186
0:34:20	30.0	6754	23326	23195	6079	14051
0:34:25	30.0	6689	23353	22954	6096	14072
0:34:30	30.0	6657	23216	23134	6136	14064
0:34:35	30.0	6652	23244	23072	6108	14053
0:34:40	30.0	6718	23244	23136	6107	14082
0:34:45	30.0	6706	23343	23156	6105	14072
0:34:50	30.0	6741	23348	23153	6059	14056
0:34:55	30.0	6699	23326	22958	6093	14060
0:35:00	30.0	6692	23375	23206	6143	13972
0:35:05	30.0	6702	23181	22974	6089	14147
0:35:10	30.0	6699	23171	23355	6144	14275
0:35:15	30.0	6706	23228	23219	6093	14235
0:35:20	30.0	6705	23231	23411	6088	14043
0:35:25	30.0	6714	23483	23299	6119	14057
0:35:30	30.0	6719	23170	23087	6130	14078
0:35:35	30.0	6756	23357	23131	6060	13993
0:35:40	30.0	6772	23266	23211	6110	14038
0:35:45	30.0	6629	23378	23281	6140	14097
0:35:50	30.0	6715	23398	23013	6097	14053
0:35:55	30.0	6676	23314	23173	6119	14107
0:36:00	30.0	6708	23209	23167	6154	14044
0:36:05	30.0	6673	23157	23176	6071	14129
0:36:10	30.0	6712	23263	23172	6065	14039
0:36:15	30.0	6700	23375	23216	6028	14092
0:36:20	30.0	6690	23494	23152	6093	14053
0:36:25	30.0	6736	23279	23196	6123	14047
0:36:30	30.0	6708	23372	23574	6139	13986
0:36:35	30.0	6712	23390	23079	6122	14093
0:36:40	29.9	6729	23258	23289	6094	14077
0:36:45	30.0	6677	23570	23185	6104	14034
0:36:50	30.0	6688	23338	23153	6107	14128
0:36:55	30.0	6785	23258	23317	6063	14095
0:37:00	30.0	6668	23163	23172	6070	14091
0:37:05	30.0	6715	23605	23244	6125	14055
0:37:10	30.0	6769	23451	23269	6071	14166
0:37:15	30.0	6686	23398	23244	6086	14081
0:37:20	30.0	6715	23515	23381	6101	14137
0:37:25	30.0	6730	23281	23248	6170	14106
0:37:30	30.0	6704	23378	23068	6139	13983
0:37:35	30.0	6801	23402	23135	6147	13953
0:37:40	30.0	6765	23355	23167	6142	14041
0:37:45	30.0	6749	23213	23272	6057	14194
0:37:50	30.0	6747	23299	23234	6136	14116
0:37:55	30.0	6709	23271	23304	6207	13979
0:38:00	30.0	6706	23362	23207	6150	14091
0:38:05	30.0	6713	23216	23180	6128	14187
0:38:10	30.0	6795	23392	23212	6142	14038
0:38:15	30.0	6707	23369	23265	6104	14122
0:38:20	30.0	6793	23306	23102	6128	13918
0:38:25	30.0	6780	23320	23324	6111	14140
0:38:30	30.0	6758	23471	23399	6088	13967
0:38:35	30.0	6751	23330	23217	6138	14091
0:38:40	30.0	6720	23307	23344	6139	13964
0:38:45	30.0	6721	23501	23338	6131	14165
0:38:50	30.0	6784	23305	23246	6093	13989
0:38:55	30.0	6743	23428	23178	6133	14096
0:39:00	30.0	6810	23182	23202	6116	14020
0:39:05	30.0	6735	23287	23337	6154	14169
0:39:10	30.0	6733	23385	23331	6126	14218
0:39:15	30.0	6710	23325	23217	6172	13982
0:39:20	30.0	6772	23244	23247	6148	14107
0:39:25	30.0	6775	23280	23292	6088	14112
0:39:30	30.0	6776	23247	23432	6073	13986
0:39:35	30.0	6749	23192	23259	6127	13895
0:39:40	30.0	6810	23346	23074	6139	13940
0:39:45	30.0	6791	23275	23356	6095	14118
0:39:50	30.0	6835	23257	23096	6109	14088
0:39:55	30.0	6741	23486	23238	6145	14153
0:40:00	30.0	6769	23451	23203	6103	14038
0:40:05	30.0	6719	23296	23120	6172	13937
0:40:10	30.0	6784	23433	23288	6140	13996
0:40:15	30.0	6819	23216	23432	6127	14091
0:40:20	30.0	6743	23316	23370	6096	14116
0:40:25	30.0	6795	23172	23102	6079	14081
0:40:30	30.0	6796	23372	23106	6146	14036
0:40:35	30.0	6747	23319	23281	6115	14007
0:40:40	30.0	6697	23478	23104	6145	13933
0:40:45	30.0	6824	23171	23137	6108	14248
0:40:50	30.0	6788	23212	23120	6104	14090
0:40:55	30.0	6775	23283	23245	6141	14063
0:41:00	30.0	6787	23144	23237	6151	14165
0:41:05	30.0	6792	23365	23284	6071	14009
0:41:10	30.0	6756	23166	23442	6109	14090
0:41:15	30.0	6813	23273	23299	6129	13996
0:41:20	30.0	6745	23211	23213	6081	14043
0:41:25	30.0	6737	23308	23301	6200	14100
0:41:30	30.0	6766	23241	23286	6091	14087
0:41:35	30.0	6774	23268	23233	6128	13995
0:41:40	30.0	6815	23336	23242	6108	14141
0:41:45	30.0	6795	23270	23149	6143	14015
0:41:50	30.0	6854	23330	23115	6146	13990
0:41:55	30.0	6774	23412	23203	6088	14013
0:42:00	30.0	6757	23401	23239	6154	14096
0:42:05	30.0	6799	23250	23261	6082	14129
0:42:10	30.0	6727	23523	23059	6159	14099
0:42:15	30.0	6710	23401	23181	6127	14030
0:42:20	30.0	6813	23342	23245	6090	14061
0:42:25	30.0	6778	23302	23356	6155	13983
0:42:30	30.0	6748	23419	23207	6130	14026
0:42:35	30.0	6758	23370	23295	6102	14008
0:42:40	30.0	6813	23354	23272	6110	14039
0:42:45	30.0	6821	23299	23177	6126	13988
0:42:50	30.0	6779	23338	23444	6154	14078
0:42:55	30.0	6795	23200	23308	6187	14104
0:43:00	30.0	6814	23197	23351	6151	14056
0:43:05	30.0	6784	23245	23178	6139	13995
0:43:10	30.0	6777	23157	23152	6101	14138
0:43:15	30.0	6838	23209	23310	6133	13989
0:43:20	30.0	6798	23295	23334	6171	14055
0:43:25	30.0	6840	23290	23240	6111	14016
0:43:30	30.0	6780	23261	23355	6112	14040
0:43:35	30.0	6835	23248	23183	6105	14138
0:43:40	30.0	6872	23378	23168	6128	14087
0:43:45	30.0	6847	23293	23432	6135	14026
0:43:50	30.0	6822	23427	23335	6180	13953
0:43:55	30.0	6790	23203	23195	6098	14053
0:44:00	30.0	6795	23315	23104	6180	13954
0:44:05	30.0	6827	23313	23212	6124	14048
0:44:10	30.0	6851	23261	23414	6141	14093
0:44:15	30.0	6742	23437	23120	6141	14044
0:44:20	30.0	6809	23153	23181	6174	14082
0:44:25	30.0	6808	23455	23162	6158	14057
0:44:30	30.0	6832	23462	23388	6113	13834
0:44:35	30.0	6808	23311	23378	6133	14029
0:44:40	30.0	6786	23373	23080	6156	14093
0:44:45	30.0	6778	23305	23308	6190	14083
0:44:50	30.0	6840	23446	23085	6154	14125
0:44:55	30.0	6828	23427	23108	6129	14069
0:45:00	30.0	6877	23297	23334	6120	14129
0:45:05	30.0	6802	23466	23226	6175	13957
0:45:10	30.0	6794	23528	23219	6138	14102
0:45:15	30.0	6834	23161	23277	6108	13958
0:45:20	30.0	6838	23283	23301	6183	14046
0:45:25	30.0	6788	23198	23309	6156	14041
0:45:30	30.0	6785	23362	23367	6133	13960
0:45:35	30.0	6872	23429	23377	6125	14039
0:45:40	30.0	6790	23203	23340	6138	14110
0:45:45	30.0	6802	23347	23093	6137	14066
0:45:50	30.0	6843	23419	23104	6112	14071
0:45:55	30.0	6806	23420	23225	6170	14079
0:46:00	30.0	6848	23223	23253	6114	13967
0:46:05	30.0	6829	23292	23417	6141	14083
0:46:10	30.0	6831	23415	23429	6151	14021
0:46:15	30.0	6817	23483	23192	6138	14120
0:46:20	30.0	6769	23583	23029	6117	14106
0:46:25	30.0	6851	23539	22952	6117	14123
0:46:30	30.0	6870	23391	23232	6182	14000
0:46:35	30.0	6800	23293	23287	6171	13974
0:46:40	30.0	6860	23254	23262	6139	13977
0:46:45	30.0	6805	23342	23277	6100	14024
0:46:50	30.0	6863	23186	23043	6084	13997
0:46:55	30.0	6796	23236	23268	6146	14106
0:47:00	30.0	6864	23333	23184	6151	14064
0:47:05	30.0	6828	23394	23014	6196	14015
0:47:10	30.0	6901	23111	23266	6122	14107
0:47:15	30.0	6834	23228	23457	6146	13950
0:47:20	30.0	6835	23265	23261	6146	14017
0:47:25	30.0	6787	23369	23507	6147	13995
0:47:30	30.0	6885	23198	23125	6127	14077
0:47:35	30.0	6809	23097	23196	6118	14024
0:47:40	30.0	6864	23374	23295	6196	14102
0:47:45	30.0	6861	23397	23214	6144	14059
0:47:50	30.0	6824	23509	23049	6140	13999
0:47:55	30.0	6880	23528	23071	6142	13990
0:48:00	30.0	6841	23127	23185	6119	13939
0:48:05	30.0	6877	23396	23089	6117	13887
0:48:10	30.0	6832	23360	23012	6175	14041
0:48:15	30.0	6865	23390	23248	6162	14029
0:48:20	30.0	6843	23146	23412	6183	13991
0:48:25	30.0	6852	23190	23139	6108	13966
0:48:30	30.0	6950	23374	23269	6200	14132
0:48:35	30.0	6817	23407	23164	6210	13973
0:48:40	30.0	6864	23134	23417	6126	13926
0:48:45	30.0	6843	23115	23154	6159	14023
0:48:50	30.0	6851	23113	23174	6161	14103
0:48:55	30.0	6883	23238	23132	6144	14026
0:49:00	30.0	6905	23253	23050	6123	13954
0:49:05	30.0	6889	23213	23280	6143	14120
0:49:10	30.0	6832	23195	23264	6151	14070
0:49:15	30.0	6861	23446	23147	6145	14048
0:49:20	30.0	6883	23342	23121	6225	13978
0:49:25	30.0	6850	23079	23446	6146	13991
0:49:30	30.0	6852	23271	23031	6204	13986
0:49:35	30.0	6901	23237	23101	6144	14017
0:49:40	30.0	6859	23338	23271	6158	14112
0:49:45	30.0	6888	23365	23169	6147	13980
0:49:50	30.0	6849	23433	23177	6192	13963
0:49:55	30.0	6947	23265	23052	6209	14051
0:50:00	30.0	6879	23235	23189	6122	13988
0:50:05	30.0	6838	23262	23214	6157	14031
0:50:10	30.0	6857	23332	23285	6131	14053
0:50:15	30.0	6892	23332	23226	6160	14077
0:50:20	30.0	6903	23359	23219	6178	14015
0:50:25	30.0	6894	23409	23213	6131	14105
0:50:30	30.0	6939	23259	23195	6179	14038
0:50:35	30.0	6891	23450	23370	6163	13966
0:50:40	30.0	6860	23248	23158	6169	13984
0:50:45	30.0	6882	23242	23217	6165	13952
0:50:50	30.0	6869	23460	23197	6152	14036
0:50:55	30.0	6939	23230	23173	6181	14055
0:51:00	30.0	6872	23420	23204	6185	14008
0:51:05	30.0	6928	23530	23154	6225	13927
0:51:10	30.0	6980	23211	23229	6204	14034
0:51:15	30.0	6934	23342	23127	6143	13983
0:51:20	30.0	6901	23215	23242	6188	13947
0:51:25	30.0	6906	23153	23059	6220	13917
0:51:30	30.0	6892	23217	23123	6150	13986
0:51:35	30.0	6953	23415	23312	6145	13972
0:51:40	30.0	6934	23234	23255	6143	13939
0:51:45	30.0	6880	23467	23089	6203	14029
0:51:50	30.0	6887	23244	23389	6105	13978
0:51:55	30.0	6912	23228	23332	6206	14036
0:52:00	30.0	6968	23513	23234	6255	13966
0:52:05	30.0	6899	23180	23229	6116	13960
0:52:10	30.0	6930	23208	23261	6134	13956
0:52:15	30.0	6872	23150	23170	6139	14048
0:52:20	30.0	6900	23247	23069	6141	13948
0:52:25	30.0	6858	23398	23223	6128	14086
0:52:30	30.0	6888	23348	23162	6155	13983
0:52:35	30.0	6846	23351	23123	6147	14004
0:52:40	30.0	6897	23223	23409	6236	14085
0:52:45	30.0	6896	23315	23205	6239	14019
0:52:50	30.0	6873	23420	23170	6186	13926
0:52:55	30.0	6907	23455	23115	6151	13993
0:53:00	30.0	6895	23137	23242	6146	13926
0:53:05	30.0	6894	23334	23324	6166	13965
0:53:10	30.0	6908	23313	23055	6146	14019
0:53:15	30.0	6888	23475	23397	6185	13958
0:53:20	30.0	7010	23393	23163	6189	13925
0:53:25	30.0	6947	23288	23214	6156	14030
0:53:30	30.0	6967	23408	23447	6157	13922
0:53:35	30.0	6978	23361	23144	6175	14186
0:53:40	30.0	6948	23328	23465	6149	14027
0:53:45	30.0	6907	23373	23152	6155	13913
0:53:50	30.0	6964	23259	23053	6164	14109
0:53:55	30.0	6898	23145	23267	6167	14052
0:54:00	30.0	6960	23307	23105	6190	14114
0:54:05	30.0	6917	23438	23265	6109	13996
0:54:10	30.0	6906	23162	23122	6145	13963
0:54:15	30.0	6892	23316	23099	6209	14023
0:54:20	30.0	6940	23270	23037	6164	14026
0:54:25	30.0	6954	23243	23230	6164	13932
0:54:30	30.0	6950	23303	23204	6215	14130
0:54:35	30.0	6968	23295	23236	6212	14022
0:54:40	30.0	6916	23382	23038	6210	13980
0:54:45	30.0	6942	23248	23325	6239	14018
0:54:50	30.0	6912	23402	23216	6197	14057
0:54:55	30.0	6887	23401	23244	6212	14000
0:55:00	30.0	6932	23181	23156	6170	14037
0:55:05	30.0	6938	23390	23114	6176	14016
0:55:10	30.0	6966	23337	23277	6207	14083
0:55:15	30.0	6953	23445	23311	6213	14102
0:55:20	30.0	7004	23323	23116	6186	14024
0:55:25	30.0	6945	23138	23269	6192	13985
0:55:30	30.0	6940	23427	23113	6159	14075
0:55:35	30.0	6958	23022	23155	6177	14011
0:55:40	30.0	6939	23250	23130	6218	13904
0:55:45	30.0	6981	23452	23351	6231	13985
0:55:50	30.0	6945	23106	22961	6203	14061
0:55:55	30.0	6908	23444	23179	6217	13915
0:56:00	30.0	6985	23245	23251	6146	13912
0:56:05	30.0	6913	23392	23219	6165	14056
0:56:10	30.0	6943	23172	23213	6181	13998
0:56:15	30.0	6987	23179	23185	6215	14010
0:56:20	30.0	6960	23224	23102	6177	13934
0:56:25	30.0	6956	23187	23152	6151	13922
0:56:30	30.0	6929	23241	23247	6193	13894
0:56:35	30.0	6975	23358	23249	6223	13950
0:56:40	30.0	6976	23234	23411	6181	14025
0:56:45	30.0	6968	23268	23003	6208	13995
0:56:50	30.0	6964	23443	23283	6172	14098
0:56:55	30.0	6930	23486	23207	6223	13996
0:57:00	30.0	6905	23161	23102	6157	14014
0:57:05	30.0	6972	23243	23352	6216	13990
0:57:10	30.0	6982	23422	23208	6159	14036
0:57:15	30.0	7013	23639	23136	6185	13954
0:57:20	30.0	6973	23199	22999	6207	13975
0:57:25	30.0	6923	23268	23127	6150	14017
0:57:30	30.0	7007	23291	23220	6211	13993
0:57:35	30.0	6949	23290	23220	6167	13982
0:57:40	30.0	6989	23390	23213	6182	14035
0:57:45	30.0	7024	23197	23025	6195	13967
0:57:50	30.0	6931	23369	23133	6187	14010
0:57:55	30.0	6963	23376	23257	6217	13914
0:58:00	30.0	6934	23113	23102	6143	13934
0:58:05	30.0	7012	23344	23388	6129	14036
0:58:10	30.0	6935	23304	23164	6219	13910
0:58:15	30.0	7013	23214	23352	6224	14071
0:58:20	30.0	6986	23268	23309	6255	13981
0:58:25	30.0	7030	23257	23299	6216	14116
0:58:30	30.0	6951	23308	23305	6269	14034
0:58:35	30.0	6986	23355	23177	6171	14039
0:58:40	30.0	6959	23200	23272	6194	14091
0:58:45	30.0	6998	23374	23181	6192	13932
0:58:50	30.0	7013	23382	23171	6174	14024
0:58:55	30.0	6939	23222	23222	6170	14064
0:59:00	30.0	6959	23184	23158	6185	13986
0:59:05	30.0	7012	23173	23388	6207	14039
0:59:10	30.0	6992	23314	23224	6210	13908
0:59:15	30.0	7021	23424	23224	6236	13911
0:59:20	30.0	7001	23202	23143	6214	14065
0:59:25	30.0	6942	23361	23446	6198	14027
0:59:30	30.0	7018	23345	23060	6197	13886
0:59:35	30.0	7030	23286	23052	6233	13948
0:59:40	30.0	7054	23315	23154	6191	13989
0:59:45	30.0	6970	23181	23273	6210	13955
0:59:50	30.0	7021	23353	23055	6178	13999
0:59:55	30.0	6948	23311	23115	6196	13841
1:00:00	30.0	6974	23327	23147	6265	13949
1:00:05	30.0	6981	23291	23357	6230	13930
1:00:10	30.0	7043	23389	23262	6171	14087
1:00:15	30.0	6953	23306	23162	6191	13988
1:00:20	30.0	7022	23378	23270	6177	13975
1:00:25	30.0	6965	23296	23237	6229	13991
1:00:30	30.0	7017	23369	23123	6190	13917
1:00:35	30.0	6999	23394	23213	6272	13900
1:00:40	30.0	7034	23197	23256	6242	13927
1:00:45	30.0	7053	23483	23056	6214	14093
1:00:50	30.0	7018	23430	23192	6188	13951
1:00:55	30.0	7061	23235	23038	6245	14025
1:01:00	30.0	6993	23254	23206	6231	13895
1:01:05	30.0	7006	23265	23203	6245	13970
1:01:10	30.0	7008	23341	23307	6205	14009
1:01:15	30.0	7052	23331	23277	6191	14034
1:01:20	30.0	6993	23387	23111	6171	13998
1:01:25	30.0	7002	23337	23302	6248	14097
1:01:30	30.0	7027	23421	23179	6191	13944
1:01:35	30.0	7046	23324	23228	6230	13932
1:01:40	30.0	7111	23218	23166	6220	13914
1:01:45	30.0	7090	23234	23046	6236	14030
1:01:50	30.0	7078	23236	23245	6231	13976
1:01:55	30.0	7129	23364	23114	6205	14024
1:02:00	30.0	7028	23308	23293	6194	13975
1:02:05	30.0	7067	23265	23108	6227	13916
1:02:10	30.0	7010	23375	23171	6261	13957
1:02:15	30.0	7053	23266	23242	6225	13940
1:02:20	30.0	7092	23333	23265	6186	13929
1:02:25	30.0	7088	23309	23233	6193	13981
1:02:30	30.0	7063	23273	23340	6286	14069
1:02:35	30.0	7108	23207	23218	6269	13939
1:02:40	30.0	7108	23402	23305	6234	13999
1:02:45	30.0	7082	23214	23081	6249	14068
1:02:50	30.0	7004	23299	23332	6224	14170
1:02:55	30.0	7115	23136	23219	6192	13888
1:03:00	30.0	7137	23248	23098	6230	13919
1:03:05	30.0	7046	23387	23047	6219	14058
1:03:10	30.0	7041	23247	23240	6226	14059
1:03:15	30.0	7062	23215	23192	6292	13994
1:03:20	30.0	7004	23225	23045	6216	13939
1:03:25	30.0	7054	23316	23175	6199	13933
1:03:30	30.0	7085	23223	23207	6197	13879
1:03:35	30.0	7104	23466	23236	6211	13885
1:03:40	30.0	7018	23399	23264	6266	13939
1:03:45	30.0	7126	23463	23065	6208	13937
1:03:50	30.0	7039	23180	23095	6220	13892
1:03:55	30.0	7109	23395	23161	6235	13934
1:04:00	30.0	7015	23212	23318	6200	13985
1:04:05	30.0	7095	23240	23154	6153	13976
1:04:10	30.0	6970	23213	23429	6266	13966
1:04:15	30.0	7116	23350	23169	6215	13952
1:04:20	30.0	7117	23343	23313	6189	14010
1:04:25	30.0	7169	23267	23194	6223	13912
1:04:30	30.0	7038	23496	23280	6189	13991
1:04:35	30.0	7115	23272	23325	6172	14090
1:04:40	30.0	7089	23173	23134	6259	13860
1:04:45	30.0	7123	23397	23148	6186	13899
1:04:50	30.0	7096	23242	23080	6194	14006
1:04:55	30.0	7099	23115	23310	6159	13975
1:05:00	30.0	7093	23335	23127	6288	13926
1:05:05	30.0	7105	23113	23212	6239	13969
1:05:10	30.0	7105	23299	23128	6266	13868
1:05:15	30.0	7084	23334	23121	6227	13946
1:05:20	30.0	7054	23253	23314	6231	13896
1:05:25	30.0	7159	23314	23191	6261	14013
1:05:30	30.0	7109	23311	23047	6256	13983
1:05:35	30.0	7150	23122	23163	6228	13944
1:05:40	30.0	7037	23307	23096	6229	14017
1:05:45	30.0	7166	23315	23206	6237	13878
1:05:50	30.0	7076	23291	23292	6245	14026
1:05:55	30.0	7044	23213	23228	6215	13942
1:06:00	30.0	7139	23338	23158	6252	13863
1:06:05	30.0	7139	23218	23047	6265	13998
1:06:10	30.0	7100	23309	23277	6243	13903
1:06:15	30.0	7097	23232	23265	6280	13990
1:06:20	30.0	7059	23269	23125	6247	13987
1:06:25	30.0	7117	23346	23082	6228	13982
1:06:30	30.0	7088	23336	23238	6266	13847
1:06:35	30.0	7107	23164	23177	6219	13816
1:06:40	30.0	7121	23255	23284	6247	13981
1:06:45	30.0	7126	23249	23149	6218	13967
1:06:50	30.0	7083	23306	23128	6291	13972
1:06:55	30.0	7085	23259	23156	6225	13951
1:07:00	30.0	7151	23198	23148	6214	13846
1:07:05	30.0	7137	23498	23326	6230	14014
1:07:10	30.0	7073	23372	23132	6277	13909
1:07:15	30.0	7098	23316	23238	6242	13792
1:07:20	30.0	7108	23172	23187	6230	13911
1:07:25	30.0	7071	23414	23095	6252	13960
1:07:30	30.0	7086	23338	23234	6257	13962
1:07:35	30.0	7133	23250	23260	6310	14000
1:07:40	30.0	7146	23278	23137	6218	13795
1:07:45	30.0	7205	23398	23172	6252	13946
1:07:50	30.0	7096	23194	22990	6207	13915
1:07:55	30.0	7066	23351	23228	6309	13994
1:08:00	30.0	7115	23020	23218	6261	13811
1:08:05	30.0	7178	23395	23026	6294	13951
1:08:10	30.0	7131	23256	22982	6220	13935
1:08:15	30.0	7123	23364	23150	6194	13992
1:08:20	30.0	7186	23218	23073	6227	14028
1:08:25	30.0	7080	23281	23040	6285	14040
1:08:30	30.0	7150	23271	23263	6205	13870
1:08:35	30.0	7128	23095	23120	6213	13959
1:08:40	30.0	7122	23252	23164	6231	13938
1:08:45	30.0	7109	23352	23005	6241	13921
1:08:50	30.0	7108	23151	23258	6258	13963
1:08:55	30.0	7114	23104	23226	6232	13901
1:09:00	30.0	7114	23217	23241	6258	13982
1:09:05	30.0	7147	23290	23157	6202	13968
1:09:10	30.0	7195	23228	23242	6241	13924
1:09:15	30.0	7154	23438	23080	6207	13948
1:09:20	30.0	7138	23266	23420	6274	14002
1:09:25	30.0	7118	23182	23091	6350	13915
1:09:30	30.0	7122	23222	23124	6269	14029
1:09:35	30.0	7141	23254	23271	6261	13884
1:09:40	30.0	7120	23325	23060	6288	13910
1:09:45	30.0	7120	23067	23017	6246	14033
1:09:50	30.0	7164	23413	23124	6284	14006
1:09:55	30.0	7098	23260	23200	6264	13945
1:10:00	30.0	7178	23293	23009	6256	13994
1:10:05	30.0	7157	23265	23309	6227	14037
1:10:10	30.0	7222	23508	23255	6250	13984
1:10:15	30.0	7130	23335	23038	6272	13878
1:10:20	30.0	7091	23136	23105	6289	13880
1:10:25	30.0	7151	23298	23176	6223	13943
1:10:30	30.0	7179	23205	23038	6234	13918
1:10:35	30.0	7134	23310	23317	6286	13877
1:10:40	30.0	7216	23117	23341	6225	13920
1:10:45	30.0	7142	23298	23214	6316	14023
1:10:50	30.0	7182	23247	23332	6210	14051
1:10:55	30.0	7136	23405	23077	6315	13998
1:11:00	30.0	7112	23483	23281	6273	14157
1:11:05	30.0	7117	23156	23100	6249	13953
1:11:10	30.0	7133	23143	23023	6239	13966
1:11:15	30.0	7201	23202	23038	6235	13979
1:11:20	30.0	7160	23169	23196	6247	13851
1:11:25	30.0	7246	23389	23161	6235	14114
1:11:30	30.0	7198	23339	23202	6218	13982
1:11:35	30.0	7216	23293	23259	6266	13796
1:11:40	30.0	7200	23363	23061	6264	13874
1:11:45	30.0	7231	23171	22973	6258	13904
1:11:50	30.0	7167	23306	23098	6226	14047
1:11:55	30.0	7200	23280	23200	6233	13962
1:12:00	30.0	7147	23313	23019	6298	14015
1:12:05	30.0	7119	23463	23474	6196	13912
1:12:10	30.0	7165	23541	23204	6199	13963
1:12:15	30.0	7174	23358	23088	6270	13946
1:12:20	30.0	7222	23158	23234	6316	13888
1:12:25	30.0	7166	23303	23063	6244	13907
1:12:30	30.0	7169	23312	23318	6235	13978
1:12:35	30.0	7188	23372	23143	6263	13999
1:12:40	30.0	7239	23331	23103	6246	13942
1:12:45	30.0	7180	23110	23145	6245	14024
1:12:50	30.0	7159	23283	23288	6244	13926
1:12:55	30.0	7172	23350	23091	6260	14011
1:13:00	30.0	7233	23473	23105	6282	13929
1:13:05	30.0	7209	23354	23201	6303	13957
1:13:10	30.0	7180	23387	23159	6234	14009
1:13:15	30.0	7133	23428	23063	6322	13789
1:13:20	30.0	7271	23333	23303	6262	14039
1:13:25	30.0	7197	23279	23175	6269	13958
1:13:30	30.0	7230	23316	23152	6281	14031
1:13:35	30.0	7180	23157	23084	6243	13883
1:13:40	30.0	7179	23188	23065	6286	13968
1:13:45	30.0	7234	23308	23176	6318	13906
1:13:50	30.0	7191	23209	23250	6253	13834
1:13:55	30.0	7170	23125	22985	6307	13948
1:14:00	30.0	7183	23318	23287	6281	13899
1:14:05	30.0	7197	23112	23167	6247	13886
1:14:10	30.0	7199	23412	23222	6279	13861
1:14:15	30.0	7281	23198	23148	6267	13850
1:14:20	30.0	7232	23187	23139	6282	13851
1:14:25	30.0	7183	23240	23097	6289	14072
1:14:30	30.0	7256	23474	23075	6277	13920
1:14:35	30.0	7256	23195	23281	6256	13885
1:14:40	30.0	7179	23206	23363	6317	13994
1:14:45	30.0	7273	23290	23157	6257	14044
1:14:50	30.0	7171	23255	22998	6271	14075
1:14:55	30.0	7165	23134	23065	6236	13889
1:15:00	30.0	7267	23251	23238	6304	13908
1:15:05	30.0	7228	23321	23195	6334	13955
1:15:10	30.0	7292	23309	23057	6284	13851
1:15:15	30.0	7256	23282	23051	6285	13980
1:15:20	30.0	7252	23254	23196	6267	14024
1:15:25	30.0	7269	23280	23209	6271	14036
1:15:30	30.0	7211	23324	23279	6215	13897
1:15:35	30.0	7232	23399	23050	6230	14011
1:15:40	30.0	7220	23279	23048	6273	13929
1:15:45	30.0	7220	23283	23301	6311	13959
1:15:50	30.0	7211	23143	23011	6271	13871
1:15:55	30.0	7240	23154	23079	6217	13974
1:16:00	30.0	7182	23118	23190	6309	13972
1:16:05	30.0	7260	23186	23266	6278	13952
1:16:10	30.0	7220	23186	23044	6253	13890
1:16:15	30.0	7235	23279	23262	6334	13978
1:16:20	30.0	7213	23393	23110	6261	13962
1:16:25	30.0	7270	23401	23160	6284	13984
1:16:30	30.0	7226	23399	23099	6315	14005
1:16:35	30.0	7277	23366	23031	6290	13949
1:16:40	30.0	7230	23419	23034	6217	13828
1:16:45	30.0	7226	23161	23074	6299	14020
1:16:50	30.0	7253	23188	23011	6234	13914
1:16:55	30.0	7212	23312	22985	6324	14027
1:17:00	30.0	7302	23141	23193	6266	13962
1:17:05	30.0	7250	23381	23220	6330	13898
1:17:10	30.0	7285	23326	23096	6284	13884
1:17:15	30.0	7237	23327	23087	6315	13960
1:17:20	30.0	7177	23302	23204	6287	13978
1:17:25	30.0	7222	23185	23100	6312	13985
1:17:30	30.0	7237	23049	23156	6305	13973
1:17:35	30.0	7183	23252	23112	6224	14009
1:17:40	30.0	7213	23224	23095	6305	13911
1:17:45	30.0	7195	23106	23166	6276	13913
1:17:50	30.0	7278	23132	22847	6261	13881
1:17:55	30.0	7302	23383	23214	6269	13892
1:18:00	30.0	7212	23256	23133	6296	13869
1:18:05	30.0	7264	23342	23188	6271	13970
1:18:10	30.0	7302	23384	23245	6237	14015
1:18:15	30.0	7199	23305	23033	6305	13872
1:18:20	30.0	7251	23459	23226	6303	13934
1:18:25	30.0	7264	23496	23132	6309	13846
1:18:30	30.0	7248	23414	23250	6315	13844
1:18:35	30.0	7255	23180	23013	6269	13846
1:18:40	30.0	7267	23167	23317	6304	13958
1:18:45	30.0	7292	23253	23103	6282	13943
1:18:50	30.0	7238	23366	23086	6297	13984
1:18:55	30.0	7302	23242	23113	6301	13873
1:19:00	30.0	7209	23216	23182	6249	14003
1:19:05	30.0	7174	23195	23073	6303	13896
1:19:10	30.0	7296	23185	23034	6282	13917
1:19:15	30.0	7267	23349	23148	6294	13875
1:19:20	30.0	7291	23401	23096	6299	13932
1:19:25	30.0	7263	23221	23243	6258	13978
1:19:30	30.0	7262	23178	23098	6318	14070
1:19:35	30.0	7349	23260	23376	6294	13993
1:19:40	30.0	7297	23338	23070	6370	13929
1:19:45	30.0	7302	23347	23151	6261	13965
1:19:50	30.0	7289	23097	23182	6267	13931
1:19:55	30.0	7244	23269	23208	6337	13925
1:20:00	30.0	7239	23215	23212	6288	13887

Results
	1	2	3	4	5	6	7	8	9	10	11	12
A													Max V [425,457]
													R-Squared [425,457]
													t at Max V [425,457]
													Lagtime [425,457]
B													Max V [425,457]
													R-Squared [425,457]
													t at Max V [425,457]
													Lagtime [425,457]
C													Max V [425,457]
													R-Squared [425,457]
													t at Max V [425,457]
													Lagtime [425,457]
D													Max V [425,457]
													R-Squared [425,457]
													t at Max V [425,457]
													Lagtime [425,457]
E		-1956000.000	5724000.000	-5940000.000	-1668000.000	4104000.000							Max V [425,457]
		1.000	1.000	1.000	1.000	1.000							R-Squared [425,457]
		0:32:28	0:32:18	0:36:33	0:52:03	0:26:18							t at Max V [425,457]
		0:32:41	0:29:23	0:39:23	0:52:14	0:24:23							Lagtime [425,457]
F													Max V [425,457]
													R-Squared [425,457]
													t at Max V [425,457]
													Lagtime [425,457]
G													Max V [425,457]
													R-Squared [425,457]
													t at Max V [425,457]
													Lagtime [425,457]
H													Max V [425,457]
													R-Squared [425,457]
													t at Max V [425,457]
													Lagtime [425,457]

