

Software Version	3.03.14



Experiment File Path:	C:\Users\Public\Documents\Experiments\Tina\20200609_GAP_assay.xpt
Protocol File Path:	C:\Users\Public\Documents\Protocols\Tina\GAP_sensor_assay.prt



Plate Number	Plate 1
Date	6/9/2020
Time	2:07:38 PM
Reader Type:	Synergy H1
Reader Serial Number:	1803011C
Reading Type	Reader

Procedure Details

Plate Type	Costar 96 well half area
Set Temperature	Setpoint 30°C
Start Kinetic	Runtime 1:20:00 (HH:MM:SS), Interval 0:00:05, 961 Reads
    Read	Fluorescence Endpoint
	A2..A9
	Filter Set 1
	    Excitation: 425,  Emission: 457
	    Optics: Bottom,  Gain: 57
	Light Source: Xenon Flash,  Lamp Energy: High
	Read Speed: Normal,  Delay: 0 msec,  Measurements/Data Point: 5
	Read Height: 7 mm
End Kinetic	


Layout
	1	2	3	4	5	6	7	8	9	10	11	12
A		SPL1	SPL2	SPL3	SPL4	SPL5	SPL6	SPL7	SPL8				Well ID
B													Well ID
C													Well ID
D													Well ID
E													Well ID
F													Well ID
G													Well ID
H													Well ID
425,457

Time	T° 425,457	A2	A3	A4	A5	A6	A7	A8	A9
0:00:00	30.0	6808	7092	6495	6438	8616	8654	8998	9653
0:00:05	30.0	6826	7164	6521	6547	8645	8685	9017	9760
0:00:10	30.0	6823	7223	6532	6583	8627	8790	9052	10046
0:00:15	30.0	6795	7292	6559	6621	8708	8825	9068	10158
0:00:20	30.0	6885	7372	6567	6693	8615	8887	9072	10348
0:00:25	30.0	6830	7390	6524	6809	8623	8911	9079	10519
0:00:30	30.1	6848	7463	6514	6883	8654	8977	9131	10711
0:00:35	30.0	6837	7487	6588	6914	8734	8939	9156	10852
0:00:40	30.0	6886	7567	6565	6997	8720	9024	9127	11105
0:00:45	30.0	6894	7617	6591	6991	8738	9013	9140	11251
0:00:50	30.0	6929	7695	6558	7108	8724	9014	9091	11404
0:00:55	30.0	6861	7754	6535	7135	8690	9056	9154	11576
0:01:00	30.0	6937	7859	6539	7177	8698	9099	9163	11721
0:01:05	30.0	6912	7858	6571	7194	8721	9103	9151	11992
0:01:10	30.0	6916	7921	6515	7238	8748	9139	9097	12163
0:01:15	30.0	6963	8014	6535	7359	8667	9098	9120	12337
0:01:20	30.0	6939	8053	6588	7395	8684	9193	9108	12456
0:01:25	30.0	6927	8125	6587	7458	8651	9195	9144	12518
0:01:30	30.0	6924	8195	6606	7511	8721	9299	9136	12802
0:01:35	30.0	6942	8177	6581	7617	8690	9255	9137	12898
0:01:40	30.0	6929	8333	6567	7655	8647	9342	9137	13085
0:01:45	30.0	6932	8425	6615	7689	8709	9357	9189	13359
0:01:50	30.0	6977	8408	6588	7762	8688	9404	9159	13494
0:01:55	30.0	6916	8398	6596	7761	8654	9399	9104	13648
0:02:00	30.0	6945	8459	6588	7871	8727	9380	9179	13761
0:02:05	30.0	6983	8613	6609	7953	8650	9451	9185	13958
0:02:10	30.0	6973	8608	6627	8051	8702	9519	9164	14075
0:02:15	30.0	7003	8709	6627	8050	8626	9585	9200	14242
0:02:20	30.0	6969	8741	6645	8159	8685	9560	9187	14552
0:02:25	30.0	6990	8819	6617	8179	8745	9593	9187	14716
0:02:30	30.0	7004	8921	6618	8242	8658	9604	9110	14751
0:02:35	30.0	7037	8925	6615	8272	8698	9676	9099	15021
0:02:40	30.0	7006	9019	6612	8381	8685	9689	9234	15305
0:02:45	30.0	6989	9013	6659	8411	8752	9697	9243	15304
0:02:50	30.0	6954	9104	6652	8513	8765	9755	9260	15569
0:02:55	30.0	6970	9111	6610	8500	8653	9816	9199	15756
0:03:00	30.0	7005	9256	6598	8604	8695	9772	9183	15856
0:03:05	30.0	7033	9291	6627	8662	8718	9824	9191	16103
0:03:10	30.0	7032	9259	6679	8708	8751	10031	9254	16207
0:03:15	30.0	7031	9496	6642	8717	8732	9930	9232	16517
0:03:20	30.0	7051	9470	6654	8848	8751	9930	9165	16519
0:03:25	30.0	6985	9608	6694	8852	8656	10037	9182	16800
0:03:30	30.0	6968	9573	6647	8906	8730	9947	9177	16899
0:03:35	30.0	7024	9701	6687	9037	8765	10051	9254	17153
0:03:40	30.0	7063	9732	6661	9101	8741	10050	9307	17244
0:03:45	30.0	7049	9823	6659	9125	8642	10097	9319	17528
0:03:50	30.0	7074	9826	6698	9161	8686	10102	9266	17629
0:03:55	30.0	7047	9893	6665	9274	8744	10094	9253	17870
0:04:00	30.0	7068	9963	6640	9327	8765	10138	9282	17918
0:04:05	30.0	7074	10013	6698	9304	8707	10152	9259	18119
0:04:10	30.0	7053	10054	6676	9398	8719	10251	9229	18271
0:04:15	30.0	7098	10172	6673	9507	8663	10378	9295	18520
0:04:20	30.0	7105	10268	6731	9646	8750	10349	9298	18548
0:04:25	30.0	7029	10251	6703	9542	8721	10317	9294	18918
0:04:30	30.0	7058	10354	6672	9568	8711	10320	9329	19051
0:04:35	30.0	7079	10326	6698	9724	8732	10374	9268	19183
0:04:40	30.0	7076	10448	6681	9851	8695	10510	9296	19446
0:04:45	30.0	7051	10634	6671	9859	8753	10460	9255	19413
0:04:50	30.0	7083	10557	6713	9901	8665	10567	9354	19658
0:04:55	30.0	7129	10640	6740	9925	8753	10609	9233	19956
0:05:00	30.0	7114	10738	6722	10040	8778	10573	9295	20076
0:05:05	30.0	7101	10736	6728	10112	8681	10580	9295	20194
0:05:10	30.0	7115	10752	6740	10192	8770	10662	9334	20342
0:05:15	30.0	7100	10907	6741	10199	8773	10723	9277	20601
0:05:20	30.0	7140	10957	6712	10338	8755	10657	9361	20764
0:05:25	30.0	7120	10977	6747	10324	8710	10660	9325	20906
0:05:30	30.0	7175	11158	6699	10326	8768	10818	9383	20902
0:05:35	30.0	7067	11109	6717	10436	8743	10832	9324	21279
0:05:40	30.1	7148	11124	6735	10487	8726	10794	9289	21353
0:05:45	30.0	7161	11244	6748	10539	8686	10892	9367	21548
0:05:50	30.0	7167	11337	6736	10646	8714	10856	9317	21787
0:05:55	30.0	7126	11355	6717	10729	8755	10924	9267	21863
0:06:00	30.0	7147	11358	6707	10690	8746	10937	9274	22133
0:06:05	30.0	7136	11502	6772	10779	8806	11014	9322	22112
0:06:10	30.0	7192	11503	6779	10904	8670	11074	9384	22399
0:06:15	30.0	7134	11574	6717	10906	8744	11102	9324	22546
0:06:20	30.0	7153	11657	6754	10967	8744	11150	9347	22712
0:06:25	30.0	7115	11726	6767	11020	8658	11171	9320	22926
0:06:30	30.0	7127	11699	6754	11059	8732	11253	9444	23016
0:06:35	30.0	7215	11880	6701	11135	8807	11228	9427	23234
0:06:40	30.0	7160	11882	6737	11277	8733	11351	9318	23511
0:06:45	30.0	7168	11936	6744	11340	8799	11241	9411	23709
0:06:50	30.0	7160	11995	6770	11293	8745	11286	9369	23802
0:06:55	30.0	7204	12061	6799	11503	8758	11408	9381	23891
0:07:00	30.0	7192	12093	6835	11420	8772	11352	9333	23984
0:07:05	30.0	7163	12205	6708	11559	8769	11353	9329	24397
0:07:10	30.0	7176	12168	6824	11626	8810	11516	9400	24496
0:07:15	30.0	7153	12259	6728	11696	8751	11494	9442	24584
0:07:20	30.0	7135	12390	6727	11733	8744	11562	9400	24730
0:07:25	30.0	7194	12480	6788	11672	8740	11626	9424	24969
0:07:30	30.0	7178	12452	6761	11851	8706	11631	9408	25076
0:07:35	30.0	7154	12514	6777	11950	8692	11653	9455	25416
0:07:40	30.0	7169	12443	6707	11890	8816	11647	9391	25564
0:07:45	30.0	7156	12609	6785	12065	8739	11659	9510	25619
0:07:50	30.0	7180	12637	6756	12056	8796	11757	9403	25725
0:07:55	30.0	7266	12753	6780	12144	8788	11752	9414	25917
0:08:00	30.0	7196	12747	6795	12239	8693	11789	9425	25989
0:08:05	30.0	7206	12851	6797	12225	8748	11828	9432	26417
0:08:10	30.0	7232	12941	6787	12295	8785	11819	9470	26336
0:08:15	30.0	7212	12961	6791	12361	8771	11939	9478	26638
0:08:20	30.0	7223	13098	6812	12397	8745	11970	9469	26819
0:08:25	30.0	7237	13097	6791	12473	8759	11936	9462	26978
0:08:30	30.0	7226	13158	6812	12544	8773	12099	9486	27179
0:08:35	30.0	7251	13162	6829	12605	8787	12029	9479	27475
0:08:40	30.0	7268	13255	6830	12649	8837	12091	9434	27506
0:08:45	30.0	7229	13336	6800	12763	8724	12147	9498	27616
0:08:50	30.0	7254	13495	6779	12782	8805	12235	9495	27651
0:08:55	30.0	7290	13391	6804	12796	8835	12242	9509	27883
0:09:00	30.0	7237	13558	6774	12887	8798	12248	9428	28001
0:09:05	30.0	7248	13634	6780	13007	8777	12318	9525	28239
0:09:10	30.0	7204	13620	6770	13004	8787	12324	9544	28461
0:09:15	30.0	7264	13645	6805	13143	8751	12345	9522	28582
0:09:20	30.0	7296	13746	6734	13165	8732	12432	9540	28744
0:09:25	30.0	7279	13669	6797	13272	8765	12495	9532	28824
0:09:30	30.0	7328	13796	6813	13262	8784	12557	9494	29210
0:09:35	30.0	7303	13850	6836	13278	8798	12524	9561	29346
0:09:40	30.0	7261	13944	6808	13451	8769	12510	9508	29203
0:09:45	30.0	7328	13999	6794	13403	8754	12567	9503	29298
0:09:50	30.0	7289	14162	6824	13486	8770	12727	9521	29592
0:09:55	30.0	7290	14296	6892	13586	8776	12646	9568	29794
0:10:00	30.0	7267	14289	6806	13653	8859	12691	9473	29949
0:10:05	30.0	7297	14258	6824	13666	8803	12797	9561	30081
0:10:10	30.0	7256	14272	6816	13646	8734	12738	9455	30123
0:10:15	30.0	7307	14395	6797	13891	8792	12784	9563	30150
0:10:20	30.0	7279	14511	6809	13812	8756	12739	9558	30491
0:10:25	30.0	7286	14625	6807	13930	8757	12842	9528	30625
0:10:30	30.0	7256	14570	6873	13980	8772	12938	9557	30725
0:10:35	30.0	7305	14556	6797	14037	8817	12960	9572	30924
0:10:40	30.0	7357	14646	6809	14134	8770	12905	9558	31175
0:10:45	30.0	7294	14669	6787	14166	8723	12952	9610	31269
0:10:50	30.0	7334	14824	6868	14149	8825	13009	9545	31470
0:10:55	29.9	7323	14846	6856	14280	8779	13097	9610	31541
0:11:00	30.0	7290	14953	6801	14216	8773	13065	9530	31696
0:11:05	30.0	7340	14988	6827	14351	8785	13101	9600	31964
0:11:10	30.0	7339	15031	6837	14437	8758	13167	9615	31990
0:11:15	30.0	7295	15151	6843	14408	8808	13233	9622	32032
0:11:20	30.0	7319	15090	6819	14484	8728	13283	9639	32335
0:11:25	30.0	7376	15060	6842	14594	8839	13250	9590	32403
0:11:30	30.0	7388	15244	6855	14703	8879	13332	9598	32553
0:11:35	30.0	7329	15313	6892	14761	8688	13327	9624	32693
0:11:40	30.0	7322	15409	6869	14684	8767	13371	9687	32918
0:11:45	30.0	7365	15318	6937	14800	8834	13423	9622	32885
0:11:50	30.0	7329	15423	6960	14909	8835	13484	9682	32938
0:11:55	30.0	7350	15518	6857	15066	8769	13542	9663	33300
0:12:00	30.0	7386	15666	6878	15142	8822	13513	9581	33134
0:12:05	30.1	7383	15595	6914	15023	8739	13597	9657	33566
0:12:10	30.1	7360	15622	6883	15203	8760	13621	9686	33716
0:12:15	30.0	7382	15798	6886	15290	8823	13608	9621	33915
0:12:20	30.0	7373	15825	6857	15146	8703	13708	9655	33595
0:12:25	30.0	7356	15819	6921	15137	8773	13713	9702	34085
0:12:30	30.0	7388	15810	6895	15325	8811	13796	9613	34204
0:12:35	30.0	7430	15997	6902	15278	8817	13723	9669	34076
0:12:40	30.0	7449	15960	6886	15409	8742	13726	9659	34263
0:12:45	30.0	7395	16017	6927	15418	8785	13902	9648	34488
0:12:50	30.0	7388	16126	6907	15668	8858	13767	9709	34745
0:12:55	30.0	7357	16260	6904	15589	8830	13971	9663	34641
0:13:00	30.0	7396	16379	6863	15581	8828	13951	9660	35127
0:13:05	30.0	7421	16345	6884	15688	8767	13986	9727	34882
0:13:10	30.0	7399	16445	6899	15807	8874	14066	9732	35343
0:13:15	30.0	7343	16387	6945	15813	8752	14011	9718	35113
0:13:20	30.0	7390	16481	6927	15855	8773	14089	9699	35103
0:13:25	30.0	7442	16601	6881	15951	8796	14090	9729	35440
0:13:30	30.0	7427	16612	6925	16046	8820	14153	9782	35518
0:13:35	30.0	7389	16762	6934	15964	8861	14340	9663	35656
0:13:40	30.0	7397	16663	6904	16215	8764	14266	9756	35869
0:13:45	30.0	7369	16779	6931	16198	8814	14360	9787	35848
0:13:50	30.0	7437	16804	6959	16241	8761	14292	9747	36064
0:13:55	30.0	7370	16877	6914	16197	8825	14431	9734	36032
0:14:00	30.0	7436	16891	6931	16290	8809	14428	9786	36140
0:14:05	30.0	7402	16991	7019	16364	8727	14422	9758	36255
0:14:10	30.0	7445	17114	6943	16358	8784	14548	9704	36650
0:14:15	30.0	7467	17131	6882	16556	8823	14506	9719	36294
0:14:20	30.0	7464	17236	6935	16725	8791	14498	9794	36537
0:14:25	30.0	7509	17181	6957	16649	8842	14634	9677	36950
0:14:30	30.0	7457	17353	6961	16718	8853	14697	9744	36648
0:14:35	30.0	7516	17321	6994	16828	8852	14677	9775	36694
0:14:40	30.0	7501	17449	6951	16681	8820	14731	9752	36963
0:14:45	30.0	7508	17448	6967	16788	8831	14828	9741	37117
0:14:50	30.0	7421	17636	6955	16907	8750	14761	9722	37119
0:14:55	30.0	7457	17421	6909	17013	8776	14792	9750	37112
0:15:00	30.0	7553	17568	6908	17013	8808	14759	9765	37145
0:15:05	30.0	7501	17652	6995	17124	8783	14771	9811	37237
0:15:10	30.0	7457	17683	6988	17019	8802	14889	9812	37620
0:15:15	30.0	7459	17885	6953	17096	8831	14892	9739	37510
0:15:20	30.0	7523	17808	7027	17348	8839	14951	9842	37940
0:15:25	30.0	7499	17844	7000	17156	8893	14937	9870	37693
0:15:30	30.0	7518	17954	6957	17335	8776	15088	9773	37968
0:15:35	30.0	7514	17991	6987	17349	8839	15096	9778	38112
0:15:40	30.0	7539	17864	6972	17393	8795	15254	9813	37835
0:15:45	30.0	7526	18077	6917	17549	8779	15151	9881	37921
0:15:50	30.0	7458	18163	6983	17501	8810	15111	9821	38152
0:15:55	30.0	7500	18304	7032	17574	8789	15216	9816	38089
0:16:00	30.0	7543	18312	6971	17654	8782	15188	9896	38288
0:16:05	30.0	7509	18315	6939	17769	8857	15219	9937	38524
0:16:10	30.0	7538	18381	7002	17785	8812	15134	9896	38492
0:16:15	30.0	7567	18399	7038	17718	8835	15297	9840	38295
0:16:20	30.0	7533	18525	6935	17815	8831	15476	9807	38431
0:16:25	30.0	7561	18630	6976	17880	8804	15396	9823	38477
0:16:30	30.0	7532	18507	6945	18009	8845	15549	9883	38816
0:16:35	30.0	7529	18621	6982	17966	8869	15650	9895	38483
0:16:40	30.0	7487	18628	7044	18131	8834	15538	9762	38343
0:16:45	30.0	7574	18818	7056	18109	8844	15527	9800	38886
0:16:50	30.0	7574	18789	7054	18166	8913	15674	9892	38879
0:16:55	30.0	7583	18984	7084	18241	8818	15640	9872	38888
0:17:00	30.0	7547	19101	6987	18359	8825	15767	9814	38826
0:17:05	30.0	7587	18917	7033	18340	8823	15686	9805	38698
0:17:10	30.0	7583	19021	6987	18362	8820	15718	9921	38949
0:17:15	30.0	7572	19086	7028	18457	8868	15922	9809	38740
0:17:20	30.0	7601	19126	7003	18391	8804	15746	9913	38990
0:17:25	30.0	7616	19178	7006	18462	8881	15799	9865	39009
0:17:30	30.0	7603	19376	6981	18543	8922	15831	9846	39091
0:17:35	30.0	7566	19464	7031	18648	8910	15946	9926	39206
0:17:40	30.0	7611	19437	7028	18746	8855	16028	9920	39178
0:17:45	30.0	7602	19558	7078	18679	8856	16029	9843	39170
0:17:50	30.0	7590	19549	7034	18691	8816	15940	9934	38873
0:17:55	30.0	7595	19605	7037	18808	8803	16008	9929	39272
0:18:00	30.0	7648	19458	7005	18863	8826	16057	9953	39383
0:18:05	30.0	7548	19544	7043	18899	8821	16083	9868	39162
0:18:10	30.0	7636	19777	7004	18962	8901	16184	9947	39184
0:18:15	30.0	7605	19708	7021	19049	8776	16210	9889	39149
0:18:20	30.0	7597	19752	7010	18930	8835	16158	9928	39158
0:18:25	30.0	7575	19903	7023	19104	8848	16164	9944	39150
0:18:30	30.0	7617	19928	7024	19329	8864	16343	9859	39459
0:18:35	30.0	7626	19828	7065	19262	8790	16372	9921	39337
0:18:40	30.0	7641	19987	7043	19177	8888	16299	9933	39209
0:18:45	30.0	7665	19998	7060	19397	8887	16374	9999	39512
0:18:50	30.0	7618	20061	7044	19451	8881	16412	9976	39331
0:18:55	30.0	7658	20245	7109	19523	8839	16533	10006	39483
0:19:00	30.0	7602	20197	7038	19382	8878	16538	9881	39456
0:19:05	30.0	7610	20215	7090	19409	8864	16586	9926	39392
0:19:10	30.0	7669	20370	7095	19584	8889	16525	10001	39637
0:19:15	30.0	7685	20312	7097	19760	8798	16503	9936	39218
0:19:20	30.0	7578	20361	7023	19636	8862	16834	10013	39619
0:19:25	30.0	7681	20557	6995	19626	8822	16706	9966	39421
0:19:30	30.0	7584	20633	7107	19650	8732	16645	10053	39213
0:19:35	30.0	7684	20576	7101	19989	8815	16771	9911	39486
0:19:40	30.0	7665	20508	7085	20045	8825	16915	10007	39478
0:19:45	30.0	7685	20671	7060	19907	8889	16754	10016	39408
0:19:50	30.0	7711	20860	7112	20041	8847	16940	10034	39612
0:19:55	30.0	7705	20756	7024	20060	8848	16837	10039	39419
0:20:00	30.0	7644	20802	7030	20024	8980	16916	10082	39596
0:20:05	30.0	7700	20912	7085	20025	8857	16927	9966	39313
0:20:10	30.0	7656	20821	7135	20033	8819	17081	10068	39565
0:20:15	30.0	7687	20790	7096	19998	8825	17067	10039	39405
0:20:20	30.0	7716	20932	7106	20195	8830	17041	9950	39605
0:20:25	30.0	7748	21095	7108	20403	8800	17157	9951	39770
0:20:30	30.0	7710	21126	7107	20467	8839	17159	10056	39621
0:20:35	30.0	7663	21186	7097	20408	8796	17134	10063	39615
0:20:40	30.0	7661	21331	7069	20461	8823	17268	10102	39861
0:20:45	30.0	7734	21239	7081	20426	8828	17281	10026	39548
0:20:50	30.0	7714	21312	7104	20428	8844	17209	10090	39729
0:20:55	30.0	7723	21431	7130	20467	8816	17267	9996	39520
0:21:00	30.0	7756	21271	7167	20574	8815	17485	10016	39903
0:21:05	30.0	7667	21434	7133	20571	8885	17301	10032	39481
0:21:10	30.0	7734	21446	7093	20646	8848	17261	10065	39247
0:21:15	30.0	7693	21596	7066	20750	8801	17498	10142	39672
0:21:20	30.0	7763	21655	7140	20760	8800	17490	10006	39709
0:21:25	30.0	7775	21577	7062	20881	8833	17531	10025	39568
0:21:30	30.0	7733	21619	7106	20786	8785	17533	10102	39819
0:21:35	30.0	7743	21884	7139	20854	8851	17495	10089	39691
0:21:40	30.0	7726	21691	7156	20934	8887	17484	10079	39512
0:21:45	30.0	7744	21744	7145	21021	8853	17676	10157	39700
0:21:50	30.0	7713	21750	7203	21006	8878	17638	10095	39700
0:21:55	30.0	7800	22003	7138	20889	8899	17767	10102	39543
0:22:00	30.0	7728	22114	7136	21060	8883	17713	10130	39808
0:22:05	30.0	7822	22039	7143	21203	8791	17679	10161	39766
0:22:10	30.0	7708	22083	7138	21125	8858	17832	10113	39604
0:22:15	30.0	7742	22137	7192	21115	8891	17786	10181	39711
0:22:20	30.0	7726	22179	7150	21186	8906	17875	10119	39783
0:22:25	30.0	7750	22286	7159	21231	8863	17921	10096	39661
0:22:30	30.0	7843	22120	7128	21270	8876	17883	10104	39782
0:22:35	30.0	7743	22284	7079	21264	8892	17818	10128	39526
0:22:40	30.0	7765	22428	7205	21388	8846	18001	10068	39431
0:22:45	30.0	7773	22489	7181	21517	8905	18010	10191	39756
0:22:50	30.0	7747	22396	7139	21380	8815	18010	10208	39327
0:22:55	30.0	7782	22439	7178	21396	8878	18161	10177	39943
0:23:00	30.0	7784	22587	7191	21442	8857	18106	10078	39589
0:23:05	30.0	7821	22544	7135	21554	8877	18197	10119	39620
0:23:10	30.0	7807	22552	7151	21465	8909	18328	10185	39698
0:23:15	30.0	7792	22649	7158	21575	8860	18242	10124	39281
0:23:20	30.0	7784	22619	7176	21682	8906	18167	10149	39872
0:23:25	30.0	7780	22846	7168	21655	8857	18272	10195	39747
0:23:30	30.0	7871	22734	7199	21824	8888	18367	10149	39851
0:23:35	30.0	7784	22794	7189	21614	8884	18267	10283	39706
0:23:40	30.0	7786	22793	7197	21621	8892	18391	10248	39487
0:23:45	30.0	7851	22764	7172	21768	8863	18391	10214	39570
0:23:50	30.0	7790	23001	7131	21666	8826	18398	10251	39723
0:23:55	30.0	7839	22895	7250	21871	8900	18532	10150	39780
0:24:00	30.0	7836	23247	7234	21793	8891	18495	10174	39999
0:24:05	30.0	7832	23102	7215	21884	8906	18634	10260	40022
0:24:10	30.0	7823	23111	7186	21900	8878	18461	10216	39659
0:24:15	30.0	7836	23392	7225	21872	8795	18645	10107	39506
0:24:20	30.0	7886	23185	7272	21809	8879	18726	10229	39479
0:24:25	30.0	7850	23241	7226	22104	8890	18758	10207	39700
0:24:30	30.0	7839	23291	7234	21854	8852	18780	10224	39692
0:24:35	30.0	7841	23250	7219	22057	8887	18680	10255	39556
0:24:40	30.0	7839	23535	7200	22033	8873	18702	10225	39927
0:24:45	30.0	7836	23432	7181	22281	8826	18818	10197	39785
0:24:50	30.0	7859	23605	7150	22009	8964	18755	10323	39789
0:24:55	30.0	7895	23505	7232	22003	8828	18931	10240	39796
0:25:00	30.0	7906	23615	7227	22062	8893	18933	10236	39643
0:25:05	30.0	7874	23435	7203	22218	8888	18806	10211	39612
0:25:10	30.0	7837	23683	7218	22175	8906	18981	10238	39977
0:25:15	30.0	7864	23585	7189	22085	8788	18902	10345	39788
0:25:20	30.0	7835	23575	7248	22218	8840	18998	10300	39981
0:25:25	30.0	7884	23653	7220	22186	8897	19121	10319	39591
0:25:30	30.0	7913	23639	7271	22301	8908	19017	10235	39800
0:25:35	30.0	7882	23752	7215	22256	8886	18947	10298	39644
0:25:40	30.0	7869	23807	7288	22236	8926	19230	10365	39975
0:25:45	30.0	7924	23905	7277	22384	8926	19073	10281	39707
0:25:50	30.0	7926	23809	7294	22243	8852	19323	10318	39762
0:25:55	30.0	7918	23915	7247	22188	8876	19398	10315	39673
0:26:00	30.0	7914	24005	7214	22369	8900	19303	10350	40028
0:26:05	30.0	7923	23890	7274	22405	8869	19494	10257	39609
0:26:10	30.0	7948	23908	7216	22460	8905	19349	10284	39729
0:26:15	30.0	7962	23910	7237	22278	8857	19312	10279	39658
0:26:20	30.0	7908	24043	7249	22438	8957	19266	10287	39724
0:26:25	30.0	7884	23833	7225	22273	8906	19456	10352	39823
0:26:30	30.0	7940	23958	7301	22367	8839	19485	10236	40065
0:26:35	30.0	7957	24023	7182	22524	8817	19418	10269	39833
0:26:40	30.0	7894	23952	7320	22484	8908	19545	10384	39892
0:26:45	30.0	8041	23993	7278	22251	8866	19522	10311	39488
0:26:50	30.0	7944	24002	7262	22329	8977	19563	10347	39719
0:26:55	30.0	7973	23938	7321	22401	8880	19714	10365	39682
0:27:00	30.0	7940	24108	7325	22387	9012	19749	10299	40099
0:27:05	30.0	7900	24050	7239	22457	8881	19664	10427	39604
0:27:10	30.0	7878	23875	7303	22308	8954	19393	10361	39666
0:27:15	30.0	7946	24071	7330	22434	8934	19745	10405	39640
0:27:20	30.0	7982	24099	7301	22388	8902	19749	10310	39587
0:27:25	30.0	7969	23972	7295	22688	8918	19697	10350	39966
0:27:30	30.0	7916	23987	7301	22386	8941	19795	10344	39795
0:27:35	30.0	7970	23957	7362	22436	8930	19817	10382	39892
0:27:40	30.0	7980	24114	7236	22417	8937	19914	10322	39473
0:27:45	30.0	8051	23978	7239	22487	8905	20023	10394	39677
0:27:50	30.0	7997	23996	7273	22478	8976	19780	10482	39889
0:27:55	30.0	8003	23839	7303	22458	8886	19913	10405	40176
0:28:00	30.0	7956	24037	7286	22702	8910	19863	10442	39581
0:28:05	30.0	7996	24086	7310	22599	8881	20104	10419	39917
0:28:10	30.0	7997	24028	7361	22528	8921	20019	10395	39492
0:28:15	30.0	7957	23951	7330	22603	8871	20054	10449	39955
0:28:20	30.0	8015	24227	7376	22346	8973	20100	10454	39663
0:28:25	30.0	7944	23963	7315	22571	8884	20149	10367	39896
0:28:30	30.0	8017	24012	7284	22547	8895	20221	10425	39734
0:28:35	30.0	8010	23914	7293	22620	8882	20207	10467	39800
0:28:40	30.0	8004	24134	7317	22443	8886	20130	10457	39969
0:28:45	30.0	8036	23792	7305	22523	8892	20163	10505	39745
0:28:50	30.0	8014	23947	7361	22464	8949	20250	10389	39817
0:28:55	30.0	8018	24197	7344	22555	8928	20508	10461	40019
0:29:00	30.0	8013	24233	7324	22545	8907	20338	10543	39572
0:29:05	30.0	8004	23945	7369	22570	8926	20340	10468	39743
0:29:10	30.0	7980	24125	7296	22437	8925	20426	10483	39987
0:29:15	30.0	8033	23920	7298	22665	8936	20391	10439	39430
0:29:20	30.0	8034	24012	7302	22638	8903	20424	10548	39811
0:29:25	30.0	8076	23956	7334	22569	8996	20351	10490	39873
0:29:30	30.0	7999	24017	7375	22604	8923	20571	10486	39952
0:29:35	30.0	8036	24028	7386	22526	8843	20604	10518	40087
0:29:40	30.0	8070	24145	7343	22574	8915	20526	10551	39505
0:29:45	30.0	8119	23848	7366	22611	8919	20583	10472	39745
0:29:50	30.0	8051	23984	7316	22680	8914	20550	10438	39981
0:29:55	30.0	8044	24147	7305	22459	8981	20779	10533	39686
0:30:00	30.0	8037	24064	7364	22566	8906	20704	10548	40002
0:30:05	30.0	8033	23791	7422	22510	8955	20595	10555	39805
0:30:10	30.0	8050	24022	7392	22512	8912	20560	10487	39968
0:30:15	30.0	8033	23857	7393	22616	8951	20748	10498	39870
0:30:20	30.0	8099	23883	7361	22591	8966	20606	10517	39585
0:30:25	30.0	8087	24108	7382	22618	8932	20700	10491	39679
0:30:30	30.0	8049	24031	7352	22475	8869	20935	10496	39707
0:30:35	30.0	8106	24060	7391	22691	8925	20797	10520	39857
0:30:40	30.0	8128	24063	7376	22654	8912	20917	10571	39886
0:30:45	30.0	8047	24070	7397	22479	8885	20885	10448	39858
0:30:50	30.0	8172	23989	7353	22475	8914	20994	10629	39519
0:30:55	30.0	8090	23922	7397	22540	8903	20780	10611	39802
0:31:00	30.0	8157	24193	7419	22604	8937	20846	10528	39969
0:31:05	30.0	8109	23971	7377	22643	9001	20940	10542	40015
0:31:10	30.0	8148	24153	7383	22609	8980	20976	10510	39992
0:31:15	30.0	8142	24032	7425	22648	8960	20905	10531	39692
0:31:20	30.0	8155	24133	7427	22631	8957	21059	10558	39810
0:31:25	30.0	8065	23966	7388	22703	8979	21020	10524	39701
0:31:30	30.0	8163	24147	7460	22469	8850	20901	10620	39709
0:31:35	30.0	8089	24214	7369	22459	8917	21169	10577	39544
0:31:40	30.0	8125	23997	7372	22476	8936	21123	10632	39540
0:31:45	30.0	8138	24045	7417	22686	8944	21203	10579	39792
0:31:50	30.0	8137	23925	7425	22430	8961	21135	10550	39862
0:31:55	30.0	8159	24017	7401	22511	8903	21321	10653	39523
0:32:00	30.0	8165	24093	7389	22545	8877	21212	10580	39450
0:32:05	30.0	8174	24004	7455	22485	8954	21279	10609	39637
0:32:10	30.0	8212	23969	7458	22482	8985	21241	10654	39786
0:32:15	30.0	8151	24062	7428	22754	8894	21328	10665	40143
0:32:20	30.0	8150	23872	7504	22509	8920	21375	10665	39646
0:32:25	30.0	8179	24029	7447	22421	8923	21445	10657	39678
0:32:30	30.0	8193	23991	7441	22725	8981	21387	10728	40062
0:32:35	30.0	8178	24149	7408	22563	8891	21379	10626	39537
0:32:40	30.0	8113	24040	7411	22679	8868	21364	10617	39778
0:32:45	30.0	8196	24023	7426	22638	8889	21545	10548	39563
0:32:50	30.0	8171	24058	7437	22573	8967	21457	10616	39733
0:32:55	30.0	8154	24038	7458	22610	8943	21662	10671	39549
0:33:00	30.0	8197	24130	7452	22488	8947	21508	10570	39789
0:33:05	30.0	8126	23928	7429	22544	8927	21626	10824	39744
0:33:10	30.0	8240	24035	7421	22840	8947	21706	10651	39948
0:33:15	30.0	8235	23965	7416	22732	8895	21564	10719	39547
0:33:20	30.0	8187	24219	7519	22520	8952	21701	10748	39908
0:33:25	30.0	8179	24263	7468	22412	8941	21671	10717	39785
0:33:30	30.0	8192	24127	7428	22621	8892	21740	10690	39911
0:33:35	30.0	8141	24017	7471	22576	8972	21670	10803	39761
0:33:40	30.0	8215	23848	7536	22616	8932	21803	10701	39878
0:33:45	30.0	8181	23920	7442	22394	8984	21737	10748	39826
0:33:50	30.0	8202	23843	7503	22771	8996	21800	10694	40011
0:33:55	30.0	8206	23986	7492	22347	8878	21719	10776	39966
0:34:00	30.0	8201	23918	7464	22526	8929	21800	10710	39694
0:34:05	30.0	8156	23933	7440	22662	8941	21944	10744	39864
0:34:10	30.0	8252	23975	7425	22645	8932	21749	10730	39775
0:34:15	30.0	8184	23862	7515	22597	8958	21639	10767	39778
0:34:20	30.0	8223	23915	7493	22615	8901	21838	10704	39754
0:34:25	30.0	8220	24017	7489	22546	8880	21865	10648	39886
0:34:30	30.0	8203	23880	7508	22590	9039	21831	10736	39755
0:34:35	30.0	8222	23888	7399	22447	8984	21889	10741	39665
0:34:40	30.0	8202	24093	7455	22693	8981	22033	10791	39809
0:34:45	30.0	8273	24101	7521	22605	8945	21969	10852	40072
0:34:50	30.0	8233	23871	7565	22760	8975	22073	10760	39598
0:34:55	30.0	8224	24229	7491	22493	8929	22052	10836	39702
0:35:00	30.0	8251	23863	7567	22617	8956	22125	10809	40085
0:35:05	30.0	8220	23958	7548	22508	8986	21897	10767	39707
0:35:10	30.0	8227	23906	7479	22470	8947	22125	10796	39991
0:35:15	30.0	8255	23954	7480	22687	9011	22047	10736	39774
0:35:20	30.0	8238	24056	7519	22594	8958	21983	10714	39702
0:35:25	30.0	8305	23951	7566	22651	8934	22177	10890	39572
0:35:30	30.0	8268	24044	7526	22663	9011	22036	10783	39864
0:35:35	30.0	8228	24147	7582	22569	8946	22306	10722	39961
0:35:40	30.0	8325	23901	7504	22685	9013	22289	10834	39799
0:35:45	30.0	8305	23946	7477	22490	8949	22255	10731	39841
0:35:50	30.0	8235	24086	7575	22577	8898	22176	10806	39559
0:35:55	30.0	8286	24147	7496	22738	8901	22115	10765	39874
0:36:00	30.0	8364	24177	7556	22696	9003	22289	10778	39843
0:36:05	30.0	8310	24034	7528	22701	8988	22380	10790	39624
0:36:10	30.0	8286	23873	7504	22622	8904	22368	10796	39605
0:36:15	30.0	8329	24063	7520	22656	8924	22360	10839	39743
0:36:20	30.0	8261	23915	7582	22475	8917	22388	10851	39777
0:36:25	30.0	8314	23946	7558	22728	8967	22724	10875	39904
0:36:30	30.0	8292	23905	7526	22405	8973	22396	10916	40022
0:36:35	30.0	8304	24039	7535	22598	8985	22361	10840	39955
0:36:40	30.0	8353	24006	7580	22536	9024	22384	10823	39421
0:36:45	30.0	8350	23830	7501	22524	8954	22488	10835	39915
0:36:50	30.0	8309	24069	7561	22489	8924	22464	10847	40133
0:36:55	30.0	8299	23958	7614	22512	8974	22570	10877	39985
0:37:00	30.0	8350	23867	7534	22761	8939	22426	10801	40086
0:37:05	30.0	8353	24035	7563	22650	8925	22333	10913	39925
0:37:10	30.0	8343	23908	7486	22520	8981	22321	10799	39998
0:37:15	30.0	8367	23939	7562	22544	8933	22577	10855	39457
0:37:20	30.0	8315	24131	7584	22604	8951	22523	10867	39768
0:37:25	30.0	8393	24007	7571	22651	8970	22573	10833	39677
0:37:30	30.0	8337	23784	7585	22695	8978	22481	10866	39786
0:37:35	30.0	8340	23957	7519	22579	8990	22759	10898	39721
0:37:40	30.0	8377	24080	7585	22466	8933	22665	10922	40032
0:37:45	30.0	8353	24024	7628	22401	8984	22662	10913	39744
0:37:50	30.0	8352	23973	7522	22605	8990	22687	11008	39559
0:37:55	30.0	8362	23935	7603	22763	8978	22681	10906	39725
0:38:00	30.0	8416	24047	7629	22606	9031	22733	10871	39942
0:38:05	30.0	8308	24070	7567	22595	9023	22672	10923	40086
0:38:10	30.0	8380	24057	7587	22530	9016	22631	10950	39556
0:38:15	30.0	8431	23897	7572	22532	8971	22691	10862	39799
0:38:20	30.0	8439	24091	7575	22439	8987	22560	10957	39847
0:38:25	30.0	8358	23949	7599	22531	8956	22755	10968	39712
0:38:30	30.0	8354	24108	7576	22528	9015	22859	10961	39818
0:38:35	30.0	8379	23942	7647	22700	8933	22625	10984	39811
0:38:40	30.0	8389	24088	7588	22542	9006	22829	10922	39901
0:38:45	30.0	8405	23993	7604	22671	8969	22814	10897	39771
0:38:50	30.0	8325	23857	7652	22515	9035	22649	10998	39785
0:38:55	30.0	8397	23903	7617	22605	9012	22700	10900	39706
0:39:00	30.0	8439	24239	7633	22662	8969	22728	11004	40028
0:39:05	30.0	8411	23908	7636	22622	8948	22816	10973	39887
0:39:10	30.0	8359	23798	7577	22676	9002	22824	10941	39950
0:39:15	30.0	8390	24090	7624	22703	9049	22964	10999	39708
0:39:20	30.0	8398	23888	7623	22653	9015	22936	10976	40158
0:39:25	30.0	8400	23760	7590	22681	8968	22810	10930	39984
0:39:30	30.0	8423	24040	7663	22564	9005	22978	10921	39880
0:39:35	30.0	8406	23946	7632	22557	9031	22778	10998	39783
0:39:40	30.0	8404	24053	7582	22682	8979	23009	10976	39714
0:39:45	30.0	8481	23974	7654	22570	9004	22810	11047	40239
0:39:50	30.0	8435	23836	7585	22412	9093	22810	11053	39757
0:39:55	30.0	8463	23969	7598	22580	8975	22880	11040	39645
0:40:00	30.0	8409	23877	7594	22620	9019	22941	11044	39778
0:40:05	30.0	8479	24091	7668	22561	8944	23010	11122	39912
0:40:10	30.0	8497	24019	7645	22567	8970	22984	11091	39655
0:40:15	30.0	8401	24044	7686	22523	9048	23215	11025	39835
0:40:20	30.0	8432	24031	7665	22413	9012	23059	10991	39786
0:40:25	30.0	8515	23775	7636	22598	9067	22956	10996	39994
0:40:30	30.0	8497	24086	7583	22394	9038	23055	10967	39640
0:40:35	30.0	8516	23971	7652	22485	9016	23029	11036	40031
0:40:40	30.0	8486	23934	7707	22638	9027	23227	11038	39768
0:40:45	30.0	8554	23797	7645	22634	8987	23000	11091	39765
0:40:50	30.0	8495	24066	7658	22490	9025	23068	11060	39838
0:40:55	30.0	8462	23896	7683	22452	9001	23075	11054	39875
0:41:00	30.0	8517	23961	7648	22634	9033	23124	11084	40097
0:41:05	30.0	8504	23928	7647	22459	9033	23124	11063	39930
0:41:10	30.0	8516	23860	7603	22514	8973	23240	11111	39754
0:41:15	30.0	8444	24026	7668	22492	8943	23152	11093	39618
0:41:20	30.0	8456	23974	7672	22527	8966	23339	11039	39908
0:41:25	30.0	8465	23994	7689	22482	8967	23182	11112	39656
0:41:30	30.0	8499	23849	7683	22657	8986	23139	11015	39785
0:41:35	30.0	8525	23988	7704	22506	9111	23250	11033	39749
0:41:40	30.0	8502	24019	7687	22481	8926	23174	11170	40044
0:41:45	30.0	8476	23950	7669	22677	8979	23266	11101	40006
0:41:50	30.0	8511	23797	7746	22468	9006	23058	11117	39802
0:41:55	30.0	8568	23886	7703	22383	9035	23201	11105	39908
0:42:00	30.0	8475	23815	7680	22460	8912	23150	11110	39791
0:42:05	30.0	8475	24080	7693	22474	9031	23218	11161	39795
0:42:10	30.0	8538	23900	7723	22524	8977	23470	11142	39808
0:42:15	30.0	8562	23810	7714	22487	9040	23312	11111	39969
0:42:20	30.0	8491	23999	7714	22576	8958	23325	11192	39605
0:42:25	30.0	8547	23969	7700	22508	9029	23326	11085	39678
0:42:30	30.0	8488	23944	7698	22358	9049	23242	11138	39883
0:42:35	30.0	8546	23869	7681	22688	9023	23302	11131	39994
0:42:40	30.0	8562	23849	7743	22569	9069	23377	11196	39765
0:42:45	30.0	8571	23834	7713	22547	9015	23314	11143	39678
0:42:50	30.0	8604	23982	7742	22496	9070	23311	11153	39889
0:42:55	30.0	8476	23974	7702	22446	8923	23378	11096	39611
0:43:00	30.0	8550	23983	7739	22415	8981	23305	11141	39654
0:43:05	30.0	8517	23943	7731	22546	9042	23378	11225	39854
0:43:10	30.0	8540	23817	7675	22557	9056	23283	11270	39961
0:43:15	30.0	8602	24094	7780	22686	9015	23430	11115	40114
0:43:20	30.0	8578	24007	7735	22590	9097	23266	11162	39773
0:43:25	30.0	8551	23956	7725	22361	9048	23355	11173	39679
0:43:30	30.0	8542	23786	7723	22846	9042	23396	11144	39968
0:43:35	30.0	8537	23949	7729	22580	9035	23481	11162	39492
0:43:40	30.0	8569	23914	7759	22557	9003	23444	11256	39634
0:43:45	30.0	8641	23918	7807	22605	8956	23412	11200	39943
0:43:50	30.0	8611	23744	7803	22528	9037	23302	11175	39846
0:43:55	30.0	8556	23879	7764	22583	9000	23358	11108	39947
0:44:00	30.0	8622	23874	7744	22572	8970	23413	11171	39871
0:44:05	30.0	8640	23954	7759	22478	9054	23427	11213	39978
0:44:10	30.0	8649	23813	7712	22549	9025	23533	11245	39927
0:44:15	30.0	8661	24038	7744	22471	8969	23520	11334	39917
0:44:20	30.0	8660	23797	7744	22403	9091	23316	11296	39924
0:44:25	30.0	8640	23756	7717	22447	9059	23420	11241	39883
0:44:30	30.0	8571	23768	7802	22642	9050	23418	11275	39667
0:44:35	30.0	8606	23968	7802	22546	9004	23327	11252	39842
0:44:40	30.0	8670	23842	7768	22434	8993	23507	11250	39793
0:44:45	30.0	8582	23783	7771	22335	9051	23435	11219	39820
0:44:50	30.0	8656	23949	7807	22635	9039	23457	11282	39739
0:44:55	30.0	8620	23798	7754	22589	9041	23680	11310	40026
0:45:00	30.0	8600	23986	7789	22477	9046	23516	11173	39933
0:45:05	30.0	8691	23915	7722	22602	9100	23543	11232	39980
0:45:10	30.0	8581	23885	7806	22538	9031	23464	11308	39804
0:45:15	30.0	8735	23841	7787	22572	9032	23481	11304	39743
0:45:20	30.0	8663	23998	7842	22485	9058	23584	11298	40163
0:45:25	30.0	8644	23829	7782	22488	9054	23446	11266	39836
0:45:30	30.0	8600	24059	7778	22566	9081	23672	11273	39703
0:45:35	30.0	8616	24001	7868	22494	9032	23608	11264	39771
0:45:40	30.0	8619	23908	7828	22649	9057	23600	11294	39850
0:45:45	30.0	8674	24015	7761	22682	9024	23361	11244	39811
0:45:50	30.0	8725	23933	7797	22561	9017	23592	11253	39950
0:45:55	30.0	8667	23894	7835	22626	9068	23500	11410	39766
0:46:00	30.0	8669	23826	7837	22622	9038	23467	11253	39620
0:46:05	30.0	8665	24008	7843	22432	9069	23577	11369	39719
0:46:10	30.0	8632	23837	7835	22531	9090	23503	11310	39530
0:46:15	30.0	8684	24017	7845	22436	9085	23626	11303	39775
0:46:20	30.0	8582	23821	7837	22738	9026	23477	11347	39547
0:46:25	30.0	8652	23988	7896	22526	9006	23567	11351	39874
0:46:30	30.0	8664	23737	7804	22677	9091	23658	11285	39959
0:46:35	30.0	8713	23961	7843	22535	9056	23555	11334	39640
0:46:40	30.0	8669	23979	7781	22625	9078	23477	11355	39856
0:46:45	30.0	8665	23831	7908	22322	9001	23512	11394	39840
0:46:50	30.0	8747	23795	7859	22500	9037	23614	11322	39556
0:46:55	30.0	8659	23791	7828	22508	9006	23612	11360	39560
0:47:00	30.0	8667	23872	7797	22514	9027	23622	11397	39715
0:47:05	30.0	8686	24011	7812	22427	9085	23507	11303	39760
0:47:10	30.0	8681	24040	7900	22654	9114	23717	11390	39849
0:47:15	30.0	8728	23852	7797	22449	9074	23544	11321	39775
0:47:20	30.0	8673	23922	7857	22444	9089	23638	11394	40138
0:47:25	30.0	8731	23984	7829	22622	9012	23745	11439	39712
0:47:30	30.0	8727	23955	7861	22428	9002	23492	11376	39631
0:47:35	30.0	8799	23911	7808	22564	9082	23576	11410	40030
0:47:40	30.0	8746	23885	7890	22621	9065	23666	11425	39596
0:47:45	30.0	8725	23928	7900	22439	9121	23875	11481	39875
0:47:50	30.0	8712	23879	7894	22528	9056	23453	11433	39788
0:47:55	30.0	8733	23909	7880	22502	9065	23675	11419	39661
0:48:00	30.0	8733	23790	7915	22517	9052	23609	11453	39708
0:48:05	30.0	8790	24004	7888	22555	9090	23734	11364	39808
0:48:10	30.0	8770	23982	7928	22489	8994	23594	11428	39620
0:48:15	30.0	8776	23873	7811	22575	9038	23693	11411	39607
0:48:20	30.0	8782	23893	7852	22466	9090	23623	11411	39524
0:48:25	30.0	8804	23855	7903	22444	9022	23805	11407	40051
0:48:30	30.0	8766	24007	7897	22503	9050	23630	11477	39672
0:48:35	30.0	8742	23882	7922	22537	9053	23738	11538	39420
0:48:40	30.0	8738	23847	7887	22613	9038	23583	11473	39738
0:48:45	30.0	8822	23782	7876	22561	9138	23681	11483	39705
0:48:50	30.0	8784	23905	7917	22408	9030	23667	11515	39888
0:48:55	30.0	8740	23787	7897	22584	9054	23791	11437	39572
0:49:00	30.0	8771	23793	7923	22444	9007	23819	11477	39895
0:49:05	30.0	8832	23720	7860	22598	9103	23608	11401	39727
0:49:10	30.0	8773	23811	7966	22722	9120	23623	11424	39650
0:49:15	30.0	8773	23760	7896	22405	9036	23787	11487	39810
0:49:20	30.0	8830	23661	7881	22728	9083	23571	11536	39777
0:49:25	30.0	8757	23893	7929	22535	9098	23657	11504	39976
0:49:30	30.0	8794	23607	7929	22389	8993	23704	11545	39620
0:49:35	30.0	8841	23783	7931	22646	9186	23649	11518	39900
0:49:40	30.0	8785	23745	7916	22699	9031	23750	11509	39797
0:49:45	30.0	8728	23914	7925	22492	9057	23785	11487	39472
0:49:50	30.0	8813	23914	7904	22518	9136	23838	11569	39753
0:49:55	30.0	8812	23755	7969	22543	9074	23584	11460	39735
0:50:00	30.0	8887	23880	7877	22354	9116	23981	11387	39761
0:50:05	30.0	8818	23856	7937	22504	9131	23597	11509	39594
0:50:10	30.0	8853	23978	7938	22614	9080	23791	11499	39805
0:50:15	30.0	8835	23939	7936	22457	9098	23702	11516	39734
0:50:20	30.0	8892	23743	7879	22294	9156	23656	11439	39780
0:50:25	30.0	8805	23785	7881	22458	9111	23698	11576	39788
0:50:30	30.0	8910	23740	7955	22468	9079	23572	11534	39554
0:50:35	30.0	8866	23842	7951	22616	9094	23776	11581	39562
0:50:40	30.0	8844	23867	7948	22692	9089	23755	11585	39736
0:50:45	30.0	8787	23860	7952	22662	9075	23617	11518	39947
0:50:50	30.0	8850	23854	7945	22605	9126	23786	11506	39771
0:50:55	30.0	8835	23858	7949	22394	9073	23567	11578	39833
0:51:00	30.0	8835	23766	8034	22479	9083	23652	11481	39733
0:51:05	30.0	8797	23790	8015	22517	9061	23705	11583	39555
0:51:10	30.0	8850	23858	7919	22433	9100	23788	11669	39732
0:51:15	30.0	8901	23936	7925	22619	9039	23822	11532	39614
0:51:20	30.0	8920	23788	7907	22480	9089	23780	11544	39789
0:51:25	30.0	8875	23759	7971	22492	9060	23493	11632	39797
0:51:30	30.0	8881	23837	8035	22481	9044	23641	11594	39749
0:51:35	30.0	8850	24038	7913	22512	9139	23764	11584	39698
0:51:40	30.0	8830	23857	8003	22560	9042	23803	11568	39751
0:51:45	30.0	8884	23993	7955	22528	9119	23747	11512	39775
0:51:50	30.0	8877	23780	7943	22384	9095	23770	11596	39743
0:51:55	30.0	8865	23905	7998	22407	9057	23765	11691	39862
0:52:00	30.0	8924	23843	7933	22395	9112	23831	11610	39728
0:52:05	30.0	8955	23925	8013	22629	9084	23492	11572	39888
0:52:10	30.0	8938	23794	7958	22428	9071	23825	11635	39874
0:52:15	30.0	8937	23796	7962	22454	9074	23657	11610	39530
0:52:20	30.0	8895	23761	7973	22508	9122	23706	11667	39743
0:52:25	30.0	8908	23798	8035	22466	9093	23684	11594	39740
0:52:30	30.0	8933	23818	8013	22544	9159	23786	11677	39492
0:52:35	30.0	8887	23919	7977	22297	9052	23870	11567	39628
0:52:40	30.0	8875	23805	7934	22309	9094	23816	11672	39442
0:52:45	30.0	8913	23687	7998	22477	9096	23754	11626	39655
0:52:50	30.0	8914	23744	7981	22624	9196	23674	11674	39747
0:52:55	30.0	8977	23818	8018	22585	9089	23703	11727	39588
0:53:00	30.0	8914	23681	8112	22531	9087	23765	11651	39495
0:53:05	30.0	8917	23864	7943	22498	9070	23753	11649	39783
0:53:10	30.0	8942	23963	8018	22584	9082	23797	11629	39811
0:53:15	30.0	8895	23626	7930	22512	9121	23810	11722	40118
0:53:20	30.0	8899	23870	8080	22431	9182	23659	11668	39685
0:53:25	30.0	8932	23816	8028	22469	9099	23646	11701	39751
0:53:30	30.0	8922	23935	7984	22521	9086	23958	11709	39584
0:53:35	30.0	8983	23773	7965	22440	9088	23852	11706	39756
0:53:40	30.0	8851	23883	8046	22442	9136	23683	11747	39588
0:53:45	30.0	8945	23814	8056	22453	9068	23723	11672	39743
0:53:50	30.0	8861	23925	7997	22424	9109	23611	11706	39661
0:53:55	30.0	8943	23913	8080	22568	9098	23585	11673	39667
0:54:00	30.0	8895	23858	8049	22504	9156	23735	11707	39717
0:54:05	30.0	8943	23727	8025	22639	9135	23722	11647	39721
0:54:10	30.0	8949	23888	8069	22556	9109	23872	11775	39701
0:54:15	30.0	8974	23713	8028	22418	9106	23713	11730	39919
0:54:20	30.0	8938	23803	8062	22419	9173	23738	11807	39545
0:54:25	30.0	9062	24025	8094	22472	9118	23592	11808	39623
0:54:30	30.0	8973	23857	8113	22469	9088	23877	11760	39673
0:54:35	30.0	8981	23944	8020	22608	9129	23654	11650	39802
0:54:40	30.0	8921	23891	8041	22540	9116	23889	11753	40022
0:54:45	30.0	8924	23825	8051	22608	9115	23734	11903	39598
0:54:50	30.0	8955	23779	8075	22485	9172	23806	11787	39399
0:54:55	30.0	8932	23701	8063	22324	9097	23726	11778	39783
0:55:00	30.0	8991	23700	8076	22488	9163	23622	11694	39618
0:55:05	30.0	8976	23792	8028	22446	9165	23623	11741	39767
0:55:10	30.0	8977	23970	8018	22470	9117	23864	11861	39526
0:55:15	30.0	8967	23874	7996	22457	9088	23631	11785	39831
0:55:20	30.0	8974	23845	8069	22431	9118	23739	11774	39848
0:55:25	30.0	9045	23740	8042	22689	9153	23760	11833	39800
0:55:30	30.0	9020	23810	8054	22374	9137	23834	11823	39618
0:55:35	30.0	9048	23802	8106	22471	9139	23831	11867	39666
0:55:40	30.0	9114	23733	8098	22548	9168	23613	11916	39579
0:55:45	30.0	9009	23900	8033	22301	9066	23740	11814	39722
0:55:50	30.0	9072	23862	8044	22450	9104	23798	11759	39706
0:55:55	30.0	8965	23944	8043	22522	9120	23719	11818	39661
0:56:00	30.0	9006	23902	8071	22423	9065	23695	11815	39775
0:56:05	30.0	8954	23779	8071	22488	9108	23807	11810	39588
0:56:10	30.0	9021	23696	8106	22365	9138	23927	11838	39794
0:56:15	30.0	9002	23722	8081	22389	9109	23792	11865	39693
0:56:20	30.0	9040	23804	8038	22387	9091	23736	11884	39938
0:56:25	30.0	9036	23681	8113	22439	9164	23841	11772	39905
0:56:30	30.0	9061	23831	8023	22415	9122	23855	11944	39809
0:56:35	30.0	9067	23856	8079	22600	9168	23651	11891	39627
0:56:40	30.0	9107	23755	8078	22416	9071	23926	11871	39786
0:56:45	30.0	9155	23679	8120	22320	9109	23692	11792	39417
0:56:50	30.0	9020	23950	8138	22484	9107	23765	11937	39668
0:56:55	30.0	9109	23686	8134	22459	9141	23900	11915	39846
0:57:00	30.0	9062	23537	8083	22546	9178	23922	11851	39828
0:57:05	30.0	9027	23734	8120	22386	9135	23748	11914	39778
0:57:10	30.0	9019	23744	8144	22435	9146	23802	11888	39681
0:57:15	30.0	9001	23830	8131	22498	9132	23642	11844	39435
0:57:20	30.0	9096	23675	8154	22347	9145	23900	11979	39691
0:57:25	30.0	9076	23657	8099	22465	9155	23667	11903	39605
0:57:30	30.0	9103	23849	8136	22446	9145	23776	11902	39746
0:57:35	30.0	9085	23814	8152	22539	9140	23655	11901	39726
0:57:40	30.0	9092	23764	8105	22581	9148	23856	11888	39820
0:57:45	30.0	9063	23743	8086	22445	9127	23676	11848	39720
0:57:50	30.0	9071	23840	8158	22453	9102	23755	11958	39712
0:57:55	30.0	9074	23577	8120	22580	9083	23748	11933	39671
0:58:00	30.0	9024	23762	8146	22473	9132	23726	11936	39595
0:58:05	30.0	9056	23781	8138	22309	9147	23923	11931	39948
0:58:10	30.0	9048	23773	8121	22402	9179	23640	11879	39941
0:58:15	30.0	9121	23803	8154	22360	9123	23655	12045	39815
0:58:20	30.0	9112	23768	8164	22436	9166	23872	11915	39561
0:58:25	30.0	9133	23770	8119	22239	9164	23727	12080	39476
0:58:30	30.0	9089	23854	8088	22428	9152	23832	11915	39523
0:58:35	30.0	9160	23675	8154	22501	9150	23899	11912	39694
0:58:40	30.0	9145	23831	8166	22406	9160	23771	12015	39851
0:58:45	30.0	9108	23736	8211	22590	9157	23777	11951	39844
0:58:50	30.0	9118	23812	8195	22459	9126	23760	11921	39573
0:58:55	30.0	9084	23655	8179	22305	9111	23607	11973	39897
0:59:00	30.0	9138	23820	8199	22419	9109	23824	11975	39536
0:59:05	30.0	9112	23646	8182	22440	9106	23615	11962	39588
0:59:10	30.0	9152	23677	8227	22481	9139	23638	12058	39630
0:59:15	30.0	9198	23730	8188	22434	9139	23569	11979	39884
0:59:20	30.0	9191	23770	8264	22462	9200	23754	11988	39663
0:59:25	30.0	9110	23622	8219	22515	9148	23867	12026	39693
0:59:30	30.0	9121	23842	8220	22350	9209	23764	12051	39663
0:59:35	30.0	9125	23873	8238	22343	9151	23628	11989	39469
0:59:40	30.0	9155	23715	8149	22473	9170	23740	12021	39651
0:59:45	30.0	9137	23596	8138	22490	9157	23782	11954	39647
0:59:50	30.0	9167	23755	8193	22396	9178	23788	12050	39820
0:59:55	30.0	9232	23862	8163	22296	9090	23753	12073	39834
1:00:00	30.0	9218	23786	8205	22346	9069	23808	12088	39740
1:00:05	30.1	9192	23802	8163	22392	9131	23834	12003	39586
1:00:10	30.0	9202	23762	8193	22478	9139	23855	12056	39655
1:00:15	30.0	9174	23734	8205	22369	9148	23927	12024	39553
1:00:20	30.0	9193	23703	8194	22393	9150	23691	11988	39758
1:00:25	30.0	9220	23636	8262	22526	9187	23792	12078	39779
1:00:30	30.1	9180	23758	8274	22361	9136	23681	12052	39545
1:00:35	30.1	9193	23782	8244	22287	9103	23811	12116	39689
1:00:40	30.1	9212	23709	8206	22421	9187	23784	12085	40100
1:00:45	30.1	9213	23925	8159	22372	9168	23899	12073	39658
1:00:50	30.1	9176	23599	8184	22270	9216	23630	12024	39684
1:00:55	30.1	9230	23663	8121	22558	9198	23829	12046	39655
1:01:00	30.1	9229	23896	8212	22383	9237	23543	12135	39596
1:01:05	30.1	9218	23807	8218	22294	9174	23703	12103	39615
1:01:10	30.0	9180	23782	8194	22435	9098	23817	12112	39595
1:01:15	30.1	9249	23581	8208	22427	9226	23687	12117	39521
1:01:20	30.1	9190	23773	8209	22613	9220	23615	12066	39818
1:01:25	30.1	9214	23725	8210	22464	9135	23796	12124	39467
1:01:30	30.1	9227	23766	8271	22487	9192	23846	12155	39616
1:01:35	30.1	9236	23585	8262	22425	9218	23886	12066	39524
1:01:40	30.1	9216	23835	8272	22425	9222	23897	12122	39528
1:01:45	30.1	9224	23732	8255	22407	9095	23786	12028	39538
1:01:50	30.1	9299	23660	8239	22514	9247	23703	12155	39963
1:01:55	30.0	9264	23681	8269	22496	9190	23808	12139	39889
1:02:00	30.0	9288	23678	8244	22568	9168	23854	12102	39818
1:02:05	30.1	9268	23731	8296	22441	9131	23681	12163	39539
1:02:10	30.1	9293	23845	8263	22334	9243	23773	12206	39554
1:02:15	30.1	9241	23593	8255	22511	9238	23705	12162	39842
1:02:20	30.1	9285	23738	8256	22289	9144	23855	12181	39755
1:02:25	30.1	9318	23796	8267	22428	9113	23820	12219	39522
1:02:30	30.1	9212	23736	8295	22456	9165	23764	12203	39963
1:02:35	30.1	9334	23719	8333	22412	9244	23756	12194	39560
1:02:40	30.1	9238	23887	8286	22425	9221	23804	12189	39578
1:02:45	30.0	9241	23742	8232	22359	9192	23814	12247	39487
1:02:50	30.1	9356	23709	8305	22229	9179	23693	12126	39768
1:02:55	30.1	9326	23553	8343	22518	9212	23870	12215	39438
1:03:00	30.1	9293	23631	8205	22339	9167	23605	12181	39522
1:03:05	30.1	9292	23849	8268	22395	9087	23680	12214	39656
1:03:10	30.1	9250	23794	8321	22544	9270	23925	12249	39781
1:03:15	30.1	9300	23714	8303	22447	9203	23708	12200	39541
1:03:20	30.1	9261	23743	8299	22440	9147	23815	12230	39573
1:03:25	30.1	9267	23815	8274	22457	9176	23814	12269	39419
1:03:30	30.0	9294	23518	8246	22439	9216	23806	12217	39635
1:03:35	30.1	9270	23519	8269	22380	9213	23782	12176	39747
1:03:40	30.1	9258	23781	8311	22346	9250	23695	12187	39882
1:03:45	30.1	9249	23757	8260	22528	9161	23785	12204	39634
1:03:50	30.1	9294	23702	8301	22443	9211	23775	12245	39809
1:03:55	30.1	9233	23765	8326	22372	9189	23806	12322	39613
1:04:00	30.1	9323	23659	8378	22463	9156	23579	12336	39635
1:04:05	30.1	9338	23669	8273	22486	9194	23662	12204	39482
1:04:10	30.0	9354	23716	8284	22402	9158	23625	12166	39685
1:04:15	30.0	9319	23759	8332	22522	9174	23697	12196	39589
1:04:20	30.1	9314	23669	8327	22465	9210	23647	12258	39913
1:04:25	30.1	9349	23731	8307	22422	9291	23775	12306	39715
1:04:30	30.1	9308	23712	8353	22452	9200	23753	12296	39846
1:04:35	30.1	9268	23692	8304	22317	9171	23608	12267	39759
1:04:40	30.1	9304	23579	8348	22337	9241	23642	12311	39687
1:04:45	30.1	9318	23724	8334	22344	9153	23858	12167	39809
1:04:50	30.1	9364	23714	8325	22400	9154	23714	12254	39709
1:04:55	30.1	9271	23688	8318	22371	9119	24012	12323	39677
1:05:00	30.0	9369	23807	8331	22411	9200	23804	12308	39622
1:05:05	30.1	9402	23742	8311	22372	9181	23708	12290	39830
1:05:10	30.1	9342	23743	8262	22558	9220	23830	12300	39703
1:05:15	30.1	9382	23652	8344	22511	9192	23748	12330	39720
1:05:20	30.1	9371	23539	8316	22535	9242	23713	12267	39825
1:05:25	30.1	9339	23779	8376	22432	9278	23728	12297	39430
1:05:30	30.1	9399	23621	8338	22328	9155	23903	12307	39363
1:05:35	30.0	9404	23569	8400	22404	9229	23873	12397	39681
1:05:40	30.1	9252	23912	8330	22453	9178	23937	12413	39649
1:05:45	30.1	9351	23751	8358	22311	9177	23827	12305	39826
1:05:50	30.0	9345	23557	8401	22248	9122	23778	12330	39531
1:05:55	30.1	9376	23842	8356	22397	9176	23909	12406	39613
1:06:00	30.1	9431	23614	8312	22320	9189	23627	12331	39779
1:06:05	30.1	9322	23823	8404	22399	9203	23714	12274	39777
1:06:10	30.1	9369	23686	8354	22408	9244	23639	12335	39470
1:06:15	30.1	9338	23739	8376	22316	9206	23688	12369	39790
1:06:20	30.0	9385	23597	8411	22456	9176	23834	12332	39604
1:06:25	30.1	9405	23662	8342	22498	9213	23642	12285	39537
1:06:30	30.1	9351	23755	8327	22477	9275	23761	12302	39762
1:06:35	30.1	9374	23728	8344	22418	9245	23713	12392	39668
1:06:40	30.1	9406	23799	8343	22439	9192	23672	12402	39537
1:06:45	30.1	9459	23727	8353	22432	9295	23815	12379	39809
1:06:50	30.1	9383	23590	8424	22245	9195	23792	12361	39456
1:06:55	30.1	9417	23854	8393	22297	9352	24018	12322	39798
1:07:00	30.1	9413	23769	8371	22460	9254	23721	12421	39861
1:07:05	30.0	9409	23567	8417	22437	9211	23792	12361	39506
1:07:10	30.1	9361	23636	8374	22515	9171	23687	12401	39919
1:07:15	30.1	9394	23701	8411	22381	9213	23785	12397	39516
1:07:20	30.0	9413	23724	8454	22440	9184	23794	12388	39642
1:07:25	30.1	9410	23856	8408	22417	9239	23650	12353	39764
1:07:30	30.1	9340	23557	8425	22442	9281	23588	12375	39679
1:07:35	30.1	9447	23779	8383	22604	9213	23584	12399	39577
1:07:40	30.1	9382	23789	8368	22465	9168	23754	12430	39543
1:07:45	30.1	9484	23743	8453	22458	9187	23653	12303	39751
1:07:50	30.0	9430	23777	8464	22561	9203	23608	12359	39466
1:07:55	30.1	9465	23669	8394	22449	9269	23780	12377	39783
1:08:00	30.1	9407	23682	8401	22255	9295	23696	12471	39676
1:08:05	30.1	9399	23713	8426	22446	9295	23614	12523	39614
1:08:10	30.1	9479	23533	8443	22458	9162	23711	12426	39593
1:08:15	30.1	9457	23702	8444	22335	9182	23729	12407	39566
1:08:20	30.1	9427	23612	8425	22317	9150	23680	12395	39701
1:08:25	30.1	9469	23840	8491	22324	9207	23850	12435	39781
1:08:30	30.1	9531	23805	8404	22368	9279	23784	12463	39708
1:08:35	30.1	9432	23756	8437	22574	9247	23823	12386	39679
1:08:40	30.1	9491	23736	8421	22273	9298	23752	12539	39651
1:08:45	30.1	9498	23590	8405	22417	9216	23729	12461	39653
1:08:50	30.1	9453	23609	8426	22426	9207	23853	12425	39668
1:08:55	30.1	9461	23682	8424	22401	9282	23882	12371	39670
1:09:00	30.1	9446	23613	8366	22310	9220	23617	12490	39578
1:09:05	30.1	9427	23661	8468	22341	9270	23685	12410	39622
1:09:10	30.1	9526	23698	8408	22401	9257	23577	12459	39556
1:09:15	30.1	9427	23656	8534	22441	9237	23646	12542	39784
1:09:20	30.1	9471	23497	8486	22472	9231	23712	12470	39559
1:09:25	30.1	9537	23708	8526	22331	9250	23844	12582	39610
1:09:30	30.1	9411	23615	8506	22314	9190	23637	12384	39705
1:09:35	30.1	9490	23594	8521	22417	9274	23656	12589	39661
1:09:40	30.1	9453	23656	8419	22206	9210	23702	12607	40005
1:09:45	30.1	9433	23630	8461	22345	9234	23721	12529	39342
1:09:50	30.1	9508	23709	8451	22359	9240	23495	12424	39701
1:09:55	30.1	9446	23743	8456	22374	9227	23708	12564	39811
1:10:00	30.1	9510	23767	8407	22298	9202	23611	12520	39715
1:10:05	30.1	9424	23710	8488	22450	9283	23743	12532	39677
1:10:10	30.1	9538	23601	8482	22393	9190	23699	12503	39553
1:10:15	30.1	9481	23581	8450	22353	9290	23674	12413	39739
1:10:20	30.1	9483	23551	8434	22187	9227	23759	12464	39760
1:10:25	30.1	9498	23657	8442	22220	9256	23706	12586	39314
1:10:30	30.1	9496	23616	8517	22361	9193	23617	12565	39416
1:10:35	30.1	9552	23827	8503	22392	9247	23659	12520	39354
1:10:40	30.1	9508	23607	8454	22315	9177	23808	12548	39272
1:10:45	30.1	9470	23733	8478	22447	9194	23907	12494	39354
1:10:50	30.1	9428	23741	8459	22349	9242	23796	12415	39447
1:10:55	30.1	9517	23741	8371	22364	9292	23645	12613	39601
1:11:00	30.1	9603	23666	8512	22249	9201	23691	12604	39597
1:11:05	30.1	9482	23513	8483	22311	9263	23530	12607	39653
1:11:10	30.1	9572	23452	8426	22138	9150	23515	12579	39569
1:11:15	30.1	9531	23585	8440	22258	9187	23625	12525	39614
1:11:20	30.1	9538	23577	8430	22397	9235	23806	12495	39480
1:11:25	30.1	9491	23671	8497	22315	9286	23727	12533	39480
1:11:30	30.1	9510	23479	8500	22303	9191	23578	12635	39411
1:11:35	30.1	9569	23425	8482	22168	9217	23704	12587	39493
1:11:40	30.1	9523	23536	8486	22465	9241	23537	12560	39631
1:11:45	30.1	9474	23524	8458	22501	9190	23429	12592	39337
1:11:50	30.1	9541	23475	8478	22308	9194	23652	12513	39452
1:11:55	30.1	9526	23669	8483	22210	9215	23681	12573	39357
1:12:00	30.1	9506	23351	8471	22307	9249	23847	12578	39459
1:12:05	30.1	9462	23494	8490	22283	9207	23660	12552	39500
1:12:10	30.1	9571	23570	8535	22343	9191	23541	12634	39528
1:12:15	30.1	9568	23695	8500	22238	9256	23498	12539	39475
1:12:20	30.1	9527	23610	8451	22297	9273	23439	12630	39700
1:12:25	30.1	9528	23664	8526	22316	9242	23603	12726	39421
1:12:30	30.1	9567	23565	8512	22381	9280	23560	12545	39294
1:12:35	30.1	9591	23583	8534	22170	9294	23545	12495	39690
1:12:40	30.1	9569	23521	8555	22236	9222	23731	12582	39601
1:12:45	30.1	9523	23636	8472	22211	9238	23777	12627	39482
1:12:50	30.1	9574	23452	8541	22198	9224	23580	12695	39476
1:12:55	30.1	9560	23422	8465	22373	9143	23658	12553	39437
1:13:00	30.1	9633	23472	8511	22368	9205	23483	12554	39782
1:13:05	30.1	9534	23651	8520	22201	9224	23624	12712	39400
1:13:10	30.1	9589	23384	8570	22409	9228	23582	12603	39627
1:13:15	30.1	9544	23614	8536	22340	9258	23645	12702	39490
1:13:20	30.1	9641	23530	8555	22338	9248	23633	12676	39461
1:13:25	30.1	9554	23638	8488	22429	9379	23551	12648	39473
1:13:30	30.1	9647	23705	8556	22215	9260	23533	12691	39395
1:13:35	30.1	9570	23538	8549	22236	9231	23639	12618	39434
1:13:40	30.1	9660	23493	8552	22238	9228	23596	12638	39684
1:13:45	30.1	9578	23644	8464	22142	9219	23665	12641	39358
1:13:50	30.1	9546	23631	8529	22304	9234	23497	12701	39568
1:13:55	30.1	9613	23399	8492	22180	9266	23547	12738	39463
1:14:00	30.1	9572	23314	8553	22321	9260	23542	12739	39371
1:14:05	30.1	9585	23522	8529	22188	9227	23552	12611	39354
1:14:10	30.1	9604	23604	8566	22206	9247	23632	12592	39325
1:14:15	30.1	9574	23409	8508	22284	9239	23638	12755	39336
1:14:20	30.1	9589	23683	8599	22209	9293	23550	12726	39663
1:14:25	30.1	9586	23558	8517	22272	9252	23580	12614	39732
1:14:30	30.1	9585	23641	8561	22304	9201	23705	12684	39259
1:14:35	30.1	9625	23463	8543	22227	9231	23442	12785	39287
1:14:40	30.1	9613	23393	8588	22201	9229	23660	12717	39446
1:14:45	30.1	9621	23481	8559	22170	9270	23451	12688	39658
1:14:50	30.1	9613	23531	8582	22342	9332	23579	12712	39388
1:14:55	30.1	9619	23548	8611	22248	9210	23610	12785	39262
1:15:00	30.1	9537	23410	8583	22232	9249	23564	12737	39374
1:15:05	30.1	9684	23586	8578	22225	9306	23530	12828	39309
1:15:10	30.1	9599	23500	8536	22270	9221	23697	12754	39560
1:15:15	30.1	9628	23534	8560	22165	9263	23476	12734	39423
1:15:20	30.1	9562	23630	8515	22238	9238	23541	12713	39535
1:15:25	30.1	9677	23543	8566	22099	9289	23448	12666	39623
1:15:30	30.1	9642	23529	8582	22220	9243	23564	12694	39422
1:15:35	30.1	9693	23412	8565	22253	9161	23631	12885	39452
1:15:40	30.1	9681	23445	8600	22241	9330	23558	12720	39347
1:15:45	30.1	9732	23513	8563	22259	9306	23547	12749	39528
1:15:50	30.1	9685	23552	8582	22302	9234	23772	12814	39359
1:15:55	30.1	9634	23670	8538	22309	9289	23761	12723	39457
1:16:00	30.1	9685	23567	8566	22169	9231	23667	12726	39564
1:16:05	30.1	9655	23382	8540	22286	9292	23489	12709	39584
1:16:10	30.1	9641	23651	8618	22263	9245	23689	12740	39467
1:16:15	30.1	9639	23505	8649	22341	9285	23407	12777	39492
1:16:20	30.1	9725	23593	8651	22337	9222	23612	12784	39512
1:16:25	30.1	9707	23458	8587	22157	9301	23543	12710	39247
1:16:30	30.1	9699	23571	8638	22294	9233	23543	12787	39599
1:16:35	30.1	9691	23509	8689	22200	9276	23535	12694	39519
1:16:40	30.1	9678	23444	8616	22254	9297	23653	12837	39437
1:16:45	30.1	9608	23578	8632	22134	9290	23750	12789	39437
1:16:50	30.1	9701	23457	8579	22148	9275	23665	12744	39311
1:16:55	30.1	9698	23432	8628	22351	9248	23581	12762	39337
1:17:00	30.1	9770	23475	8642	22247	9231	23558	12834	39380
1:17:05	30.1	9642	23468	8556	22098	9326	23497	12851	39627
1:17:10	30.1	9682	23656	8583	22197	9281	23594	12801	39556
1:17:15	30.1	9662	23487	8633	22288	9177	23631	12848	39537
1:17:20	30.1	9700	23446	8635	22172	9268	23599	12838	39369
1:17:25	30.1	9772	23455	8640	22356	9278	23630	12852	39733
1:17:30	30.1	9755	23505	8618	22287	9267	23541	12752	39469
1:17:35	30.1	9731	23482	8679	22370	9259	23563	12855	39382
1:17:40	30.1	9736	23498	8615	22370	9268	23586	12787	39811
1:17:45	30.1	9783	23541	8606	22304	9336	23498	12816	39479
1:17:50	30.1	9687	23522	8726	22079	9228	23543	12865	39631
1:17:55	30.1	9722	23494	8661	22243	9339	23514	12865	39556
1:18:00	30.1	9762	23454	8642	22274	9230	23569	12904	39466
1:18:05	30.1	9690	23584	8641	22232	9310	23671	12850	39335
1:18:10	30.1	9742	23660	8634	22329	9295	23609	12841	39445
1:18:15	30.1	9749	23565	8620	22299	9290	23573	12899	39447
1:18:20	30.1	9777	23626	8665	22260	9205	23703	12825	39407
1:18:25	30.1	9770	23553	8657	22254	9285	23667	12923	39399
1:18:30	30.1	9698	23591	8677	22349	9297	23632	12859	39699
1:18:35	30.1	9770	23551	8691	22314	9255	23554	12928	39350
1:18:40	30.1	9761	23580	8671	22341	9239	23671	12889	39432
1:18:45	30.1	9759	23567	8712	22206	9311	23858	12885	39465
1:18:50	30.1	9770	23459	8643	22159	9280	23675	12871	39433
1:18:55	30.1	9841	23507	8631	22374	9350	23740	12946	39492
1:19:00	30.1	9739	23550	8761	22205	9273	23645	12895	39380
1:19:05	30.1	9807	23515	8658	22005	9201	23653	12985	39611
1:19:10	30.1	9786	23516	8718	22378	9271	23625	12966	39486
1:19:15	30.1	9779	23499	8712	22369	9278	23611	12988	39371
1:19:20	30.1	9695	23467	8669	22180	9306	23473	13040	39331
1:19:25	30.1	9825	23536	8737	22138	9278	23557	12913	39685
1:19:30	30.1	9733	23448	8674	22363	9349	23526	12962	39555
1:19:35	30.1	9795	23542	8739	22336	9370	23587	12914	39409
1:19:40	30.1	9774	23356	8676	22254	9276	23502	12926	39443
1:19:45	30.1	9898	23572	8685	22251	9307	23558	12984	39293
1:19:50	30.1	9821	23531	8747	22132	9265	23794	12923	39336
1:19:55	30.1	9833	23530	8726	22365	9269	23524	12919	39455
1:20:00	30.1	9853	23569	8750	22473	9367	23537	12965	39482
Results
	1	2	3	4	5	6	7	8	9	10	11	12
A		1848000.000	-4392000.000	-2028000.000	5820000.000	2316000.000	-5064000.000	3048000.000	-7956000.000				Max V [425,457]
		1.000	1.000	1.000	1.000	1.000	1.000	1.000	1.000				R-Squared [425,457]
		0:45:13	0:34:58	0:53:03	0:43:28	0:49:33	0:47:48	0:33:03	1:09:43				t at Max V [425,457]
		0:44:12	0:38:49	0:53:48	0:40:41	0:49:20	0:50:45	0:32:29	1:13:29				Lagtime [425,457]
B													Max V [425,457]
													R-Squared [425,457]
													t at Max V [425,457]
													Lagtime [425,457]
C													Max V [425,457]
													R-Squared [425,457]
													t at Max V [425,457]
													Lagtime [425,457]
D													Max V [425,457]
													R-Squared [425,457]
													t at Max V [425,457]
													Lagtime [425,457]
E													Max V [425,457]
													R-Squared [425,457]
													t at Max V [425,457]
													Lagtime [425,457]
F													Max V [425,457]
													R-Squared [425,457]
													t at Max V [425,457]
													Lagtime [425,457]
G													Max V [425,457]
													R-Squared [425,457]
													t at Max V [425,457]
													Lagtime [425,457]
H													Max V [425,457]
													R-Squared [425,457]
													t at Max V [425,457]
													Lagtime [425,457]


