

Software Version	3.03.14





Experiment File Path:	C:\Users\Public\Documents\Experiments\Tina\20200608_GAP_assay.xpt
Protocol File Path:	C:\Users\Public\Documents\Protocols\Tina\GAP_sensor_assay.prt


Plate Number	Plate 1
Date	6/8/2020
Time	1:49:09 PM
Reader Type:	Synergy H1
Reader Serial Number:	1803011C
Reading Type	Reader

Procedure Details
Plate Type	Costar 96 well half area
Set Temperature	Setpoint 30°C
Start Kinetic	Runtime 1:23:00 (HH:MM:SS), Interval 0:00:05, 997 Reads
    Read	Fluorescence Endpoint
	G2..G9
	Filter Set 1
	    Excitation: 425,  Emission: 457
	    Optics: Bottom,  Gain: 57
	Light Source: Xenon Flash,  Lamp Energy: High
	Read Speed: Normal,  Delay: 0 msec,  Measurements/Data Point: 5
	Read Height: 7 mm
End Kinetic	

Layout

	1	2	3	4	5	6	7	8	9	10	11	12
A													Well ID
B													Well ID
C													Well ID
D													Well ID
E													Well ID
F													Well ID
G		SPL1	SPL2	SPL3	SPL4	SPL5	SPL6	SPL7	SPL8				Well ID
H													Well ID
425,457

Time	T° 425,457	G2	G3	G4	G5	G6	G7	G8	G9
0:00:00	30.0	6401	6811	6537	7023	8347	7731	8351	8766
0:00:05	30.0	6367	6908	6574	7096	8327	7837	8383	8853
0:00:10	30.0	6385	6975	6616	7289	8351	7963	8422	8983
0:00:15	30.0	6401	7031	6604	7323	8432	7966	8457	9196
0:00:20	30.0	6408	7098	6614	7407	8333	8098	8473	9450
0:00:25	30.0	6393	7177	6667	7619	8423	8114	8457	9674
0:00:30	30.0	6442	7332	6608	7655	8429	8226	8518	9823
0:00:35	30.0	6444	7310	6680	7793	8382	8288	8529	10003
0:00:40	30.0	6476	7391	6670	7908	8394	8336	8522	10254
0:00:45	30.0	6397	7495	6685	7983	8441	8423	8524	10440
0:00:50	30.0	6432	7541	6668	8099	8408	8462	8513	10589
0:00:55	30.0	6489	7604	6720	8206	8355	8493	8504	10827
0:01:00	30.0	6481	7678	6658	8326	8365	8556	8512	10975
0:01:05	30.0	6483	7766	6695	8470	8458	8677	8578	11125
0:01:10	30.0	6468	7819	6642	8542	8361	8775	8570	11309
0:01:15	30.0	6464	7894	6677	8604	8362	8874	8520	11574
0:01:20	30.0	6529	7991	6737	8681	8400	8947	8490	11671
0:01:25	30.0	6436	8092	6683	8811	8408	9040	8474	12039
0:01:30	30.0	6468	8151	6751	9009	8396	9157	8495	12177
0:01:35	30.0	6521	8220	6714	9111	8424	9145	8561	12303
0:01:40	30.0	6495	8321	6776	9135	8423	9287	8560	12472
0:01:45	30.0	6460	8436	6756	9253	8478	9225	8510	12715
0:01:50	30.0	6492	8557	6707	9310	8368	9354	8532	12866
0:01:55	30.0	6472	8564	6767	9419	8400	9441	8547	13091
0:02:00	30.0	6532	8619	6748	9580	8473	9572	8567	13307
0:02:05	30.0	6484	8674	6751	9717	8393	9530	8553	13493
0:02:10	30.0	6505	8825	6807	9795	8456	9709	8510	13654
0:02:15	30.0	6469	8778	6730	9884	8378	9790	8572	13978
0:02:20	30.0	6470	8905	6786	10000	8408	9904	8578	14066
0:02:25	30.0	6534	8971	6813	10156	8453	10023	8580	14296
0:02:30	30.0	6567	9182	6868	10349	8387	10152	8582	14436
0:02:35	30.0	6517	9050	6872	10326	8366	10139	8575	14661
0:02:40	30.0	6501	9176	6810	10538	8434	10254	8504	14770
0:02:45	30.0	6552	9281	6874	10676	8469	10289	8595	15056
0:02:50	30.0	6597	9409	6823	10674	8421	10394	8537	15145
0:02:55	30.0	6519	9465	6850	10770	8431	10484	8549	15357
0:03:00	30.0	6508	9546	6852	10949	8422	10559	8631	15598
0:03:05	30.0	6579	9553	6900	11011	8411	10664	8558	15726
0:03:10	30.0	6518	9713	6881	11213	8479	10720	8606	15937
0:03:15	30.0	6571	9715	6883	11366	8386	10817	8621	16068
0:03:20	30.0	6549	9854	6891	11347	8442	10896	8625	16361
0:03:25	30.0	6527	9907	6884	11512	8400	11049	8720	16573
0:03:30	30.0	6594	9996	6900	11551	8440	11055	8574	16786
0:03:35	30.0	6541	10013	6882	11672	8481	11174	8601	16866
0:03:40	30.0	6559	10147	6909	11843	8457	11315	8616	17156
0:03:45	30.0	6585	10195	6850	11915	8430	11370	8647	17244
0:03:50	30.0	6535	10359	6882	12007	8484	11371	8631	17557
0:03:55	30.0	6581	10361	6885	12033	8387	11395	8688	17769
0:04:00	30.0	6767	10417	6920	12242	8503	11501	8677	17939
0:04:05	30.0	6721	10439	6894	12355	8399	11582	8686	18102
0:04:10	30.0	6794	10611	6982	12329	8445	11687	8678	18297
0:04:15	30.0	6726	10661	6863	12556	8463	11713	8748	18501
0:04:20	30.0	6782	10666	6923	12581	8468	11849	8724	18598
0:04:25	30.0	6861	10792	6880	12648	8447	11815	8781	18902
0:04:30	30.0	6825	10929	6903	12941	8508	11940	8707	18944
0:04:35	30.0	6755	10926	6938	12977	8447	12073	8705	19111
0:04:40	30.0	6803	11071	6904	13034	8436	12154	8740	19400
0:04:45	30.0	6791	11020	6945	13238	8430	12247	8732	19562
0:04:50	30.0	6852	11058	6885	13259	8414	12390	8720	19816
0:04:55	30.0	6841	11212	6915	13310	8428	12398	8719	20048
0:05:00	30.0	6904	11291	6929	13459	8480	12447	8719	20229
0:05:05	30.0	6929	11384	6878	13599	8440	12470	8726	20479
0:05:10	30.0	6970	11384	6984	13690	8513	12573	8740	20555
0:05:15	30.0	6930	11517	6934	13786	8419	12674	8776	20758
0:05:20	30.0	6973	11559	6944	13933	8473	12690	8780	20864
0:05:25	30.0	6967	11671	6919	14019	8387	12803	8773	21068
0:05:30	30.0	6985	11725	6939	14126	8418	12912	8791	21423
0:05:35	30.0	7003	11771	6867	14267	8477	13000	8898	21462
0:05:40	30.0	7026	11887	6968	14398	8459	13186	8846	21918
0:05:45	30.0	6959	11835	6900	14384	8449	13155	8850	21680
0:05:50	30.0	6999	12022	6936	14479	8474	13144	8891	22136
0:05:55	30.0	7078	12143	6902	14617	8429	13303	8868	22233
0:06:00	30.0	7036	12212	6888	14767	8450	13346	8900	22445
0:06:05	30.0	6978	12254	6952	14900	8416	13526	8797	22632
0:06:10	30.0	7035	12348	6958	14934	8445	13453	8940	22868
0:06:15	30.0	7000	12490	6942	14958	8508	13535	8889	23022
0:06:20	30.0	7001	12505	6980	15141	8487	13688	8904	23178
0:06:25	30.0	7048	12539	6958	15200	8474	13738	8953	23433
0:06:30	30.0	7014	12623	6928	15299	8498	13761	8885	23507
0:06:35	30.0	7030	12759	6913	15604	8459	13879	8888	23623
0:06:40	30.0	7012	12816	6891	15604	8450	14061	8948	23825
0:06:45	30.0	7049	12922	6927	15563	8441	14094	8965	24096
0:06:50	30.0	7042	12942	6891	15697	8485	14305	8933	24114
0:06:55	30.0	7087	13011	6908	15808	8510	14269	8944	24470
0:07:00	30.0	7051	13048	6950	15960	8439	14247	8970	24789
0:07:05	30.0	7008	13182	6970	15958	8543	14387	8972	24714
0:07:10	30.0	7034	13310	6892	16286	8455	14539	8991	24953
0:07:15	30.0	7052	13275	6903	16224	8444	14516	8954	25069
0:07:20	30.0	6988	13438	6946	16439	8489	14724	8985	25218
0:07:25	30.0	7073	13511	6893	16515	8541	14711	9062	25699
0:07:30	30.0	7054	13640	6922	16714	8472	14869	9020	25559
0:07:35	30.0	7040	13646	6915	16717	8482	14938	9024	26042
0:07:40	30.0	7050	13711	6959	16900	8514	15037	9121	26220
0:07:45	30.0	7064	13772	6927	17052	8513	15169	9010	26140
0:07:50	30.0	7073	13981	6960	16904	8547	15139	9038	26391
0:07:55	30.0	7059	13969	6926	17214	8458	15233	9065	26740
0:08:00	30.0	6999	14042	6965	17246	8512	15392	9046	26763
0:08:05	30.0	6991	14259	6919	17375	8530	15489	8968	26974
0:08:10	30.0	7060	14211	6895	17386	8512	15509	9031	26993
0:08:15	30.0	7004	14264	6904	17519	8475	15646	9091	27375
0:08:20	30.0	7021	14348	6874	17635	8447	15534	9005	27327
0:08:25	30.0	7037	14390	7003	17816	8465	15760	9063	27465
0:08:30	30.0	7057	14583	6941	17772	8460	15706	9119	27745
0:08:35	30.0	7031	14601	6958	17985	8465	15945	9126	28093
0:08:40	30.0	7023	14653	6944	18033	8515	15978	9066	28185
0:08:45	30.0	7079	14776	6941	18249	8447	16131	9044	28540
0:08:50	30.0	7051	14830	6967	18268	8475	16178	9011	28612
0:08:55	30.0	7054	14949	6961	18373	8437	16386	9058	28653
0:09:00	30.0	7083	14868	6991	18471	8496	16402	9163	29156
0:09:05	30.0	7060	15098	6989	18809	8469	16412	9020	29073
0:09:10	30.0	7102	15087	6990	18679	8524	16477	9054	29212
0:09:15	30.0	7099	15175	6955	18728	8473	16604	9089	29282
0:09:20	30.0	7049	15252	7026	18985	8609	16593	9128	29429
0:09:25	30.0	7107	15275	6996	19100	8497	16739	9135	29528
0:09:30	30.0	7054	15524	6972	19016	8497	16894	9080	29704
0:09:35	30.0	7107	15477	6969	19153	8502	16781	9088	29914
0:09:40	30.0	7150	15637	6964	19222	8492	16982	9125	30223
0:09:45	30.0	7086	15679	6932	19359	8511	17184	9110	30317
0:09:50	30.0	7138	15786	6951	19547	8555	17187	9092	30481
0:09:55	30.0	7068	15725	6969	19604	8526	17207	9083	30554
0:10:00	30.0	7067	15887	6981	19772	8489	17417	9211	30702
0:10:05	30.0	7078	15922	6935	19851	8545	17449	9181	31186
0:10:10	30.0	7071	16084	6949	19978	8569	17517	9099	31072
0:10:15	30.0	7099	16151	7007	20004	8535	17504	9024	31324
0:10:20	30.0	7075	16093	7086	20053	8519	17627	9082	31458
0:10:25	30.0	7076	16232	6976	20151	8558	17950	9185	31756
0:10:30	30.0	7110	16399	6935	20295	8538	17730	9148	31742
0:10:35	30.0	7107	16337	7011	20517	8575	17873	9138	32041
0:10:40	30.0	7087	16384	6934	20479	8646	17941	9063	32291
0:10:45	30.0	7125	16471	6965	20619	8567	18082	9148	32330
0:10:50	30.0	7112	16599	7066	20786	8557	18091	9169	32398
0:10:55	30.0	7129	16639	6999	20897	8500	18206	9152	32760
0:11:00	30.0	7094	16719	6971	20885	8537	18325	9152	32479
0:11:05	30.0	7188	16853	6945	21218	8536	18410	9155	32808
0:11:10	30.0	7135	16891	7007	21177	8494	18490	9165	33123
0:11:15	30.0	7131	17066	7057	21138	8497	18597	9141	33197
0:11:20	30.0	7110	17065	7016	21236	8580	18559	9161	33193
0:11:25	30.0	7129	17104	6926	21201	8516	18736	9194	33434
0:11:30	30.0	7183	17244	7073	21567	8507	18921	9268	33450
0:11:35	30.0	7121	17227	7102	21562	8548	18921	9226	33414
0:11:40	30.0	7117	17425	7003	21739	8552	19058	9152	34066
0:11:45	30.0	7183	17429	6981	21785	8609	19114	9263	33778
0:11:50	30.0	7167	17496	7090	21872	8538	19197	9150	34258
0:11:55	30.0	7163	17508	6997	22049	8565	19283	9160	33964
0:12:00	30.0	7131	17644	6947	22069	8469	19339	9167	34380
0:12:05	30.0	7099	17664	7031	22088	8535	19362	9203	34433
0:12:10	30.0	7136	17734	7050	22225	8581	19481	9184	34476
0:12:15	30.0	7105	17889	7050	22316	8557	19615	9171	34884
0:12:20	30.0	7125	17973	7060	22568	8596	19703	9208	34786
0:12:25	30.0	7152	18052	7043	22470	8611	19749	9193	35023
0:12:30	30.0	7142	18052	7073	22685	8545	19745	9167	34963
0:12:35	30.0	7134	18158	7037	22975	8582	19939	9199	35411
0:12:40	30.0	7128	18323	7036	22684	8540	19964	9270	35381
0:12:45	30.0	7171	18342	7067	22858	8635	20005	9263	35392
0:12:50	30.0	7169	18331	7019	23184	8551	20092	9207	35518
0:12:55	30.0	7151	18459	7077	22977	8607	20070	9239	35597
0:13:00	30.0	7189	18619	7033	23109	8582	20235	9171	35765
0:13:05	30.0	7180	18602	7098	23171	8589	20349	9290	35782
0:13:10	30.0	7177	18755	7075	23358	8602	20306	9288	35786
0:13:15	30.0	7204	18865	7077	23332	8644	20454	9257	35849
0:13:20	30.0	7183	18832	7005	23643	8568	20582	9239	36366
0:13:25	30.0	7181	18911	7119	23695	8589	20772	9247	36467
0:13:30	30.0	7225	18948	7019	23583	8623	20758	9267	36365
0:13:35	30.0	7145	19038	7099	23744	8632	20927	9217	36619
0:13:40	30.0	7153	19127	7105	23655	8627	20923	9285	36622
0:13:45	30.0	7122	19382	7099	23850	8590	20963	9206	36606
0:13:50	30.0	7151	19300	7155	23830	8587	21147	9271	36774
0:13:55	30.0	7190	19383	7035	23811	8546	21277	9259	37164
0:14:00	30.0	7200	19380	7078	24000	8565	21149	9310	37015
0:14:05	30.0	7180	19531	7063	24012	8650	21308	9279	37092
0:14:10	30.0	7212	19461	7140	23997	8544	21352	9252	37135
0:14:15	30.0	7171	19712	7089	24055	8574	21521	9261	37213
0:14:20	30.0	7203	19712	7142	24309	8571	21389	9338	37165
0:14:25	30.0	7178	19878	7104	24136	8625	21809	9323	37383
0:14:30	30.0	7188	19852	7073	23976	8652	21758	9291	37634
0:14:35	30.0	7157	19996	7112	24262	8621	21677	9279	37530
0:14:40	30.0	7171	19985	7107	24234	8588	21912	9242	37639
0:14:45	30.0	7143	20170	7130	24174	8553	22036	9215	37848
0:14:50	30.0	7232	20081	7088	24209	8585	22195	9273	37797
0:14:55	30.0	7170	20222	7128	24144	8629	22179	9326	38250
0:15:00	30.0	7201	20350	7158	24120	8622	22284	9288	38208
0:15:05	30.0	7247	20330	7116	24171	8593	22237	9309	38262
0:15:10	30.0	7189	20354	7164	24015	8559	22349	9295	38094
0:15:15	30.0	7188	20530	7092	24034	8644	22551	9336	38313
0:15:20	30.0	7184	20576	7115	24280	8662	22439	9288	38505
0:15:25	30.0	7232	20683	7088	24207	8654	22536	9327	38446
0:15:30	30.0	7250	20645	7136	24278	8670	22707	9340	38458
0:15:35	30.0	7177	20786	7190	24232	8609	22660	9294	38865
0:15:40	30.0	7185	20861	7127	24121	8637	22905	9325	39138
0:15:45	30.0	7219	21012	7120	24117	8643	22874	9390	38627
0:15:50	30.0	7176	21222	7145	24076	8625	22953	9370	38595
0:15:55	30.0	7233	21153	7084	24060	8585	23027	9324	38885
0:16:00	30.0	7183	20982	7162	24254	8599	23204	9341	38867
0:16:05	30.0	7193	21136	7098	24214	8688	23165	9330	39153
0:16:10	30.0	7160	21291	7116	24051	8623	23409	9353	39081
0:16:15	30.0	7261	21377	7155	24022	8623	23525	9367	39206
0:16:20	30.0	7236	21341	7123	24168	8641	23453	9299	39457
0:16:25	30.0	7260	21605	7092	23979	8628	23557	9430	39323
0:16:30	30.0	7211	21578	7202	24033	8612	23620	9366	39506
0:16:35	30.0	7271	21533	7161	23958	8640	23876	9399	39251
0:16:40	30.0	7235	21687	7110	23980	8557	23880	9370	39406
0:16:45	30.0	7240	21667	7162	24125	8600	23827	9421	39612
0:16:50	30.0	7224	21776	7168	24168	8607	24074	9390	39825
0:16:55	30.0	7252	21745	7169	24067	8697	23989	9357	39720
0:17:00	30.0	7291	21885	7117	24257	8647	23923	9368	39544
0:17:05	30.0	7217	21961	7154	24120	8599	24037	9418	39525
0:17:10	30.0	7225	21965	7172	24042	8532	24355	9456	39595
0:17:15	30.0	7247	22172	7204	23974	8679	24151	9383	39775
0:17:20	30.0	7270	22223	7148	24178	8511	24383	9493	39854
0:17:25	30.0	7253	22216	7155	24052	8596	24467	9381	39945
0:17:30	30.0	7255	22379	7191	24031	8631	24624	9444	39792
0:17:35	30.0	7261	22291	7172	24118	8559	24643	9393	39774
0:17:40	30.0	7257	22404	7143	24167	8616	24619	9373	39990
0:17:45	30.0	7254	22702	7265	24132	8587	24716	9480	39900
0:17:50	30.0	7233	22697	7231	24009	8646	24762	9411	40245
0:17:55	30.0	7313	22560	7252	24092	8658	24798	9502	39799
0:18:00	30.0	7276	22617	7234	23859	8621	24915	9405	39749
0:18:05	30.0	7245	22739	7256	24053	8630	25043	9458	39880
0:18:10	30.0	7257	22698	7205	23974	8641	25210	9485	40168
0:18:15	30.0	7268	22918	7221	24045	8652	25091	9422	40225
0:18:20	30.0	7273	22838	7161	24096	8674	25168	9506	40170
0:18:25	30.0	7297	22864	7232	24026	8667	25351	9444	40300
0:18:30	30.0	7343	22889	7265	24068	8669	25366	9487	40093
0:18:35	30.0	7323	23102	7247	23900	8650	25394	9476	40075
0:18:40	30.0	7326	22945	7152	24045	8665	25556	9603	40236
0:18:45	30.0	7281	23016	7243	24031	8606	25565	9479	40269
0:18:50	30.0	7298	23079	7247	24213	8552	25680	9469	40270
0:18:55	30.0	7278	23059	7193	24021	8633	25672	9446	39966
0:19:00	30.0	7274	22995	7190	23906	8687	25783	9542	40323
0:19:05	30.0	7306	23130	7175	24047	8639	25738	9502	40222
0:19:10	30.0	7364	23196	7305	24132	8665	25801	9462	40463
0:19:15	30.0	7304	23058	7219	24018	8625	26159	9552	40217
0:19:20	30.0	7312	23271	7270	24015	8630	26315	9489	40031
0:19:25	30.0	7318	23122	7230	23900	8645	26162	9530	40386
0:19:30	30.0	7312	23252	7231	24042	8658	26445	9542	40408
0:19:35	30.0	7343	23221	7276	24063	8664	26312	9557	40383
0:19:40	30.0	7330	23156	7268	23909	8665	26519	9518	40350
0:19:45	30.0	7298	23042	7291	23855	8618	26460	9547	40411
0:19:50	30.0	7344	23103	7317	24089	8648	26387	9532	40357
0:19:55	30.0	7387	23069	7325	23948	8647	26641	9518	40574
0:20:00	30.0	7384	23228	7267	24033	8704	26568	9505	40500
0:20:05	30.0	7349	23219	7251	24164	8717	26618	9562	40430
0:20:10	30.0	7303	23169	7306	23943	8680	26740	9576	40423
0:20:15	30.0	7358	22949	7223	24072	8734	26841	9510	40373
0:20:20	30.0	7397	23205	7263	23926	8687	26945	9566	40489
0:20:25	30.0	7311	23137	7282	23891	8661	27095	9573	40362
0:20:30	30.0	7387	23387	7209	23979	8654	26996	9623	40363
0:20:35	30.0	7378	23195	7325	24009	8604	26968	9555	40456
0:20:40	30.0	7329	23066	7264	23999	8644	27044	9570	40375
0:20:45	30.0	7368	23224	7306	24072	8667	26987	9586	40396
0:20:50	30.0	7385	23179	7298	24073	8704	27235	9525	40418
0:20:55	30.0	7370	23002	7367	24071	8702	27316	9600	40485
0:21:00	30.0	7444	23268	7353	24071	8644	27309	9605	40216
0:21:05	30.0	7364	23275	7279	23904	8680	27634	9634	40367
0:21:10	30.0	7353	23292	7362	23959	8736	27604	9577	40329
0:21:15	30.0	7376	23139	7335	24030	8690	27466	9557	40298
0:21:20	30.0	7375	23327	7347	24028	8690	27657	9629	40424
0:21:25	30.0	7395	23025	7319	24005	8631	27665	9616	40530
0:21:30	30.0	7401	23105	7335	23845	8690	27752	9510	40423
0:21:35	30.0	7342	23201	7370	23801	8815	27988	9669	40553
0:21:40	30.0	7463	23197	7296	24091	8676	27912	9665	40713
0:21:45	30.0	7450	23239	7349	23857	8689	27855	9613	40411
0:21:50	30.0	7470	23130	7271	24043	8716	28108	9641	40440
0:21:55	30.0	7437	23153	7323	23960	8729	28010	9604	40197
0:22:00	30.0	7476	23161	7335	23756	8708	28163	9646	40176
0:22:05	30.0	7427	23396	7257	23892	8701	28318	9597	40444
0:22:10	30.0	7463	23291	7394	23954	8653	28316	9619	40829
0:22:15	30.0	7437	23205	7362	23963	8655	28507	9678	40459
0:22:20	30.0	7450	23032	7366	23871	8806	28402	9667	40215
0:22:25	30.0	7471	23342	7355	24019	8615	28471	9648	40390
0:22:30	30.0	7433	23160	7331	23795	8694	28545	9777	40419
0:22:35	30.0	7490	23255	7367	23997	8658	28512	9639	40452
0:22:40	30.0	7379	23196	7320	23895	8713	28758	9601	40461
0:22:45	30.0	7409	23204	7344	23715	8694	28685	9667	40502
0:22:50	30.0	7430	23184	7332	23784	8732	28668	9645	40485
0:22:55	30.0	7423	23283	7336	23878	8715	28695	9707	40295
0:23:00	30.0	7539	23085	7372	23947	8685	28753	9757	40408
0:23:05	30.0	7465	23198	7404	23842	8670	28852	9711	40305
0:23:10	30.0	7471	23079	7356	23829	8680	28994	9649	40398
0:23:15	30.0	7456	23094	7390	23906	8645	29022	9697	40599
0:23:20	30.0	7488	23093	7348	23732	8744	29040	9666	40615
0:23:25	30.0	7495	23306	7336	23983	8709	29166	9812	40405
0:23:30	30.0	7469	23339	7425	23834	8691	29306	9646	40400
0:23:35	30.0	7508	23065	7395	24008	8656	29327	9656	40279
0:23:40	30.0	7512	23330	7375	24132	8669	29269	9738	40566
0:23:45	30.0	7586	23205	7407	23906	8717	29216	9735	40336
0:23:50	30.0	7531	23200	7395	23937	8715	29288	9732	40450
0:23:55	30.0	7486	23130	7353	23672	8693	29671	9690	40653
0:24:00	30.0	7490	23430	7386	23958	8753	29553	9782	40399
0:24:05	30.0	7510	23192	7417	23829	8689	29728	9666	40655
0:24:10	30.0	7440	23125	7391	23725	8709	29533	9719	40573
0:24:15	30.0	7514	23084	7428	23950	8761	29814	9785	40601
0:24:20	30.0	7493	23281	7375	23734	8770	29793	9840	40642
0:24:25	30.0	7521	23244	7437	23909	8748	29861	9741	40418
0:24:30	30.0	7542	23174	7398	23893	8718	29640	9830	40596
0:24:35	30.0	7509	23085	7420	23859	8745	29737	9712	40333
0:24:40	30.0	7535	23141	7396	24029	8673	29916	9807	40615
0:24:45	30.0	7567	23118	7458	23723	8804	29988	9751	40484
0:24:50	30.0	7490	23191	7428	23895	8724	30129	9818	40408
0:24:55	30.0	7536	23088	7449	23853	8715	30145	9766	40395
0:25:00	30.0	7538	23160	7356	23964	8646	30369	9765	40481
0:25:05	30.0	7537	23202	7360	23724	8688	30233	9810	40608
0:25:10	30.0	7556	23209	7404	23959	8705	30085	9764	40411
0:25:15	30.0	7560	23100	7401	23727	8754	30016	9736	40357
0:25:20	30.0	7507	23182	7419	23873	8764	30308	9825	40735
0:25:25	30.0	7598	23278	7439	23789	8693	30414	9817	40444
0:25:30	30.0	7586	23229	7433	23800	8817	30472	9794	40553
0:25:35	30.0	7544	23285	7405	23808	8702	30254	9835	40408
0:25:40	30.0	7527	23218	7498	23796	8706	30321	9842	40750
0:25:45	30.0	7511	23093	7441	23809	8740	30541	9856	40503
0:25:50	30.0	7565	23044	7425	23698	8772	30605	9756	40634
0:25:55	30.0	7541	23090	7526	23940	8755	30925	9773	40768
0:26:00	30.0	7521	23130	7506	23881	8746	30627	9820	40520
0:26:05	30.0	7585	23233	7486	23881	8719	30966	9813	40705
0:26:10	30.0	7612	23266	7440	23890	8711	30927	9870	40467
0:26:15	30.0	7580	23256	7498	23871	8685	30721	9794	40272
0:26:20	30.0	7645	23195	7448	23791	8714	30820	9873	40576
0:26:25	30.0	7541	23050	7446	23618	8688	31004	9844	40440
0:26:30	30.0	7581	23128	7469	23846	8736	30997	9867	40648
0:26:35	30.0	7668	23140	7385	23813	8802	30774	9916	40394
0:26:40	30.0	7608	23094	7474	23761	8684	30968	9908	40746
0:26:45	30.0	7641	23060	7408	23888	8722	30956	9938	40510
0:26:50	30.0	7577	23172	7531	23811	8689	31096	9868	40417
0:26:55	30.0	7597	23210	7493	23761	8682	31242	9836	40750
0:27:00	30.0	7550	23129	7429	23739	8759	31029	9923	40535
0:27:05	30.0	7670	23192	7508	23742	8788	31180	9921	40334
0:27:10	30.0	7597	22919	7458	23714	8689	31503	9875	40335
0:27:15	30.0	7599	23019	7463	23720	8721	31405	9898	40763
0:27:20	30.0	7664	23240	7480	23911	8721	31273	9936	40396
0:27:25	30.0	7603	23138	7481	23669	8737	31390	9871	40261
0:27:30	30.0	7698	23166	7547	23756	8816	31481	9924	40479
0:27:35	30.0	7624	23269	7481	23674	8790	31421	9917	40599
0:27:40	30.0	7635	23092	7499	23859	8722	31362	9901	40134
0:27:45	30.0	7668	23054	7478	23804	8714	31391	9959	40441
0:27:50	30.0	7603	23027	7565	23864	8704	31443	9836	40447
0:27:55	30.0	7566	23235	7535	23744	8693	31683	9922	40816
0:28:00	30.0	7641	23150	7485	23872	8793	31843	9949	40381
0:28:05	30.0	7687	23157	7522	23839	8786	31782	9964	40615
0:28:10	30.0	7617	23150	7540	23672	8703	31622	9985	40329
0:28:15	30.0	7602	23061	7482	23748	8762	31573	9951	40307
0:28:20	30.0	7640	23016	7487	23676	8786	31917	9989	40264
0:28:25	30.0	7610	22959	7557	23670	8777	31803	9951	40515
0:28:30	30.0	7657	23107	7490	23769	8701	31759	9934	40159
0:28:35	30.0	7661	23107	7498	23599	8767	31951	9906	40187
0:28:40	30.0	7685	23120	7511	23798	8793	31763	9874	40211
0:28:45	30.0	7598	23042	7576	23699	8781	31964	9910	40524
0:28:50	30.0	7654	23042	7512	23657	8772	32040	10038	40184
0:28:55	30.0	7663	23067	7510	23742	8673	32050	9945	40517
0:29:00	30.0	7648	23045	7559	23813	8792	31950	10001	40628
0:29:05	30.0	7682	23015	7573	23666	8817	32018	9910	40220
0:29:10	30.0	7731	23037	7511	23574	8797	32191	9931	40383
0:29:15	30.0	7641	23103	7537	23679	8705	32044	9914	40381
0:29:20	30.0	7664	23127	7481	23794	8709	32096	10028	40296
0:29:25	30.0	7743	23188	7544	23645	8734	31904	9971	40320
0:29:30	30.0	7677	23173	7594	23700	8711	32512	9971	40360
0:29:35	30.0	7724	23121	7595	23683	8719	31950	9984	40521
0:29:40	30.0	7659	23126	7533	23634	8746	32176	10015	40457
0:29:45	30.0	7665	22970	7538	23529	8730	32320	10011	40582
0:29:50	30.0	7748	23153	7590	23658	8817	32503	10006	40430
0:29:55	30.0	7650	22891	7565	23760	8723	32488	10086	40319
0:30:00	30.0	7662	23122	7582	23726	8707	32482	10059	40381
0:30:05	30.0	7706	23080	7599	23609	8719	32301	10044	40542
0:30:10	30.0	7695	23183	7613	23693	8797	32304	10044	40489
0:30:15	30.0	7779	23151	7547	23780	8786	32550	10061	40596
0:30:20	30.0	7686	23155	7541	23751	8778	32394	10053	40421
0:30:25	30.0	7717	23153	7567	23682	8735	32322	9995	40339
0:30:30	30.0	7742	23032	7573	23578	8720	32365	10056	40472
0:30:35	30.0	7696	23181	7595	23715	8776	32456	10004	40125
0:30:40	30.0	7687	23121	7609	23684	8783	32645	10079	40480
0:30:45	30.0	7723	23049	7591	23594	8779	32256	10050	40258
0:30:50	30.0	7752	23259	7587	23922	8812	32432	10058	40742
0:30:55	30.0	7745	23257	7591	23590	8750	32346	10078	40465
0:31:00	30.0	7748	22979	7544	23720	8855	32605	10104	40436
0:31:05	30.0	7765	23067	7634	23748	8885	32645	10038	40530
0:31:10	30.0	7779	23186	7654	23627	8778	32723	10083	40421
0:31:15	30.0	7764	23226	7623	23758	8790	32766	10083	40085
0:31:20	30.0	7720	23017	7618	23857	8845	32706	10079	40566
0:31:25	30.0	7735	23087	7651	23725	8706	32739	10064	40505
0:31:30	30.0	7781	22938	7602	23688	8815	32684	10129	40601
0:31:35	30.0	7796	23116	7584	23632	8785	32727	10206	40356
0:31:40	30.0	7742	23188	7672	23624	8776	32756	10119	40420
0:31:45	30.0	7763	23025	7611	23695	8850	32748	10146	40462
0:31:50	30.0	7765	23140	7608	23784	8803	32810	10089	40280
0:31:55	30.0	7753	23182	7611	23507	8855	32884	10158	40316
0:32:00	30.0	7825	23155	7606	23670	8779	32807	10079	40303
0:32:05	30.0	7779	22967	7696	23866	8783	32686	10060	40377
0:32:10	30.0	7782	23056	7603	23612	8743	32769	10173	40341
0:32:15	30.0	7756	23205	7626	23677	8766	32963	10190	40234
0:32:20	30.0	7780	23191	7659	23622	8715	32898	10251	40241
0:32:25	30.0	7785	22899	7610	23718	8764	33088	10116	40665
0:32:30	30.0	7771	23006	7728	23504	8759	32816	10144	40449
0:32:35	30.0	7779	23020	7677	23676	8730	32948	10199	40343
0:32:40	30.0	7810	22913	7682	23554	8803	33000	10171	40392
0:32:45	30.0	7842	22967	7651	23769	8855	33065	10083	40598
0:32:50	30.0	7775	23040	7694	23603	8835	32842	10195	40532
0:32:55	30.0	7818	22848	7734	23604	8813	33049	10160	40600
0:33:00	30.0	7849	23006	7643	23548	8777	33067	10170	40243
0:33:05	30.0	7865	22960	7590	23721	8813	33111	10160	40318
0:33:10	30.0	7789	23258	7631	23710	8846	32923	10241	40118
0:33:15	30.0	7796	23075	7661	23602	8833	33364	10231	40570
0:33:20	30.0	7872	23127	7696	23583	8799	33275	10244	40376
0:33:25	30.0	7811	23001	7671	23580	8802	32886	10166	40598
0:33:30	30.0	7869	22930	7710	23565	8821	33119	10213	40609
0:33:35	30.0	7883	22970	7653	23683	8794	33046	10205	40658
0:33:40	30.0	7828	23120	7667	23574	8859	33015	10174	40448
0:33:45	30.0	7827	23111	7700	23506	8757	33016	10227	40519
0:33:50	30.0	7817	23153	7657	23696	8777	33098	10246	40117
0:33:55	30.0	7842	23153	7693	23716	8753	33256	10205	40371
0:34:00	30.0	7842	23036	7664	23583	8842	33107	10244	40644
0:34:05	30.0	7868	23032	7718	23558	8741	33181	10269	40317
0:34:10	30.0	7883	23157	7709	23583	8812	33524	10177	40461
0:34:15	30.0	7780	23021	7737	23693	8798	33143	10260	40365
0:34:20	30.0	7833	22892	7675	23612	8765	33139	10278	40414
0:34:25	30.0	7836	22962	7666	23701	8865	33219	10322	40317
0:34:30	30.0	7873	23109	7682	23642	8827	33219	10257	40401
0:34:35	30.0	7820	22918	7710	23576	8783	33095	10256	40777
0:34:40	30.0	7860	23157	7747	23442	8821	33178	10305	40579
0:34:45	30.0	7864	22965	7670	23731	8800	33326	10357	40297
0:34:50	30.0	7909	23145	7706	23628	8779	33378	10267	40455
0:34:55	30.0	7864	22908	7702	23617	8894	33240	10366	40466
0:35:00	30.0	7895	22947	7766	23783	8889	33411	10287	40528
0:35:05	30.0	7877	23103	7731	23752	8812	33320	10383	40714
0:35:10	30.0	7882	23223	7723	23741	8851	33364	10262	40621
0:35:15	30.0	7910	22853	7732	23613	8805	33089	10306	40513
0:35:20	30.0	7873	23018	7684	23632	8804	33428	10298	40400
0:35:25	30.0	7886	23030	7712	23625	8803	33112	10304	40526
0:35:30	30.0	7934	23079	7733	23545	8802	33313	10331	40537
0:35:35	30.0	7920	22999	7701	23631	8819	33365	10284	40268
0:35:40	30.0	7894	23323	7723	23762	8982	33357	10300	40461
0:35:45	30.0	7928	23108	7799	23691	8861	33464	10312	40481
0:35:50	30.0	7954	23000	7731	23531	8821	33469	10344	40391
0:35:55	30.0	7908	23100	7748	23739	8861	33265	10192	40597
0:36:00	30.0	7969	23008	7765	23661	8883	33367	10360	40281
0:36:05	30.0	7862	23073	7767	23679	8841	33380	10350	40664
0:36:10	30.0	7915	23095	7739	23557	8805	33292	10427	40522
0:36:15	30.0	7921	23100	7766	23495	8856	33408	10366	40384
0:36:20	30.0	7929	23140	7811	23405	8850	33605	10437	40417
0:36:25	30.0	7930	23126	7773	23690	8846	33354	10428	40317
0:36:30	30.0	7966	22986	7737	23657	8805	33451	10370	40562
0:36:35	30.0	7894	23047	7735	23590	8838	33558	10297	40465
0:36:40	30.0	7943	22871	7762	23650	8809	33595	10408	40462
0:36:45	30.0	7951	22960	7767	23542	8843	33404	10371	40371
0:36:50	30.0	7902	22976	7830	23676	8823	33596	10401	40344
0:36:55	30.0	7942	23069	7744	23656	8819	33679	10469	40111
0:37:00	30.0	7930	22882	7810	23471	8880	33439	10390	40321
0:37:05	30.0	7923	22883	7777	23663	8826	33560	10377	40158
0:37:10	30.0	7962	22791	7807	23602	8798	33512	10476	40206
0:37:15	30.0	7978	22994	7798	23594	8863	33511	10366	40420
0:37:20	30.0	7944	22954	7788	23767	8864	33551	10468	40603
0:37:25	30.0	7949	23095	7857	23585	8880	33713	10451	40504
0:37:30	30.0	7930	22998	7809	23538	8809	33439	10435	40353
0:37:35	30.0	8005	22861	7829	23632	8918	33325	10452	40407
0:37:40	30.0	7952	23009	7849	23810	8861	33723	10444	40473
0:37:45	30.0	7961	22972	7786	23651	8771	33352	10458	40488
0:37:50	30.0	7972	22941	7876	23565	8816	33438	10444	40308
0:37:55	30.0	8032	22967	7816	23593	8859	33538	10530	40600
0:38:00	30.0	7995	23056	7792	23579	8836	33402	10404	40133
0:38:05	30.0	7977	23035	7782	23500	8794	33862	10437	40291
0:38:10	30.0	7987	23080	7724	23570	8839	33303	10419	40642
0:38:15	30.0	8007	22915	7800	23582	8845	33538	10493	40286
0:38:20	30.0	7980	23003	7860	23519	8847	33487	10532	40466
0:38:25	30.0	7990	23067	7808	23503	8772	33548	10434	40296
0:38:30	30.0	7954	23184	7795	23723	8893	33263	10516	40476
0:38:35	30.0	8000	22930	7896	23569	8855	33730	10523	40350
0:38:40	30.0	8049	23112	7854	23755	8807	33579	10490	40153
0:38:45	30.0	7992	22872	7803	23581	8756	33495	10461	40510
0:38:50	30.0	8003	22931	7828	23541	8789	33621	10389	40465
0:38:55	30.0	8007	22873	7796	23757	8867	33779	10519	40483
0:39:00	30.0	8016	22945	7834	23546	8863	33493	10458	40342
0:39:05	30.0	8007	22998	7825	23579	8885	33749	10597	40287
0:39:10	30.0	8010	23153	7833	23446	8866	33498	10490	40494
0:39:15	30.0	8006	22878	7849	23646	8844	33500	10540	40411
0:39:20	30.0	8034	22864	7868	23650	8924	33477	10500	40215
0:39:25	30.0	8042	22984	7840	23538	8786	33614	10632	40713
0:39:30	30.0	8055	23012	7915	23635	8855	33596	10529	40362
0:39:35	30.0	8044	22969	7823	23514	8839	33624	10558	40100
0:39:40	30.0	8029	22803	7835	23441	8854	33481	10584	40270
0:39:45	30.0	8062	23158	7883	23471	8806	33379	10576	40137
0:39:50	30.0	8070	22931	7882	23699	8879	33273	10514	40446
0:39:55	30.0	8074	22939	7851	23423	8889	33639	10550	40389
0:40:00	30.0	8081	22979	7849	23419	8801	33681	10549	40462
0:40:05	30.0	8094	22981	7865	23467	8833	33485	10508	40467
0:40:10	30.0	8045	22830	7878	23498	8852	33856	10535	40241
0:40:15	30.0	8057	22900	7850	23627	8891	33501	10551	40384
0:40:20	30.0	8036	22970	7943	23476	8864	33815	10589	40333
0:40:25	30.0	8023	23023	7920	23415	8822	33698	10682	40563
0:40:30	30.0	8135	23035	7816	23433	8903	33607	10621	40336
0:40:35	30.0	8042	22871	7899	23471	8873	33522	10538	40213
0:40:40	30.0	8078	22951	7968	23454	8841	33568	10616	40322
0:40:45	30.0	8025	22806	7871	23409	8862	33522	10623	40086
0:40:50	30.0	8099	22895	7869	23525	8881	33484	10652	40233
0:40:55	30.0	8062	22918	7887	23308	8961	33474	10540	40207
0:41:00	30.0	8062	22932	7948	23472	8859	33783	10633	40484
0:41:05	30.0	8086	22809	7918	23492	8858	33626	10657	40056
0:41:10	30.0	8120	23061	8001	23651	8833	33400	10658	40254
0:41:15	30.0	8115	23097	7942	23393	8970	33576	10596	40220
0:41:20	30.0	8124	22926	7911	23592	8898	33691	10633	40658
0:41:25	30.1	8103	22966	7929	23488	8870	33610	10665	40413
0:41:30	30.1	8118	22750	7904	23441	8831	33596	10642	40161
0:41:35	30.0	8124	22942	7964	23463	8875	33532	10699	40298
0:41:40	30.0	8148	22978	7915	23453	8908	33501	10635	40494
0:41:45	30.0	8102	22914	7861	23543	8873	33539	10654	40053
0:41:50	30.0	8152	22946	7948	23433	8889	33756	10653	40406
0:41:55	30.0	8075	22981	7873	23522	8862	33568	10692	40433
0:42:00	30.0	8165	23084	7957	23475	8916	33446	10645	40197
0:42:05	30.0	8084	23013	7871	23543	8876	33458	10705	40459
0:42:10	30.0	8131	22825	7939	23561	8882	33532	10663	40253
0:42:15	30.0	8116	23017	7979	23376	8921	33625	10720	40606
0:42:20	30.0	8121	22807	7965	23477	8895	33667	10716	40502
0:42:25	30.0	8182	22892	7939	23481	8944	33512	10718	39964
0:42:30	30.0	8152	23092	7959	23372	8831	33752	10674	40004
0:42:35	30.0	8128	23001	7925	23571	8849	33896	10704	40304
0:42:40	30.0	8084	22961	7895	23411	8870	33436	10654	40094
0:42:45	30.0	8140	22861	8012	23390	8884	33558	10732	40041
0:42:50	30.0	8119	22857	7980	23540	8904	33530	10815	40341
0:42:55	30.0	8160	22974	7964	23463	8841	33512	10744	40174
0:43:00	30.0	8107	22952	7967	23378	8901	33681	10820	40334
0:43:05	30.0	8148	22891	7961	23342	8907	33421	10687	40258
0:43:10	30.0	8156	22732	7949	23503	8925	33349	10753	40385
0:43:15	30.0	8127	22815	7962	23425	8865	33619	10798	40202
0:43:20	30.0	8152	23010	7981	23580	8866	33625	10653	40164
0:43:25	30.0	8099	22866	7979	23278	8888	33543	10778	40236
0:43:30	30.0	8151	23054	8005	23270	8869	33571	10671	40446
0:43:35	30.0	8134	22797	8011	23438	8956	33713	10743	40314
0:43:40	30.0	8186	22816	7987	23515	8892	33516	10762	40246
0:43:45	30.0	8235	22960	7977	23475	8851	33633	10724	40407
0:43:50	30.0	8180	22798	7975	23481	8932	33679	10780	40515
0:43:55	30.0	8190	22828	7980	23481	8925	33570	10742	40435
0:44:00	30.0	8131	22922	7956	23359	8948	33568	10722	39993
0:44:05	30.0	8162	22801	7980	23582	8931	33324	10783	40272
0:44:10	30.0	8206	23090	7986	23262	8912	33652	10830	40457
0:44:15	30.0	8225	22842	8076	23385	8878	33470	10710	40588
0:44:20	30.0	8222	22920	7952	23426	8941	33593	10773	40219
0:44:25	30.0	8170	22863	7998	23363	8870	33905	10783	40463
0:44:30	30.0	8175	22921	8065	23420	8910	33683	10813	40330
0:44:35	30.0	8163	22932	8011	23396	8879	33781	10787	40456
0:44:40	30.0	8164	22870	7993	23435	8914	33452	10904	40272
0:44:45	30.0	8191	23002	8075	23585	8947	33582	10825	40032
0:44:50	30.0	8185	22991	8038	23285	8882	33883	10842	40404
0:44:55	30.0	8291	22964	8010	23418	8945	33527	10794	40455
0:45:00	30.0	8189	22796	8005	23448	8893	33447	10847	40285
0:45:05	30.0	8224	23047	8049	23334	8966	33706	10853	40468
0:45:10	30.0	8288	22919	8013	23542	8999	33717	10811	40140
0:45:15	30.0	8192	22860	8041	23434	8960	33475	10840	40319
0:45:20	30.0	8150	22710	8012	23493	8918	33698	10854	40510
0:45:25	30.0	8254	22897	8077	23309	9013	33595	10846	40270
0:45:30	30.0	8190	22836	8029	23422	8935	33621	10888	40378
0:45:35	30.0	8200	22980	8037	23417	8962	33581	10886	40248
0:45:40	30.0	8234	22768	8037	23394	8880	33507	10822	40332
0:45:45	30.0	8225	22851	8062	23388	8955	33628	10909	40072
0:45:50	30.1	8231	22902	8026	23441	8964	33585	10841	40064
0:45:55	30.0	8229	22896	8008	23451	8909	33772	10876	40361
0:46:00	30.1	8270	23005	8013	23422	9015	33540	10913	40561
0:46:05	30.1	8278	22799	8121	23477	8983	33588	10890	40231
0:46:10	30.0	8175	22658	8076	23405	8911	33515	10932	40426
0:46:15	30.0	8192	22965	8023	23479	8902	33513	10897	40242
0:46:20	30.1	8265	22944	8038	23258	8837	33503	10942	40299
0:46:25	30.1	8339	22970	8050	23339	8926	33651	10943	40341
0:46:30	30.0	8236	22887	8088	23312	8897	33720	10913	40387
0:46:35	30.1	8270	22924	8013	23498	8946	33483	10910	40211
0:46:40	30.1	8248	22754	8058	23385	8965	33503	10897	40333
0:46:45	30.1	8266	22858	8056	23405	8945	33552	10932	40220
0:46:50	30.0	8254	22870	8078	23352	8972	33628	10964	40207
0:46:55	30.1	8223	22760	8040	23389	8889	33757	10912	40315
0:47:00	30.1	8273	22794	8059	23516	8893	33621	10932	40192
0:47:05	30.1	8264	22981	8036	23409	8958	33520	10977	40475
0:47:10	30.1	8332	23010	8095	23480	8976	33402	11033	40054
0:47:15	30.0	8247	22886	8059	23302	8947	33347	10948	40290
0:47:20	30.1	8290	22889	8100	23350	8951	33600	10938	40277
0:47:25	30.1	8321	22686	8045	23501	8942	33407	10959	39998
0:47:30	30.1	8302	22884	8115	23260	8938	33597	10974	40280
0:47:35	30.0	8314	22983	8063	23499	8984	33753	10961	40245
0:47:40	30.1	8258	23022	8144	23478	8892	33822	10937	39996
0:47:45	30.1	8235	22948	8106	23520	8953	33446	10971	40128
0:47:50	30.1	8281	22827	8084	23462	8863	33605	10927	40694
0:47:55	30.1	8284	22895	8103	23275	8898	33781	10954	40047
0:48:00	30.1	8269	22994	8088	23312	8923	33604	10977	40157
0:48:05	30.1	8321	22732	8092	23295	8951	33636	11002	40341
0:48:10	30.1	8303	22919	8096	23319	8926	33576	10998	40258
0:48:15	30.1	8303	22817	8135	23486	8866	33488	10968	39932
0:48:20	30.1	8272	22818	8167	23447	8920	33496	11062	40037
0:48:25	30.0	8322	22734	8130	23380	8911	33527	11012	40384
0:48:30	30.1	8305	22997	8090	23504	8941	33690	11013	40367
0:48:35	30.1	8343	22856	8145	23348	8954	33425	11041	40311
0:48:40	30.0	8282	22915	8085	23511	8940	33600	10999	40315
0:48:45	30.1	8341	22892	8174	23311	8960	33497	10982	40535
0:48:50	30.1	8381	22966	8141	23281	8914	33346	11001	40094
0:48:55	30.1	8326	22912	8081	23372	8972	33610	11038	40329
0:49:00	30.1	8351	22803	8135	23572	8957	33456	11011	40320
0:49:05	30.1	8343	23037	8100	23491	8982	33436	11085	40139
0:49:10	30.0	8315	22872	8158	23301	9017	33681	11017	40349
0:49:15	30.1	8277	22706	8112	23358	8886	33587	11066	40126
0:49:20	30.0	8322	22961	8079	23242	8996	33747	11076	40477
0:49:25	30.1	8380	22876	8141	23388	8967	33651	11129	40387
0:49:30	30.1	8332	22893	8174	23486	8962	33522	11214	40249
0:49:35	30.1	8330	22781	8247	23364	8979	33405	11075	40203
0:49:40	30.1	8346	22880	8095	23334	9010	33586	11041	40180
0:49:45	30.1	8404	22919	8106	23346	8941	33581	11096	40055
0:49:50	30.1	8366	22688	8159	23444	8953	33586	11059	39928
0:49:55	30.1	8329	22908	8175	23652	9054	33676	11112	40183
0:50:00	30.0	8325	22905	8143	23300	9006	33488	11031	40108
0:50:05	30.1	8313	22916	8147	23461	8966	33425	11190	40070
0:50:10	30.0	8302	22838	8176	23349	8954	33607	11099	40419
0:50:15	30.1	8361	22760	8168	23422	8959	33641	11236	40046
0:50:20	30.1	8377	22936	8137	23309	8992	33586	11138	40102
0:50:25	30.1	8433	22941	8141	23324	9016	33491	11083	40066
0:50:30	30.1	8396	22811	8144	23253	8968	33650	11123	40172
0:50:35	30.1	8372	22932	8142	23318	8980	33630	11126	40460
0:50:40	30.1	8371	22812	8203	23489	9038	33534	11148	40365
0:50:45	30.1	8354	23051	8166	23425	8962	33566	11187	40144
0:50:50	30.1	8355	22874	8273	23458	8926	33512	11160	40212
0:50:55	30.0	8423	22803	8229	23360	8964	33628	11083	40111
0:51:00	30.1	8380	22817	8193	23408	9001	33719	11215	40295
0:51:05	30.1	8492	22748	8172	23426	8964	33538	11035	40401
0:51:10	30.1	8407	22780	8207	23238	8984	33435	11180	40230
0:51:15	30.1	8392	22837	8189	23252	8986	33627	11216	40018
0:51:20	30.1	8426	22879	8228	23386	8984	33594	11188	40045
0:51:25	30.1	8395	22864	8172	23377	8928	33667	11152	39870
0:51:30	30.1	8419	22727	8191	23314	9000	33647	11142	40197
0:51:35	30.1	8464	22863	8231	23405	9016	33604	11183	40112
0:51:40	30.0	8359	22703	8225	23309	8983	33503	11196	40209
0:51:45	30.1	8452	22777	8179	23348	8969	33666	11166	40355
0:51:50	30.1	8432	22686	8180	23401	8997	33334	11218	40080
0:51:55	30.1	8387	22835	8177	23280	8972	33456	11230	40355
0:52:00	30.1	8420	22874	8254	23273	9023	33549	11164	40040
0:52:05	30.1	8411	22824	8301	23369	8943	33364	11235	40034
0:52:10	30.1	8431	22836	8235	23403	8980	33611	11247	40065
0:52:15	30.1	8461	22742	8198	23358	9036	33652	11249	40066
0:52:20	30.1	8489	22890	8179	23313	8938	33646	11260	40047
0:52:25	30.1	8510	22743	8268	23274	8990	33529	11322	40416
0:52:30	30.1	8414	22750	8217	23449	9051	33557	11168	40062
0:52:35	30.1	8392	22877	8264	23343	8972	33619	11283	40306
0:52:40	30.1	8475	22824	8256	23210	9011	33283	11217	40281
0:52:45	30.1	8421	22785	8286	23189	9028	33625	11315	40224
0:52:50	30.1	8476	22819	8215	23286	8968	33529	11327	40050
0:52:55	30.1	8523	22868	8288	23266	9020	33696	11303	40287
0:53:00	30.1	8482	22922	8272	23511	8975	33514	11325	40237
0:53:05	30.1	8450	22980	8332	23266	9001	33732	11311	39977
0:53:10	30.1	8458	22555	8298	23367	8959	33443	11347	39969
0:53:15	30.1	8499	22657	8304	23432	9004	33588	11297	40324
0:53:20	30.1	8548	22787	8259	23337	9019	33601	11253	40199
0:53:25	30.1	8496	22906	8222	23331	9018	33641	11249	40166
0:53:30	30.1	8500	22886	8283	23253	8935	33649	11258	40189
0:53:35	30.1	8421	22706	8221	23220	9002	33401	11365	40247
0:53:40	30.1	8515	22980	8285	23480	8977	33450	11330	40223
0:53:45	30.1	8493	22979	8298	23266	9050	33506	11337	40306
0:53:50	30.1	8487	22728	8329	23346	9008	33441	11321	40138
0:53:55	30.1	8495	22956	8239	23178	8991	33523	11331	40094
0:54:00	30.1	8519	22760	8309	23307	8928	33391	11311	40316
0:54:05	30.1	8533	22943	8277	23185	8954	33476	11342	40030
0:54:10	30.1	8532	22711	8280	23161	8990	33802	11311	40201
0:54:15	30.1	8547	22695	8205	23453	8991	33751	11407	40173
0:54:20	30.1	8478	22766	8273	23311	9012	33553	11343	40376
0:54:25	30.1	8482	22826	8267	23217	8955	33560	11266	40232
0:54:30	30.1	8572	22839	8324	23362	8978	33665	11461	39892
0:54:35	30.1	8511	22888	8252	23385	9021	33566	11345	40422
0:54:40	30.1	8482	22741	8295	23350	9030	33426	11399	40025
0:54:45	30.1	8520	22812	8261	23295	9087	33415	11360	40266
0:54:50	30.1	8515	22720	8303	23246	8975	33567	11417	40292
0:54:55	30.1	8547	22734	8210	23337	8938	33567	11456	40161
0:55:00	30.1	8549	22783	8304	23481	8943	33640	11330	40254
0:55:05	30.1	8424	22883	8304	23248	8979	33753	11362	39988
0:55:10	30.1	8470	22873	8367	23359	9049	33729	11354	40150
0:55:15	30.1	8507	22827	8263	23353	9035	33462	11325	40332
0:55:20	30.1	8510	22742	8269	23168	8994	33494	11447	40221
0:55:25	30.1	8512	22644	8325	23257	8998	33388	11328	39945
0:55:30	30.1	8521	22799	8312	23395	8977	33471	11445	39904
0:55:35	30.1	8479	22714	8245	23401	8952	33417	11364	39957
0:55:40	30.1	8522	22724	8305	23210	9017	33465	11349	39840
0:55:45	30.1	8574	22802	8350	23296	9028	33412	11357	40094
0:55:50	30.1	8529	22633	8351	23188	9024	33422	11436	39910
0:55:55	30.1	8515	22699	8292	23199	8964	33405	11394	39966
0:56:00	30.1	8590	22822	8297	23210	8982	33275	11445	40165
0:56:05	30.1	8533	22794	8325	23222	9020	33535	11391	40189
0:56:10	30.1	8565	22753	8280	23191	8999	33237	11328	39857
0:56:15	30.1	8579	22716	8372	23220	8925	33373	11428	39978
0:56:20	30.1	8483	22716	8323	23153	9001	33430	11417	40280
0:56:25	30.1	8570	22883	8371	23251	8968	33279	11331	40087
0:56:30	30.1	8561	22707	8324	23317	9016	33382	11429	40224
0:56:35	30.1	8551	22608	8293	23272	8986	33560	11385	40016
0:56:40	30.1	8584	22578	8344	23275	9033	33467	11356	39986
0:56:45	30.1	8572	22768	8354	23217	9007	33554	11402	40015
0:56:50	30.1	8538	22684	8327	23181	9005	33309	11502	39853
0:56:55	30.1	8463	22659	8350	23244	8995	33310	11455	39923
0:57:00	30.1	8506	22639	8333	23088	9003	33369	11465	39986
0:57:05	30.1	8592	22606	8294	23144	9021	33417	11539	39996
0:57:10	30.1	8517	22753	8349	23307	9044	33326	11377	40007
0:57:15	30.1	8623	22696	8337	23094	9002	33475	11472	39852
0:57:20	30.1	8494	22686	8302	23181	8987	33429	11436	39945
0:57:25	30.1	8540	22553	8359	23118	9000	33512	11487	40062
0:57:30	30.1	8630	22604	8330	23329	8989	33515	11486	39850
0:57:35	30.1	8605	22601	8310	23110	9019	33566	11488	39888
0:57:40	30.1	8552	22684	8386	23224	8948	33338	11518	40020
0:57:45	30.1	8510	22707	8304	23068	9018	33346	11431	39573
0:57:50	30.1	8603	22710	8349	23189	9041	33416	11539	40070
0:57:55	30.1	8566	22797	8329	23243	9065	33493	11562	40149
0:58:00	30.1	8573	22577	8392	23150	9024	33240	11482	40157
0:58:05	30.1	8577	22616	8321	23286	9057	33328	11475	40229
0:58:10	30.1	8635	22816	8345	23114	8976	33344	11489	40216
0:58:15	30.1	8562	22683	8317	22977	8965	33416	11492	39865
0:58:20	30.1	8517	22577	8374	23008	8990	33225	11514	39987
0:58:25	30.1	8600	22764	8357	23143	9008	33440	11557	39858
0:58:30	30.1	8612	22525	8316	23190	9036	33727	11504	39997
0:58:35	30.1	8597	22650	8399	23117	8950	33414	11547	40287
0:58:40	30.1	8601	22768	8332	23112	8969	33310	11544	40057
0:58:45	30.1	8601	22808	8381	23142	9028	33311	11499	40058
0:58:50	30.1	8550	22768	8349	23168	8981	33348	11525	39929
0:58:55	30.1	8608	22814	8308	23198	8943	33218	11558	40100
0:59:00	30.1	8606	22740	8352	23111	9005	33514	11586	39988
0:59:05	30.1	8671	22615	8427	23130	8992	33413	11536	40187
0:59:10	30.1	8583	22577	8371	23161	8984	33221	11498	39794
0:59:15	30.1	8651	22679	8385	22998	8982	33413	11547	39898
0:59:20	30.1	8566	22672	8423	23243	8982	33564	11527	40069
0:59:25	30.1	8576	22688	8376	23215	9011	33651	11544	40070
0:59:30	30.1	8636	22740	8446	23050	9051	33310	11524	40006
0:59:35	30.1	8622	22448	8442	23130	9059	33511	11568	39874
0:59:40	30.1	8600	22634	8413	23093	9005	33304	11527	39962
0:59:45	30.1	8660	22769	8426	23165	9010	33376	11531	39765
0:59:50	30.1	8635	22625	8418	23093	8982	33196	11515	40073
0:59:55	30.1	8711	22740	8423	23136	9043	33394	11680	40096
1:00:00	30.1	8663	22629	8378	23070	9026	33066	11666	40003
1:00:05	30.1	8713	22787	8434	23245	9015	33263	11602	40005
1:00:10	30.1	8594	22670	8348	23004	9047	33314	11575	40132
1:00:15	30.1	8616	22610	8374	23103	9013	33106	11534	39919
1:00:20	30.1	8631	22725	8396	23201	8999	33232	11672	40008
1:00:25	30.1	8677	22615	8439	23109	9028	33230	11565	39962
1:00:30	30.1	8654	22744	8414	23233	9089	33344	11744	39916
1:00:35	30.1	8600	22685	8455	23107	9016	33217	11626	39982
1:00:40	30.1	8676	22627	8431	23138	9038	33603	11650	40126
1:00:45	30.1	8699	22574	8451	23159	9024	33464	11578	40334
1:00:50	30.1	8739	22691	8383	23198	9014	33287	11684	39835
1:00:55	30.1	8683	22647	8393	23003	9032	33418	11640	39741
1:01:00	30.1	8691	22460	8406	23132	8999	33071	11651	40055
1:01:05	30.1	8659	22781	8450	23087	8988	33189	11631	39933
1:01:10	30.1	8647	22634	8415	23033	8955	33320	11671	39959
1:01:15	30.1	8727	22621	8499	23090	9059	33356	11651	39740
1:01:20	30.1	8681	22650	8433	23201	9007	33202	11581	39768
1:01:25	30.1	8653	22660	8424	23066	9031	33316	11656	40229
1:01:30	30.1	8648	22595	8409	23153	9042	33248	11655	39800
1:01:35	30.1	8694	22607	8419	22979	9033	33185	11831	39948
1:01:40	30.1	8680	22550	8543	23084	9001	33225	11683	39832
1:01:45	30.1	8753	22723	8501	23227	9010	33168	11693	39773
1:01:50	30.1	8667	22641	8386	23145	9068	33282	11664	40108
1:01:55	30.1	8652	22691	8432	23171	9028	33124	11723	39973
1:02:00	30.1	8722	22554	8442	23146	9001	33314	11684	40014
1:02:05	30.1	8729	22699	8539	23028	9024	33328	11725	39839
1:02:10	30.1	8654	22702	8473	23216	9037	33215	11724	39815
1:02:15	30.1	8692	22701	8458	23238	9074	33365	11804	40175
1:02:20	30.1	8781	22527	8414	23193	9049	33299	11767	40005
1:02:25	30.1	8698	22801	8500	23218	9112	33432	11724	39870
1:02:30	30.1	8672	22766	8442	23126	9005	33377	11791	39966
1:02:35	30.1	8728	22722	8518	22992	9051	33262	11816	40160
1:02:40	30.1	8754	22660	8422	22996	9081	33157	11861	39952
1:02:45	30.1	8717	22533	8485	23152	9039	33452	11745	39779
1:02:50	30.1	8736	22728	8480	22995	9060	33435	11863	39789
1:02:55	30.1	8781	22724	8460	23229	9052	33315	11772	40075
1:03:00	30.1	8774	22786	8531	23080	9019	33339	11698	39897
1:03:05	30.1	8768	22701	8575	23104	9062	33485	11793	39848
1:03:10	30.1	8798	22567	8475	23164	9087	33303	11785	39868
1:03:15	30.1	8728	22638	8506	23105	9073	33296	11733	39961
1:03:20	30.1	8732	22618	8562	23080	9043	33399	11842	40107
1:03:25	30.1	8707	22639	8530	23079	9027	33454	11839	40244
1:03:30	30.1	8761	22645	8545	23124	9054	33178	11790	39869
1:03:35	30.1	8782	22656	8493	23174	9065	33422	11844	39979
1:03:40	30.1	8770	22616	8543	23132	9013	33342	11829	39970
1:03:45	30.1	8728	22556	8455	23195	8978	33360	11861	40107
1:03:50	30.1	8772	22565	8446	23013	9062	33245	11755	40160
1:03:55	30.1	8806	22556	8523	23000	8956	33069	11793	39796
1:04:00	30.1	8762	22847	8575	23017	9132	33491	11840	40007
1:04:05	30.1	8759	22744	8551	22972	9029	33374	11912	39908
1:04:10	30.1	8781	22716	8551	23017	9089	33491	11846	39835
1:04:15	30.1	8695	22662	8554	23208	9053	33286	11816	39850
1:04:20	30.1	8739	22586	8554	23147	9060	33480	11829	39975
1:04:25	30.1	8771	22687	8548	23110	9096	33361	11820	40159
1:04:30	30.1	8794	22716	8569	23342	9080	33247	11761	39988
1:04:35	30.1	8837	22578	8461	23081	9127	33418	11866	40035
1:04:40	30.1	8803	22670	8503	22994	9033	33351	11848	39748
1:04:45	30.1	8761	22514	8542	23126	9003	33434	11917	39818
1:04:50	30.1	8767	22658	8512	22983	9052	33653	11841	40176
1:04:55	30.1	8749	22680	8498	23270	9101	33243	11952	39934
1:05:00	30.1	8857	22750	8529	23039	9072	33112	11800	40096
1:05:05	30.1	8827	22651	8533	23141	8976	33399	11884	40016
1:05:10	30.1	8839	22741	8563	23184	9029	33389	11883	39841
1:05:15	30.1	8804	22577	8481	23062	9048	33568	11878	40258
1:05:20	30.1	8827	22739	8514	23050	9075	33325	11846	39976
1:05:25	30.1	8757	22678	8525	22902	9006	33265	11912	39730
1:05:30	30.1	8882	22766	8595	23007	9076	33281	11835	39961
1:05:35	30.1	8837	22611	8560	23038	9097	33463	11918	40028
1:05:40	30.1	8819	22801	8595	23123	9056	33252	11878	40002
1:05:45	30.1	8847	22571	8572	23024	9003	33374	11948	39969
1:05:50	30.1	8890	22745	8553	23119	9075	33372	11933	39955
1:05:55	30.1	8852	22751	8525	23046	9142	33048	11922	39861
1:06:00	30.1	8855	22607	8620	23124	9139	33124	11968	40069
1:06:05	30.1	8822	22757	8575	23036	9098	33338	11988	40178
1:06:10	30.1	8801	22658	8531	23013	9050	33542	11923	39833
1:06:15	30.1	8835	22611	8617	22957	9066	33307	11949	40056
1:06:20	30.1	8833	22638	8565	23141	9113	33432	11954	39878
1:06:25	30.1	8826	22527	8667	23150	9085	33375	12034	39821
1:06:30	30.1	8885	22569	8537	23170	9083	33398	11981	40200
1:06:35	30.1	8857	22694	8618	23166	9104	33294	11947	40289
1:06:40	30.1	8866	22718	8582	23218	9067	33214	11980	40178
1:06:45	30.1	8819	22571	8597	23024	9196	33310	12032	40056
1:06:50	30.1	8811	22796	8579	23009	9108	33150	11990	40413
1:06:55	30.1	8871	22617	8617	22924	9079	33296	11997	40283
1:07:00	30.1	8889	22748	8614	22987	9048	33282	11997	40109
1:07:05	30.1	8789	22612	8623	23156	9075	33390	11938	39754
1:07:10	30.1	8856	22603	8659	23151	9134	33236	11970	40056
1:07:15	30.1	8903	22609	8578	23226	9133	33094	11981	39906
1:07:20	30.1	8848	22742	8604	23187	9040	33465	12080	40354
1:07:25	30.1	8849	22663	8561	23090	9066	33451	12191	39828
1:07:30	30.1	8900	22796	8643	23029	9130	33267	11969	40258
1:07:35	30.1	8867	22526	8630	23180	9097	33236	12031	39845
1:07:40	30.1	8899	22692	8665	22949	9153	33405	11998	39931
1:07:45	30.1	8822	22540	8612	23227	9049	33174	12031	39930
1:07:50	30.1	8906	22745	8689	23022	9168	33348	12083	39780
1:07:55	30.1	8864	22671	8618	23020	9127	33178	12081	39997
1:08:00	30.1	8895	22682	8606	23113	9083	33349	12034	40435
1:08:05	30.1	8967	22629	8653	23071	9111	33440	12108	40031
1:08:10	30.1	8930	22658	8651	23175	9087	33295	12099	39847
1:08:15	30.1	8869	22574	8656	23108	9061	33336	12210	39972
1:08:20	30.1	8901	22590	8626	23011	9106	33355	12090	40340
1:08:25	30.1	8914	22688	8613	23218	9068	33404	12005	39944
1:08:30	30.1	8988	22700	8610	23008	9104	33216	12188	39999
1:08:35	30.1	8987	22507	8679	23074	9128	33411	12062	40015
1:08:40	30.1	8951	22713	8616	23070	9117	33336	12081	39939
1:08:45	30.1	9015	22730	8613	22965	9077	33405	12063	39732
1:08:50	30.1	8973	22606	8699	23111	9194	33537	12169	40133
1:08:55	30.1	8871	22706	8658	22987	9124	33244	12069	39907
1:09:00	30.1	8931	22584	8649	23052	9126	33392	12087	39973
1:09:05	30.1	8882	22790	8621	23137	9118	33646	12111	39931
1:09:10	30.1	8957	22679	8649	23191	9146	33257	12019	40013
1:09:15	30.1	9000	22718	8730	23062	9096	33248	12073	39970
1:09:20	30.1	8931	22556	8703	23065	9139	33346	12068	40166
1:09:25	30.1	8959	22624	8714	23040	9121	33208	12090	40113
1:09:30	30.1	8931	22553	8631	23086	9082	33314	12191	40055
1:09:35	30.1	9008	22480	8674	23113	9131	33144	12150	39890
1:09:40	30.1	8938	22587	8695	23034	9112	33424	12123	39981
1:09:45	30.1	8921	22596	8665	22954	9136	33165	12100	39897
1:09:50	30.1	9000	22698	8779	23132	9127	33375	12073	39918
1:09:55	30.1	8953	22580	8725	23054	9092	33442	12111	39753
1:10:00	30.1	8919	22744	8720	23157	9106	33499	12198	40312
1:10:05	30.1	8944	22689	8711	23102	9140	33164	12152	40044
1:10:10	30.1	9020	22713	8761	23055	9175	33192	12164	40045
1:10:15	30.1	8989	22763	8695	23102	9151	33398	12086	40347
1:10:20	30.1	9009	22718	8690	22886	9115	33444	12181	40146
1:10:25	30.1	8923	22691	8768	23002	9180	33359	12217	39930
1:10:30	30.1	9062	22836	8678	22993	9109	33189	12152	40235
1:10:35	30.1	8997	22664	8696	23196	9177	33333	12152	39997
1:10:40	30.1	9000	22735	8723	23017	9195	33467	12183	39957
1:10:45	30.1	9003	22676	8663	23137	9091	33305	12267	39998
1:10:50	30.1	8967	22716	8686	22930	9140	33420	12180	40045
1:10:55	30.1	9022	22891	8702	23139	9167	33507	12302	40083
1:11:00	30.1	8981	22671	8755	23206	9091	33257	12215	40087
1:11:05	30.1	8992	22747	8732	23241	9139	33387	12238	39810
1:11:10	30.1	8986	22776	8699	23006	9196	33298	12265	40014
1:11:15	30.1	9019	22595	8718	23024	9073	33473	12374	39671
1:11:20	30.1	9039	22666	8702	23142	9145	33224	12214	39834
1:11:25	30.1	9106	22710	8774	23033	9171	33164	12237	40023
1:11:30	30.1	8972	22629	8787	23029	9135	33476	12245	40019
1:11:35	30.1	9069	22608	8748	23055	9182	33259	12279	39932
1:11:40	30.1	9056	22649	8692	23161	9230	33252	12265	40251
1:11:45	30.1	9040	22743	8775	23189	9187	33366	12335	40028
1:11:50	30.1	9049	22710	8739	23192	9154	33146	12308	40237
1:11:55	30.1	9045	22680	8734	23011	9201	33586	12231	40046
1:12:00	30.1	9018	22487	8757	22965	9207	33293	12294	39892
1:12:05	30.1	9043	22764	8807	22975	9126	33533	12293	39896
1:12:10	30.1	9057	22612	8703	23105	9170	33432	12350	40113
1:12:15	30.1	9045	22775	8818	23133	9141	33532	12335	40138
1:12:20	30.1	9071	22726	8749	23021	9111	33686	12266	40100
1:12:25	30.1	9051	22770	8804	23109	9198	33512	12312	40070
1:12:30	30.1	9013	22744	8788	23090	9145	33310	12359	39912
1:12:35	30.1	9090	22622	8755	22979	9179	33478	12364	40316
1:12:40	30.1	9057	22603	8755	23013	9107	33646	12370	40300
1:12:45	30.1	9062	22716	8737	23210	9176	33412	12331	39900
1:12:50	30.1	9085	22797	8845	23154	9169	33470	12266	40202
1:12:55	30.1	9009	22733	8809	22957	9199	33431	12372	40061
1:13:00	30.1	9081	22706	8802	23126	9192	33512	12379	40046
1:13:05	30.1	9136	22831	8764	23135	9178	33292	12400	40034
1:13:10	30.1	9111	22634	8833	23150	9174	33426	12409	40113
1:13:15	30.1	9118	22568	8798	22991	9201	33564	12387	39932
1:13:20	30.1	9086	22754	8779	23020	9163	33343	12380	39907
1:13:25	30.1	9080	22692	8823	22964	9179	33449	12376	40042
1:13:30	30.1	9038	22883	8888	23035	9170	33287	12447	40068
1:13:35	30.1	9090	22667	8772	22973	9212	33379	12426	40465
1:13:40	30.1	9051	22518	8757	23265	9221	33433	12440	40124
1:13:45	30.1	9077	22664	8728	23107	9194	33257	12427	40070
1:13:50	30.1	9026	22690	8766	23153	9247	33582	12387	39961
1:13:55	30.1	9131	22736	8800	23171	9272	33529	12481	40066
1:14:00	30.1	9134	22729	8777	23146	9207	33607	12361	39954
1:14:05	30.1	9110	22621	8869	23042	9237	33474	12457	40054
1:14:10	30.1	9115	22765	8825	23128	9199	33439	12443	39969
1:14:15	30.1	9136	22613	8852	23059	9243	33367	12465	40156
1:14:20	30.1	9140	22697	8857	23243	9201	33403	12418	40014
1:14:25	30.1	9121	22790	8764	23174	9248	33587	12488	39834
1:14:30	30.1	9131	22675	8816	22992	9216	33450	12464	40346
1:14:35	30.1	9164	22642	8874	23101	9145	33375	12424	40240
1:14:40	30.1	9160	22756	8857	22976	9153	33496	12369	40231
1:14:45	30.1	9142	22747	8881	23074	9126	33267	12466	40061
1:14:50	30.1	9102	22761	8810	23151	9191	33310	12498	39786
1:14:55	30.1	9136	22551	8776	23078	9204	33286	12520	40209
1:15:00	30.1	9118	22779	8833	23212	9171	33335	12513	40010
1:15:05	30.1	9075	22638	8870	23176	9192	33604	12502	40076
1:15:10	30.1	9156	22718	8863	23035	9167	33252	12605	40443
1:15:15	30.1	9156	22539	8824	23027	9185	33641	12499	39869
1:15:20	30.1	9128	22659	8855	22969	9200	33550	12511	40120
1:15:25	30.1	9184	22681	8917	23111	9268	33174	12416	40273
1:15:30	30.1	9150	22676	8857	23422	9242	33429	12359	40013
1:15:35	30.1	9237	22548	8930	23084	9235	33318	12437	40062
1:15:40	30.1	9213	22589	8922	23320	9171	33413	12516	39964
1:15:45	30.1	9134	22624	8922	23159	9233	33162	12548	40139
1:15:50	30.1	9177	22818	8908	23132	9225	33266	12534	39999
1:15:55	30.1	9136	22640	8859	23256	9241	33449	12575	40248
1:16:00	30.1	9173	22610	8876	23101	9151	33369	12472	39977
1:16:05	30.1	9214	22699	8852	23047	9232	33463	12536	40298
1:16:10	30.1	9187	22801	8899	23117	9242	33279	12473	40208
1:16:15	30.1	9153	22454	8893	23119	9218	33243	12684	40001
1:16:20	30.1	9234	22823	8933	23230	9243	33452	12569	40009
1:16:25	30.1	9191	22617	8869	23039	9246	33543	12597	40395
1:16:30	30.1	9207	22913	8947	23150	9241	33540	12567	40067
1:16:35	30.1	9205	22842	8883	23102	9250	33159	12671	40312
1:16:40	30.1	9222	22659	8888	23123	9233	33363	12744	39997
1:16:45	30.1	9256	22703	8928	23123	9173	33498	12607	39740
1:16:50	30.1	9167	22763	8937	23057	9262	33181	12592	40269
1:16:55	30.1	9230	22729	8847	23158	9275	33335	12570	39899
1:17:00	30.1	9185	22761	8916	23095	9222	33302	12521	40417
1:17:05	30.1	9253	22630	8946	23182	9239	33505	12617	40080
1:17:10	30.1	9135	22634	8931	23173	9191	33264	12632	40028
1:17:15	30.1	9273	22777	8823	23047	9173	33452	12596	40316
1:17:20	30.1	9250	22845	8948	22966	9257	33538	12557	40302
1:17:25	30.0	9284	22674	8863	22979	9273	33363	12663	39879
1:17:30	30.1	9121	22830	8879	22956	9287	33537	12665	40533
1:17:35	30.1	9289	22536	8867	23051	9249	33302	12688	40181
1:17:40	30.1	9251	22551	8891	23177	9234	33695	12682	40259
1:17:45	30.1	9208	22765	8974	23073	9241	33377	12551	40245
1:17:50	30.1	9210	22703	8936	23144	9220	33447	12680	39895
1:17:55	30.1	9266	22770	8993	23050	9331	33430	12644	40077
1:18:00	30.1	9327	22653	8927	23038	9201	33545	12651	40218
1:18:05	30.1	9305	22668	8882	23011	9293	33392	12693	39890
1:18:10	30.1	9197	22602	8885	23170	9262	33490	12693	40091
1:18:15	30.0	9332	22658	8934	23091	9225	33390	12609	40093
1:18:20	30.1	9189	22680	8995	23153	9259	33521	12672	39995
1:18:25	30.1	9251	22824	9002	22978	9282	33458	12655	39980
1:18:30	30.1	9364	22563	8984	23072	9314	33423	12708	40417
1:18:35	30.1	9249	22768	8954	23194	9339	33537	12737	39820
1:18:40	30.1	9324	22815	8903	23158	9243	33271	12679	39951
1:18:45	30.1	9293	22730	8939	22968	9320	33501	12615	40183
1:18:50	30.1	9322	22530	8975	23183	9236	33262	12746	40198
1:18:55	30.1	9361	22771	9008	23088	9288	33204	12729	40241
1:19:00	30.0	9219	22807	9022	22974	9325	33605	12680	40019
1:19:05	30.1	9243	22655	8941	23032	9275	33430	12649	40216
1:19:10	30.0	9335	22732	8991	23262	9363	33575	12735	39765
1:19:15	30.1	9329	22837	8993	23254	9287	33616	12706	40076
1:19:20	30.1	9239	22519	8987	23031	9282	33535	12737	40277
1:19:25	30.1	9305	22578	9011	23023	9283	33639	12839	40280
1:19:30	30.1	9349	22742	9028	23129	9262	33461	12747	40205
1:19:35	30.1	9377	22796	9061	23182	9253	33492	12818	40033
1:19:40	30.1	9375	22703	9021	22993	9246	33452	12787	39974
1:19:45	30.1	9327	22813	8939	23072	9221	33448	12899	39767
1:19:50	30.1	9313	22751	8984	23044	9345	33709	12722	40062
1:19:55	30.0	9333	22744	9095	23077	9327	33715	12875	39866
1:20:00	30.1	9338	22702	9024	23092	9292	33232	12788	40076
1:20:05	30.1	9289	22849	9027	23173	9241	33598	12783	40325
1:20:10	30.1	9356	22776	9015	23038	9283	33420	12838	40099
1:20:15	30.1	9333	22867	9000	23082	9297	33326	12792	40310
1:20:20	30.1	9337	22689	9078	23072	9301	33574	12830	40190
1:20:25	30.1	9320	22868	9073	23078	9271	33420	12715	40332
1:20:30	30.1	9355	22789	8979	23189	9297	33385	12808	40318
1:20:35	30.1	9332	22660	8975	23081	9307	33474	12876	39865
1:20:40	30.0	9341	22686	9102	23127	9280	33236	12864	40334
1:20:45	30.0	9327	22653	9068	23118	9345	33405	12812	39801
1:20:50	30.1	9293	22760	9041	23058	9246	33467	12796	39713
1:20:55	30.1	9396	22818	8994	23054	9258	33392	12785	39982
1:21:00	30.1	9329	22744	9020	23175	9364	33406	12896	39918
1:21:05	30.1	9311	22768	9002	23175	9256	33421	12955	39812
1:21:10	30.0	9411	22791	9061	23015	9326	33586	12806	39548
1:21:15	30.1	9354	22686	9004	23227	9316	33447	12854	39936
1:21:20	30.1	9352	22891	9004	23019	9338	33404	12940	39923
1:21:25	30.1	9379	22635	9041	23096	9285	33508	12892	40028
1:21:30	30.1	9370	22760	9022	23181	9232	33618	12859	39753
1:21:35	30.1	9362	22772	9033	22941	9302	33289	12857	39605
1:21:40	30.0	9396	22742	9003	23036	9337	33436	12931	39951
1:21:45	30.1	9351	22712	9026	23168	9256	33546	12907	39881
1:21:50	30.1	9423	22757	9029	23034	9311	33467	12927	39709
1:21:55	30.0	9416	22625	9021	23075	9349	33515	12820	40038
1:22:00	30.1	9397	22901	9095	23109	9254	33531	12900	39663
1:22:05	30.1	9342	22756	9056	23133	9287	33367	12929	39627
1:22:10	30.1	9434	22749	9019	22856	9294	33366	12943	39699
1:22:15	30.1	9454	22699	9092	23102	9273	33598	12936	39585
1:22:20	30.1	9387	22729	9015	23201	9281	33651	12922	39545
1:22:25	30.1	9410	22896	9020	23112	9281	33352	12891	39946
1:22:30	30.0	9344	22727	9131	23006	9294	33398	12922	40122
1:22:35	30.1	9415	22579	9031	23136	9316	33457	12918	39683
1:22:40	30.1	9289	22730	9078	23099	9349	33314	13015	40041
1:22:45	30.1	9409	22761	9123	23010	9325	33410	12954	40086
1:22:50	30.0	9453	22720	9077	22982	9336	33495	12960	39910
1:22:55	30.1	9455	22730	9061	23046	9263	33352	12986	39561
1:23:00	30.1	9470	22594	9027	23175	9305	33415	12949	39906
Results
	1	2	3	4	5	6	7	8	9	10	11	12
A													Max V [425,457]
													R-Squared [425,457]
													t at Max V [425,457]
													Lagtime [425,457]
B													Max V [425,457]
													R-Squared [425,457]
													t at Max V [425,457]
													Lagtime [425,457]
C													Max V [425,457]
													R-Squared [425,457]
													t at Max V [425,457]
													Lagtime [425,457]
D													Max V [425,457]
													R-Squared [425,457]
													t at Max V [425,457]
													Lagtime [425,457]
E													Max V [425,457]
													R-Squared [425,457]
													t at Max V [425,457]
													Lagtime [425,457]
F													Max V [425,457]
													R-Squared [425,457]
													t at Max V [425,457]
													Lagtime [425,457]
G		2232000.000	-5100000.000	-1824000.000	4392000.000	-2292000.000	7296000.000	-2664000.000	7848000.000				Max V [425,457]
		1.000	1.000	1.000	1.000	1.000	1.000	1.000	1.000				R-Squared [425,457]
		0:03:58	0:53:08	0:49:38	0:11:28	0:22:23	0:29:28	1:07:28	1:17:28				t at Max V [425,457]
		0:03:50	0:56:15	0:50:31	0:08:11	0:22:32	0:26:06	1:08:51	1:13:27				Lagtime [425,457]
H													Max V [425,457]
													R-Squared [425,457]
													t at Max V [425,457]
													Lagtime [425,457]



