

Software Version	3.03.14




Experiment File Path:	C:\Users\Public\Documents\Experiments\Tina\20200604_GAP_assay.xpt
Protocol File Path:	C:\Users\Public\Documents\Protocols\Tina\GAP_sensor_assay.prt



Plate Number	Plate 1
Date	6/4/2020
Time	1:57:17 PM
Reader Type:	Synergy H1
Reader Serial Number:	1803011C
Reading Type	Reader

Procedure Details
Plate Type	Costar 96 well half area
Set Temperature	Setpoint 30°C
Start Kinetic	Runtime 1:23:00 (HH:MM:SS), Interval 0:00:05, 997 Reads
    Read	Fluorescence Endpoint
	E2..E9
	Filter Set 1
	    Excitation: 425,  Emission: 457
	    Optics: Bottom,  Gain: 57
	Light Source: Xenon Flash,  Lamp Energy: High
	Read Speed: Normal,  Delay: 0 msec,  Measurements/Data Point: 5
	Read Height: 7 mm
End Kinetic	

Layout

	1	2	3	4	5	6	7	8	9	10	11	12
A													Well ID
B													Well ID
C													Well ID
D													Well ID
E		SPL1	SPL2	SPL3	SPL4	SPL5	SPL6	SPL7	SPL8				Well ID
F													Well ID
G													Well ID
H													Well ID
425,457

Time	T° 425,457	E2	E3	E4	E5	E6	E7	E8	E9
0:00:00	30.0	5751	6439	6101	6548	3956	4702	4948	5775
0:00:05	30.0	5786	6529	6086	6664	3945	4830	4064	5892
0:00:10	30.0	5805	6630	6168	6793	3983	4907	9923	5786
0:00:15	30.0	5795	6841	6122	6881	3993	5001	9931	5003
0:00:20	30.0	5786	6868	6130	6939	4016	5066	9983	11795
0:00:25	30.0	5763	7012	6156	7077	4032	5213	10037	12066
0:00:30	30.0	5827	7134	6178	7210	4024	5266	9968	12268
0:00:35	30.1	5799	7244	6187	7325	3994	5399	10012	12505
0:00:40	30.0	5842	7381	6131	7390	4017	5434	10097	12514
0:00:45	30.0	5855	7550	6177	7538	4007	5589	9999	12824
0:00:50	30.0	5885	7588	6221	7648	4030	5625	10074	12923
0:00:55	30.0	5876	7716	6206	7746	4048	5753	10095	13072
0:01:00	30.0	5852	7816	6184	7864	4051	5853	10053	13319
0:01:05	30.0	5856	7887	6211	7911	4085	5962	10039	13460
0:01:10	30.0	5858	8007	6238	8005	4107	6073	10067	13726
0:01:15	30.0	5915	8108	6238	8105	4097	6165	10136	13891
0:01:20	30.0	5822	8168	6234	8158	4076	6282	10087	14175
0:01:25	30.0	5940	8313	6261	8301	4101	6314	10126	14347
0:01:30	30.0	5951	8445	6223	8449	4073	6377	10079	14504
0:01:35	30.1	5947	8599	6294	8507	4091	6526	10111	14652
0:01:40	30.0	5913	8698	6302	8559	4114	6662	10140	14820
0:01:45	30.0	5929	8708	6316	8654	4122	6692	10143	15077
0:01:50	30.0	5938	8889	6296	8811	4142	6819	10122	15342
0:01:55	30.0	5941	8984	6315	8844	4158	6851	10108	15513
0:02:00	30.0	5961	9062	6282	8993	4109	7013	10153	15718
0:02:05	30.0	5988	9155	6275	9122	4143	7056	10179	15833
0:02:10	30.0	6027	9245	6341	9129	4162	7171	10135	15996
0:02:15	30.0	6000	9302	6327	9245	4144	7239	10185	16351
0:02:20	30.0	6061	9469	6323	9353	4161	7325	10206	16478
0:02:25	30.0	6001	9566	6402	9405	4186	7382	10258	16744
0:02:30	30.0	6006	9616	6367	9489	4206	7571	10159	16949
0:02:35	30.0	6013	9745	6346	9615	4200	7610	10190	16999
0:02:40	30.0	6016	9829	6373	9771	4221	7651	10159	17267
0:02:45	30.0	6018	9948	6371	9769	4225	7721	10177	17526
0:02:50	30.0	6007	10074	6392	9795	4210	7822	10214	17624
0:02:55	30.0	6026	10116	6400	9852	4185	7888	10182	18018
0:03:00	30.0	6021	10168	6436	9942	4246	8053	10237	17966
0:03:05	30.0	6040	10210	6404	10057	4247	8109	10196	18304
0:03:10	30.0	6035	10315	6448	10082	4217	8149	10205	18421
0:03:15	30.0	6013	10495	6472	10205	4182	8269	10241	18823
0:03:20	30.0	6034	10479	6478	10331	4218	8296	10255	19026
0:03:25	30.0	6082	10546	6511	10315	4239	8420	10261	19110
0:03:30	30.0	6045	10642	6443	10504	4289	8450	10334	19303
0:03:35	30.0	6065	10766	6465	10556	4320	8685	10259	19581
0:03:40	30.0	6105	10809	6457	10580	4259	8643	10220	19620
0:03:45	30.0	6081	10897	6484	10635	4269	8770	10313	19894
0:03:50	30.0	6030	10932	6451	10649	4265	8811	10220	20043
0:03:55	30.0	6095	11089	6469	10764	4264	8864	10226	20423
0:04:00	30.0	6120	11066	6522	10869	4280	8947	10255	20324
0:04:05	30.0	6129	11107	6444	10931	4276	9090	10255	20419
0:04:10	30.0	6088	11105	6412	10946	4297	9077	10319	20803
0:04:15	30.0	6102	11297	6479	10963	4270	9157	10356	21107
0:04:20	30.0	6086	11294	6515	11033	4300	9303	10341	21337
0:04:25	30.0	6072	11390	6551	11151	4328	9306	10299	21436
0:04:30	30.0	6114	11527	6492	11228	4343	9332	10333	21705
0:04:35	30.0	6150	11565	6528	11245	4319	9407	10336	21763
0:04:40	30.0	6126	11578	6571	11291	4319	9493	10407	21778
0:04:45	30.0	6120	11638	6520	11339	4328	9599	10364	22158
0:04:50	30.0	6111	11700	6573	11391	4324	9637	10419	22324
0:04:55	30.0	6189	11774	6538	11476	4329	9709	10357	22570
0:05:00	30.1	6175	11797	6540	11488	4296	9767	10325	22790
0:05:05	30.0	6190	11898	6575	11587	4315	9859	10443	22808
0:05:10	30.0	6209	11897	6589	11612	4348	9919	10370	22997
0:05:15	30.0	6208	11928	6577	11656	4298	9951	10371	23197
0:05:20	30.0	6223	12071	6504	11718	4313	10084	10427	23448
0:05:25	30.0	6150	12055	6455	11795	4323	10091	10438	23761
0:05:30	30.0	6184	12020	6580	11771	4329	10232	10460	23970
0:05:35	30.0	6210	12116	6542	11808	4324	10203	10434	23972
0:05:40	30.0	6182	12143	6592	11887	4343	10252	10416	24274
0:05:45	30.0	6206	12265	6560	11790	4339	10439	10440	24477
0:05:50	30.0	6254	12142	6566	11892	4340	10453	10507	24650
0:05:55	30.0	6203	12317	6621	11972	4338	10552	10491	24740
0:06:00	30.0	6299	12305	6549	12000	4286	10561	10430	24899
0:06:05	30.0	6246	12385	6528	12151	4335	10558	10506	25263
0:06:10	30.0	6192	12337	6591	12172	4335	10564	10479	25084
0:06:15	30.0	6271	12428	6506	12222	4326	10661	10524	25256
0:06:20	30.0	6237	12511	6561	12194	4312	10753	10510	25691
0:06:25	30.0	6241	12598	6610	12242	4336	10873	10519	25679
0:06:30	30.0	6244	12547	6562	12215	4336	10863	10559	25986
0:06:35	30.0	6230	12512	6625	12263	4360	10848	10523	26052
0:06:40	30.0	6246	12646	6569	12372	4335	10893	10519	26322
0:06:45	30.0	6243	12649	6614	12375	4386	10994	10505	26384
0:06:50	30.0	6282	12661	6609	12411	4336	11008	10523	26712
0:06:55	30.0	6265	12766	6601	12430	4343	11101	10477	26849
0:07:00	30.0	6298	12784	6571	12461	4368	11085	10578	27015
0:07:05	30.0	6320	12873	6599	12486	4309	11194	10526	27238
0:07:10	30.0	6233	12879	6599	12533	4346	11206	10563	27464
0:07:15	30.0	6257	12835	6563	12490	4338	11349	10495	27460
0:07:20	30.0	6291	12841	6634	12575	4338	11303	10606	27647
0:07:25	30.0	6240	12962	6618	12559	4356	11333	10564	27529
0:07:30	30.0	6305	13017	6610	12600	4344	11514	10569	27848
0:07:35	30.0	6295	12918	6675	12637	4374	11463	10555	27966
0:07:40	30.0	6289	12964	6610	12662	4350	11460	10607	28206
0:07:45	30.0	6313	12990	6653	12709	4354	11563	10566	28393
0:07:50	30.0	6286	12964	6652	12778	4318	11577	10623	28489
0:07:55	30.0	6276	13036	6668	12710	4373	11706	10584	28639
0:08:00	30.0	6284	13103	6648	12777	4354	11638	10660	28818
0:08:05	30.0	6314	13100	6633	12743	4355	11645	10611	29091
0:08:10	30.0	6335	13129	6617	12804	4353	11699	10630	29095
0:08:15	30.0	6312	13148	6650	12883	4360	11839	10690	29244
0:08:20	30.0	6322	13150	6680	12865	4404	11815	10630	29493
0:08:25	30.0	6290	13263	6690	12842	4397	11849	10589	29879
0:08:30	30.0	6313	13105	6648	13001	4410	11962	10655	29886
0:08:35	30.0	6330	13238	6645	12930	4348	11993	10650	29851
0:08:40	30.0	6333	13372	6710	12908	4361	11980	10653	30090
0:08:45	30.0	6305	13283	6668	12835	4394	12028	10678	30167
0:08:50	30.0	6342	13218	6678	12975	4363	12048	10639	30119
0:08:55	30.0	6361	13298	6680	13025	4370	12017	10727	30632
0:09:00	30.0	6373	13353	6629	12975	4348	12100	10638	30465
0:09:05	30.0	6363	13246	6704	13071	4395	12219	10758	30509
0:09:10	30.0	6348	13429	6670	13058	4366	12214	10713	30881
0:09:15	30.0	6337	13280	6694	12976	4383	12273	10674	30928
0:09:20	30.0	6331	13400	6649	13075	4424	12252	10801	31355
0:09:25	30.0	6385	13398	6673	13101	4352	12194	10712	31074
0:09:30	30.0	6332	13333	6718	13100	4379	12305	10714	31264
0:09:35	30.0	6339	13425	6734	13109	4382	12274	10754	31613
0:09:40	30.0	6359	13447	6680	13124	4364	12361	10697	31680
0:09:45	30.0	6365	13519	6711	13150	4336	12444	10740	31858
0:09:50	30.0	6396	13444	6692	13188	4378	12379	10753	31812
0:09:55	30.0	6400	13455	6681	13070	4415	12460	10837	32031
0:10:00	30.0	6389	13447	6708	13189	4404	12493	10728	32218
0:10:05	30.0	6412	13541	6719	13178	4388	12442	10771	32277
0:10:10	30.0	6406	13547	6711	13185	4381	12556	10821	32223
0:10:15	30.0	6416	13543	6714	13229	4388	12562	10830	32487
0:10:20	30.0	6392	13507	6757	13139	4391	12572	10859	32643
0:10:25	30.0	6368	13519	6729	13212	4410	12586	10756	32701
0:10:30	30.0	6378	13565	6716	13296	4418	12637	10794	32961
0:10:35	30.0	6419	13557	6706	13376	4354	12742	10849	33127
0:10:40	30.0	6428	13558	6776	13350	4422	12739	10787	32866
0:10:45	30.0	6408	13607	6734	13271	4404	12717	10918	33240
0:10:50	30.0	6430	13600	6727	13346	4369	12795	10854	33239
0:10:55	30.0	6426	13583	6752	13350	4403	12765	10757	33420
0:11:00	30.0	6460	13554	6808	13330	4418	12756	10874	33479
0:11:05	30.0	6499	13672	6762	13323	4431	12816	10886	33520
0:11:10	30.0	6434	13634	6743	13229	4391	12758	10846	33614
0:11:15	30.0	6433	13611	6790	13307	4387	12882	10929	33876
0:11:20	30.0	6451	13660	6749	13378	4409	12869	10855	33850
0:11:25	30.0	6377	13640	6772	13355	4416	12846	10879	34091
0:11:30	30.0	6494	13619	6752	13292	4423	12879	10815	33918
0:11:35	30.0	6461	13729	6813	13357	4398	12957	10813	34288
0:11:40	30.0	6448	13701	6787	13377	4399	12897	10910	34186
0:11:45	30.0	6521	13739	6773	13397	4420	12966	10868	34529
0:11:50	30.0	6421	13786	6805	13366	4405	12991	10863	34558
0:11:55	30.0	6497	13643	6766	13479	4408	12993	10889	34544
0:12:00	30.0	6451	13786	6785	13351	4447	13064	10931	34741
0:12:05	30.0	6479	13668	6772	13451	4406	13036	10940	34874
0:12:10	30.0	6475	13633	6802	13454	4431	13046	10885	34928
0:12:15	30.0	6473	13747	6796	13520	4408	13155	10931	34851
0:12:20	30.0	6472	13761	6787	13498	4421	13109	10944	35172
0:12:25	30.0	6506	13750	6763	13468	4442	13056	10899	34968
0:12:30	30.0	6524	13635	6851	13356	4472	13213	10903	35308
0:12:35	30.0	6506	13742	6845	13489	4421	13218	10908	35318
0:12:40	30.0	6516	13748	6756	13673	4460	13160	10928	35336
0:12:45	30.0	6454	13730	6837	13524	4406	13077	11003	35312
0:12:50	30.0	6535	13748	6752	13580	4388	13182	10984	35399
0:12:55	30.0	6476	13787	6797	13382	4398	13243	10989	35635
0:13:00	30.0	6476	13715	6751	13581	4458	13164	10955	35357
0:13:05	30.0	6508	13880	6792	13516	4403	13202	11095	35510
0:13:10	30.0	6523	13803	6820	13503	4427	13228	10951	35840
0:13:15	30.0	6528	13767	6823	13577	4411	13255	10988	36114
0:13:20	30.0	6534	13903	6861	13481	4438	13266	11018	35898
0:13:25	30.0	6529	13846	6880	13565	4424	13249	10994	35900
0:13:30	30.0	6558	13872	6827	13487	4445	13225	10951	35978
0:13:35	30.0	6577	13878	6852	13502	4426	13281	11014	36051
0:13:40	30.0	6495	13889	6799	13571	4416	13434	11060	36111
0:13:45	30.0	6550	13831	6823	13553	4409	13376	11006	36204
0:13:50	30.0	6486	13790	6860	13496	4453	13284	11010	36393
0:13:55	30.0	6548	13858	6840	13558	4443	13349	11042	36123
0:14:00	30.0	6538	13792	6870	13468	4462	13362	11076	36456
0:14:05	30.0	6608	13893	6907	13522	4425	13429	11075	36394
0:14:10	30.0	6528	13881	6919	13587	4456	13421	11029	36252
0:14:15	30.0	6528	13830	6921	13631	4479	13366	11134	36535
0:14:20	30.0	6609	13861	6884	13603	4409	13360	11000	36636
0:14:25	30.0	6573	13865	6896	13545	4438	13409	11109	37048
0:14:30	30.0	6510	13965	6864	13587	4470	13426	11077	36592
0:14:35	30.0	6542	13960	6873	13533	4466	13462	11049	36798
0:14:40	30.0	6613	13891	6869	13594	4444	13412	11136	36616
0:14:45	30.0	6540	13951	6901	13603	4441	13411	11103	37047
0:14:50	30.0	6555	13844	6908	13661	4507	13498	11225	36871
0:14:55	30.0	6605	13872	6908	13667	4446	13507	11055	36931
0:15:00	30.0	6602	13932	6901	13574	4439	13457	11144	36918
0:15:05	30.0	6572	13990	6907	13485	4487	13476	11163	36943
0:15:10	30.0	6651	13869	6951	13476	4504	13507	11092	37143
0:15:15	30.0	6604	13985	6851	13559	4435	13515	11265	37396
0:15:20	30.0	6622	13851	6851	13652	4452	13518	11174	37478
0:15:25	30.0	6607	13819	6911	13614	4445	13641	11245	37332
0:15:30	30.0	6574	13919	6901	13596	4456	13505	11182	37133
0:15:35	30.0	6571	13855	6933	13559	4514	13586	11144	37159
0:15:40	30.0	6644	13950	6948	13623	4477	13620	11244	37285
0:15:45	30.0	6618	13925	6893	13595	4446	13614	11228	37419
0:15:50	30.0	6602	13912	6941	13711	4465	13579	11215	37368
0:15:55	30.0	6590	13986	6890	13606	4518	13629	11208	37416
0:16:00	30.0	6638	13972	6899	13658	4517	13575	11256	37392
0:16:05	30.0	6633	13873	6979	13632	4453	13531	11162	37466
0:16:10	30.0	6608	13915	6933	13629	4442	13538	11230	37689
0:16:15	30.0	6613	13893	6927	13596	4496	13592	11208	37501
0:16:20	30.0	6671	13955	6933	13664	4526	13597	11255	37592
0:16:25	30.0	6659	13902	6902	13614	4476	13549	11244	37481
0:16:30	30.0	6634	13833	6909	13681	4486	13691	11267	37351
0:16:35	30.0	6667	13879	6977	13683	4543	13663	11238	37867
0:16:40	30.0	6624	13915	6940	13578	4502	13655	11306	37661
0:16:45	30.0	6708	13862	7018	13684	4491	13690	11275	37511
0:16:50	30.0	6666	13906	6981	13695	4508	13663	11313	37680
0:16:55	30.0	6671	13962	7001	13578	4460	13581	11272	37749
0:17:00	30.0	6632	13922	7002	13557	4503	13679	11301	37883
0:17:05	30.0	6671	13840	6971	13669	4486	13630	11295	37889
0:17:10	30.0	6676	13840	6990	13745	4498	13663	11351	37871
0:17:15	30.0	6621	13857	6995	13654	4545	13679	11252	37890
0:17:20	30.0	6685	13871	7052	13616	4534	13675	11272	37790
0:17:25	30.0	6693	13907	6979	13677	4485	13745	11305	37718
0:17:30	30.0	6717	13818	6994	13563	4497	13700	11263	37899
0:17:35	30.0	6673	13880	6938	13612	4530	13732	11281	37635
0:17:40	30.0	6697	13852	6987	13650	4480	13709	11245	37956
0:17:45	30.0	6711	13872	7007	13600	4532	13651	11316	37945
0:17:50	30.0	6738	13882	6957	13646	4493	13654	11290	37923
0:17:55	30.0	6688	13889	6982	13696	4524	13673	11330	38020
0:18:00	30.0	6653	13914	7022	13662	4527	13617	11425	37964
0:18:05	30.0	6757	13845	6993	13527	4525	13771	11348	37621
0:18:10	30.0	6676	13974	6982	13587	4520	13746	11346	38012
0:18:15	30.0	6724	13810	6997	13663	4523	13610	11429	38090
0:18:20	30.0	6834	13793	7026	13626	4548	13766	11301	37926
0:18:25	30.0	6720	13877	7026	13490	4494	13687	11358	38014
0:18:30	30.0	6681	13999	6990	13663	4539	13817	11387	37775
0:18:35	30.0	6762	13959	7060	13647	4541	13769	11402	38229
0:18:40	30.0	6724	13890	7009	13632	4524	13680	11369	38338
0:18:45	30.0	6786	13939	7031	13552	4560	13675	11437	38239
0:18:50	30.0	6768	14018	6973	13654	4511	13829	11341	38167
0:18:55	30.0	6745	13829	7012	13648	4514	13693	11419	37892
0:19:00	30.0	6721	14004	7042	13572	4561	13790	11408	38108
0:19:05	30.0	6768	13863	7067	13531	4530	13800	11445	38158
0:19:10	30.0	6680	13844	7072	13630	4549	13716	11442	37899
0:19:15	30.0	6732	13837	7033	13759	4509	13722	11449	37995
0:19:20	30.0	6795	13800	7074	13565	4523	13874	11557	37989
0:19:25	30.0	6758	13833	7092	13547	4534	13802	11438	38199
0:19:30	30.0	6780	13901	7052	13578	4547	13755	11526	38095
0:19:35	30.0	6783	13830	7057	13623	4547	13758	11464	38222
0:19:40	30.0	6761	13890	7101	13647	4561	13780	11539	38073
0:19:45	30.0	6787	13840	7079	13548	4554	13755	11499	37868
0:19:50	30.0	6770	13848	7052	13512	4585	13768	11529	38111
0:19:55	30.0	6750	13899	7033	13578	4586	13686	11495	38521
0:20:00	30.0	6759	13781	7057	13554	4596	13855	11477	38277
0:20:05	30.0	6818	13823	7051	13592	4556	13864	11485	38005
0:20:10	30.0	6799	13866	7082	13670	4552	13906	11498	38004
0:20:15	30.0	6758	13757	7087	13599	4580	13788	11543	38029
0:20:20	30.0	6852	13837	7120	13625	4564	13803	11506	37967
0:20:25	30.0	6895	13918	7157	13507	4567	13867	11503	38076
0:20:30	30.0	6816	13962	7110	13572	4565	13773	11581	38081
0:20:35	30.0	6859	13911	7129	13615	4600	13796	11496	38262
0:20:40	30.0	6829	13742	7130	13553	4584	13748	11651	38181
0:20:45	30.0	6813	13774	7125	13568	4571	13762	11568	38128
0:20:50	30.0	6857	13863	7121	13505	4534	13990	11551	38069
0:20:55	30.0	6819	13871	7126	13586	4593	13837	11558	38020
0:21:00	30.0	6833	13808	7145	13615	4554	13767	11608	38036
0:21:05	30.0	6836	13874	7159	13639	4579	13869	11625	37996
0:21:10	30.0	6830	13900	7118	13598	4603	13849	11567	38215
0:21:15	30.0	6871	13885	7176	13475	4598	13787	11577	38110
0:21:20	30.0	6883	13885	7162	13539	4590	13853	11551	38259
0:21:25	30.0	6896	13850	7103	13539	4590	13852	11587	37981
0:21:30	30.0	6899	13891	7122	13561	4608	13795	11639	38147
0:21:35	30.0	6857	13800	7136	13714	4564	13888	11631	37943
0:21:40	30.0	6867	13882	7138	13503	4635	13848	11630	38001
0:21:45	30.0	6871	13799	7172	13562	4586	13850	11715	38292
0:21:50	30.0	6875	13796	7158	13613	4598	13925	11626	38301
0:21:55	30.0	6850	13854	7152	13549	4593	13878	11706	38185
0:22:00	30.0	6887	13824	7174	13701	4562	13830	11676	38000
0:22:05	30.0	6888	13868	7127	13539	4612	13893	11682	37889
0:22:10	30.0	6922	13835	7151	13594	4588	13901	11672	37957
0:22:15	30.0	6939	13820	7158	13588	4597	13904	11704	37970
0:22:20	30.0	6885	13763	7176	13584	4581	13966	11698	38116
0:22:25	30.0	6888	13905	7180	13578	4597	13914	11754	38313
0:22:30	30.0	6921	13889	7225	13553	4614	13854	11755	38292
0:22:35	30.0	6909	13899	7179	13482	4627	13923	11640	37826
0:22:40	30.0	6920	13856	7219	13468	4613	13896	11711	38077
0:22:45	30.0	6899	13847	7210	13533	4599	13873	11695	38258
0:22:50	30.0	6857	13812	7154	13512	4589	13934	11713	38106
0:22:55	30.0	6936	13820	7262	13466	4637	13858	11704	38026
0:23:00	30.0	6939	13756	7212	13610	4632	13904	11650	38205
0:23:05	30.0	6905	13805	7168	13470	4602	13866	11784	38254
0:23:10	30.0	6896	13846	7216	13558	4658	13931	11789	38278
0:23:15	30.0	6915	13809	7227	13544	4610	13900	11798	38152
0:23:20	30.0	6903	13793	7223	13532	4594	13882	11704	38096
0:23:25	30.0	6928	13740	7218	13485	4601	13867	11796	38257
0:23:30	30.0	6964	13911	7269	13467	4634	13891	11742	37900
0:23:35	30.0	6896	13846	7217	13468	4668	13986	11771	38245
0:23:40	30.0	6934	13769	7157	13554	4619	13862	11786	38053
0:23:45	30.0	6930	13825	7224	13614	4637	13893	11735	37972
0:23:50	30.0	6956	13743	7207	13554	4623	13917	11849	37986
0:23:55	30.0	7006	13779	7211	13482	4675	13847	11781	38295
0:24:00	30.0	7016	13849	7201	13565	4621	13827	11865	37818
0:24:05	30.0	6937	13795	7254	13401	4622	13936	11892	38399
0:24:10	30.0	6958	13804	7291	13531	4610	13786	11875	37824
0:24:15	30.0	6925	13801	7227	13580	4664	14075	11777	37946
0:24:20	30.0	6995	13769	7218	13551	4647	13807	11893	38005
0:24:25	30.0	6996	13780	7299	13500	4631	13873	11820	38028
0:24:30	30.0	7002	13759	7261	13471	4685	13971	11907	37834
0:24:35	30.0	7031	13803	7229	13493	4625	13813	11846	38013
0:24:40	30.0	6985	13732	7256	13434	4612	13892	11831	38041
0:24:45	30.0	6964	13765	7318	13574	4671	13947	11758	38187
0:24:50	30.0	6996	13832	7222	13463	4663	13854	11836	38058
0:24:55	30.0	7010	13800	7287	13523	4680	13939	11859	38047
0:25:00	30.0	7017	13737	7296	13441	4631	13880	11909	38460
0:25:05	30.0	7006	13734	7325	13428	4633	13799	12008	38310
0:25:10	30.0	7028	13786	7335	13468	4641	13820	11889	37880
0:25:15	30.0	7049	13721	7293	13531	4627	13868	11884	37927
0:25:20	30.0	6964	13810	7309	13434	4739	13862	11879	37951
0:25:25	30.0	7058	13831	7280	13453	4639	13985	11981	38081
0:25:30	30.0	6989	13784	7205	13498	4696	13817	11896	37984
0:25:35	30.0	6999	13812	7313	13404	4662	13931	11932	38285
0:25:40	30.0	7066	13762	7308	13566	4665	13857	11931	38127
0:25:45	30.0	7084	13820	7336	13474	4656	13885	12017	38063
0:25:50	30.0	7041	13773	7341	13514	4685	13881	11910	38185
0:25:55	30.0	7021	13806	7304	13507	4690	13783	12033	38291
0:26:00	30.0	7051	13801	7236	13460	4682	13962	11976	38149
0:26:05	30.0	7046	13811	7291	13490	4713	14009	12020	38100
0:26:10	30.0	7059	13779	7360	13498	4671	13983	11933	38129
0:26:15	30.0	7066	13803	7397	13468	4666	13915	12021	37985
0:26:20	30.0	7101	13723	7332	13522	4698	13916	12030	38081
0:26:25	30.0	7085	13818	7404	13418	4702	13887	12023	38184
0:26:30	30.0	7010	13821	7301	13498	4685	13930	12029	37889
0:26:35	30.0	7100	13574	7414	13455	4705	13954	12026	38209
0:26:40	30.0	7075	13800	7372	13541	4738	13959	11944	38259
0:26:45	30.0	7052	13791	7386	13423	4708	13877	12036	38002
0:26:50	30.0	7094	13728	7356	13505	4662	13925	11983	38289
0:26:55	30.0	7129	13851	7361	13545	4693	13896	12101	37930
0:27:00	30.0	7063	13780	7330	13501	4710	13957	12068	38088
0:27:05	30.0	7074	13690	7308	13391	4716	13824	12031	37914
0:27:10	30.0	7113	13812	7369	13457	4686	13934	12054	37978
0:27:15	30.0	7040	13737	7344	13420	4745	13969	12098	37904
0:27:20	30.0	7062	13772	7350	13437	4690	13886	12109	37863
0:27:25	30.0	7171	13701	7315	13506	4732	13996	12129	38262
0:27:30	30.0	7110	13802	7367	13380	4703	13943	12042	37898
0:27:35	30.0	7109	13787	7343	13480	4674	13898	12175	38066
0:27:40	30.0	7183	13683	7402	13380	4696	13862	12218	37969
0:27:45	30.0	7181	13812	7361	13459	4745	13959	12065	38086
0:27:50	30.0	7137	13774	7385	13437	4706	13912	12052	37872
0:27:55	30.0	7176	13894	7378	13428	4674	13912	12046	38020
0:28:00	30.0	7088	13847	7375	13464	4743	13898	12208	37843
0:28:05	30.0	7099	13715	7416	13435	4745	13941	12090	38277
0:28:10	30.0	7134	13797	7354	13467	4725	13889	12083	37940
0:28:15	30.0	7192	13701	7384	13392	4733	14039	12044	37937
0:28:20	30.0	7142	13763	7412	13480	4719	13833	12169	37877
0:28:25	30.0	7164	13741	7433	13403	4738	13900	12215	38175
0:28:30	30.0	7161	13734	7421	13390	4770	13834	12212	38329
0:28:35	30.0	7162	13713	7467	13411	4712	13946	12198	37837
0:28:40	30.0	7148	13862	7371	13395	4739	13851	12153	38028
0:28:45	30.0	7130	13683	7443	13402	4733	13980	12269	37936
0:28:50	30.0	7193	13778	7388	13491	4768	13895	12233	38186
0:28:55	30.0	7193	13722	7426	13441	4756	13999	12113	37942
0:29:00	30.0	7161	13674	7410	13513	4723	13910	12240	37969
0:29:05	30.0	7136	13740	7418	13427	4736	13896	12232	38121
0:29:10	30.0	7149	13782	7459	13503	4709	13931	12173	37914
0:29:15	30.0	7151	13803	7476	13381	4758	13941	12182	38035
0:29:20	30.0	7188	13670	7403	13414	4747	13941	12161	38159
0:29:25	30.0	7220	13740	7457	13432	4792	13965	12199	38335
0:29:30	30.0	7164	13780	7491	13506	4727	13944	12326	37937
0:29:35	30.0	7182	13758	7430	13394	4746	13927	12259	38094
0:29:40	30.0	7217	13658	7460	13503	4748	13928	12268	37767
0:29:45	30.0	7231	13726	7465	13580	4764	13947	12293	37925
0:29:50	30.0	7175	13740	7428	13497	4754	13842	12348	37821
0:29:55	30.0	7235	13676	7469	13429	4761	13838	12246	38118
0:30:00	30.0	7196	13803	7484	13271	4738	13977	12290	37976
0:30:05	30.0	7252	13721	7436	13497	4815	13895	12249	37844
0:30:10	30.0	7261	13759	7507	13422	4793	13858	12354	37974
0:30:15	30.0	7229	13822	7436	13495	4739	13877	12318	38055
0:30:20	30.0	7235	13772	7499	13521	4766	13876	12332	38254
0:30:25	30.0	7239	13689	7449	13340	4789	13908	12441	38188
0:30:30	30.0	7204	13717	7474	13506	4730	13926	12385	38056
0:30:35	30.0	7324	13776	7527	13394	4751	13875	12344	37913
0:30:40	30.0	7207	13772	7511	13401	4794	13954	12306	37821
0:30:45	30.0	7240	13716	7481	13388	4780	13876	12299	37895
0:30:50	30.0	7262	13690	7453	13455	4771	14021	12276	38030
0:30:55	30.0	7238	13885	7549	13370	4795	13872	12285	37798
0:31:00	30.0	7272	13800	7534	13437	4798	13897	12367	37962
0:31:05	30.0	7242	13755	7518	13400	4812	13931	12353	38031
0:31:10	30.0	7261	13766	7485	13484	4785	13913	12344	37851
0:31:15	30.0	7243	13831	7533	13420	4789	13967	12334	37959
0:31:20	30.0	7249	13761	7518	13418	4843	13946	12481	37966
0:31:25	30.0	7254	13844	7574	13400	4776	13904	12393	38204
0:31:30	30.0	7259	13703	7483	13313	4776	13932	12357	37896
0:31:35	30.0	7265	13681	7539	13434	4773	13841	12400	37806
0:31:40	30.0	7350	13683	7545	13393	4817	13951	12418	37570
0:31:45	30.0	7247	13739	7485	13403	4789	13923	12377	37877
0:31:50	30.0	7307	13707	7473	13412	4792	13863	12415	38103
0:31:55	30.0	7322	13584	7487	13337	4805	13953	12458	38128
0:32:00	30.0	7273	13880	7570	13332	4809	13896	12446	38115
0:32:05	30.0	7239	13689	7607	13478	4851	13946	12465	37864
0:32:10	30.0	7333	13746	7511	13364	4826	13929	12413	37871
0:32:15	30.0	7286	13761	7548	13280	4807	13850	12418	37723
0:32:20	30.0	7271	13688	7593	13354	4816	14016	12409	38050
0:32:25	30.0	7251	13781	7587	13423	4806	13901	12481	37820
0:32:30	30.0	7277	13698	7544	13453	4799	14027	12511	38115
0:32:35	30.0	7336	13772	7576	13483	4797	13864	12498	38085
0:32:40	30.0	7315	13737	7527	13331	4814	13875	12485	38263
0:32:45	30.0	7317	13713	7548	13324	4816	13775	12554	38154
0:32:50	30.0	7266	13715	7567	13276	4828	13870	12462	38042
0:32:55	30.0	7308	13647	7628	13335	4818	13972	12521	37904
0:33:00	30.0	7310	13618	7574	13421	4816	13884	12476	37941
0:33:05	30.0	7299	13690	7586	13373	4797	13802	12453	37917
0:33:10	30.0	7342	13718	7628	13500	4823	13875	12526	37881
0:33:15	30.0	7327	13642	7542	13301	4827	13867	12523	38378
0:33:20	30.0	7308	13646	7594	13427	4886	13834	12571	38111
0:33:25	30.0	7350	13668	7582	13447	4818	13915	12632	37969
0:33:30	30.0	7368	13734	7564	13364	4842	13912	12567	38083
0:33:35	30.0	7350	13654	7609	13342	4873	13858	12589	37919
0:33:40	30.0	7391	13704	7581	13369	4856	13860	12608	37957
0:33:45	30.0	7359	13793	7557	13422	4858	13821	12509	37813
0:33:50	30.0	7379	13609	7535	13415	4835	13850	12577	38037
0:33:55	30.0	7345	13738	7617	13290	4853	13903	12661	38131
0:34:00	30.0	7402	13634	7617	13418	4803	13779	12580	38106
0:34:05	30.0	7411	13651	7606	13324	4861	13798	12614	38149
0:34:10	30.0	7355	13720	7661	13294	4883	13920	12643	37834
0:34:15	30.0	7382	13640	7623	13514	4865	13908	12557	37983
0:34:20	30.0	7385	13712	7598	13417	4834	13986	12627	38067
0:34:25	30.0	7414	13738	7684	13333	4865	13918	12641	38343
0:34:30	30.0	7402	13688	7612	13417	4853	13883	12648	38001
0:34:35	30.0	7378	13706	7660	13439	4835	13959	12696	37936
0:34:40	30.0	7445	13739	7631	13321	4839	13937	12687	38021
0:34:45	30.0	7434	13668	7692	13466	4814	13907	12650	38302
0:34:50	30.0	7438	13700	7633	13481	4849	13942	12751	37897
0:34:55	30.0	7393	13710	7643	13281	4868	13826	12687	37793
0:35:00	30.0	7396	13615	7630	13353	4867	13847	12554	38098
0:35:05	30.0	7459	13697	7663	13338	4846	13986	12715	37829
0:35:10	30.0	7400	13746	7615	13365	4904	13861	12703	37755
0:35:15	30.0	7388	13826	7688	13349	4894	13866	12780	37855
0:35:20	30.0	7412	13766	7695	13381	4884	13926	12747	37871
0:35:25	30.0	7457	13746	7626	13407	4848	13818	12709	37964
0:35:30	30.0	7391	13787	7641	13361	4900	13953	12776	38162
0:35:35	30.0	7390	13606	7687	13390	4893	13904	12643	37723
0:35:40	30.0	7396	13625	7673	13345	4875	13831	12828	37904
0:35:45	30.0	7381	13563	7670	13309	4905	13820	12767	37977
0:35:50	30.0	7472	13706	7694	13303	4860	13891	12696	38151
0:35:55	30.0	7410	13706	7703	13291	4845	13949	12708	37937
0:36:00	30.0	7431	13703	7706	13235	4890	13768	12772	37907
0:36:05	30.0	7464	13605	7688	13336	4900	13922	12745	37838
0:36:10	30.0	7433	13772	7693	13379	4889	13831	12787	37782
0:36:15	30.0	7480	13696	7681	13334	4896	13884	12851	37947
0:36:20	30.0	7437	13669	7671	13330	4867	13923	12834	38061
0:36:25	30.0	7391	13695	7668	13276	4855	13894	12742	37797
0:36:30	30.0	7477	13713	7713	13456	4881	13835	12728	38132
0:36:35	30.0	7420	13625	7749	13299	4890	13879	12770	38234
0:36:40	30.0	7502	13734	7741	13384	4912	13768	12813	37935
0:36:45	30.0	7459	13747	7711	13328	4880	13881	12768	38026
0:36:50	30.0	7450	13657	7722	13299	4876	13897	12918	37777
0:36:55	30.0	7424	13749	7700	13337	4891	13916	12778	37808
0:37:00	30.0	7481	13623	7693	13377	4942	13903	12812	37898
0:37:05	30.0	7472	13609	7707	13233	4898	13802	12777	38042
0:37:10	30.0	7479	13757	7762	13325	4894	13852	12836	37792
0:37:15	30.0	7483	13636	7734	13342	4959	13905	12803	37943
0:37:20	30.0	7489	13689	7689	13353	4937	13910	12811	37810
0:37:25	30.0	7549	13704	7733	13329	4935	13900	12805	37838
0:37:30	30.0	7481	13666	7735	13306	4910	13921	12875	37893
0:37:35	30.0	7457	13786	7819	13380	4920	13959	12855	37836
0:37:40	30.0	7514	13645	7796	13306	4979	13849	12860	37534
0:37:45	30.0	7491	13717	7762	13405	4931	13860	13060	37954
0:37:50	30.0	7520	13647	7776	13300	4911	13991	12908	38103
0:37:55	30.0	7494	13668	7727	13250	4923	13829	12828	37675
0:38:00	30.0	7535	13713	7736	13275	4929	13913	12874	37988
0:38:05	30.0	7593	13694	7796	13376	4976	13862	12875	38019
0:38:10	30.0	7509	13596	7786	13294	4922	13867	13010	37809
0:38:15	30.0	7490	13649	7773	13244	4956	13880	12873	37812
0:38:20	30.0	7565	13672	7774	13326	4954	13905	12957	37866
0:38:25	30.0	7547	13593	7760	13321	4941	13898	12926	38115
0:38:30	30.0	7561	13653	7733	13278	4963	13810	13064	37780
0:38:35	30.0	7512	13677	7775	13276	4954	13964	12958	37971
0:38:40	30.0	7546	13786	7811	13250	4937	13870	12947	37832
0:38:45	30.0	7563	13660	7756	13266	4960	13833	13067	37935
0:38:50	30.0	7540	13770	7849	13350	4940	13832	13088	37814
0:38:55	30.0	7580	13689	7841	13277	4929	13885	12858	37843
0:39:00	30.0	7586	13752	7816	13291	4943	13939	12988	37624
0:39:05	30.0	7551	13569	7802	13235	4963	13871	12936	37721
0:39:10	30.0	7548	13660	7773	13360	4972	13963	12982	37873
0:39:15	30.0	7607	13603	7760	13218	4972	13887	13068	38079
0:39:20	30.0	7594	13720	7844	13290	4959	13819	12979	37859
0:39:25	30.0	7583	13688	7822	13334	4943	13855	13091	37938
0:39:30	30.0	7566	13664	7798	13410	4977	13922	13066	38057
0:39:35	30.0	7584	13626	7810	13283	4940	13892	13113	37739
0:39:40	30.0	7583	13645	7841	13259	4971	13852	13076	37797
0:39:45	30.0	7525	13665	7793	13367	4955	13951	13044	37978
0:39:50	30.0	7611	13709	7810	13378	4967	13902	13100	37833
0:39:55	30.0	7620	13694	7822	13290	4973	13920	13101	37921
0:40:00	30.0	7649	13649	7819	13285	4966	13827	13025	37744
0:40:05	30.0	7677	13740	7827	13231	4989	13857	13068	37637
0:40:10	30.0	7603	13674	7796	13262	5014	13804	13097	37932
0:40:15	30.0	7625	13694	7824	13310	4939	13983	13039	37885
0:40:20	30.0	7600	13599	7775	13272	4949	13919	13092	37820
0:40:25	30.0	7624	13765	7820	13232	4972	13874	13076	37756
0:40:30	30.0	7633	13651	7813	13391	4969	13825	13141	38041
0:40:35	30.0	7563	13608	7830	13335	5009	13899	13169	37641
0:40:40	30.0	7606	13695	7782	13267	4982	13828	13074	37784
0:40:45	30.0	7635	13593	7870	13199	4955	13895	13121	38150
0:40:50	30.0	7607	13646	7863	13361	4990	13941	13063	38161
0:40:55	30.0	7636	13631	7884	13327	5010	13865	13203	37856
0:41:00	30.0	7661	13705	7893	13353	5018	13762	13077	37941
0:41:05	30.0	7644	13621	7908	13323	4997	13795	13082	38227
0:41:10	30.0	7681	13705	7835	13306	5022	13871	13093	38143
0:41:15	30.0	7607	13684	7869	13298	5045	13860	13128	37643
0:41:20	30.0	7673	13635	7849	13274	5007	13787	13144	37800
0:41:25	30.0	7653	13608	7831	13260	4999	13814	13136	37666
0:41:30	30.0	7624	13644	7855	13219	5007	13947	13279	38023
0:41:35	30.0	7667	13668	7808	13263	4983	13807	13154	37945
0:41:40	30.0	7628	13573	7898	13372	5016	13896	13260	37790
0:41:45	30.0	7697	13654	7882	13294	5032	13902	13170	37876
0:41:50	30.0	7623	13611	7824	13305	5016	13830	13213	37713
0:41:55	30.0	7671	13695	7953	13317	4999	13894	13294	37758
0:42:00	30.0	7643	13715	7840	13302	5003	13801	13162	37721
0:42:05	30.0	7697	13649	7947	13285	5044	13948	13171	37913
0:42:10	30.0	7682	13726	7818	13255	4992	13889	13283	37892
0:42:15	30.0	7711	13693	7916	13250	5034	13880	13233	38074
0:42:20	30.0	7671	13583	7932	13346	5048	13936	13249	38033
0:42:25	30.0	7719	13710	7928	13388	4988	13822	13211	37932
0:42:30	30.0	7712	13687	7884	13404	5018	13830	13313	37784
0:42:35	30.0	7648	13672	7934	13381	4980	13943	13277	37836
0:42:40	30.0	7720	13545	7966	13242	5002	13839	13249	37938
0:42:45	30.0	7704	13595	7901	13379	5045	13876	13265	38211
0:42:50	30.0	7683	13695	7916	13297	5015	13898	13225	37875
0:42:55	30.0	7732	13647	7954	13249	5065	13768	13287	37602
0:43:00	30.0	7716	13627	7908	13293	5079	13810	13269	38013
0:43:05	30.0	7737	13629	7959	13270	5009	13764	13376	37809
0:43:10	30.0	7746	13648	7930	13230	5056	13736	13341	37896
0:43:15	30.0	7688	13626	7956	13296	5052	13800	13275	38024
0:43:20	30.0	7663	13634	7858	13336	5068	13790	13386	37823
0:43:25	30.0	7745	13694	7951	13361	5057	13790	13248	37958
0:43:30	30.0	7698	13585	7972	13352	5053	13882	13327	37955
0:43:35	30.0	7773	13568	7928	13360	5057	13882	13335	37756
0:43:40	30.0	7703	13626	7990	13332	5097	13754	13394	37718
0:43:45	30.0	7754	13615	7906	13307	5089	13762	13258	37972
0:43:50	30.0	7696	13565	7923	13288	5015	13759	13322	37835
0:43:55	30.0	7732	13656	7902	13306	5065	13789	13325	37915
0:44:00	30.0	7723	13631	7957	13161	5071	13795	13290	37603
0:44:05	30.0	7726	13624	7958	13275	5060	13884	13441	37939
0:44:10	30.0	7794	13719	7961	13250	5121	13855	13297	37655
0:44:15	30.0	7740	13664	8011	13337	5065	13796	13408	37930
0:44:20	30.0	7717	13697	7989	13212	5037	13865	13476	37677
0:44:25	30.0	7695	13687	7924	13177	5065	13932	13345	37969
0:44:30	30.0	7795	13749	7896	13159	5088	13826	13429	37700
0:44:35	30.0	7704	13539	8002	13260	5093	13798	13427	37700
0:44:40	30.0	7756	13651	8013	13248	5053	13739	13414	37658
0:44:45	30.0	7807	13628	7995	13232	5122	13717	13421	37997
0:44:50	30.0	7833	13578	8018	13280	5114	13872	13345	37758
0:44:55	30.0	7783	13528	7970	13312	5088	13768	13432	37615
0:45:00	30.0	7819	13551	7955	13338	5067	13841	13430	37548
0:45:05	30.0	7819	13519	8014	13274	5092	13842	13434	37505
0:45:10	30.0	7788	13622	7994	13170	5084	13923	13416	37830
0:45:15	30.0	7771	13686	8006	13283	5076	13776	13542	37657
0:45:20	30.0	7765	13626	7930	13202	5091	13790	13456	37913
0:45:25	30.0	7791	13690	7975	13217	5098	13835	13429	37789
0:45:30	30.0	7782	13536	7974	13228	5040	13881	13483	37607
0:45:35	30.0	7792	13572	7997	13382	5105	13807	13426	37553
0:45:40	30.0	7774	13612	8023	13268	5071	13806	13523	37754
0:45:45	30.0	7799	13615	8074	13227	5091	13879	13562	37714
0:45:50	30.0	7842	13531	8030	13262	5102	13755	13595	37902
0:45:55	30.0	7805	13612	8019	13276	5121	13787	13526	37968
0:46:00	30.0	7777	13729	8045	13221	5140	13880	13596	37863
0:46:05	30.0	7845	13561	8039	13280	5125	13839	13541	37896
0:46:10	30.0	7824	13645	8051	13255	5131	13762	13510	37953
0:46:15	30.0	7793	13591	8067	13160	5142	13764	13435	37802
0:46:20	30.0	7855	13561	8029	13246	5120	13706	13579	37650
0:46:25	30.0	7868	13575	8100	13320	5119	13784	13607	37947
0:46:30	30.0	7873	13640	8032	13278	5112	13739	13525	37602
0:46:35	30.0	7827	13524	8040	13258	5159	13672	13567	37580
0:46:40	30.0	7772	13648	8020	13228	5109	13715	13585	37883
0:46:45	30.0	7882	13641	8035	13217	5094	13831	13650	37748
0:46:50	30.0	7871	13600	8066	13241	5113	13826	13537	37842
0:46:55	30.0	7829	13541	8034	13251	5128	13773	13525	37800
0:47:00	30.0	7847	13631	8032	13232	5119	13865	13606	37909
0:47:05	30.0	7878	13553	8030	13268	5145	13840	13724	37831
0:47:10	30.0	7877	13599	8103	13318	5117	13919	13588	38045
0:47:15	30.0	7906	13632	8039	13146	5186	13743	13594	37576
0:47:20	30.0	7828	13656	8008	13237	5172	13834	13657	37877
0:47:25	30.0	7904	13599	8117	13306	5121	13833	13637	37850
0:47:30	30.0	7872	13588	8083	13222	5149	13794	13609	38082
0:47:35	30.0	7870	13561	8098	13284	5130	13795	13624	37616
0:47:40	30.0	7871	13670	8107	13247	5111	13862	13664	37797
0:47:45	30.0	7892	13602	8063	13173	5141	13797	13655	37574
0:47:50	30.0	7858	13639	8128	13183	5077	13783	13592	37766
0:47:55	30.0	7855	13644	8100	13227	5160	13823	13680	37918
0:48:00	30.0	7922	13642	8019	13279	5145	13743	13714	38028
0:48:05	30.0	7932	13623	8115	13100	5125	13853	13613	37884
0:48:10	30.0	7941	13712	8046	13206	5156	13754	13675	37833
0:48:15	30.0	7948	13532	8090	13184	5095	13733	13616	37823
0:48:20	30.0	7917	13584	8110	13239	5128	13864	13570	37844
0:48:25	30.0	7864	13680	8066	13333	5148	13817	13798	37900
0:48:30	30.0	7965	13604	8141	13232	5183	13826	13719	37770
0:48:35	30.0	7909	13591	8096	13192	5180	13803	13683	37845
0:48:40	30.0	7887	13618	8098	13163	5162	13899	13793	37479
0:48:45	30.0	7894	13520	8135	13132	5151	13876	13785	37677
0:48:50	30.0	7871	13600	8118	13251	5188	13695	13767	37767
0:48:55	30.0	7952	13613	8144	13178	5164	13876	13735	37569
0:49:00	30.0	7931	13488	8156	13172	5142	13753	13609	37804
0:49:05	30.0	7830	13663	8118	13222	5169	13915	13750	38070
0:49:10	30.0	7925	13621	8137	13168	5145	13745	13758	37992
0:49:15	30.0	7942	13581	8194	13287	5173	13818	13797	38050
0:49:20	30.0	8033	13621	8148	13221	5135	13843	13836	37762
0:49:25	30.0	7949	13491	8085	13111	5165	13767	13735	37864
0:49:30	30.0	7840	13549	8145	13175	5178	13880	13850	37863
0:49:35	30.0	7928	13553	8048	13227	5192	13793	13739	37383
0:49:40	30.0	7931	13536	8208	13131	5218	13876	13829	37738
0:49:45	30.0	7967	13602	8090	13165	5200	13754	13800	37850
0:49:50	30.0	7926	13668	8081	13204	5179	13800	13846	37453
0:49:55	30.0	8014	13568	8110	13164	5206	13753	13807	37596
0:50:00	30.0	8025	13552	8094	13225	5160	13732	13956	37757
0:50:05	30.0	7957	13611	8188	13266	5204	13834	13720	37544
0:50:10	30.0	7942	13610	8171	13208	5225	13825	13821	37773
0:50:15	30.0	7953	13534	8137	13288	5203	13819	13759	37901
0:50:20	30.0	7939	13533	8140	13099	5190	13796	13936	37682
0:50:25	30.0	8001	13595	8152	13175	5166	13773	13816	37982
0:50:30	30.0	8018	13609	8134	13175	5196	13796	13928	37798
0:50:35	30.0	8019	13601	8170	13184	5192	13715	13886	37744
0:50:40	30.0	8080	13592	8146	13183	5152	13749	13910	37276
0:50:45	30.0	7961	13591	8144	13210	5172	13787	13943	37669
0:50:50	30.0	7974	13596	8195	13138	5230	13780	13860	37651
0:50:55	30.0	7980	13573	8220	13148	5220	13838	13876	37757
0:51:00	30.0	8002	13538	8129	13080	5252	13768	13926	37790
0:51:05	30.0	8004	13620	8085	13193	5274	13862	13950	37958
0:51:10	30.0	7999	13666	8135	13205	5210	13822	13823	37466
0:51:15	30.0	8068	13525	8137	13137	5237	13834	13948	37536
0:51:20	30.0	8024	13581	8161	13223	5247	13814	13952	37682
0:51:25	30.0	7983	13509	8280	13189	5156	13793	13958	37754
0:51:30	30.0	7985	13567	8228	13146	5241	13786	13999	37870
0:51:35	30.0	7966	13561	8228	13178	5185	13740	14048	37783
0:51:40	30.0	8020	13531	8226	13188	5217	13755	13923	37649
0:51:45	30.0	8049	13608	8182	13044	5200	13919	14010	37824
0:51:50	30.0	8014	13577	8206	13301	5273	13803	13912	37611
0:51:55	30.0	8024	13575	8206	13168	5167	13803	13991	37700
0:52:00	30.0	7970	13619	8204	13150	5254	13796	13997	37576
0:52:05	30.0	8011	13643	8188	13141	5232	13694	14010	37716
0:52:10	30.0	7999	13536	8169	13167	5227	13910	13989	37613
0:52:15	30.0	8122	13633	8214	13160	5207	13789	14050	37604
0:52:20	30.0	8056	13582	8212	13169	5208	13798	13952	37598
0:52:25	30.0	8033	13543	8230	13220	5209	13811	13974	37781
0:52:30	30.0	8060	13681	8181	13220	5265	13837	13984	37812
0:52:35	30.0	8035	13606	8241	13148	5252	13805	14024	37698
0:52:40	30.0	8066	13547	8222	13116	5247	13782	14046	37535
0:52:45	30.0	8060	13578	8235	13106	5210	13818	14051	37449
0:52:50	30.0	8016	13515	8213	13240	5212	13785	14016	37702
0:52:55	30.0	8035	13576	8213	13221	5242	13861	14034	37944
0:53:00	30.0	8076	13591	8220	13211	5241	13893	14031	37752
0:53:05	30.0	8164	13581	8262	13152	5261	13822	14000	37808
0:53:10	30.0	8083	13662	8202	13061	5250	13782	13970	37578
0:53:15	30.0	8072	13567	8259	13065	5234	13680	14183	37809
0:53:20	30.0	8062	13631	8287	13187	5250	13873	14122	37950
0:53:25	30.0	8015	13598	8287	13135	5276	13789	14015	37622
0:53:30	30.0	8098	13588	8331	13097	5264	13754	14147	37711
0:53:35	30.0	8093	13508	8237	13185	5256	13737	14030	37598
0:53:40	30.0	8095	13577	8264	13188	5274	13706	14136	37931
0:53:45	30.0	8153	13599	8197	13187	5270	13735	14176	37680
0:53:50	30.0	8045	13545	8268	13118	5254	13812	14145	37889
0:53:55	30.0	8113	13486	8276	13191	5264	13830	14135	37573
0:54:00	30.0	8145	13576	8269	13154	5259	13764	14099	37642
0:54:05	30.0	8120	13610	8293	13166	5249	13905	14172	37904
0:54:10	30.0	8165	13596	8269	13109	5269	13834	14196	37968
0:54:15	30.0	8099	13590	8262	13144	5235	13880	14151	37532
0:54:20	30.0	8064	13604	8252	13126	5270	13772	14173	37576
0:54:25	30.0	8171	13590	8284	13139	5278	13658	14213	37550
0:54:30	30.0	8136	13480	8322	13103	5291	13744	14244	37586
0:54:35	30.0	8122	13547	8316	13179	5306	13742	14100	37561
0:54:40	30.0	8114	13526	8279	13223	5271	13909	14092	37784
0:54:45	30.0	8118	13654	8338	13177	5256	13780	14086	37749
0:54:50	30.0	8102	13640	8256	13115	5243	13772	14235	38029
0:54:55	30.0	8120	13572	8253	13163	5308	13818	14257	37698
0:55:00	30.0	8141	13550	8290	13125	5276	13741	14188	37518
0:55:05	30.0	8194	13484	8293	13118	5285	13777	14140	37655
0:55:10	30.0	8125	13576	8288	13074	5295	13727	14081	37613
0:55:15	30.0	8125	13563	8337	13176	5256	13729	14201	37669
0:55:20	30.0	8194	13554	8360	13131	5288	13773	14277	37636
0:55:25	30.0	8182	13616	8301	13118	5300	13787	14259	37526
0:55:30	30.0	8150	13561	8289	13099	5293	13716	14250	37526
0:55:35	30.0	8147	13561	8312	13178	5296	13764	14211	37574
0:55:40	30.0	8209	13596	8310	13146	5272	13714	14408	37535
0:55:45	30.0	8213	13496	8289	13131	5279	13813	14126	37544
0:55:50	30.0	8162	13623	8309	13196	5316	13675	14356	37752
0:55:55	30.1	8166	13538	8325	13009	5294	13739	14182	37565
0:56:00	30.0	8194	13594	8328	13113	5310	13729	14237	37645
0:56:05	30.0	8191	13575	8349	13262	5352	13787	14274	37845
0:56:10	30.0	8149	13541	8276	13100	5335	13847	14328	37709
0:56:15	30.0	8153	13543	8339	13203	5257	13697	14261	37562
0:56:20	30.0	8198	13552	8306	13142	5327	13797	14253	37651
0:56:25	30.0	8148	13501	8369	13114	5325	13729	14344	37761
0:56:30	30.0	8155	13581	8315	13143	5289	13742	14317	37672
0:56:35	30.0	8196	13583	8326	13250	5352	13754	14410	37598
0:56:40	30.0	8204	13553	8352	13193	5313	13841	14319	37503
0:56:45	30.1	8150	13618	8395	13104	5312	13666	14290	37739
0:56:50	30.0	8240	13578	8284	13133	5325	13839	14254	37627
0:56:55	30.0	8141	13570	8331	13166	5339	13688	14409	37729
0:57:00	30.0	8240	13476	8383	13102	5340	13778	14356	37374
0:57:05	30.0	8193	13559	8326	13053	5341	13774	14414	37748
0:57:10	30.0	8173	13478	8436	13124	5350	13902	14419	37649
0:57:15	30.0	8200	13583	8359	13133	5325	13851	14421	37727
0:57:20	30.0	8222	13496	8346	13066	5330	13811	14417	37781
0:57:25	30.0	8240	13497	8408	13103	5375	13831	14385	37569
0:57:30	30.0	8201	13498	8346	13146	5315	13791	14412	37735
0:57:35	30.0	8247	13507	8389	13088	5352	13751	14415	37539
0:57:40	30.0	8206	13455	8354	13029	5345	13741	14518	37536
0:57:45	30.0	8206	13563	8461	13142	5381	13824	14437	37710
0:57:50	30.0	8234	13521	8412	13115	5347	13840	14450	37656
0:57:55	30.0	8229	13465	8309	13083	5371	13782	14542	37767
0:58:00	30.0	8223	13466	8363	13111	5350	13751	14451	37783
0:58:05	30.0	8238	13543	8334	13122	5321	13769	14446	37544
0:58:10	30.1	8186	13466	8385	13197	5320	13789	14471	37481
0:58:15	30.1	8187	13519	8413	13121	5349	13793	14517	37806
0:58:20	30.0	8289	13505	8400	13119	5339	13758	14418	37369
0:58:25	30.0	8258	13445	8451	13085	5361	13806	14389	37687
0:58:30	30.0	8300	13507	8359	13033	5358	13712	14460	37724
0:58:35	30.0	8253	13576	8462	13144	5353	13724	14554	37728
0:58:40	30.0	8248	13491	8449	13128	5342	13836	14547	37624
0:58:45	30.0	8284	13454	8423	13174	5357	13738	14547	37594
0:58:50	30.0	8261	13510	8382	13090	5341	13734	14377	37602
0:58:55	30.0	8278	13449	8418	13171	5362	13743	14424	37714
0:59:00	30.0	8338	13453	8409	13123	5320	13793	14476	37623
0:59:05	30.0	8221	13566	8411	13073	5393	13812	14517	37575
0:59:10	30.0	8311	13547	8411	13092	5356	13790	14611	37625
0:59:15	30.0	8306	13494	8440	13094	5383	13740	14524	37512
0:59:20	30.0	8219	13513	8408	13172	5368	13792	14568	37450
0:59:25	30.0	8269	13492	8476	13075	5386	13772	14492	37712
0:59:30	30.0	8241	13504	8462	13051	5362	13704	14588	37804
0:59:35	30.0	8304	13617	8481	12981	5387	13725	14603	37667
0:59:40	30.0	8214	13547	8458	13029	5403	13763	14506	37694
0:59:45	30.0	8245	13505	8469	13106	5331	13770	14627	37490
0:59:50	30.0	8273	13536	8436	13126	5359	13678	14581	37839
0:59:55	30.0	8239	13405	8370	13111	5358	13767	14611	37460
1:00:00	30.0	8272	13429	8391	13084	5377	13673	14561	37550
1:00:05	30.0	8238	13532	8433	13142	5403	13730	14543	37554
1:00:10	30.0	8363	13608	8519	13134	5360	13718	14656	37589
1:00:15	30.0	8290	13574	8441	13118	5362	13722	14579	37461
1:00:20	30.0	8281	13521	8455	13146	5412	13763	14601	37682
1:00:25	30.0	8266	13462	8475	13091	5393	13730	14553	37714
1:00:30	30.0	8300	13540	8447	13032	5438	13718	14609	37549
1:00:35	30.0	8333	13589	8511	13055	5395	13835	14531	37590
1:00:40	30.0	8331	13528	8462	13135	5428	13747	14613	37419
1:00:45	30.0	8343	13574	8515	13047	5405	13727	14679	37746
1:00:50	30.1	8350	13461	8458	13061	5391	13671	14602	37257
1:00:55	30.0	8314	13385	8461	13131	5423	13744	14639	37823
1:01:00	30.1	8308	13552	8486	13030	5404	13751	14623	37713
1:01:05	30.0	8361	13545	8453	13034	5382	13732	14665	37666
1:01:10	30.1	8388	13462	8526	13075	5389	13788	14590	37616
1:01:15	30.1	8329	13565	8541	13068	5430	13814	14630	37346
1:01:20	30.0	8393	13560	8452	13059	5411	13720	14630	37484
1:01:25	30.1	8323	13458	8471	13053	5379	13743	14754	37401
1:01:30	30.1	8325	13601	8506	13040	5372	13695	14554	37710
1:01:35	30.1	8435	13537	8524	13068	5388	13714	14657	37376
1:01:40	30.1	8310	13556	8447	12987	5370	13737	14739	37577
1:01:45	30.1	8376	13509	8480	13037	5392	13729	14786	37399
1:01:50	30.0	8346	13577	8475	13161	5453	13733	14676	37781
1:01:55	30.1	8422	13501	8490	13079	5409	13797	14693	37546
1:02:00	30.1	8405	13532	8471	13073	5425	13774	14759	37245
1:02:05	30.1	8431	13533	8540	13107	5414	13697	14677	37496
1:02:10	30.1	8362	13510	8455	13172	5411	13762	14714	37563
1:02:15	30.1	8393	13435	8473	13096	5466	13658	14775	37614
1:02:20	30.1	8335	13525	8462	13063	5447	13725	14855	37616
1:02:25	30.1	8363	13497	8530	12922	5426	13583	14887	37391
1:02:30	30.1	8352	13520	8569	13075	5503	13768	14776	37684
1:02:35	30.0	8413	13536	8445	12980	5453	13778	14743	37580
1:02:40	30.1	8403	13536	8498	13098	5455	13703	14801	37509
1:02:45	30.1	8384	13499	8556	13119	5419	13790	14839	37567
1:02:50	30.1	8383	13599	8459	13099	5468	13830	14869	37254
1:02:55	30.0	8463	13523	8512	13076	5436	13694	14752	37429
1:03:00	30.1	8479	13468	8483	13015	5512	13695	14822	37588
1:03:05	30.1	8428	13506	8520	13079	5459	13753	14822	37501
1:03:10	30.1	8411	13578	8503	13049	5454	13752	14898	37531
1:03:15	30.1	8414	13550	8555	13045	5482	13723	14864	37612
1:03:20	30.0	8384	13455	8528	13104	5435	13744	14806	37582
1:03:25	30.1	8392	13446	8570	12913	5482	13683	14759	37689
1:03:30	30.1	8416	13496	8523	12910	5448	13757	14953	37644
1:03:35	30.1	8395	13494	8496	13101	5441	13760	14948	37551
1:03:40	30.1	8379	13551	8507	13016	5474	13767	14816	37574
1:03:45	30.1	8488	13571	8583	13078	5496	13821	14835	37702
1:03:50	30.1	8439	13554	8465	13054	5454	13745	14850	37612
1:03:55	30.1	8350	13460	8569	13110	5477	13732	14798	37947
1:04:00	30.1	8425	13512	8622	13123	5489	13646	14866	37763
1:04:05	30.0	8484	13585	8525	13008	5414	13664	14962	37477
1:04:10	30.1	8519	13524	8533	13007	5444	13712	14908	37720
1:04:15	30.1	8375	13435	8561	13048	5445	13680	14793	37387
1:04:20	30.1	8465	13501	8660	13064	5508	13698	14833	37619
1:04:25	30.1	8446	13428	8571	13121	5500	13700	14898	37694
1:04:30	30.1	8462	13532	8557	12959	5446	13795	14791	37567
1:04:35	30.0	8397	13488	8575	13069	5489	13716	14986	37425
1:04:40	30.1	8437	13527	8595	13027	5453	13751	14871	37736
1:04:45	30.1	8433	13370	8604	13012	5441	13691	14964	37817
1:04:50	30.0	8492	13481	8508	13106	5453	13767	14988	37509
1:04:55	30.1	8469	13503	8539	13047	5459	13851	14948	37527
1:05:00	30.1	8443	13548	8579	13060	5503	13767	15046	37339
1:05:05	30.1	8437	13420	8555	12997	5511	13706	15118	37730
1:05:10	30.1	8392	13478	8525	13103	5519	13754	14978	37681
1:05:15	30.1	8538	13474	8618	13137	5476	13715	14942	37422
1:05:20	30.1	8447	13454	8581	13037	5475	13629	14977	37494
1:05:25	30.0	8461	13514	8587	13024	5513	13818	14953	37881
1:05:30	30.1	8480	13578	8637	13068	5492	13767	15070	37771
1:05:35	30.1	8510	13605	8585	13043	5469	13742	15035	37455
1:05:40	30.0	8466	13444	8652	13117	5449	13718	15126	37653
1:05:45	30.1	8468	13525	8655	13107	5497	13722	15054	37596
1:05:50	30.1	8462	13604	8617	13030	5502	13716	15058	37496
1:05:55	30.1	8511	13459	8643	12986	5543	13712	14920	37605
1:06:00	30.1	8523	13480	8578	13053	5543	13645	14982	37870
1:06:05	30.1	8484	13499	8595	13003	5533	13712	14995	37631
1:06:10	30.1	8526	13481	8542	13069	5481	13728	15010	37523
1:06:15	30.1	8468	13494	8694	13113	5561	13681	15005	37533
1:06:20	30.1	8453	13627	8698	13142	5533	13675	15130	37537
1:06:25	30.0	8519	13486	8576	13051	5510	13663	15155	37497
1:06:30	30.1	8539	13491	8621	13016	5484	13770	15082	37594
1:06:35	30.1	8515	13504	8633	13065	5511	13712	15057	37586
1:06:40	30.1	8497	13423	8673	13113	5492	13682	15069	37423
1:06:45	30.1	8554	13493	8674	13009	5510	13673	15112	37531
1:06:50	30.1	8509	13463	8669	13102	5449	13804	15130	37600
1:06:55	30.0	8479	13412	8628	13007	5545	13832	15029	37409
1:07:00	30.1	8543	13554	8645	12969	5510	13858	15168	37726
1:07:05	30.1	8592	13566	8648	12992	5574	13745	15120	37845
1:07:10	30.0	8458	13560	8694	13061	5511	13757	15128	37446
1:07:15	30.1	8529	13430	8642	12930	5555	13743	15143	37512
1:07:20	30.1	8545	13384	8648	13052	5532	13674	15125	37543
1:07:25	30.1	8586	13437	8645	12991	5529	13666	15182	37504
1:07:30	30.1	8555	13484	8600	13042	5528	13769	15198	37402
1:07:35	30.1	8592	13429	8669	13026	5523	13644	15146	37547
1:07:40	30.0	8562	13538	8608	12988	5527	13627	15196	37327
1:07:45	30.1	8505	13496	8612	12994	5571	13771	15102	37702
1:07:50	30.1	8588	13473	8643	12974	5517	13785	15154	37497
1:07:55	30.1	8546	13487	8637	13030	5536	13697	15120	37506
1:08:00	30.1	8546	13456	8585	13014	5535	13681	15161	37810
1:08:05	30.1	8533	13462	8728	13004	5573	13710	15110	37567
1:08:10	30.1	8583	13480	8682	13061	5584	13725	15183	37744
1:08:15	30.1	8504	13420	8729	13012	5536	13721	15160	37480
1:08:20	30.1	8633	13522	8640	13009	5540	13671	15128	37696
1:08:25	30.1	8611	13495	8663	12961	5530	13728	15274	37626
1:08:30	30.1	8484	13525	8656	13057	5546	13843	15250	37445
1:08:35	30.1	8550	13491	8660	13030	5546	13697	15184	37572
1:08:40	30.1	8612	13476	8688	12952	5543	13677	15257	37176
1:08:45	30.1	8516	13505	8668	13053	5584	13647	15243	37521
1:08:50	30.1	8507	13532	8711	13036	5591	13709	15251	37591
1:08:55	30.1	8523	13447	8689	13085	5562	13771	15163	37603
1:09:00	30.1	8539	13449	8661	13090	5598	13673	15309	37543
1:09:05	30.1	8576	13424	8717	12975	5576	13732	15230	37503
1:09:10	30.1	8531	13465	8662	13003	5543	13745	15208	37403
1:09:15	30.1	8563	13417	8802	12929	5602	13643	15277	37525
1:09:20	30.1	8611	13552	8689	13016	5556	13723	15370	37314
1:09:25	30.1	8583	13529	8704	13033	5616	13577	15179	37481
1:09:30	30.1	8612	13431	8666	13050	5562	13706	15240	37725
1:09:35	30.1	8568	13538	8687	12963	5543	13663	15158	37566
1:09:40	30.1	8615	13399	8738	13026	5538	13686	15399	37579
1:09:45	30.1	8591	13376	8740	12963	5604	13725	15390	37246
1:09:50	30.1	8554	13490	8676	12923	5613	13709	15257	37231
1:09:55	30.1	8592	13453	8677	12929	5527	13626	15251	37469
1:10:00	30.1	8640	13474	8632	12956	5567	13727	15201	37530
1:10:05	30.1	8566	13474	8677	12966	5559	13609	15297	37396
1:10:10	30.1	8561	13437	8675	13026	5601	13709	15292	37320
1:10:15	30.1	8652	13411	8720	12963	5550	13683	15342	37305
1:10:20	30.1	8634	13409	8681	13023	5587	13683	15252	37192
1:10:25	30.1	8591	13533	8751	12975	5540	13698	15320	37396
1:10:30	30.1	8669	13478	8729	13000	5558	13610	15242	37605
1:10:35	30.1	8705	13374	8727	12912	5615	13608	15277	37454
1:10:40	30.1	8643	13380	8698	13012	5594	13547	15324	37703
1:10:45	30.1	8562	13532	8695	12821	5633	13628	15335	37372
1:10:50	30.1	8564	13535	8707	13098	5546	13709	15295	37447
1:10:55	30.1	8623	13442	8769	12989	5580	13689	15296	37488
1:11:00	30.1	8588	13426	8684	13032	5599	13691	15266	37176
1:11:05	30.1	8602	13466	8715	12937	5622	13791	15326	37350
1:11:10	30.1	8646	13397	8743	12883	5598	13615	15367	37405
1:11:15	30.1	8645	13470	8720	12960	5633	13643	15475	37224
1:11:20	30.1	8585	13277	8679	13010	5586	13602	15503	37284
1:11:25	30.1	8669	13439	8722	12968	5593	13650	15330	37689
1:11:30	30.1	8569	13399	8690	12861	5586	13682	15440	37506
1:11:35	30.1	8663	13409	8787	12898	5541	13656	15272	37202
1:11:40	30.1	8666	13411	8774	12947	5572	13654	15423	37436
1:11:45	30.1	8613	13451	8726	12881	5587	13750	15344	37306
1:11:50	30.1	8622	13438	8754	13006	5589	13641	15418	37148
1:11:55	30.1	8619	13420	8765	12959	5614	13688	15427	37173
1:12:00	30.1	8612	13419	8763	12935	5561	13563	15516	37403
1:12:05	30.1	8704	13403	8743	12969	5592	13747	15482	37474
1:12:10	30.1	8652	13431	8698	12979	5609	13715	15383	37274
1:12:15	30.1	8621	13400	8731	12954	5613	13660	15428	37162
1:12:20	30.1	8659	13318	8820	13025	5616	13518	15482	37194
1:12:25	30.1	8600	13291	8698	12834	5574	13659	15447	37182
1:12:30	30.1	8605	13459	8764	12957	5610	13647	15470	37105
1:12:35	30.1	8619	13355	8706	12901	5614	13614	15496	37313
1:12:40	30.1	8735	13338	8719	12936	5638	13562	15494	37319
1:12:45	30.1	8659	13333	8711	12928	5569	13585	15481	37216
1:12:50	30.1	8621	13463	8825	13092	5632	13554	15444	37269
1:12:55	30.1	8678	13369	8698	12962	5567	13661	15509	37220
1:13:00	30.1	8692	13397	8767	12947	5591	13612	15628	37550
1:13:05	30.1	8688	13386	8779	12985	5605	13645	15484	37541
1:13:10	30.1	8665	13326	8748	12852	5622	13570	15542	37383
1:13:15	30.1	8668	13373	8802	12886	5645	13624	15502	37484
1:13:20	30.1	8642	13327	8719	12922	5628	13535	15491	37384
1:13:25	30.1	8684	13305	8740	12836	5601	13642	15567	36959
1:13:30	30.1	8709	13372	8826	12954	5588	13601	15477	37226
1:13:35	30.1	8713	13377	8719	12970	5599	13648	15447	37523
1:13:40	30.1	8693	13307	8848	12927	5619	13632	15584	36926
1:13:45	30.1	8648	13401	8799	12935	5670	13550	15495	37494
1:13:50	30.1	8697	13391	8734	12966	5631	13632	15542	37260
1:13:55	30.1	8692	13362	8757	12870	5581	13598	15489	37244
1:14:00	30.1	8672	13369	8769	13060	5670	13698	15519	37451
1:14:05	30.1	8670	13327	8865	12814	5651	13662	15695	37515
1:14:10	30.1	8723	13334	8780	12997	5619	13628	15550	37398
1:14:15	30.1	8645	13338	8830	12897	5636	13564	15545	37129
1:14:20	30.1	8652	13316	8827	12938	5628	13741	15598	37258
1:14:25	30.1	8667	13359	8719	13047	5584	13605	15560	37204
1:14:30	30.1	8729	13317	8750	12866	5646	13614	15740	37212
1:14:35	30.1	8725	13417	8797	12866	5643	13670	15638	37319
1:14:40	30.1	8755	13400	8734	12945	5676	13629	15609	37249
1:14:45	30.1	8733	13436	8796	12946	5668	13661	15628	37178
1:14:50	30.1	8762	13306	8745	12934	5655	13627	15554	37253
1:14:55	30.1	8692	13431	8827	12873	5644	13699	15568	37229
1:15:00	30.1	8775	13318	8850	12902	5637	13585	15610	37293
1:15:05	30.1	8733	13364	8803	12894	5674	13544	15605	37006
1:15:10	30.1	8742	13311	8817	12871	5593	13686	15578	37420
1:15:15	30.1	8777	13433	8783	12914	5668	13691	15601	37350
1:15:20	30.1	8621	13302	8853	12867	5728	13631	15527	37425
1:15:25	30.1	8761	13314	8829	12974	5674	13629	15589	37141
1:15:30	30.1	8811	13348	8776	12908	5668	13582	15673	37266
1:15:35	30.1	8689	13435	8837	12850	5682	13733	15680	37249
1:15:40	30.1	8743	13387	8777	12855	5660	13572	15700	37356
1:15:45	30.1	8792	13341	8763	12958	5627	13667	15661	37235
1:15:50	30.1	8709	13370	8761	12922	5697	13662	15574	37162
1:15:55	30.1	8726	13370	8829	12906	5669	13647	15724	37322
1:16:00	30.1	8746	13314	8816	12874	5671	13583	15637	37162
1:16:05	30.1	8740	13358	8884	12871	5671	13467	15689	37291
1:16:10	30.1	8732	13363	8811	12842	5715	13557	15736	37093
1:16:15	30.1	8776	13481	8826	12819	5687	13520	15716	37104
1:16:20	30.1	8699	13398	8833	12949	5671	13696	15589	37041
1:16:25	30.1	8755	13465	8845	12989	5672	13563	15719	37403
1:16:30	30.1	8733	13363	8786	12859	5687	13580	15773	37404
1:16:35	30.1	8759	13368	8885	12914	5651	13703	15610	37299
1:16:40	30.1	8812	13428	8835	12818	5655	13552	15682	37370
1:16:45	30.1	8806	13421	8834	12836	5651	13689	15734	37350
1:16:50	30.1	8765	13453	8805	12871	5685	13556	15705	37085
1:16:55	30.1	8802	13358	8868	12868	5683	13700	15698	37627
1:17:00	30.1	8733	13294	8823	12844	5705	13550	15844	37175
1:17:05	30.1	8779	13352	8848	12848	5739	13632	15802	37304
1:17:10	30.1	8730	13330	8884	12793	5696	13566	15676	37176
1:17:15	30.1	8762	13354	8827	12766	5676	13554	15831	37148
1:17:20	30.1	8850	13422	8834	12971	5707	13583	15832	37066
1:17:25	30.1	8781	13404	8828	12946	5708	13531	15870	37480
1:17:30	30.1	8791	13406	8842	12904	5676	13559	15774	37133
1:17:35	30.1	8797	13417	8873	12888	5700	13575	15933	37278
1:17:40	30.1	8826	13343	8890	12820	5664	13549	15780	37386
1:17:45	30.1	8806	13357	8800	12937	5686	13679	15825	37068
1:17:50	30.1	8762	13300	8906	12849	5721	13708	15885	37394
1:17:55	30.1	8781	13312	8881	12860	5706	13570	15643	37111
1:18:00	30.1	8808	13302	8847	12932	5705	13648	15820	37406
1:18:05	30.1	8755	13457	8895	12804	5713	13701	15735	37549
1:18:10	30.1	8824	13351	8871	12952	5722	13610	15846	37354
1:18:15	30.1	8795	13306	8842	12906	5718	13638	15936	37197
1:18:20	30.1	8840	13440	8884	12896	5756	13634	15833	37627
1:18:25	30.1	8764	13353	8934	12874	5750	13610	15982	37268
1:18:30	30.1	8887	13426	8869	12871	5748	13588	15857	37227
1:18:35	30.1	8860	13367	8962	12892	5770	13637	15881	37206
1:18:40	30.1	8828	13406	8899	12916	5706	13480	15914	37208
1:18:45	30.1	8833	13288	8990	12839	5718	13616	15778	37245
1:18:50	30.1	8798	13312	8919	12768	5673	13554	15857	36922
1:18:55	30.1	8783	13399	8902	12837	5718	13614	15786	37148
1:19:00	30.1	8833	13374	8947	12917	5758	13599	15894	37300
1:19:05	30.1	8860	13377	8932	12945	5718	13551	15870	37369
1:19:10	30.1	8876	13309	8960	12903	5721	13649	15964	37455
1:19:15	30.1	8860	13308	8907	12942	5723	13562	15821	37186
1:19:20	30.1	8827	13386	8818	12831	5758	13692	16021	37283
1:19:25	30.1	8812	13372	8957	12870	5750	13517	16016	37388
1:19:30	30.1	8899	13359	8972	12892	5751	13527	15901	37205
1:19:35	30.1	8810	13423	8905	12770	5713	13641	15986	37048
1:19:40	30.1	8860	13399	8903	12871	5787	13673	16071	37065
1:19:45	30.1	8853	13304	8971	12820	5811	13569	15965	37180
1:19:50	30.1	8902	13348	8899	12841	5748	13596	15959	37274
1:19:55	30.1	8863	13381	8879	12991	5787	13570	16053	37201
1:20:00	30.1	8858	13388	8982	12947	5756	13631	16010	37162
1:20:05	30.1	8829	13419	8976	12939	5763	13599	16048	37609
1:20:10	30.1	8890	13410	8893	12890	5719	13557	15960	37425
1:20:15	30.1	8862	13452	8951	12881	5797	13593	15996	37366
1:20:20	30.1	8859	13359	8982	12967	5737	13567	16111	37470
1:20:25	30.1	8853	13238	8913	12852	5774	13613	15987	37353
1:20:30	30.1	8928	13315	8969	12879	5778	13699	16082	37486
1:20:35	30.1	8811	13443	8908	13027	5791	13635	15991	37223
1:20:40	30.1	8903	13312	8975	12905	5765	13611	15981	37269
1:20:45	30.1	8897	13347	8913	12836	5743	13607	16127	37219
1:20:50	30.1	8861	13432	8886	12848	5746	13684	15965	37196
1:20:55	30.1	8908	13357	8961	12861	5748	13631	16091	37312
1:21:00	30.1	8890	13269	8980	12877	5759	13653	16099	37319
1:21:05	30.1	8881	13322	8985	12901	5765	13636	16066	37284
1:21:10	30.1	8915	13385	8974	12837	5753	13644	16010	37276
1:21:15	30.1	8877	13404	8929	12864	5810	13626	16138	37266
1:21:20	30.1	8907	13373	8955	12894	5804	13604	16237	37278
1:21:25	30.1	8914	13332	9055	12773	5791	13670	16162	37282
1:21:30	30.1	8934	13280	8955	12928	5769	13628	16092	37569
1:21:35	30.1	8953	13336	8967	12876	5820	13533	16170	37203
1:21:40	30.1	8915	13294	9022	12946	5812	13635	16128	37262
1:21:45	30.1	8940	13431	8950	12882	5778	13512	16145	37183
1:21:50	30.1	8994	13342	8995	12833	5779	13718	16072	37121
1:21:55	30.1	8878	13380	8960	12920	5784	13560	16253	37246
1:22:00	30.1	8985	13397	8994	12883	5812	13547	16173	37271
1:22:05	30.1	8866	13391	8968	12840	5793	13544	16231	37159
1:22:10	30.1	9010	13311	9003	12946	5844	13588	16148	37431
1:22:15	30.1	8930	13404	9021	12797	5805	13540	16159	37204
1:22:20	30.1	8939	13295	9006	12847	5797	13647	16148	37201
1:22:25	30.1	8940	13359	8954	12900	5832	13663	16202	37368
1:22:30	30.1	8926	13287	8987	12946	5806	13601	16163	37328
1:22:35	30.1	8979	13362	8961	12846	5794	13624	16158	37359
1:22:40	30.1	8915	13396	8995	12834	5835	13679	16213	37282
1:22:45	30.1	8897	13361	9033	12855	5871	13643	16184	37397
1:22:50	30.1	8918	13497	9013	12929	5793	13583	16265	37441
1:22:55	30.1	8983	13392	9036	12864	5868	13541	16221	37286
1:23:00	30.1	8960	13229	9004	12861	5844	13553	16176	37288

Results

	1	2	3	4	5	6	7	8	9	10	11	12
A													Max V [425,457]
													R-Squared [425,457]
													t at Max V [425,457]
													Lagtime [425,457]
B													Max V [425,457]
													R-Squared [425,457]
													t at Max V [425,457]
													Lagtime [425,457]
C													Max V [425,457]
													R-Squared [425,457]
													t at Max V [425,457]
													Lagtime [425,457]
D													Max V [425,457]
													R-Squared [425,457]
													t at Max V [425,457]
													Lagtime [425,457]
E		-1872000.000	3552000.000	1920000.000	3324000.000	1344000.000	3468000.000	70308000.000	81504000.000				Max V [425,457]
		1.000	1.000	1.000	1.000	1.000	1.000	1.000	1.000				R-Squared [425,457]
		1:15:18	0:31:58	0:49:38	1:10:48	0:25:18	0:24:13	0:00:08	0:00:18				t at Max V [425,457]
		1:16:52	0:29:54	0:48:34	1:08:52	0:24:45	0:21:33	0:00:06	0:00:16				Lagtime [425,457]
F													Max V [425,457]
													R-Squared [425,457]
													t at Max V [425,457]
													Lagtime [425,457]
G													Max V [425,457]
													R-Squared [425,457]
													t at Max V [425,457]
													Lagtime [425,457]
H													Max V [425,457]
													R-Squared [425,457]
													t at Max V [425,457]
													Lagtime [425,457]


