

Software Version	3.03.14




Experiment File Path:	C:\Users\Public\Documents\Experiments\Tina\20200603_GAP_assay.xpt
Protocol File Path:	C:\Users\Public\Documents\Protocols\Tina\GAP_sensor_assay.prt



Plate Number	Plate 1
Date	6/3/2020
Time	2:53:04 PM
Reader Type:	Synergy H1
Reader Serial Number:	1803011C
Reading Type	Reader

Procedure Details
Plate Type	Costar 96 well half area
Set Temperature	Setpoint 30°C
Start Kinetic	Runtime 1:20:00 (HH:MM:SS), Interval 0:00:05, 961 Reads
    Read	Fluorescence Endpoint
	C2..C11
	Filter Set 1
	    Excitation: 425,  Emission: 457
	    Optics: Bottom,  Gain: 57
	Light Source: Xenon Flash,  Lamp Energy: High
	Read Speed: Normal,  Delay: 0 msec,  Measurements/Data Point: 5
	Read Height: 7 mm
End Kinetic

Layout
	1	2	3	4	5	6	7	8	9	10	11	12
A													Well ID
B													Well ID
C		SPL1	SPL3	SPL4	SPL5	SPL6	SPL7	SPL8	SPL9	SPL10	SPL11		Well ID
D													Well ID
E													Well ID
F													Well ID
G													Well ID
H													Well ID
425,457


Time	T° 425,457	C2	C3	C4	C5	C6	C7	C8	C9	C10	C11
0:00:00	30.0	6965	7292	6639	6930	5750	5849	5654	5718	8602	9278
0:00:05	30.0	7009	7475	6680	7086	5660	5942	5689	5716	8603	9377
0:00:10	30.0	7042	7457	6707	7090	5683	6027	5644	5740	8605	9474
0:00:15	30.0	6939	7612	6703	7196	5744	6097	5676	5784	8593	9522
0:00:20	30.0	7021	7647	6721	7387	5710	6113	5723	5831	8654	9644
0:00:25	30.0	7030	7703	6715	7373	5722	6286	5731	5869	8715	9677
0:00:30	30.0	7056	7835	6707	7427	5757	6318	5683	5842	8699	9778
0:00:35	30.0	6999	7971	6712	7574	5749	6294	5740	5870	8675	9890
0:00:40	30.0	7050	8003	6764	7625	5743	6437	5669	5915	8654	9871
0:00:45	30.0	7030	8081	6697	7786	5730	6473	5716	5937	8721	9880
0:00:50	30.0	7048	8174	6780	7840	5727	6585	5743	5962	8706	9984
0:00:55	30.0	7043	8282	6703	7940	5798	6601	5745	5952	8737	10119
0:01:00	30.0	7139	8326	6783	7956	5772	6660	5731	5941	8723	10317
0:01:05	30.0	7112	8441	6767	8073	5811	6740	5731	5974	8693	10290
0:01:10	30.0	7088	8494	6735	8176	5807	6790	5769	6036	8794	10353
0:01:15	30.0	7071	8539	6731	8233	5771	6840	5795	6036	8733	10437
0:01:20	30.0	7043	8722	6699	8321	5799	6947	5751	6097	8744	10556
0:01:25	30.0	7042	8751	6724	8443	5750	7008	5750	6052	8749	10612
0:01:30	30.0	7096	8900	6816	8481	5777	7008	5748	6088	8741	10754
0:01:35	30.0	7079	9026	6773	8612	5736	7142	5716	6110	8787	10735
0:01:40	30.0	7181	9011	6798	8662	5816	7252	5745	6128	8820	10800
0:01:45	30.0	7148	9114	6829	8810	5783	7273	5752	6150	8806	10849
0:01:50	30.0	7136	9211	6814	8905	5817	7322	5789	6175	8724	11004
0:01:55	30.0	7200	9337	6840	8923	5779	7370	5778	6207	8801	11083
0:02:00	30.0	7118	9392	6817	9073	5791	7514	5712	6231	8785	11241
0:02:05	30.0	7177	9569	6816	9244	5835	7564	5773	6249	8827	11194
0:02:10	30.0	7091	9579	6823	9207	5804	7662	5757	6230	8830	11464
0:02:15	30.0	7176	9699	6849	9340	5854	7690	5805	6300	8818	11427
0:02:20	30.0	7145	9727	6859	9388	5834	7747	5795	6322	8805	11431
0:02:25	30.0	7160	9844	6825	9504	5834	7793	5733	6330	8834	11535
0:02:30	30.0	7180	9983	6808	9588	5886	7867	5774	6380	8814	11547
0:02:35	30.0	7148	10019	6833	9657	5818	7941	5782	6348	8882	11772
0:02:40	30.0	7164	10140	6869	9748	5863	7988	5836	6373	8891	11881
0:02:45	30.0	7188	10215	6900	9912	5831	8097	5774	6359	8823	11816
0:02:50	30.0	7123	10225	6823	10012	5846	8216	5795	6399	8868	11975
0:02:55	30.0	7138	10323	6837	10105	5861	8224	5815	6443	8889	12050
0:03:00	30.0	7208	10506	6866	10101	5802	8247	5748	6432	8826	12098
0:03:05	30.0	7228	10536	6919	10228	5841	8390	5785	6499	8880	12210
0:03:10	30.0	7133	10604	6928	10227	5815	8423	5738	6487	8864	12340
0:03:15	30.0	7212	10759	6897	10330	5836	8548	5800	6557	8975	12457
0:03:20	30.0	7247	10804	6853	10412	5866	8600	5801	6554	8949	12549
0:03:25	30.0	7246	10919	6923	10612	5861	8662	5813	6588	8992	12501
0:03:30	30.0	7209	10962	6853	10635	5830	8743	5794	6615	8936	12599
0:03:35	30.0	7205	11123	6941	10714	5818	8868	5784	6609	8910	12794
0:03:40	30.0	7248	11127	6925	10793	5815	8812	5779	6631	8985	12812
0:03:45	30.0	7220	11332	6904	10762	5873	8882	5856	6653	8926	12892
0:03:50	30.0	7270	11277	6932	10911	5825	9002	5828	6621	8934	13083
0:03:55	30.0	7232	11368	6923	11095	5872	9021	5841	6685	8957	13085
0:04:00	30.0	7202	11487	6903	11166	5824	9103	5841	6692	9067	13102
0:04:05	30.0	7202	11581	6892	11232	5861	9192	5830	6736	9032	13213
0:04:10	30.0	7264	11663	6924	11341	5841	9277	5795	6719	9001	13232
0:04:15	30.0	7205	11777	6963	11346	5864	9276	5889	6754	9060	13429
0:04:20	30.0	7293	11872	6910	11422	5870	9353	5823	6751	9086	13409
0:04:25	30.0	7253	11893	6953	11538	5881	9418	5800	6748	9069	13572
0:04:30	30.0	7280	11959	6952	11665	5919	9494	5834	6814	9052	13538
0:04:35	30.0	7176	12146	7002	11788	5879	9633	5891	6881	9055	13731
0:04:40	30.0	7226	12233	6945	11853	5875	9656	5820	6842	9055	13950
0:04:45	30.0	7273	12287	6910	11942	5849	9670	5862	6835	9123	13937
0:04:50	30.0	7195	12432	6961	12045	5872	9760	5825	6890	9103	13965
0:04:55	30.0	7258	12467	6978	12104	5845	9824	5833	6916	9082	14051
0:05:00	30.0	7227	12575	6957	12113	5871	9898	5817	6962	9156	14220
0:05:05	30.0	7224	12589	6958	12243	5841	9964	5826	6965	9143	14297
0:05:10	30.0	7268	12720	6935	12332	5830	10065	5874	6986	9159	14297
0:05:15	30.0	7282	12867	6949	12391	5908	10187	5828	6958	9113	14492
0:05:20	30.0	7272	12877	6891	12517	5868	10153	5849	6995	9213	14492
0:05:25	30.0	7234	13062	6986	12680	5896	10227	5875	7000	9209	14604
0:05:30	30.0	7207	12963	6988	12648	5883	10322	5847	7100	9105	14652
0:05:35	30.0	7300	13127	7019	12735	5873	10397	5877	7083	9189	14703
0:05:40	30.0	7294	13186	6981	12917	5865	10464	5822	7170	9210	14938
0:05:45	30.0	7230	13281	6976	12994	5901	10484	5787	7084	9165	14835
0:05:50	30.0	7283	13305	6999	13006	5871	10607	5817	7229	9160	15178
0:05:55	30.0	7282	13537	6989	13251	5895	10691	5840	7183	9199	15122
0:06:00	30.0	7255	13593	6942	13260	5943	10746	5837	7177	9210	15197
0:06:05	30.0	7246	13665	6927	13302	5891	10715	5843	7183	9172	15333
0:06:10	30.0	7303	13652	7052	13447	5870	10853	5838	7207	9244	15405
0:06:15	30.0	7286	13725	6970	13476	5883	10918	5850	7215	9210	15472
0:06:20	30.0	7339	13854	6940	13512	5919	10992	5894	7232	9225	15578
0:06:25	30.0	7246	14007	7018	13600	5860	11039	5876	7333	9288	15699
0:06:30	30.0	7306	14186	6986	13683	5905	11043	5878	7322	9238	15805
0:06:35	30.0	7312	14093	6952	13772	5856	11151	5849	7309	9255	15873
0:06:40	30.0	7256	14224	6990	13923	5874	11350	5862	7365	9232	15967
0:06:45	30.0	7374	14398	6971	14003	5902	11347	5807	7328	9326	16038
0:06:50	30.0	7330	14308	6973	13995	5930	11400	5843	7397	9353	16149
0:06:55	30.0	7251	14496	6996	14096	5924	11499	5861	7426	9247	16234
0:07:00	30.0	7282	14643	7049	14195	5903	11555	5841	7492	9336	16386
0:07:05	30.0	7357	14650	6984	14333	5928	11716	5854	7438	9320	16396
0:07:10	30.0	7319	14689	6973	14497	5925	11631	5853	7427	9340	16514
0:07:15	30.0	7342	14786	6940	14494	5938	11675	5866	7491	9305	16616
0:07:20	30.0	7321	14870	6965	14675	5906	11810	5818	7568	9343	16468
0:07:25	30.0	7346	14927	7067	14669	5908	11926	5876	7506	9317	16665
0:07:30	30.0	7270	15083	7022	14728	5927	12019	5847	7544	9363	16750
0:07:35	30.0	7349	15118	6999	14909	5966	12026	5847	7555	9363	16954
0:07:40	30.0	7282	15142	6969	14918	5913	12072	5873	7628	9458	17026
0:07:45	30.0	7371	15486	6996	15041	5926	12168	5919	7572	9360	17065
0:07:50	30.0	7340	15298	6972	15115	5905	12236	5835	7687	9389	17200
0:07:55	30.0	7258	15392	6908	15166	5922	12262	5908	7698	9360	17278
0:08:00	30.0	7329	15599	6990	15230	5948	12427	5896	7651	9402	17567
0:08:05	30.0	7383	15557	7014	15337	5889	12452	5882	7703	9503	17473
0:08:10	29.9	7363	15776	7028	15359	5881	12533	5866	7691	9384	17524
0:08:15	30.0	7360	15748	7032	15539	5936	12493	5879	7692	9414	17595
0:08:20	30.0	7324	15925	7060	15556	5880	12658	5887	7730	9416	17693
0:08:25	30.0	7359	15830	7008	15657	5909	12684	5888	7830	9403	17839
0:08:30	30.0	7338	15998	7067	15761	5926	12718	5842	7827	9453	17934
0:08:35	30.0	7374	16065	7118	15919	5980	12876	5873	7873	9476	18000
0:08:40	30.0	7438	16219	6987	15924	5921	12805	5912	7834	9518	18254
0:08:45	30.0	7389	16380	7033	16066	5949	12980	5902	7798	9440	18080
0:08:50	30.0	7372	16463	7060	16141	5895	12985	5900	7900	9465	18228
0:08:55	30.0	7400	16543	7093	16246	5949	13205	5890	7904	9473	18375
0:09:00	30.0	7400	16689	7032	16320	5948	13084	5858	7920	9513	18409
0:09:05	30.0	7419	16594	7030	16373	5940	13257	5859	7981	9518	18539
0:09:10	30.0	7403	16769	7051	16549	5925	13263	5876	7983	9528	18589
0:09:15	30.0	7396	16787	7050	16597	5933	13396	5926	7982	9543	18725
0:09:20	30.0	7380	16767	7125	16617	5966	13471	5871	7979	9425	18770
0:09:25	30.0	7410	16989	7076	16846	5976	13523	5917	7982	9507	18847
0:09:30	30.0	7400	17148	7123	16837	5945	13594	5905	8062	9574	18943
0:09:35	30.0	7401	17204	7187	16811	5923	13668	5919	8043	9568	19066
0:09:40	30.0	7436	17264	7053	16817	5958	13642	5882	8122	9618	19190
0:09:45	30.0	7408	17279	7135	17085	5982	13775	5896	8047	9531	19173
0:09:50	30.0	7466	17443	7085	17159	5951	13801	5847	8096	9603	19220
0:09:55	30.0	7441	17502	7104	17143	5978	13886	5915	8181	9659	19317
0:10:00	30.0	7398	17532	7068	17330	5936	13993	5901	8121	9638	19594
0:10:05	30.0	7470	17680	7042	17513	5960	14054	5903	8160	9624	19596
0:10:10	30.0	7433	17838	7105	17411	5933	14149	5914	8167	9620	19611
0:10:15	30.0	7481	17805	7042	17704	5944	14123	5943	8219	9673	19740
0:10:20	30.0	7428	17825	7041	17619	5938	14313	5914	8304	9666	19687
0:10:25	30.0	7446	17951	7094	17686	5937	14323	5911	8224	9600	19986
0:10:30	30.0	7403	17967	7054	17770	5937	14412	5948	8335	9667	20117
0:10:35	30.0	7455	18179	7126	17821	5973	14423	5931	8277	9642	20124
0:10:40	30.0	7455	18111	7075	17879	5981	14567	5907	8261	9667	20166
0:10:45	30.0	7440	18255	7124	18002	5991	14581	5886	8325	9688	20275
0:10:50	30.0	7405	18409	7068	18095	5930	14637	5893	8368	9688	20377
0:10:55	30.0	7481	18381	7095	18173	5986	14719	5928	8370	9781	20409
0:11:00	30.0	7425	18536	7039	18275	5970	14852	5932	8454	9641	20569
0:11:05	30.0	7541	18619	7129	18262	5997	14786	5905	8440	9708	20586
0:11:10	30.0	7409	18550	7190	18484	5958	14881	5945	8464	9680	20836
0:11:15	30.0	7443	18662	7135	18439	5951	14941	5941	8526	9716	20807
0:11:20	30.0	7420	18715	7117	18659	5984	14930	5926	8435	9662	20890
0:11:25	30.0	7484	18846	7065	18704	5967	15056	5918	8500	9755	20876
0:11:30	30.0	7412	18900	7092	18827	6000	15145	5934	8532	9702	21081
0:11:35	30.0	7457	19083	7076	18728	5961	15190	5916	8521	9780	21252
0:11:40	30.0	7463	19189	7095	18971	5971	15275	5939	8563	9792	21331
0:11:45	30.0	7419	19214	7146	19047	6017	15385	5982	8609	9721	21225
0:11:50	30.0	7537	19401	7113	19005	5958	15439	5932	8573	9784	21484
0:11:55	30.0	7459	19179	7183	19053	5981	15481	5942	8658	9716	21535
0:12:00	30.0	7449	19518	7114	19166	6013	15542	5937	8645	9810	21666
0:12:05	30.0	7406	19632	7087	19256	5999	15572	5979	8642	9815	21633
0:12:10	30.0	7498	19668	7111	19334	6054	15761	5945	8637	9828	21824
0:12:15	30.0	7469	19744	7135	19321	6028	15581	5911	8653	9891	21819
0:12:20	30.0	7509	19806	7170	19510	5973	15857	5905	8763	9883	21976
0:12:25	30.0	7476	19888	7149	19494	5989	15895	5963	8698	9854	22105
0:12:30	30.0	7529	19911	7096	19583	5985	15917	5989	8827	9956	22138
0:12:35	30.0	7528	20029	7116	19783	5970	15895	5937	8793	9885	22258
0:12:40	30.0	7571	20176	7231	19933	6007	16200	5975	8836	9785	22332
0:12:45	30.0	7545	20125	7189	19947	5997	16131	5916	8827	9874	22383
0:12:50	30.0	7509	20319	7091	19991	5972	16277	5979	8847	9853	22467
0:12:55	30.0	7512	20391	7165	20007	6032	16317	6020	8937	9884	22545
0:13:00	30.0	7541	20430	7094	20154	5996	16263	5949	8860	9942	22548
0:13:05	30.0	7519	20502	7147	20195	6027	16459	5988	8894	9892	22768
0:13:10	30.0	7520	20571	7138	20293	6010	16431	6001	8903	9936	22829
0:13:15	30.0	7597	20764	7121	20365	6066	16452	5932	9025	9932	23002
0:13:20	30.0	7534	20777	7150	20300	6061	16593	5925	9060	9997	23106
0:13:25	30.0	7549	20794	7108	20557	5957	16786	5942	8997	9899	23076
0:13:30	30.0	7572	20909	7135	20751	5998	16696	5973	9047	9981	23205
0:13:35	30.0	7498	20890	7169	20678	5989	16786	5962	9001	9943	23365
0:13:40	30.0	7503	20946	7130	20939	5971	16765	5947	9117	9997	23411
0:13:45	30.0	7481	21019	7165	20741	6040	16906	5983	9042	9986	23453
0:13:50	30.0	7531	21253	7164	20766	6019	16914	5971	9054	9919	23390
0:13:55	30.0	7550	21207	7197	20973	6002	17142	5987	9098	9961	23609
0:14:00	30.0	7554	21313	7186	20937	6011	16986	5976	9104	10008	23882
0:14:05	30.0	7557	21535	7186	20939	5996	17209	5976	9213	10060	23796
0:14:10	30.0	7541	21372	7177	21301	5984	17183	5959	9180	10058	23926
0:14:15	30.0	7563	21496	7138	21229	5955	17266	5944	9152	9996	24071
0:14:20	30.0	7521	21448	7137	21239	6027	17348	5965	9212	10001	24207
0:14:25	30.0	7550	21657	7163	21318	5996	17386	5989	9203	10086	24096
0:14:30	30.0	7554	21765	7186	21361	5982	17435	5953	9262	10110	24454
0:14:35	30.0	7570	21759	7221	21446	5989	17472	5973	9247	10094	24172
0:14:40	30.0	7524	21883	7251	21495	6040	17480	5974	9333	10075	24233
0:14:45	30.0	7588	22089	7229	21567	6040	17629	6008	9375	10006	24506
0:14:50	30.0	7595	22031	7203	21587	6034	17676	5965	9292	10051	24603
0:14:55	30.0	7629	22013	7246	21822	6051	17698	5947	9361	10075	24724
0:15:00	30.0	7653	22224	7222	21668	6003	17692	5973	9448	10124	24803
0:15:05	30.0	7586	22062	7186	21705	6033	17941	5967	9505	10122	24915
0:15:10	30.0	7607	22360	7206	21761	6014	17854	5952	9398	10103	24759
0:15:15	30.0	7563	22338	7151	21918	6012	17822	5969	9405	10145	24864
0:15:20	30.0	7580	22460	7163	21826	6047	17927	5955	9534	10104	25047
0:15:25	30.0	7571	22477	7208	21817	6021	18022	5948	9491	10111	25225
0:15:30	30.0	7595	22555	7253	21919	5997	18067	5987	9582	10151	25311
0:15:35	30.0	7615	22722	7271	21883	5985	18102	5937	9517	10190	25299
0:15:40	30.0	7602	22662	7257	21841	5994	18140	5945	9542	10152	25323
0:15:45	30.0	7599	22808	7214	22054	6022	18177	6009	9625	10189	25421
0:15:50	30.0	7616	22773	7215	21900	6029	18383	6032	9559	10146	25370
0:15:55	30.0	7652	22902	7230	21915	6061	18318	5983	9601	10192	25702
0:16:00	30.0	7611	22843	7208	21993	5997	18418	6018	9658	10240	25690
0:16:05	30.0	7610	22910	7218	22022	6054	18413	5956	9569	10226	25872
0:16:10	30.0	7556	23028	7190	22019	6045	18513	5971	9644	10199	25978
0:16:15	30.0	7649	23215	7291	21884	6058	18661	6007	9698	10262	25981
0:16:20	30.0	7628	23166	7245	22030	6075	18558	5939	9769	10278	25918
0:16:25	30.0	7685	23232	7249	21884	6064	18742	5998	9765	10221	26135
0:16:30	30.0	7618	23314	7229	21897	6056	18617	6002	9764	10245	26128
0:16:35	30.0	7606	23343	7241	21920	6044	18721	5994	9753	10237	26263
0:16:40	30.0	7650	23388	7270	22007	6060	18737	5996	9798	10360	26379
0:16:45	30.0	7605	23645	7236	21944	6083	18782	5986	9884	10296	26353
0:16:50	30.0	7686	23611	7250	21997	6069	18876	6001	9870	10288	26475
0:16:55	30.0	7646	23660	7267	22114	6075	18926	6012	9882	10303	26537
0:17:00	30.0	7641	23611	7281	22012	6055	18960	6010	9835	10358	26764
0:17:05	30.0	7673	23928	7270	21896	6061	18960	6032	9894	10309	26770
0:17:10	30.0	7644	23641	7272	22002	6082	19125	6006	9927	10326	26879
0:17:15	30.0	7713	23705	7300	21995	6094	19063	6023	9921	10298	26937
0:17:20	30.0	7640	23862	7204	21938	6079	19035	5984	9963	10329	27028
0:17:25	30.0	7736	23831	7312	22064	6033	19192	5999	10035	10355	27001
0:17:30	30.0	7715	23993	7320	21854	6032	19076	6027	10015	10436	27199
0:17:35	30.0	7692	24226	7273	22076	6014	19218	5998	10116	10400	27158
0:17:40	30.0	7740	23880	7283	21949	6131	19231	5978	9979	10390	27261
0:17:45	30.0	7672	24077	7279	21932	6077	19266	6016	10084	10398	27465
0:17:50	30.0	7689	23924	7262	22012	6077	19198	5982	10035	10348	27554
0:17:55	30.0	7691	24192	7327	21794	6046	19228	5985	10153	10488	27581
0:18:00	30.0	7682	24211	7400	21989	6084	19443	6046	10136	10422	27747
0:18:05	30.0	7695	24091	7263	21856	6049	19409	5999	10201	10447	27818
0:18:10	30.0	7650	24103	7283	21980	6157	19357	6026	10136	10431	27641
0:18:15	30.0	7752	24158	7278	22112	6064	19415	6059	10196	10489	27822
0:18:20	30.0	7720	24245	7284	21900	6051	19317	6031	10169	10432	27894
0:18:25	30.0	7753	24428	7305	21899	6093	19479	5986	10308	10452	27849
0:18:30	30.0	7733	24381	7301	21976	6078	19399	6076	10311	10638	28066
0:18:35	30.0	7734	24185	7311	21852	6012	19568	6016	10343	10546	28061
0:18:40	30.0	7744	24275	7331	21917	6133	19408	6005	10207	10456	28285
0:18:45	30.0	7775	24339	7372	21974	6097	19423	5979	10271	10564	28238
0:18:50	30.0	7676	24212	7370	21894	6089	19446	6005	10369	10410	28305
0:18:55	30.0	7748	24190	7376	21817	6060	19489	6014	10397	10548	28585
0:19:00	30.0	7692	24213	7346	21836	6046	19569	5993	10344	10632	28454
0:19:05	30.0	7764	24156	7386	21906	6070	19572	5998	10399	10622	28651
0:19:10	30.0	7774	24157	7317	22080	6060	19518	6044	10426	10552	28634
0:19:15	30.0	7738	24363	7284	21816	6077	19452	6001	10465	10586	28419
0:19:20	30.0	7805	24270	7382	21940	6111	19559	6021	10495	10512	28438
0:19:25	30.0	7683	24182	7321	21942	6115	19582	6054	10581	10575	28865
0:19:30	30.0	7754	24325	7351	21851	6151	19442	6068	10506	10565	28932
0:19:35	30.0	7768	24517	7350	21836	6053	19554	5987	10586	10608	28998
0:19:40	30.0	7759	24316	7288	21922	6090	19569	5982	10526	10624	28874
0:19:45	30.0	7750	24162	7373	21959	6092	19584	6029	10576	10588	28991
0:19:50	30.0	7808	23892	7383	21986	6075	19579	6064	10702	10618	29155
0:19:55	30.0	7738	24269	7374	21812	6174	19582	6058	10667	10625	28969
0:20:00	30.0	7746	24267	7362	22055	6095	19510	6027	10635	10778	29279
0:20:05	30.0	7757	24237	7370	21931	6077	19493	6046	10676	10605	29438
0:20:10	30.0	7793	24311	7449	21866	6085	19588	6028	10656	10747	29366
0:20:15	30.0	7794	24154	7409	21856	6109	19553	6047	10754	10706	29570
0:20:20	30.0	7738	24240	7392	21905	6076	19572	6051	10671	10700	29380
0:20:25	30.0	7844	24176	7360	21776	6099	19574	6021	10718	10778	29780
0:20:30	30.0	7786	24301	7410	21986	6118	19636	6038	10707	10648	29564
0:20:35	30.0	7815	24294	7419	21936	6105	19516	6043	10795	10698	29488
0:20:40	30.0	7779	24272	7354	21925	6156	19609	6013	10843	10706	29562
0:20:45	30.0	7832	24209	7414	21807	6125	19545	6059	10832	10727	29633
0:20:50	30.0	7728	24253	7350	22003	6102	19535	6042	10872	10791	29984
0:20:55	30.0	7803	24156	7388	22020	6101	19626	6072	10888	10743	29770
0:21:00	30.0	7755	24178	7374	22092	6130	19657	6054	10921	10806	29903
0:21:05	30.0	7774	24065	7350	21910	6159	19680	6016	10860	10760	29775
0:21:10	30.0	7793	24180	7370	21817	6107	19684	6040	10888	10769	29861
0:21:15	30.0	7804	24293	7381	21823	6092	19730	6062	10901	10729	30043
0:21:20	30.0	7821	24159	7407	21793	6132	19589	6026	10970	10841	29909
0:21:25	30.0	7796	24161	7381	21937	6117	19530	6095	10952	10798	30244
0:21:30	30.0	7828	24124	7454	21858	6120	19546	6096	11019	10894	30181
0:21:35	30.0	7870	24317	7377	21919	6108	19555	6062	11012	10842	30101
0:21:40	30.0	7870	24175	7470	21844	6109	19538	6044	11042	10835	30116
0:21:45	30.0	7891	24165	7471	21841	6136	19494	6060	11043	10870	30245
0:21:50	30.0	7879	24237	7407	21765	6171	19356	6024	11172	10892	30482
0:21:55	30.0	7877	24099	7459	21824	6132	19604	6045	11096	10801	30282
0:22:00	30.0	7877	24151	7445	21827	6158	19532	6091	11135	10849	30565
0:22:05	30.0	7874	24136	7434	21848	6193	19745	6088	11070	10894	30458
0:22:10	30.0	7878	24128	7524	21773	6120	19654	6105	11156	10940	30572
0:22:15	30.0	7871	24243	7394	21971	6153	19553	6068	11138	10863	30479
0:22:20	30.0	7866	24323	7392	21849	6093	19599	6132	11205	10879	30692
0:22:25	30.0	7860	24213	7475	21959	6146	19509	6102	11178	10943	30657
0:22:30	30.0	7822	24180	7419	21796	6135	19436	6075	11214	10887	30633
0:22:35	30.0	7943	24280	7501	21731	6153	19565	6054	11275	10988	30501
0:22:40	30.0	7915	24293	7463	21949	6129	19537	6145	11302	10986	30802
0:22:45	30.0	7870	24245	7446	21830	6170	19594	6106	11263	11096	30892
0:22:50	30.0	7888	24286	7473	21857	6163	19611	6053	11318	10994	30571
0:22:55	30.0	7848	24141	7437	21831	6169	19591	6073	11335	10940	30730
0:23:00	30.0	7845	24258	7490	21858	6115	19641	6071	11298	11003	30713
0:23:05	30.0	7846	24242	7480	21751	6174	19681	6059	11339	10996	30882
0:23:10	30.0	7868	24263	7457	21816	6125	19524	6103	11389	10999	30849
0:23:15	30.0	7878	24225	7490	21685	6152	19643	6101	11394	10985	30850
0:23:20	30.0	7856	24281	7501	21844	6136	19600	6099	11463	10986	30850
0:23:25	30.0	7940	24050	7461	21737	6161	19502	6024	11518	10973	30699
0:23:30	30.0	7898	24170	7488	21833	6189	19638	6157	11482	11006	30931
0:23:35	30.0	7900	24197	7452	21926	6168	19593	6130	11556	11041	30948
0:23:40	30.0	7942	24126	7486	21812	6145	19556	6080	11499	11095	30892
0:23:45	30.0	7907	24132	7495	21914	6178	19539	6109	11509	11076	30921
0:23:50	30.0	7910	24252	7454	21711	6164	19469	6073	11560	11029	30978
0:23:55	30.0	7952	24107	7454	21971	6126	19687	6094	11491	11103	31140
0:24:00	30.0	7966	24091	7482	21861	6161	19430	6122	11531	11000	30981
0:24:05	30.0	7923	24195	7507	21801	6196	19610	6093	11616	11071	31287
0:24:10	30.0	7950	24159	7515	21742	6152	19486	6098	11699	11076	30980
0:24:15	30.0	7950	24055	7432	21972	6165	19507	6088	11662	11134	31164
0:24:20	30.0	7920	24138	7442	21828	6152	19607	6086	11780	11181	31402
0:24:25	30.0	7964	23994	7539	21645	6156	19477	6078	11728	11168	31024
0:24:30	30.0	7933	24208	7500	21824	6196	19525	6084	11757	11206	31146
0:24:35	30.0	7957	24276	7588	21826	6170	19477	6108	11766	11241	31147
0:24:40	30.0	7978	24209	7509	21778	6200	19622	6093	11855	11196	31154
0:24:45	30.0	7948	24062	7507	21929	6178	19384	6089	11835	11138	31149
0:24:50	30.0	7909	24062	7570	21988	6186	19565	6080	11875	11207	31110
0:24:55	30.0	7888	24177	7498	21756	6163	19542	6119	11805	11158	31238
0:25:00	30.0	7937	24204	7504	21959	6174	19399	6065	11887	11286	31126
0:25:05	30.0	7944	24059	7476	21694	6202	19593	6123	11841	11167	31295
0:25:10	30.0	7975	24198	7486	21836	6222	19458	6109	11916	11232	31272
0:25:15	30.0	8035	24322	7515	21726	6168	19499	6125	11884	11223	31194
0:25:20	30.0	7944	24219	7517	21769	6198	19517	6104	11921	11264	31436
0:25:25	30.0	7935	24300	7474	21647	6131	19461	6097	11961	11244	31484
0:25:30	30.0	7934	24140	7552	21700	6225	19469	6141	11919	11235	31386
0:25:35	30.0	7965	24112	7590	21731	6211	19499	6097	12008	11195	31185
0:25:40	30.0	7938	23849	7587	21779	6188	19482	6082	11964	11394	31253
0:25:45	30.0	7947	24237	7512	21657	6246	19575	6116	12062	11320	31243
0:25:50	30.0	7974	24097	7560	21714	6203	19541	6137	12059	11325	31141
0:25:55	30.0	8028	24251	7571	21805	6222	19651	6143	12077	11343	31184
0:26:00	30.0	8061	24125	7543	21866	6217	19583	6153	12019	11319	31400
0:26:05	30.0	7962	24047	7499	21662	6202	19551	6138	12175	11348	31259
0:26:10	30.0	7979	24143	7578	21634	6233	19644	6135	12167	11274	31452
0:26:15	30.0	8013	24248	7609	21737	6173	19467	6113	12163	11264	31376
0:26:20	30.0	8033	23980	7591	21793	6224	19496	6134	12177	11393	31245
0:26:25	30.0	8013	24162	7538	21724	6191	19537	6127	12159	11315	31238
0:26:30	30.0	8007	24152	7628	21704	6221	19610	6112	12151	11324	31349
0:26:35	30.0	8040	24017	7603	21834	6179	19458	6144	12261	11344	31382
0:26:40	30.0	8040	24037	7619	21906	6211	19497	6137	12317	11462	31326
0:26:45	30.0	7984	23951	7609	21846	6199	19516	6164	12292	11409	31466
0:26:50	30.0	8013	24097	7548	21714	6202	19587	6146	12324	11402	31509
0:26:55	30.0	8042	23988	7541	21733	6271	19511	6142	12354	11432	31532
0:27:00	30.0	8021	24086	7614	21813	6247	19527	6120	12297	11429	31389
0:27:05	30.0	8085	24152	7594	21770	6227	19510	6172	12346	11358	31290
0:27:10	30.0	8011	24016	7532	21663	6209	19524	6180	12480	11471	31407
0:27:15	30.0	8100	24249	7617	21645	6255	19439	6130	12327	11500	31536
0:27:20	30.0	8079	24054	7617	21814	6226	19557	6189	12411	11388	31495
0:27:25	30.0	8018	24081	7578	21827	6187	19447	6123	12461	11410	31356
0:27:30	30.0	8094	24051	7568	21634	6216	19385	6176	12469	11458	31650
0:27:35	30.0	8070	24193	7594	21630	6212	19478	6177	12549	11534	31506
0:27:40	30.0	8034	24046	7630	21779	6248	19512	6116	12464	11541	31338
0:27:45	30.0	8058	24285	7649	21656	6193	19448	6151	12555	11563	31520
0:27:50	30.0	8073	24332	7606	21753	6199	19502	6136	12603	11531	31381
0:27:55	30.0	8086	24050	7599	21820	6213	19672	6188	12500	11578	31471
0:28:00	30.0	8113	24010	7627	21678	6247	19531	6096	12475	11588	31449
0:28:05	30.0	8058	24277	7624	21700	6199	19573	6149	12636	11576	31394
0:28:10	30.0	8118	23999	7604	21810	6187	19517	6148	12503	11558	31739
0:28:15	30.0	8049	24075	7638	21709	6229	19521	6227	12601	11666	31730
0:28:20	30.0	8145	24248	7590	21740	6242	19496	6148	12627	11648	31578
0:28:25	30.0	8075	24218	7574	21696	6242	19534	6207	12729	11587	31312
0:28:30	30.0	8121	24203	7645	21762	6233	19489	6245	12669	11597	31556
0:28:35	30.0	8101	23999	7601	21777	6237	19409	6214	12653	11514	31592
0:28:40	30.0	8087	24147	7626	21685	6224	19514	6177	12686	11630	31454
0:28:45	30.0	8083	24149	7645	21751	6215	19636	6196	12715	11630	31562
0:28:50	30.0	8073	24181	7609	21655	6219	19605	6122	12776	11558	31383
0:28:55	30.0	8100	24195	7665	21799	6211	19495	6125	12775	11598	31445
0:29:00	30.0	8121	23953	7608	21727	6239	19597	6187	12743	11713	31509
0:29:05	30.0	8154	24054	7686	21701	6260	19439	6188	12742	11627	31527
0:29:10	30.0	8135	24059	7643	21770	6258	19426	6186	12852	11677	31611
0:29:15	30.0	8134	24151	7679	21692	6275	19468	6200	12837	11662	31602
0:29:20	30.0	8127	24023	7724	21648	6203	19505	6206	12829	11667	31474
0:29:25	30.0	8197	24175	7659	21703	6251	19570	6226	12856	11740	31581
0:29:30	30.0	8144	24019	7649	21687	6300	19445	6200	12926	11704	31485
0:29:35	30.0	8153	24019	7761	21722	6233	19722	6185	12959	11741	31262
0:29:40	30.0	8119	24048	7661	21722	6239	19442	6213	13006	11796	31629
0:29:45	30.0	8164	24041	7664	21850	6279	19445	6187	12934	11747	31444
0:29:50	30.0	8125	24207	7638	21890	6232	19438	6184	12998	11769	31547
0:29:55	30.0	8171	23949	7649	21724	6286	19379	6151	12946	11689	31411
0:30:00	30.0	8107	24052	7725	21648	6262	19560	6160	13050	11727	31575
0:30:05	30.0	8145	24075	7719	21722	6274	19540	6181	13035	11741	31407
0:30:10	30.0	8163	24067	7701	21726	6205	19398	6219	12982	11721	31588
0:30:15	30.0	8178	24086	7723	21669	6274	19439	6186	13137	11726	31817
0:30:20	30.0	8253	24203	7680	21859	6286	19525	6195	13063	11794	31486
0:30:25	30.0	8145	24138	7686	21663	6330	19512	6228	13089	11776	31629
0:30:30	30.0	8228	24186	7692	21819	6289	19435	6206	13085	11705	31575
0:30:35	30.0	8137	24041	7716	21740	6253	19568	6210	13075	11742	31642
0:30:40	30.0	8088	23952	7712	21626	6298	19388	6237	13042	11864	31469
0:30:45	30.0	8138	23864	7702	21617	6266	19359	6188	13166	11867	31447
0:30:50	30.0	8157	24027	7729	21564	6284	19457	6192	13249	11880	31618
0:30:55	30.0	8144	24188	7718	21691	6236	19609	6142	13135	11897	31375
0:31:00	30.0	8172	24174	7670	21594	6236	19478	6175	13336	11877	31441
0:31:05	30.0	8255	24063	7701	21752	6292	19448	6223	13319	11859	31455
0:31:10	30.0	8152	24013	7735	21777	6270	19573	6161	13233	11852	31746
0:31:15	30.0	8202	24138	7722	21794	6281	19414	6182	13269	11918	31634
0:31:20	30.0	8256	24064	7764	21750	6261	19368	6208	13323	11898	31435
0:31:25	30.0	8163	23993	7706	21768	6297	19524	6183	13348	11889	31468
0:31:30	30.0	8245	24043	7755	21619	6298	19625	6241	13267	12037	31598
0:31:35	30.0	8233	24011	7672	21733	6284	19467	6215	13439	11866	31419
0:31:40	30.0	8215	24037	7740	21549	6230	19611	6224	13302	11957	31441
0:31:45	30.0	8290	24049	7749	21821	6287	19279	6222	13483	11913	31622
0:31:50	30.0	8186	24115	7756	21638	6295	19559	6256	13490	11984	31781
0:31:55	30.0	8278	24008	7742	21698	6344	19339	6236	13480	11941	31446
0:32:00	30.0	8243	24055	7804	21741	6280	19540	6181	13564	11970	31610
0:32:05	30.0	8177	23940	7741	21563	6316	19409	6237	13489	12050	31780
0:32:10	30.0	8175	24136	7729	21709	6306	19312	6193	13531	12006	31498
0:32:15	30.0	8239	24024	7803	21600	6261	19377	6283	13541	11971	31674
0:32:20	30.0	8191	23977	7804	21753	6374	19474	6242	13419	12039	31691
0:32:25	30.0	8264	24188	7791	21726	6271	19485	6248	13521	12119	31717
0:32:30	30.0	8316	24091	7733	21680	6300	19351	6240	13541	11994	31770
0:32:35	30.0	8249	24053	7783	21636	6303	19464	6189	13558	12008	31887
0:32:40	30.0	8262	24123	7769	21697	6370	19490	6229	13574	12031	31679
0:32:45	30.0	8262	24115	7732	21657	6308	19518	6212	13555	12002	31483
0:32:50	30.0	8187	23946	7725	21660	6300	19650	6193	13751	12032	31689
0:32:55	30.0	8296	23994	7859	21652	6273	19590	6195	13642	12078	31420
0:33:00	30.0	8209	23918	7749	21535	6341	19545	6162	13726	12174	31522
0:33:05	30.0	8250	24145	7794	21659	6337	19412	6237	13761	12039	31465
0:33:10	30.0	8260	23960	7777	21738	6309	19497	6252	13651	12153	31501
0:33:15	30.0	8220	23997	7759	21747	6349	19536	6261	13782	12182	31565
0:33:20	30.0	8260	24017	7812	21477	6296	19378	6229	13794	12094	31718
0:33:25	30.0	8284	24190	7744	21674	6316	19461	6224	13736	12107	31289
0:33:30	30.0	8238	23957	7841	21610	6329	19485	6213	13734	12146	31795
0:33:35	30.0	8262	24084	7840	21595	6278	19611	6244	13837	12066	31913
0:33:40	30.0	8323	24206	7849	21749	6286	19571	6261	13886	12185	31390
0:33:45	30.0	8210	24127	7808	21653	6323	19414	6231	13774	12209	31751
0:33:50	30.0	8307	24069	7833	21586	6322	19549	6222	13910	12171	31711
0:33:55	30.0	8302	23991	7766	21679	6364	19626	6256	13919	12304	31527
0:34:00	30.0	8321	23874	7829	21726	6334	19562	6305	13908	12199	31943
0:34:05	30.0	8273	24035	7756	21614	6348	19326	6258	13914	12146	31851
0:34:10	30.0	8316	24008	7839	21545	6344	19304	6276	13872	12184	31595
0:34:15	30.0	8278	23987	7778	21649	6385	19510	6253	13877	12250	31601
0:34:20	30.0	8271	23963	7808	21686	6317	19480	6239	14060	12259	31602
0:34:25	30.0	8330	23942	7803	21661	6323	19424	6240	13931	12326	31611
0:34:30	30.0	8303	24143	7831	21596	6351	19288	6234	13986	12247	31788
0:34:35	30.0	8365	24115	7772	21753	6338	19324	6297	14025	12299	31664
0:34:40	30.0	8332	24156	7875	21655	6310	19589	6264	14102	12312	31646
0:34:45	30.0	8321	24114	7816	21586	6305	19574	6293	13975	12202	31671
0:34:50	30.0	8381	23932	7803	21712	6317	19451	6280	14072	12228	31740
0:34:55	30.0	8290	23973	7809	21643	6321	19316	6258	14150	12362	31772
0:35:00	30.0	8300	23914	7893	21546	6275	19532	6294	14162	12313	31516
0:35:05	30.0	8313	23961	7816	21582	6299	19471	6284	14166	12336	31569
0:35:10	30.0	8362	24116	7858	21808	6350	19315	6284	14212	12397	31743
0:35:15	30.0	8315	23821	7863	21555	6341	19485	6264	14177	12238	31669
0:35:20	30.0	8353	23886	7897	21691	6349	19353	6238	14197	12368	31786
0:35:25	30.0	8324	24053	7854	21589	6335	19344	6225	14088	12308	31767
0:35:30	30.0	8372	24041	7851	21616	6366	19512	6262	14192	12330	31813
0:35:35	30.0	8372	24108	7876	21702	6405	19416	6304	14234	12412	31542
0:35:40	30.0	8365	24002	7794	21822	6366	19397	6264	14341	12351	31829
0:35:45	30.0	8400	23899	7817	21664	6388	19492	6270	14165	12421	31782
0:35:50	30.0	8365	23960	7852	21620	6324	19383	6284	14203	12414	31579
0:35:55	30.0	8371	24185	7922	21643	6365	19341	6300	14326	12511	31780
0:36:00	30.0	8384	23839	7890	21761	6358	19373	6278	14401	12368	31752
0:36:05	30.0	8387	23877	7866	21589	6360	19382	6277	14382	12447	31788
0:36:10	30.0	8441	24058	7895	21514	6331	19388	6321	14413	12428	31535
0:36:15	30.0	8358	23863	7903	21551	6381	19404	6261	14311	12466	31550
0:36:20	30.0	8380	23950	7848	21684	6437	19465	6307	14491	12430	31904
0:36:25	30.0	8374	24027	7847	21592	6373	19403	6285	14532	12463	31566
0:36:30	30.0	8373	23905	7881	21763	6365	19559	6324	14470	12477	31469
0:36:35	30.0	8395	23910	7886	21690	6445	19377	6313	14461	12486	31412
0:36:40	30.0	8337	24007	7845	21712	6440	19338	6336	14449	12522	31594
0:36:45	30.0	8476	24087	7919	21693	6403	19349	6314	14558	12518	31808
0:36:50	30.0	8417	23929	7863	21505	6416	19405	6288	14408	12542	31523
0:36:55	30.0	8378	23999	7890	21563	6334	19495	6338	14454	12447	31692
0:37:00	30.0	8406	24070	7894	21722	6372	19380	6290	14598	12559	31694
0:37:05	30.0	8407	24050	7962	21660	6304	19553	6231	14600	12501	31685
0:37:10	30.0	8482	23983	7916	21639	6377	19365	6272	14507	12603	31478
0:37:15	30.0	8428	24017	7950	21656	6395	19475	6290	14610	12589	31787
0:37:20	30.0	8516	23932	7896	21556	6341	19418	6264	14672	12650	31644
0:37:25	30.0	8384	23755	7919	21598	6445	19338	6357	14672	12667	31547
0:37:30	30.0	8382	23821	7930	21718	6382	19479	6305	14725	12560	31661
0:37:35	30.1	8414	24058	7860	21622	6396	19471	6276	14648	12644	31882
0:37:40	30.0	8416	24115	7886	21556	6409	19280	6326	14644	12570	31919
0:37:45	30.0	8470	23949	7869	21678	6416	19380	6295	14755	12647	31581
0:37:50	30.1	8415	24049	7982	21679	6438	19353	6331	14676	12621	31617
0:37:55	30.1	8457	24112	7963	21542	6376	19404	6350	14657	12578	31713
0:38:00	30.1	8448	24027	7918	21728	6484	19494	6341	14790	12629	31831
0:38:05	30.1	8409	23952	7951	21758	6462	19364	6394	14790	12673	31635
0:38:10	30.1	8405	23820	7854	21537	6454	19469	6369	14764	12644	31742
0:38:15	30.1	8513	23881	7885	21631	6364	19377	6323	14738	12641	31643
0:38:20	30.1	8516	23857	7956	21671	6392	19408	6330	14888	12773	31705
0:38:25	30.1	8505	23887	7937	21680	6422	19342	6301	14835	12707	31616
0:38:30	30.1	8491	23931	7973	21635	6398	19487	6381	14769	12655	31523
0:38:35	30.1	8494	23934	8006	21550	6390	19521	6335	14840	12817	31792
0:38:40	30.1	8411	24036	7878	21584	6452	19359	6356	14863	12690	31603
0:38:45	30.1	8464	24014	7976	21403	6384	19514	6337	15047	12713	31667
0:38:50	30.1	8442	24018	7966	21651	6408	19378	6349	14807	12729	31638
0:38:55	30.0	8462	23966	7924	21592	6414	19348	6295	15020	12798	31602
0:39:00	30.1	8460	24000	7966	21620	6399	19481	6357	14899	12803	31729
0:39:05	30.0	8515	23994	7944	21649	6449	19396	6328	15048	12741	31601
0:39:10	30.1	8453	23905	7923	21452	6439	19404	6339	14975	12711	31736
0:39:15	30.1	8531	23961	8041	21611	6412	19537	6327	14911	12799	31754
0:39:20	30.1	8429	23821	7945	21673	6413	19397	6306	15001	12877	31636
0:39:25	30.1	8481	23962	7999	21503	6438	19509	6312	15046	12762	31609
0:39:30	30.1	8426	24022	7984	21667	6438	19433	6367	15061	12750	31740
0:39:35	30.1	8462	23975	7973	21471	6441	19450	6400	15012	12805	31914
0:39:40	30.0	8464	24084	8008	21438	6472	19488	6350	15130	12807	31774
0:39:45	30.1	8506	23983	7941	21440	6495	19322	6325	15074	12803	31724
0:39:50	30.0	8457	24281	7972	21529	6424	19465	6393	15124	12890	31899
0:39:55	30.1	8515	23900	8058	21672	6426	19418	6320	15061	12833	31414
0:40:00	30.1	8547	24138	7946	21577	6497	19401	6319	15110	12834	31581
0:40:05	30.1	8493	23750	7991	21771	6446	19268	6365	15123	12903	31791
0:40:10	30.1	8544	23794	7998	21707	6411	19523	6405	15138	12893	31711
0:40:15	30.1	8503	23981	8025	21639	6448	19196	6372	15243	12858	31941
0:40:20	30.1	8540	23878	7943	21591	6503	19405	6382	15253	12795	31622
0:40:25	30.0	8475	23805	7951	21628	6430	19483	6344	15264	12908	31692
0:40:30	30.1	8643	24028	8103	21689	6435	19369	6364	15300	12864	31841
0:40:35	30.1	8535	23998	7954	21521	6444	19525	6334	15255	12928	31748
0:40:40	30.0	8524	23891	7990	21573	6489	19493	6374	15246	13008	31519
0:40:45	30.1	8569	23793	8005	21597	6452	19383	6354	15318	12918	31556
0:40:50	30.1	8508	23917	8068	21606	6472	19352	6359	15337	12994	32134
0:40:55	30.1	8567	24042	7976	21614	6470	19351	6375	15336	12966	31866
0:41:00	30.1	8572	23814	8020	21791	6439	19356	6349	15397	12956	31800
0:41:05	30.1	8530	24041	7980	21591	6473	19420	6378	15347	12986	31731
0:41:10	30.1	8602	23962	8041	21488	6431	19387	6343	15327	13101	31731
0:41:15	30.0	8555	24133	8010	21593	6404	19390	6342	15356	12983	32039
0:41:20	30.1	8602	23951	8129	21457	6478	19357	6377	15326	12957	31733
0:41:25	30.1	8489	23901	8059	21657	6442	19378	6358	15454	13066	31648
0:41:30	30.1	8566	23877	8027	21589	6477	19416	6402	15420	13063	31569
0:41:35	30.1	8557	24025	8143	21528	6494	19538	6394	15455	12921	31964
0:41:40	30.1	8638	23912	8057	21700	6427	19339	6454	15338	13033	31563
0:41:45	30.1	8578	23950	8033	21630	6530	19414	6332	15467	13080	31612
0:41:50	30.1	8564	24051	8060	21483	6463	19497	6431	15553	13052	31925
0:41:55	30.1	8601	23792	8103	21608	6453	19439	6412	15555	12952	31792
0:42:00	30.1	8571	23840	8090	21663	6447	19293	6342	15515	13101	31829
0:42:05	30.0	8588	23940	8030	21506	6505	19433	6401	15586	13112	31792
0:42:10	30.1	8538	23827	8115	21641	6462	19358	6399	15549	13120	31588
0:42:15	30.1	8543	24012	8037	21475	6467	19459	6388	15604	13140	31667
0:42:20	30.0	8592	23965	8094	21533	6454	19388	6420	15588	13044	31900
0:42:25	30.1	8625	23878	8048	21801	6490	19386	6400	15512	13166	31624
0:42:30	30.1	8588	23950	8012	21536	6435	19326	6411	15702	13173	31706
0:42:35	30.1	8605	23923	8051	21489	6463	19361	6391	15734	13161	31749
0:42:40	30.1	8670	23768	8097	21683	6505	19347	6413	15559	13133	31737
0:42:45	30.1	8620	23642	8082	21612	6513	19383	6375	15716	13099	31782
0:42:50	30.1	8682	23975	8069	21510	6497	19391	6412	15661	13203	31796
0:42:55	30.1	8648	23911	8101	21765	6426	19327	6451	15655	13185	31675
0:43:00	30.1	8654	24033	8123	21563	6493	19274	6384	15706	13251	31857
0:43:05	30.1	8644	23862	8116	21609	6450	19395	6419	15821	13170	31653
0:43:10	30.1	8596	24037	8126	21536	6502	19352	6470	15807	13170	31704
0:43:15	30.1	8626	24044	8120	21460	6452	19276	6434	15697	13231	31696
0:43:20	30.1	8649	23957	8108	21393	6493	19412	6421	15810	13321	31811
0:43:25	30.1	8620	23728	8063	21652	6455	19495	6396	15806	13217	31902
0:43:30	30.1	8652	23870	8098	21604	6494	19361	6442	15774	13277	31784
0:43:35	30.1	8668	23893	8129	21558	6494	19366	6416	15913	13262	31814
0:43:40	30.1	8548	23775	8063	21734	6517	19399	6370	15818	13262	31972
0:43:45	30.1	8645	23865	8131	21549	6496	19396	6413	15983	13298	31729
0:43:50	30.1	8663	23753	8145	21423	6503	19324	6384	15919	13348	31766
0:43:55	30.1	8589	23932	8105	21688	6488	19351	6430	15822	13308	31683
0:44:00	30.1	8642	23857	8134	21631	6524	19409	6386	15956	13228	31768
0:44:05	30.1	8637	23766	8140	21523	6546	19354	6392	15794	13226	31873
0:44:10	30.1	8627	23859	8167	21577	6518	19446	6442	16026	13217	31658
0:44:15	30.1	8639	23936	8140	21550	6463	19304	6481	16002	13422	31973
0:44:20	30.1	8607	23903	8168	21711	6483	19498	6405	15848	13364	31414
0:44:25	30.1	8668	23844	8101	21544	6509	19493	6412	16039	13313	31828
0:44:30	30.1	8679	24010	8105	21709	6532	19300	6410	15859	13384	31702
0:44:35	30.1	8713	23747	8154	21493	6544	19475	6421	15980	13299	31864
0:44:40	30.1	8692	23704	8192	21600	6499	19276	6392	16116	13295	31778
0:44:45	30.1	8619	23921	8125	21529	6538	19512	6372	16054	13370	31691
0:44:50	30.1	8672	23843	8146	21749	6483	19364	6440	16056	13259	31573
0:44:55	30.1	8682	23852	8111	21454	6486	19370	6483	15905	13490	31607
0:45:00	30.1	8668	23802	8165	21573	6512	19174	6496	15997	13432	31630
0:45:05	30.1	8642	23805	8131	21569	6494	19323	6508	16131	13395	31980
0:45:10	30.1	8715	23920	8188	21593	6536	19519	6445	16057	13531	31692
0:45:15	30.1	8732	23849	8155	21418	6533	19337	6438	16121	13409	31673
0:45:20	30.1	8682	23812	8271	21698	6539	19305	6483	16110	13455	31918
0:45:25	30.1	8688	23681	8104	21537	6477	19278	6453	16182	13517	31924
0:45:30	30.1	8692	23836	8170	21578	6547	19478	6400	16217	13473	31953
0:45:35	30.1	8661	23854	8169	21631	6529	19400	6465	16084	13431	31864
0:45:40	30.1	8682	23838	8201	21436	6516	19342	6476	16368	13464	31602
0:45:45	30.1	8671	23881	8204	21338	6535	19376	6449	16287	13440	31670
0:45:50	30.1	8725	23922	8156	21365	6454	19374	6423	16242	13398	31626
0:45:55	30.1	8703	23828	8172	21505	6540	19335	6409	16259	13440	31691
0:46:00	30.1	8701	23946	8156	21598	6540	19295	6392	16128	13468	31566
0:46:05	30.1	8726	23713	8263	21493	6521	19309	6475	16301	13475	31607
0:46:10	30.1	8710	23872	8176	21567	6609	19313	6471	16232	13503	31814
0:46:15	30.1	8708	23735	8169	21490	6517	19387	6435	16234	13443	31902
0:46:20	30.1	8758	23800	8143	21630	6535	19179	6426	16326	13427	31864
0:46:25	30.1	8684	23741	8199	21600	6528	19321	6430	16281	13486	31860
0:46:30	30.1	8745	23609	8166	21536	6503	19150	6425	16339	13658	31767
0:46:35	30.1	8679	23903	8186	21517	6528	19321	6421	16419	13523	31432
0:46:40	30.1	8728	23839	8141	21271	6538	19142	6419	16288	13568	31817
0:46:45	30.1	8782	23783	8212	21476	6513	19311	6411	16314	13497	31858
0:46:50	30.1	8741	23838	8184	21408	6556	19234	6431	16484	13661	31623
0:46:55	30.1	8784	23971	8138	21406	6531	19268	6472	16470	13517	31610
0:47:00	30.1	8703	23695	8178	21393	6573	19326	6442	16295	13539	31599
0:47:05	30.1	8704	23689	8246	21414	6528	19399	6471	16443	13531	31623
0:47:10	30.1	8732	23740	8185	21438	6547	19222	6406	16363	13678	31650
0:47:15	30.1	8766	24035	8166	21428	6519	19203	6462	16424	13641	31426
0:47:20	30.1	8759	23985	8232	21496	6542	19278	6495	16491	13692	31426
0:47:25	30.1	8747	23852	8190	21541	6521	19351	6430	16457	13651	31521
0:47:30	30.1	8731	23656	8185	21550	6592	19185	6476	16426	13645	31580
0:47:35	30.1	8730	23894	8186	21327	6571	19238	6446	16549	13645	31681
0:47:40	30.1	8786	23773	8198	21422	6528	19167	6433	16393	13641	31581
0:47:45	30.1	8783	23724	8190	21423	6531	19282	6465	16509	13726	31488
0:47:50	30.1	8750	23747	8237	21556	6567	19306	6451	16493	13745	31660
0:47:55	30.1	8835	23791	8190	21467	6535	19170	6423	16528	13809	31939
0:48:00	30.1	8782	23590	8206	21490	6642	19260	6439	16576	13765	31571
0:48:05	30.1	8710	23798	8226	21513	6590	19341	6479	16464	13739	31513
0:48:10	30.1	8790	23775	8200	21417	6549	19170	6488	16555	13788	31675
0:48:15	30.1	8820	23770	8250	21421	6552	19255	6447	16552	13748	31228
0:48:20	30.1	8772	23586	8175	21469	6532	19347	6487	16479	13705	31565
0:48:25	30.1	8795	23860	8199	21584	6541	19360	6424	16674	13710	31608
0:48:30	30.1	8809	23768	8176	21486	6562	19367	6456	16634	13663	31556
0:48:35	30.1	8855	23747	8183	21399	6553	19315	6468	16792	13712	31766
0:48:40	30.1	8774	23755	8187	21335	6510	19258	6429	16631	13723	31579
0:48:45	30.1	8781	23575	8147	21340	6516	19207	6498	16603	13727	31512
0:48:50	30.1	8778	23788	8301	21363	6591	19159	6422	16635	13731	31502
0:48:55	30.1	8813	23761	8217	21365	6574	19166	6477	16709	13820	31658
0:49:00	30.1	8820	23736	8295	21500	6524	19094	6495	16630	13812	31517
0:49:05	30.1	8830	23678	8214	21553	6592	19239	6500	16780	13717	31586
0:49:10	30.1	8800	23731	8196	21616	6600	19223	6474	16835	13715	31765
0:49:15	30.1	8719	23783	8289	21536	6553	19177	6494	16810	13850	31622
0:49:20	30.1	8858	23736	8276	21499	6576	19340	6543	16829	13828	31536
0:49:25	30.1	8821	23666	8221	21559	6508	19266	6494	16719	13784	31591
0:49:30	30.1	8745	23705	8246	21358	6602	19372	6493	16777	13886	31643
0:49:35	30.1	8826	23734	8273	21342	6576	19147	6538	16831	13856	31753
0:49:40	30.1	8829	23710	8204	21387	6537	19130	6496	16786	13813	31845
0:49:45	30.1	8784	23627	8200	21386	6579	19425	6451	16799	13886	31576
0:49:50	30.1	8815	23762	8256	21575	6597	19284	6468	16953	13837	31583
0:49:55	30.1	8911	23788	8294	21538	6535	19289	6491	16879	13923	31291
0:50:00	30.1	8851	23859	8317	21447	6585	19348	6556	16898	13932	31703
0:50:05	30.1	8856	23679	8276	21335	6620	19137	6525	16884	14002	31663
0:50:10	30.1	8812	23740	8222	21402	6531	19167	6512	16870	13860	31661
0:50:15	30.1	8822	23678	8363	21399	6551	19218	6449	16928	13851	31660
0:50:20	30.1	8853	23673	8240	21411	6615	19282	6427	16877	13844	31617
0:50:25	30.1	8808	23709	8288	21414	6572	19203	6579	16899	14015	31791
0:50:30	30.1	8857	23629	8295	21413	6551	19218	6523	16916	13916	31534
0:50:35	30.1	8827	23869	8415	21466	6591	19337	6538	16941	13991	31474
0:50:40	30.1	8835	23758	8265	21303	6574	19204	6522	16898	13975	31824
0:50:45	30.1	8836	23713	8331	21348	6578	19206	6512	17111	14030	31584
0:50:50	30.1	8858	23729	8288	21483	6618	19312	6493	17022	13960	31737
0:50:55	30.1	8893	23563	8254	21528	6633	19186	6488	17005	13952	31685
0:51:00	30.1	8844	23691	8297	21511	6633	19274	6479	16967	14036	31510
0:51:05	30.1	8879	23733	8311	21443	6544	19140	6451	17058	14046	31587
0:51:10	30.1	8910	23774	8240	21537	6587	19123	6481	17201	14122	31494
0:51:15	30.1	8875	23788	8322	21413	6636	19181	6503	17010	14041	31470
0:51:20	30.1	8917	23675	8273	21490	6606	19387	6492	16996	14045	31621
0:51:25	30.1	8894	23689	8268	21390	6624	19162	6532	16967	14046	31826
0:51:30	30.1	8879	23706	8278	21486	6591	19296	6499	17008	14068	31728
0:51:35	30.1	8874	23710	8344	21310	6618	19220	6517	17198	14078	31609
0:51:40	30.1	8870	23886	8290	21417	6599	19269	6523	17110	14056	31663
0:51:45	30.1	8946	23774	8325	21679	6608	19160	6582	17255	14023	31523
0:51:50	30.1	8854	23919	8361	21406	6613	19059	6522	17218	14114	31703
0:51:55	30.1	8868	23878	8307	21379	6609	19154	6514	17097	14120	31716
0:52:00	30.1	8946	23594	8316	21433	6667	19198	6540	17275	14086	31747
0:52:05	30.1	8927	23731	8378	21369	6678	19153	6532	17254	14118	31686
0:52:10	30.1	8900	23691	8298	21342	6620	19137	6533	17093	14156	31729
0:52:15	30.1	8918	23687	8350	21527	6653	19274	6546	17279	14109	31442
0:52:20	30.1	8977	23667	8390	21495	6672	19165	6570	17212	14184	31515
0:52:25	30.1	8835	23732	8401	21370	6607	19222	6594	17221	14180	31540
0:52:30	30.1	8862	23683	8308	21459	6611	19154	6564	17260	14115	31640
0:52:35	30.1	8942	23673	8435	21304	6677	19269	6544	17310	14171	31520
0:52:40	30.1	8981	23651	8353	21422	6679	19347	6492	17204	14157	31719
0:52:45	30.1	8931	23697	8406	21427	6600	19306	6554	17339	14119	31558
0:52:50	30.1	8914	23740	8329	21428	6715	19152	6588	17398	14215	31384
0:52:55	30.1	8902	23601	8370	21425	6654	19205	6549	17163	14220	31876
0:53:00	30.1	8903	23643	8371	21488	6685	19246	6553	17315	14206	31797
0:53:05	30.1	8970	23721	8324	21422	6616	19272	6535	17336	14223	31729
0:53:10	30.1	8995	23777	8398	21306	6573	19265	6584	17451	14281	31605
0:53:15	30.1	9031	23853	8343	21390	6687	19268	6546	17476	14182	31750
0:53:20	30.1	8994	23467	8380	21296	6660	19223	6514	17274	14186	31786
0:53:25	30.1	8912	23597	8389	21286	6638	19239	6520	17343	14331	31651
0:53:30	30.1	8946	23662	8371	21246	6639	19080	6550	17380	14338	31538
0:53:35	30.1	8958	23598	8435	21167	6681	19128	6516	17412	14292	31667
0:53:40	30.1	8913	23774	8360	21332	6652	19194	6554	17442	14325	31713
0:53:45	30.1	8992	23592	8377	21447	6705	19237	6530	17303	14363	31661
0:53:50	30.1	8997	23647	8469	21525	6653	19231	6599	17383	14278	31608
0:53:55	30.1	8985	23808	8362	21451	6619	19357	6609	17427	14357	31594
0:54:00	30.1	8943	23700	8396	21472	6630	19206	6548	17462	14408	31611
0:54:05	30.1	8900	23731	8400	21335	6620	19249	6569	17455	14249	31642
0:54:10	30.1	9007	23552	8402	21378	6695	19335	6590	17512	14398	31462
0:54:15	30.1	8977	23587	8375	21283	6635	19247	6584	17563	14221	31513
0:54:20	30.1	8944	23684	8389	21462	6688	19191	6586	17483	14301	31553
0:54:25	30.1	8893	23672	8405	21419	6631	19491	6566	17636	14293	31682
0:54:30	30.1	9072	23701	8420	21516	6646	19318	6554	17527	14430	31891
0:54:35	30.1	9032	23628	8445	21405	6639	19081	6585	17581	14476	31612
0:54:40	30.1	8992	23778	8395	21382	6667	19294	6648	17596	14459	31552
0:54:45	30.1	8994	23700	8392	21311	6688	19208	6614	17562	14404	31511
0:54:50	30.1	9050	24074	8402	21490	6702	19122	6644	17621	14468	31555
0:54:55	30.1	8968	23539	8430	21355	6626	19287	6564	17560	14484	31684
0:55:00	30.1	8985	23749	8434	21387	6699	19365	6587	17688	14392	31806
0:55:05	30.1	9014	23629	8415	21420	6663	19180	6583	17758	14446	31692
0:55:10	30.1	9035	23678	8430	21482	6686	19210	6616	17809	14414	31847
0:55:15	30.1	9015	23596	8428	21435	6714	19358	6561	17634	14461	31491
0:55:20	30.1	9010	23648	8459	21161	6694	19496	6607	17705	14435	31597
0:55:25	30.1	9009	23915	8417	21293	6714	19193	6598	17821	14555	31496
0:55:30	30.1	8966	23741	8438	21370	6688	19253	6631	17684	14570	31728
0:55:35	30.1	9043	23723	8508	21444	6660	19247	6625	17743	14516	31632
0:55:40	30.1	9067	23585	8460	21464	6590	19296	6602	17783	14388	31808
0:55:45	30.1	9021	23662	8494	21435	6707	19157	6624	17751	14506	31809
0:55:50	30.1	9091	23606	8462	21300	6704	19174	6599	17733	14511	31747
0:55:55	30.1	9029	23433	8453	21459	6689	19209	6593	17733	14565	31659
0:56:00	30.1	9063	23678	8443	21445	6693	19359	6621	17696	14622	31892
0:56:05	30.1	9054	23656	8459	21507	6742	19297	6637	17894	14622	31452
0:56:10	30.1	9100	23546	8462	21472	6695	19257	6656	17814	14577	31782
0:56:15	30.1	9022	23777	8455	21401	6752	19327	6626	17834	14605	31606
0:56:20	30.1	9036	23806	8469	21365	6749	19227	6571	17840	14717	31614
0:56:25	30.1	9102	23737	8479	21403	6739	19153	6582	17894	14702	31449
0:56:30	30.1	9025	23509	8477	21501	6685	19256	6621	17772	14587	31794
0:56:35	30.1	9052	23645	8431	21276	6717	19194	6613	17910	14629	31440
0:56:40	30.1	9068	23623	8498	21649	6755	19309	6630	17845	14737	31616
0:56:45	30.1	9039	23655	8487	21353	6701	19314	6572	17926	14664	31739
0:56:50	30.1	9082	23765	8459	21398	6781	19231	6600	17893	14660	31485
0:56:55	30.1	9045	23801	8421	21292	6722	19290	6636	17913	14700	32084
0:57:00	30.1	9097	23680	8502	21509	6718	19311	6642	17816	14676	31614
0:57:05	30.1	9013	23677	8482	21439	6688	19281	6652	17920	14774	31475
0:57:10	30.1	9173	23832	8400	21377	6686	19281	6607	17959	14604	31542
0:57:15	30.1	9120	23871	8441	21405	6738	19246	6599	17919	14746	31729
0:57:20	30.1	9142	23760	8533	21445	6690	19113	6638	18109	14677	31773
0:57:25	30.1	9098	23620	8497	21446	6795	19090	6646	18059	14584	31941
0:57:30	30.1	9074	23731	8553	21477	6774	19226	6588	18000	14699	31706
0:57:35	30.1	9104	23620	8473	21599	6729	19128	6611	18012	14725	31669
0:57:40	30.1	9146	23648	8486	21285	6746	19238	6674	17975	14713	31751
0:57:45	30.1	9132	23740	8529	21505	6762	19204	6613	18006	14793	31853
0:57:50	30.1	9100	23735	8520	21499	6707	19265	6677	18145	14824	31805
0:57:55	30.1	9106	23772	8586	21349	6678	19262	6706	17925	14719	31410
0:58:00	30.1	9166	23681	8516	21410	6672	19229	6680	17965	14850	31664
0:58:05	30.1	9119	23720	8518	21420	6674	19292	6645	18208	14741	31687
0:58:10	30.1	9177	23625	8522	21393	6732	19172	6590	17951	14823	31848
0:58:15	30.1	9094	23669	8567	21464	6739	19193	6696	18033	14753	31775
0:58:20	30.1	9111	23673	8538	21496	6758	19191	6687	18057	14742	31592
0:58:25	30.1	9098	23675	8574	21509	6713	19335	6627	18184	14798	31776
0:58:30	30.1	9156	23651	8528	21563	6756	19197	6675	17947	14748	31484
0:58:35	30.1	9155	23583	8545	21435	6726	19261	6668	18195	14794	31662
0:58:40	30.1	9194	23824	8505	21245	6731	19187	6653	18131	14834	31667
0:58:45	30.1	9122	23711	8547	21387	6716	19291	6679	18084	14855	31597
0:58:50	30.1	9057	23649	8524	21409	6706	19343	6613	18205	14840	31681
0:58:55	30.1	9099	23637	8493	21541	6755	19281	6615	18119	14833	31625
0:59:00	30.1	9196	23579	8638	21457	6724	19194	6664	18242	14915	31909
0:59:05	30.1	9143	23735	8554	21569	6728	19170	6686	18156	14904	31769
0:59:10	30.1	9195	23654	8529	21344	6751	19318	6658	18305	14775	31543
0:59:15	30.1	9219	23836	8572	21342	6762	19243	6692	18316	14858	31618
0:59:20	30.1	9176	23577	8608	21285	6773	19208	6714	18157	14901	31467
0:59:25	30.1	9187	23727	8623	21461	6743	19126	6692	18223	15047	31398
0:59:30	30.1	9206	23578	8686	21358	6753	19115	6691	18242	15001	31531
0:59:35	30.1	9160	23656	8529	21601	6801	19263	6662	18251	14910	31738
0:59:40	30.1	9180	23755	8580	21394	6802	19314	6728	18295	14886	31649
0:59:45	30.1	9208	23657	8592	21355	6760	19263	6703	18204	14917	31773
0:59:50	30.1	9156	23902	8626	21447	6767	19189	6680	18386	14910	31454
0:59:55	30.1	9232	23545	8604	21304	6736	19227	6687	18279	14984	31637
1:00:00	30.1	9156	23699	8581	21356	6735	19263	6709	18328	14999	31568
1:00:05	30.1	9212	23764	8507	21545	6806	19309	6721	18228	15038	31915
1:00:10	30.1	9185	23731	8614	21599	6783	19221	6709	18418	14995	31679
1:00:15	30.1	9218	23434	8597	21386	6786	19231	6655	18295	14999	31810
1:00:20	30.1	9202	23750	8580	21374	6780	19360	6684	18438	14989	31587
1:00:25	30.1	9205	23603	8597	21366	6747	19235	6698	18472	15067	31767
1:00:30	30.1	9191	23788	8615	21461	6775	19243	6702	18279	15097	31651
1:00:35	30.1	9262	23697	8595	21414	6780	19230	6691	18439	15109	31480
1:00:40	30.1	9259	23720	8592	21309	6714	19281	6671	18444	15092	31511
1:00:45	30.1	9239	23701	8603	21422	6796	19254	6747	18423	15139	31753
1:00:50	30.1	9164	23741	8660	21416	6816	19197	6722	18339	15215	31838
1:00:55	30.1	9297	23643	8655	21344	6783	19326	6693	18523	15092	31835
1:01:00	30.1	9248	23628	8659	21462	6829	19102	6695	18543	15124	31649
1:01:05	30.1	9258	23612	8648	21526	6780	19155	6662	18354	15227	31790
1:01:10	30.1	9274	23736	8582	21406	6770	19116	6644	18468	15155	31817
1:01:15	30.1	9201	23668	8685	21349	6775	19100	6720	18539	15199	31846
1:01:20	30.1	9248	23650	8626	21438	6787	19303	6653	18493	15203	31755
1:01:25	30.1	9241	23626	8634	21386	6816	19161	6736	18563	15219	31795
1:01:30	30.1	9315	23720	8684	21505	6774	19190	6680	18645	15210	31705
1:01:35	30.1	9303	23666	8632	21480	6848	19347	6635	18367	15158	31742
1:01:40	30.1	9246	23557	8653	21351	6794	19186	6728	18688	15181	31771
1:01:45	30.1	9307	23842	8645	21367	6836	19299	6756	18462	15196	31621
1:01:50	30.1	9248	23809	8619	21342	6787	19202	6681	18595	15201	31725
1:01:55	30.1	9298	23742	8668	21445	6827	19292	6759	18532	15232	31682
1:02:00	30.1	9282	23704	8664	21491	6797	19376	6707	18595	15338	31732
1:02:05	30.1	9259	23732	8733	21419	6813	19186	6721	18613	15295	31837
1:02:10	30.1	9205	23594	8701	21622	6863	19277	6693	18590	15244	31647
1:02:15	30.1	9332	23892	8717	21527	6851	19221	6760	18678	15373	31877
1:02:20	30.1	9384	23792	8684	21324	6812	19272	6710	18484	15193	31641
1:02:25	30.1	9243	23855	8678	21513	6769	19225	6709	18805	15381	31561
1:02:30	30.1	9363	23841	8755	21549	6827	19157	6704	18578	15294	31533
1:02:35	30.1	9313	23673	8700	21412	6785	19450	6783	18572	15381	31835
1:02:40	30.1	9319	23831	8674	21497	6841	19201	6724	18661	15291	31816
1:02:45	30.1	9341	23819	8674	21421	6797	19256	6738	18657	15302	31892
1:02:50	30.1	9326	23724	8697	21295	6802	19267	6768	18596	15341	31921
1:02:55	30.1	9303	23734	8671	21497	6818	19191	6751	18797	15311	32091
1:03:00	30.1	9375	23701	8662	21430	6865	19220	6751	18618	15409	31746
1:03:05	30.1	9338	23837	8683	21603	6860	19258	6731	18676	15314	31735
1:03:10	30.1	9350	23646	8680	21427	6825	19235	6739	18658	15320	31989
1:03:15	30.1	9324	23612	8729	21340	6855	19171	6758	18866	15361	31772
1:03:20	30.1	9347	23626	8673	21452	6866	19374	6769	18791	15323	31849
1:03:25	30.1	9336	23695	8698	21402	6823	19203	6735	18647	15352	31622
1:03:30	30.1	9340	23702	8701	21476	6827	19307	6756	18855	15434	31726
1:03:35	30.1	9305	23600	8767	21600	6846	19290	6803	18884	15477	31731
1:03:40	30.1	9337	23807	8739	21494	6838	19259	6723	18770	15399	31771
1:03:45	30.1	9378	23692	8682	21495	6882	19321	6780	18756	15522	31703
1:03:50	30.1	9380	23563	8793	21478	6888	19263	6749	18986	15460	31743
1:03:55	30.1	9413	23656	8753	21386	6854	19320	6779	18800	15442	31721
1:04:00	30.1	9353	23764	8703	21454	6846	19196	6705	18883	15504	31920
1:04:05	30.1	9450	23791	8707	21479	6846	19071	6739	18856	15534	31752
1:04:10	30.1	9391	23709	8740	21396	6829	19231	6749	18900	15477	31930
1:04:15	30.1	9370	23629	8715	21434	6868	19344	6732	18806	15494	32052
1:04:20	30.1	9343	23807	8817	21366	6879	19409	6852	18877	15432	31577
1:04:25	30.1	9403	23692	8758	21539	6842	19307	6787	18909	15501	32145
1:04:30	30.1	9391	23619	8756	21438	6917	19350	6762	18840	15612	31797
1:04:35	30.1	9339	23745	8702	21584	6923	19330	6806	18994	15490	31831
1:04:40	30.1	9424	23659	8775	21430	6858	19292	6760	18998	15587	31858
1:04:45	30.1	9338	23653	8730	21440	6839	19280	6815	18941	15608	31703
1:04:50	30.1	9430	23619	8710	21466	6883	19160	6761	18975	15445	31551
1:04:55	30.1	9357	23641	8768	21382	6860	19355	6781	18828	15543	31804
1:05:00	30.1	9360	23912	8781	21706	6857	19187	6795	18903	15501	31925
1:05:05	30.1	9476	23629	8825	21606	6953	19344	6762	18923	15576	31796
1:05:10	30.1	9359	23751	8761	21380	6873	19211	6794	18976	15532	31632
1:05:15	30.1	9398	23748	8764	21418	6859	19214	6786	18911	15611	31528
1:05:20	30.1	9374	23663	8792	21527	6933	19155	6756	18981	15604	31704
1:05:25	30.1	9340	23732	8801	21505	6964	19144	6756	18858	15602	31699
1:05:30	30.1	9408	23815	8804	21523	6925	19240	6840	18905	15572	31894
1:05:35	30.1	9392	23717	8778	21638	6918	19258	6739	18840	15704	31866
1:05:40	30.1	9440	23748	8768	21410	6853	19301	6781	19111	15710	31719
1:05:45	30.1	9510	23618	8760	21302	6894	19335	6810	19010	15753	31858
1:05:50	30.1	9397	23567	8814	21637	6869	19316	6763	19114	15692	31692
1:05:55	30.1	9358	23648	8772	21271	6860	19258	6891	18939	15622	31954
1:06:00	30.1	9456	23777	8820	21592	6897	19383	6762	19227	15683	31750
1:06:05	30.1	9477	23661	8808	21561	6902	19416	6781	18999	15701	31871
1:06:10	30.1	9436	23719	8820	21512	6929	19313	6888	18921	15683	31847
1:06:15	30.1	9531	23673	8844	21636	6933	19309	6806	19029	15678	31843
1:06:20	30.1	9516	23771	8814	21526	6847	19405	6755	19122	15756	31992
1:06:25	30.1	9480	23592	8850	21448	6938	19143	6796	19009	15648	31880
1:06:30	30.1	9464	23639	8848	21390	6873	19239	6819	19113	15724	31867
1:06:35	30.1	9463	23752	8826	21463	6912	19303	6800	19215	15800	32054
1:06:40	30.1	9415	23717	8817	21443	6966	19344	6788	19186	15760	31804
1:06:45	30.1	9479	23671	8806	21385	6917	19193	6797	19060	15693	31794
1:06:50	30.1	9430	23718	8801	21521	6951	19297	6799	19184	15722	31897
1:06:55	30.1	9550	23706	8857	21395	6922	19179	6795	19134	15850	31910
1:07:00	30.1	9445	23852	8827	21355	6915	19381	6831	19190	15855	31668
1:07:05	30.1	9448	23713	8852	21518	6872	19329	6895	19199	15646	31864
1:07:10	30.1	9521	23651	8806	21482	6910	19276	6793	19166	15794	31803
1:07:15	30.1	9537	23670	8809	21499	6944	19125	6824	19125	15847	31861
1:07:20	30.1	9495	23817	8836	21536	6985	19358	6817	19252	15890	32074
1:07:25	30.1	9506	23675	8837	21535	6976	19310	6852	19222	15792	31614
1:07:30	30.1	9457	23686	8804	21624	6955	19275	6846	19214	15821	31843
1:07:35	30.1	9539	23894	8831	21660	6958	19224	6861	19189	15846	31914
1:07:40	30.1	9540	23628	8825	21403	6922	19355	6808	19145	15873	31867
1:07:45	30.1	9498	23693	8813	21575	6939	19361	6838	19328	15908	32130
1:07:50	30.1	9489	23731	8830	21432	6906	19414	6836	19162	15842	32071
1:07:55	30.1	9524	23796	8839	21596	6923	19351	6857	19206	15921	31781
1:08:00	30.1	9467	23495	8933	21513	6999	19266	6854	19259	15789	31970
1:08:05	30.1	9531	23751	8827	21415	6932	19238	6865	19206	16027	31950
1:08:10	30.1	9502	23640	8897	21627	6972	19264	6845	19275	15916	31887
1:08:15	30.1	9476	23716	8915	21358	6945	19268	6928	19187	15825	31836
1:08:20	30.1	9540	23802	8837	21492	6940	19252	6830	19393	15942	31813
1:08:25	30.1	9545	23628	8886	21442	6958	19214	6888	19430	15902	31927
1:08:30	30.1	9489	23726	8934	21378	6895	19328	6894	19332	15916	32037
1:08:35	30.1	9529	23602	8947	21465	6975	19437	6808	19347	15963	31745
1:08:40	30.1	9560	23855	8977	21564	6955	19286	6887	19285	15943	31916
1:08:45	30.1	9533	23642	8935	21384	7006	19299	6848	19326	15964	31830
1:08:50	30.1	9491	23688	8923	21452	6991	19269	6885	19224	15996	31915
1:08:55	30.1	9558	23747	8912	21324	6963	19352	6876	19416	16042	31662
1:09:00	30.1	9522	23822	8885	21615	6944	19344	6803	19356	16098	31896
1:09:05	30.1	9490	23732	8915	21556	6929	19498	6911	19324	15992	31857
1:09:10	30.1	9569	23873	8920	21465	6957	19208	6829	19462	16000	31691
1:09:15	30.1	9569	23616	8964	21505	6990	19202	6874	19409	16037	32099
1:09:20	30.1	9508	23675	8927	21432	6959	19273	6915	19403	15983	31972
1:09:25	30.1	9504	23777	8930	21474	6998	19242	6856	19401	16062	31794
1:09:30	30.1	9567	23830	8937	21371	7003	19422	6865	19420	16225	32020
1:09:35	30.1	9632	23863	8902	21552	7001	19319	6858	19488	16123	31920
1:09:40	30.1	9579	23783	8917	21581	6890	19368	6856	19268	16095	31936
1:09:45	30.1	9520	23770	8935	21593	7002	19284	6896	19474	16135	31803
1:09:50	30.1	9593	23682	8874	21470	6934	19286	6861	19429	16107	31993
1:09:55	30.1	9633	23504	9012	21573	7038	19294	6893	19409	16048	31833
1:10:00	30.1	9564	23893	8932	21698	7026	19281	6888	19335	16077	31592
1:10:05	30.1	9592	23665	8937	21470	6967	19347	6879	19433	16108	31841
1:10:10	30.1	9601	23738	8965	21483	6999	19377	6815	19393	16165	31901
1:10:15	30.1	9554	23703	8931	21560	7040	19239	6882	19371	16205	31628
1:10:20	30.1	9643	23799	8966	21631	6984	19285	6961	19438	16243	31995
1:10:25	30.1	9571	23890	8957	21483	7023	19390	6895	19588	16143	31972
1:10:30	30.1	9545	23637	8971	21540	7009	19312	6861	19604	16266	31932
1:10:35	30.1	9589	23722	9010	21430	6981	19361	6862	19531	16174	31949
1:10:40	30.1	9694	23698	8934	21374	7022	19307	6891	19757	16284	31744
1:10:45	30.1	9695	23804	9066	21566	6988	19222	6929	19493	16303	31964
1:10:50	30.1	9642	23780	8968	21400	6989	19183	6935	19729	16184	31935
1:10:55	30.1	9626	23659	8926	21524	6937	19435	6935	19701	16239	31990
1:11:00	30.1	9566	23768	8919	21476	6971	19375	6911	19688	16290	32011
1:11:05	30.1	9634	23754	8972	21411	7021	19412	6881	19649	16277	31948
1:11:10	30.1	9617	23652	8984	21386	7027	19247	6953	19610	16341	32063
1:11:15	30.1	9645	23810	8955	21511	7105	19376	6884	19524	16163	31879
1:11:20	30.1	9668	23735	9020	21593	7015	19371	6901	19467	16287	32052
1:11:25	30.1	9643	23624	9061	21497	7038	19386	6934	19557	16211	31840
1:11:30	30.1	9733	23769	8982	21571	7020	19319	6891	19562	16396	32016
1:11:35	30.1	9694	23860	9002	21561	7021	19302	6967	19576	16294	31955
1:11:40	30.1	9618	23812	9063	21571	7065	19353	6917	19602	16409	32031
1:11:45	30.1	9663	23857	8971	21561	7057	19358	6890	19578	16246	31786
1:11:50	30.1	9669	23761	9017	21579	7057	19307	6960	19762	16366	31806
1:11:55	30.1	9583	23753	8979	21436	7036	19317	6919	19613	16345	32048
1:12:00	30.1	9785	23736	8929	21443	7014	19447	6857	19645	16320	31852
1:12:05	30.1	9685	23664	8913	21455	7043	19300	6910	19500	16351	31894
1:12:10	30.1	9689	23768	9010	21391	7015	19350	6986	19705	16406	31939
1:12:15	30.1	9655	23618	9018	21499	7054	19275	6966	19698	16333	32046
1:12:20	30.1	9607	23709	9046	21542	7014	19237	6959	19526	16381	32277
1:12:25	30.1	9717	23719	8994	21409	7060	19328	6967	19607	16380	31809
1:12:30	30.1	9669	23767	9072	21523	7046	19424	6940	19802	16415	31924
1:12:35	30.1	9650	23902	8968	21458	7014	19272	6976	19706	16476	31846
1:12:40	30.1	9639	23865	9011	21501	7008	19165	6944	19763	16452	32066
1:12:45	30.1	9814	23704	9026	21630	7079	19348	6967	19712	16412	32003
1:12:50	30.1	9657	23689	9024	21552	7039	19234	6944	19728	16457	31935
1:12:55	30.1	9648	23698	9043	21742	7059	19207	6913	19702	16445	31940
1:13:00	30.1	9740	23632	9036	21565	7015	19395	6920	19719	16496	31875
1:13:05	30.1	9708	23606	9046	21525	7048	19327	6959	19693	16490	31794
1:13:10	30.1	9699	23746	9020	21540	7051	19164	6919	19811	16545	31966
1:13:15	30.1	9722	23696	9059	21545	7150	19247	6916	19876	16476	31771
1:13:20	30.1	9740	23863	9028	21500	7043	19309	6970	19805	16425	32071
1:13:25	30.1	9704	23778	9086	21527	6994	19154	6998	19819	16609	31873
1:13:30	30.1	9676	23738	9028	21576	7155	19142	6953	19629	16506	31992
1:13:35	30.1	9690	23724	9038	21452	7019	19165	6915	19904	16550	31931
1:13:40	30.1	9722	23726	9081	21533	7042	19375	6971	19895	16457	31727
1:13:45	30.1	9757	23783	9060	21468	7058	19399	6967	19786	16568	31974
1:13:50	30.0	9669	23685	9067	21387	7133	19261	6970	19650	16436	31909
1:13:55	30.1	9741	23622	9117	21587	7026	19386	6996	19848	16618	31798
1:14:00	30.1	9703	23933	9121	21554	7045	19458	6915	19727	16544	31864
1:14:05	30.1	9722	23706	9171	21705	7124	19305	6900	19876	16604	31948
1:14:10	30.1	9685	23678	9067	21366	7085	19322	6958	19758	16541	31951
1:14:15	30.0	9730	23949	9059	21481	7053	19358	6950	19978	16561	31790
1:14:20	30.1	9730	23738	9114	21591	7017	19316	6982	19936	16670	31889
1:14:25	30.1	9750	23694	9078	21611	7098	19335	6981	19895	16695	32109
1:14:30	30.1	9796	23820	9140	21673	7100	19315	6972	19874	16556	32152
1:14:35	30.1	9752	23708	9089	21623	7081	19370	7033	19845	16673	31941
1:14:40	30.0	9728	23740	9121	21493	7066	19292	6960	20028	16768	32089
1:14:45	30.1	9773	23799	9094	21491	7101	19442	7011	19874	16738	32025
1:14:50	30.1	9777	23618	9093	21419	7016	19314	7011	19924	16687	32013
1:14:55	30.1	9797	23739	9032	21490	7087	19359	6969	19884	16614	32020
1:15:00	30.1	9775	23866	9091	21585	7051	19451	6987	19906	16658	31979
1:15:05	30.0	9783	23871	9113	21583	7113	19362	7003	19958	16684	31872
1:15:10	30.1	9783	23921	9081	21523	7051	19493	7063	19815	16733	31968
1:15:15	30.1	9763	23895	9063	21667	7063	19285	6960	19800	16780	32021
1:15:20	30.1	9845	23799	9105	21449	7129	19401	6996	19927	16761	31956
1:15:25	30.1	9838	23763	9131	21478	7109	19179	6999	19958	16678	31967
1:15:30	30.1	9788	23971	9126	21515	7148	19265	7000	19863	16741	32069
1:15:35	30.1	9862	23667	9146	21431	7109	19305	7025	20006	16850	31992
1:15:40	30.1	9861	23888	9108	21572	7099	19325	7113	19848	16752	32018
1:15:45	30.1	9765	24039	9073	21459	7048	19401	6979	19985	16867	32211
1:15:50	30.1	9794	23609	9132	21554	7060	19372	6956	20161	16865	32069
1:15:55	30.1	9820	23593	9075	21587	7177	19332	6959	19995	16808	31944
1:16:00	30.1	9792	23953	9159	21552	7107	19333	7042	20026	16847	32160
1:16:05	30.1	9830	23729	9214	21470	7118	19252	6965	19951	16961	31922
1:16:10	30.1	9813	23786	9126	21586	7153	19180	6997	20013	16761	31973
1:16:15	30.0	9882	23696	9150	21428	7120	19236	6992	19943	16766	31963
1:16:20	30.1	9816	23717	9127	21650	7157	19275	7006	20060	16907	32099
1:16:25	30.1	9855	23487	9231	21514	7151	19459	7027	19930	16836	32029
1:16:30	30.1	9716	23765	9053	21471	7132	19380	7017	19989	16779	31956
1:16:35	30.1	9858	23714	9186	21580	7122	19431	6998	20047	16780	32139
1:16:40	30.0	9874	23705	9180	21599	7123	19397	7044	20056	16953	31811
1:16:45	30.1	9844	23606	9143	21416	7149	19325	7050	20103	16810	32107
1:16:50	30.1	9843	23749	9084	21485	7147	19387	7049	20062	16819	31932
1:16:55	30.1	9846	23809	9100	21356	7125	19337	7038	20022	16995	31963
1:17:00	30.1	9874	23800	9210	21586	7149	19306	7024	20036	16858	31952
1:17:05	30.0	9897	23829	9169	21473	7165	19285	7023	20094	16997	32205
1:17:10	30.1	9836	23709	9213	21684	7134	19416	7006	19974	17004	31922
1:17:15	30.1	9855	23896	9193	21520	7157	19385	7014	20100	16846	31906
1:17:20	30.1	9832	23859	9242	21570	7178	19403	7016	20041	16987	32134
1:17:25	30.0	9865	23797	9241	21511	7105	19240	7070	20041	16933	32300
1:17:30	30.1	9854	23869	9189	21528	7117	19351	7048	20140	16933	32220
1:17:35	30.1	9808	23796	9129	21560	7112	19522	7004	19972	17078	31982
1:17:40	30.1	9840	23683	9204	21483	7146	19404	7005	20128	16960	31899
1:17:45	30.1	9903	23898	9079	21503	7158	19335	7025	20117	17030	31915
1:17:50	30.0	9847	23780	9221	21433	7156	19183	7037	20201	16980	32029
1:17:55	30.1	9927	23723	9169	21538	7153	19226	7109	20109	17141	31980
1:18:00	30.1	9870	23754	9186	21590	7122	19273	7004	20247	16998	32094
1:18:05	30.1	9947	23792	9141	21513	7170	19351	7060	20190	17019	31991
1:18:10	30.1	9894	23801	9224	21613	7140	19423	7071	20023	17158	31908
1:18:15	30.1	9947	23605	9210	21619	7220	19291	7046	20317	17081	32144
1:18:20	30.1	9857	23778	9197	21460	7169	19295	7071	20107	17314	31932
1:18:25	30.1	9909	23660	9201	21605	7108	19320	7066	20332	17056	32205
1:18:30	30.1	9879	23753	9296	21550	7189	19315	7066	20186	16997	31964
1:18:35	30.1	9896	23846	9248	21412	7174	19267	7072	20120	17139	32020
1:18:40	30.0	9972	23742	9253	21383	7232	19411	7049	20197	17155	31913
1:18:45	30.1	9916	23699	9215	21641	7165	19401	7040	20251	17044	31850
1:18:50	30.1	9962	23859	9199	21703	7129	19361	7048	20215	17158	31963
1:18:55	30.1	9955	23883	9299	21515	7190	19412	7066	20252	17027	32140
1:19:00	30.0	9967	23657	9214	21667	7218	19290	7047	20132	17238	32023
1:19:05	30.1	9970	23744	9264	21551	7239	19313	7100	20151	17170	31983
1:19:10	30.1	10021	23820	9253	21640	7193	19430	7091	20212	17107	32023
1:19:15	30.1	9951	23844	9269	21405	7167	19399	7056	20321	17028	32172
1:19:20	30.1	9944	23917	9298	21735	7207	19311	7053	20228	17152	31918
1:19:25	30.0	9918	23818	9311	21523	7182	19274	7126	20202	17064	32219
1:19:30	30.1	9961	23837	9231	21541	7203	19419	7097	20223	17220	32007
1:19:35	30.1	9933	23803	9298	21553	7205	19268	7128	20153	17308	32223
1:19:40	30.1	9986	23795	9272	21494	7187	19355	7100	20407	17171	31840
1:19:45	30.0	10044	23750	9294	21742	7185	19154	7053	20305	17268	32028
1:19:50	30.1	9928	23908	9265	21620	7201	19222	7054	20263	17189	32052
1:19:55	30.1	10022	23673	9230	21658	7157	19327	7120	20299	17193	32234
1:20:00	30.1	9936	23718	9232	21504	7187	19356	7024	20271	17260	31916

Results
	1	2	3	4	5	6	7	8	9	10	11	12
A													Max V [425,457]
													R-Squared [425,457]
													t at Max V [425,457]
													Lagtime [425,457]
B													Max V [425,457]
													R-Squared [425,457]
													t at Max V [425,457]
													Lagtime [425,457]
C		2424000.000	-6420000.000	-2136000.000	4476000.000	1932000.000	-3984000.000	1824000.000	3852000.000	-3096000.000	7188000.000		Max V [425,457]
		1.000	1.000	1.000	1.000	1.000	1.000	1.000	1.000	1.000	1.000		R-Squared [425,457]
		1:11:58	0:54:53	1:16:28	0:56:38	1:13:28	0:31:43	0:50:23	1:01:38	1:18:23	0:56:53		t at Max V [425,457]
		1:10:50	0:57:27	1:17:38	0:53:23	1:12:46	0:35:07	0:49:55	0:58:18	?????	0:53:45		Lagtime [425,457]
D													Max V [425,457]
													R-Squared [425,457]
													t at Max V [425,457]
													Lagtime [425,457]
E													Max V [425,457]
													R-Squared [425,457]
													t at Max V [425,457]
													Lagtime [425,457]
F													Max V [425,457]
													R-Squared [425,457]
													t at Max V [425,457]
													Lagtime [425,457]
G													Max V [425,457]
													R-Squared [425,457]
													t at Max V [425,457]
													Lagtime [425,457]
H													Max V [425,457]
													R-Squared [425,457]
													t at Max V [425,457]
													Lagtime [425,457]
