

Software Version	3.03.14

Procedure Details

Plate Type	96 WELL PLATE
Set Temperature	Setpoint 30°C
	Preheat before moving to next step
Start Kinetic	Runtime 1:00:00 (HH:MM:SS), Interval 0:00:05, 721 Reads
    Read	Fluorescence Endpoint
	C1..C12
	Filter Set 1
	    Excitation: 295,  Emission: 335
	    Optics: Top,  Gain: 80
	Light Source: Xenon Flash,  Lamp Energy: High
	Read Speed: Normal,  Delay: 0 msec,  Measurements/Data Point: 5
	Read Height: 8 mm
End Kinetic	

Layout
	1	2	3	4	5	6	7	8	9	10	11	12
A													Well ID
B													Well ID
C	SPL1	SPL2	SPL3	SPL4	SPL5	SPL6	SPL7	SPL8	SPL9	SPL10	SPL11	SPL12	Well ID
D													Well ID
E													Well ID
F													Well ID
G													Well ID
H													Well ID

295,335

Time	T° 295,335	C1	C2	C3	C4	C5	C6	C7	C8	C9	C10	C11	C12
0:00:00	30.0	3390	7885	12755	15909	20433	24594	28805	32916	37626	41844	46927	49756
0:00:05	30.0	3174	7623	12503	16090	20256	24751	28965	32778	37524	42012	47160	50141
0:00:10	30.1	3108	7536	12526	15838	20136	24479	28675	32676	37308	41287	47307	50077
0:00:15	30.1	3082	7523	12390	15618	20102	24244	28316	32656	37196	41655	46515	50079
0:00:20	30.0	3038	7431	12320	15525	20132	24492	28613	32510	37372	41474	46698	50121
0:00:25	30.0	2952	7226	11842	15309	19654	23948	28235	32388	37129	41370	46504	49467
0:00:30	30.0	2822	7114	11876	15417	19602	24113	27839	32425	37013	41179	46211	49646
0:00:35	30.0	2806	7093	11598	15179	19403	23675	27690	31973	37064	40702	46151	49742
0:00:40	30.0	2678	6939	11620	15002	19468	23588	27682	31878	36914	41032	45745	49658
0:00:45	30.0	2658	6743	11340	14894	19216	23598	27798	31676	36342	40846	45804	50084
0:00:50	30.0	2602	6704	11288	14934	19027	23348	27300	31461	36247	40297	45734	49301
0:00:55	30.0	2557	6652	11167	14644	18849	23054	27295	31173	36100	40542	45455	49712
0:01:00	30.0	2586	6629	11162	14492	18824	22960	27206	31379	35928	40162	45040	49255
0:01:05	30.0	2539	6448	11021	14373	18469	22819	27296	31093	35794	39867	45086	49302
0:01:10	30.0	2455	6407	10675	14256	18414	22691	26983	30881	35714	40189	45092	49189
0:01:15	30.0	2416	6373	10651	14140	18289	22710	26795	31087	35612	40326	44366	48722
0:01:20	30.0	2422	6261	10516	14004	18257	22325	26668	30772	35389	39472	44896	48561
0:01:25	30.0	2320	6214	10671	13924	18406	22312	26469	30461	35635	39702	45223	48566
0:01:30	30.0	2348	6114	10538	13967	18094	22240	26449	29975	35463	39425	44579	48747
0:01:35	30.0	2278	6073	10246	13850	18030	22112	26369	30162	35493	39431	44031	48759
0:01:40	30.0	2294	5999	10247	13667	17863	22075	25787	30297	35022	38846	44457	48428
0:01:45	30.0	2270	5970	10093	13448	17635	21869	26176	29796	35255	39035	44124	48202
0:01:50	30.0	2226	5891	10053	13414	17739	21606	26033	30263	34726	38868	44072	48035
0:01:55	30.0	2251	5859	9864	13315	17503	21453	26114	29534	34701	38809	43731	47651
0:02:00	30.0	2274	5733	9662	13520	17345	21591	26091	29411	34344	38858	43730	48281
0:02:05	30.0	2259	5683	9645	13183	17411	21514	25697	29474	34575	38554	43490	47958
0:02:10	30.0	2203	5600	9676	13149	17135	21619	25712	29504	34625	38777	43637	47815
0:02:15	30.0	2198	5522	9494	13163	17082	21190	25346	29388	33783	38478	43489	48092
0:02:20	30.0	2164	5494	9603	13063	16796	21086	25428	29220	33576	37974	43346	47316
0:02:25	30.0	2156	5424	9340	12708	16744	21211	25397	29089	34190	38339	43600	47820
0:02:30	30.0	2116	5419	9363	12780	16965	20831	24914	28954	33529	37752	43228	47819
0:02:35	30.0	2143	5402	9180	12625	16773	20938	24805	28616	34029	37723	43015	47622
0:02:40	30.0	2135	5381	9183	12644	16816	20774	25030	28563	33674	38133	42750	47267
0:02:45	30.0	2140	5340	9133	12399	16684	20483	24671	28741	33619	37422	42889	47002
0:02:50	30.0	2111	5280	9081	12427	16326	20769	24498	28869	33795	37413	42823	47357
0:02:55	30.0	2119	5276	8930	12436	16427	20490	24475	28328	33573	37276	42340	46788
0:03:00	30.0	2111	5250	8924	12245	16266	20397	24443	28397	33088	37309	42573	47205
0:03:05	30.0	2134	5079	8920	12215	16124	20497	24347	28313	33201	37181	42026	46997
0:03:10	30.0	2080	5135	9005	12079	16264	20145	24040	28315	32615	36683	42180	47161
0:03:15	30.0	2099	5073	8856	12123	16155	19901	24252	28021	33143	36571	42611	46801
0:03:20	30.0	2067	5146	8694	12132	16012	19890	24040	28023	32387	36919	41902	46695
0:03:25	30.0	2122	5019	8649	12050	15950	20036	24043	27887	32597	36551	41757	46570
0:03:30	30.0	2034	4994	8584	11945	15897	19809	23977	27830	32654	36877	41742	46119
0:03:35	30.0	2066	4928	8560	11779	15877	19701	23892	27461	32536	36562	41690	46710
0:03:40	30.0	2080	4976	8663	11824	15742	19662	24034	27652	32366	36251	41597	45790
0:03:45	30.0	2063	4994	8511	11832	15550	19586	23748	27197	32399	36256	41446	46241
0:03:50	30.0	2080	4973	8388	11579	15860	19410	23516	27394	32472	36053	41170	46753
0:03:55	30.0	2005	4976	8331	11510	15450	19456	23415	27303	31742	36232	41314	46421
0:04:00	30.0	2045	4850	8414	11573	15277	19085	23248	27288	32092	35614	41641	45898
0:04:05	30.0	2102	4901	8437	11441	15400	19072	23130	27166	31347	36081	41536	46080
0:04:10	30.0	2079	4879	8245	11564	15269	19105	22976	26829	31980	35595	40717	45755
0:04:15	30.0	2022	4813	8209	11427	15116	18999	23063	26874	31650	35622	41067	45941
0:04:20	30.0	2047	4820	8151	11473	15150	19210	23062	26889	31614	35612	40940	45406
0:04:25	30.1	2037	4832	8106	11311	15074	19051	23035	26829	31874	35128	40863	45683
0:04:30	30.0	2021	4744	8066	11168	15064	19056	22979	26656	31269	35575	40342	45671
0:04:35	30.0	2072	4761	8002	11219	15135	18888	22724	26601	31282	35481	40371	44985
0:04:40	30.0	2012	4713	8059	11164	14710	18809	22743	26455	31406	34966	40441	45047
0:04:45	30.0	2084	4671	7973	11020	14898	18684	22551	26288	31091	35316	40539	45234
0:04:50	30.0	2008	4633	8017	11071	14915	18667	22549	26223	31008	34938	39946	44794
0:04:55	30.0	2027	4718	7887	11060	14572	18572	22513	26232	30938	34505	40162	44774
0:05:00	30.0	2077	4724	7889	10967	14683	18350	22403	26038	30897	35203	39924	45219
0:05:05	30.0	1981	4695	7735	11001	14684	18465	22444	26238	30974	35122	39824	44681
0:05:10	30.0	2048	4651	7856	10903	14579	18528	21874	26041	30876	34668	39529	45085
0:05:15	30.0	2007	4682	7750	10864	14526	18362	22445	25785	30561	34726	40049	44695
0:05:20	30.0	2041	4581	7720	10804	14336	18119	21968	25774	30242	34369	39867	45225
0:05:25	30.0	2043	4574	7759	10841	14410	18299	22008	25709	30303	34545	39832	44722
0:05:30	30.0	2025	4555	7672	10640	14293	18115	22059	25743	30407	34432	39119	44579
0:05:35	30.0	2042	4634	7731	10581	14328	18084	21759	25636	30237	34364	39330	44502
0:05:40	30.0	2039	4555	7603	10475	14185	17803	21763	25747	30025	33833	39055	44465
0:05:45	30.0	2014	4571	7696	10492	14081	17931	21893	25350	30512	33913	39386	44298
0:05:50	30.0	2057	4563	7580	10446	14283	17778	21676	25460	30109	33850	39301	44459
0:05:55	30.0	2024	4511	7702	10546	14147	17926	21580	25179	30048	33772	39532	44388
0:06:00	30.0	2036	4554	7575	10336	14030	17560	21451	25192	30138	33785	38922	44024
0:06:05	30.0	2031	4531	7606	10292	14066	18059	21355	25079	29734	33497	39218	44648
0:06:10	30.0	2018	4522	7493	10307	13885	17618	21465	24800	29614	33356	39114	44192
0:06:15	30.0	2019	4458	7402	10362	14025	17598	21232	25123	29389	33371	38599	43750
0:06:20	30.0	1941	4508	7478	10357	13899	17473	21263	24834	29856	33099	38716	43616
0:06:25	30.0	1984	4444	7408	10199	13845	17433	21193	24721	29435	33101	38358	43700
0:06:30	30.0	2058	4488	7416	10232	13731	17293	20918	24870	29505	33472	38223	43710
0:06:35	30.0	1954	4511	7462	10030	13681	17599	21145	24382	29710	33176	38277	43904
0:06:40	30.0	2003	4497	7217	10194	13681	17346	21087	24864	29347	33274	38084	43615
0:06:45	30.0	2051	4513	7357	10185	13782	17473	21013	24667	29306	33101	37949	43654
0:06:50	30.0	2005	4407	7249	9981	13490	17217	21381	24471	29133	33061	38325	43348
0:06:55	30.0	2049	4440	7285	10025	13578	17178	20860	24450	29220	33304	38568	43248
0:07:00	30.0	1998	4422	7326	10011	13530	17040	20585	24404	28784	32762	38288	43453
0:07:05	30.0	1986	4436	7230	10134	13264	17034	20790	24286	29048	32617	38525	43472
0:07:10	30.0	2018	4433	7191	10026	13308	16796	20505	23952	28918	32148	37875	42848
0:07:15	30.0	2035	4417	7214	9894	13387	16774	20381	24407	28956	32697	37475	42988
0:07:20	30.0	2028	4411	7162	9916	13380	17083	20655	23870	28716	32373	38033	42811
0:07:25	30.0	2067	4390	7141	9887	13308	17016	20451	23943	28606	32217	37602	42907
0:07:30	30.0	1985	4369	7295	9885	13187	16888	20347	23823	28546	32766	37493	42783
0:07:35	30.0	2009	4444	7251	9889	13296	16793	20364	24185	28556	32298	37640	43122
0:07:40	30.0	2012	4282	7215	9956	13251	16876	20382	23650	28598	32120	37542	42796
0:07:45	30.0	2008	4344	7260	9728	13025	16755	20067	23943	28329	32362	37461	42630
0:07:50	30.0	1959	4369	7185	9855	13092	16701	20327	23837	28451	32004	37309	42626
0:07:55	30.0	1959	4351	7190	9759	12961	16518	20057	23686	28329	31687	36926	42904
0:08:00	30.0	2011	4398	7121	9650	12985	16543	20253	23696	28241	32102	36907	42154
0:08:05	30.0	1987	4352	7133	9786	13062	16601	20104	23623	27993	31882	37089	42429
0:08:10	30.0	1970	4383	7050	9795	12944	16537	19990	23297	28068	31812	36727	42251
0:08:15	30.0	2005	4368	7123	9615	12827	16443	20122	23506	28072	31902	36845	42299
0:08:20	30.0	1971	4385	7114	9781	12972	16438	19927	23467	27851	31764	36898	42052
0:08:25	30.0	2028	4397	7032	9476	12583	16474	19960	23270	27793	31669	37055	41882
0:08:30	30.0	1983	4318	7093	9575	12809	16377	19984	23545	27831	31606	36956	42337
0:08:35	30.0	2004	4295	6982	9533	12904	16320	19852	23412	27984	31469	36731	42092
0:08:40	30.0	1987	4341	6953	9569	13007	16248	19696	23050	27415	31639	36517	42091
0:08:45	30.0	2012	4444	7110	9615	12839	16062	19590	22970	27833	31435	36807	41976
0:08:50	30.0	1960	4305	7002	9480	12770	16131	19518	23240	27563	31456	36547	41507
0:08:55	30.1	2029	4389	7025	9645	12892	16102	19362	23082	27663	31294	36437	41758
0:09:00	30.0	1950	4344	7000	9450	12730	15895	19697	23242	27564	31420	36353	41734
0:09:05	30.0	1993	4333	7017	9488	12703	16034	19558	23184	27295	31422	36059	42021
0:09:10	30.0	1972	4289	6991	9378	12515	15852	19433	23108	27526	30894	36067	41786
0:09:15	30.0	1974	4363	7059	9478	12604	15990	19439	23068	27305	31051	36049	41690
0:09:20	30.0	1964	4348	7028	9384	12509	15793	19287	22818	27342	31137	35676	41901
0:09:25	30.0	1978	4273	6888	9420	12560	16062	19167	22328	27116	31013	36050	41752
0:09:30	30.0	1950	4358	6989	9272	12569	15853	19369	22701	27090	30786	35689	41314
0:09:35	30.0	1969	4340	6946	9499	12360	15763	19294	22897	27291	30923	36069	40994
0:09:40	30.0	1991	4368	6958	9401	12469	15646	19151	22608	26959	30588	35702	41468
0:09:45	30.0	1954	4273	6956	9402	12526	15703	19097	22645	27015	30620	35700	41315
0:09:50	30.0	1944	4319	6830	9291	12406	15658	19262	22716	27026	30892	35750	41227
0:09:55	30.0	1981	4338	6902	9417	12549	15699	19189	22464	26795	30645	35305	41063
0:10:00	30.0	1937	4374	6924	9332	12296	15738	19067	22293	27263	30586	35500	41103
0:10:05	30.0	1918	4319	6864	9217	12183	15767	19030	22476	26941	30295	35766	40924
0:10:10	30.0	1923	4308	6842	9236	12170	15498	18926	22463	26914	30239	35412	41027
0:10:15	30.0	1963	4324	6990	9335	12240	15649	18806	22365	26725	30320	35556	40835
0:10:20	30.0	2017	4336	6829	9351	12356	15649	18985	22021	26743	30003	35085	40473
0:10:25	30.1	1947	4406	6837	9252	12145	15555	18999	22378	26406	30141	35200	40772
0:10:30	30.1	1964	4296	6814	9249	12453	15359	18668	21905	26455	30567	34989	40673
0:10:35	30.0	1966	4280	6844	9195	12322	15451	18725	22188	26457	30225	35259	41241
0:10:40	30.0	1930	4244	6795	9194	12201	15400	18809	22047	26634	30176	35050	40495
0:10:45	30.0	1948	4378	6895	9344	12105	15425	18583	22015	26478	30280	34993	41058
0:10:50	30.0	1970	4295	6984	9034	12170	15204	18613	21963	26265	30053	35009	40666
0:10:55	30.0	1957	4319	6966	9286	12168	15130	18687	21905	26423	29763	35184	40552
0:11:00	30.0	1966	4275	6880	9183	12173	15221	18656	21893	26213	29598	34815	40622
0:11:05	30.0	1984	4337	6752	9195	12032	15276	18790	21824	26478	29821	35007	40434
0:11:10	30.0	1928	4311	6854	9015	12149	15154	18377	21676	25936	29328	34841	40489
0:11:15	30.0	1965	4261	6753	9088	12113	15177	18600	21645	26050	29811	34867	40688
0:11:20	30.0	1986	4296	6870	9053	12101	15196	18476	21642	26119	29847	34855	40346
0:11:25	30.0	1922	4310	6807	9056	11995	15196	18316	21571	25966	29824	34505	40118
0:11:30	30.0	1941	4276	6928	9130	12150	15061	18505	21721	25852	29734	34660	40482
0:11:35	30.0	1974	4267	6766	9137	12004	14930	18325	21671	25675	29793	34538	40149
0:11:40	30.0	1923	4240	6851	9192	11930	15119	18338	21566	25922	29550	34367	40287
0:11:45	30.0	1955	4294	6835	9108	12079	14960	18409	21652	25751	29481	34721	40348
0:11:50	30.0	1969	4272	6785	9064	11890	14905	18499	21220	25775	29314	34446	40146
0:11:55	30.0	1912	4313	6656	9088	11936	15064	18367	21455	25806	29316	34202	39912
0:12:00	30.0	1938	4219	6755	9018	11955	14911	18124	21592	25640	29268	34250	39938
0:12:05	30.0	1960	4306	6761	9042	11655	15028	18142	21436	25861	29290	34263	39628
0:12:10	30.0	1975	4256	6713	8905	12054	14955	18058	21508	25590	29076	33839	39832
0:12:15	30.0	1945	4217	6797	9018	11836	15030	17931	21295	25643	29195	33728	39486
0:12:20	30.0	1932	4218	6901	8975	11708	14867	18269	21356	25570	29082	34188	39819
0:12:25	30.0	1943	4260	6819	8939	11897	14832	18106	21270	25543	28883	33901	39911
0:12:30	30.0	1977	4248	6764	8998	11775	15076	17890	21156	25393	28850	33817	39601
0:12:35	30.0	1967	4252	6763	8935	11778	14664	18031	21349	25588	28892	34063	39715
0:12:40	30.0	1951	4236	6735	8921	11854	14751	18000	21216	25385	28971	33611	39654
0:12:45	30.0	1937	4310	6867	9036	11653	14731	17812	21097	25324	29088	33942	39556
0:12:50	30.0	1989	4265	6709	8951	11724	14643	17773	21166	25346	28833	33896	39544
0:12:55	30.0	1967	4295	6777	8841	11877	14777	17781	21481	25435	28845	33364	39286
0:13:00	30.0	1924	4222	6831	8954	11742	14693	18008	21074	25105	28466	33902	39067
0:13:05	30.0	1945	4265	6711	8991	11629	14713	17807	20972	25336	28952	33607	39077
0:13:10	30.0	1930	4294	6704	9016	11653	14711	17828	21167	25146	28445	33656	39687
0:13:15	30.0	1915	4351	6863	8857	11766	14621	17809	21071	25286	28491	33728	39512
0:13:20	30.0	1952	4230	6719	8922	11554	14635	17972	20767	25324	28613	33455	38998
0:13:25	30.0	1985	4197	6727	8894	11776	14664	17796	20920	25481	28502	33257	39160
0:13:30	30.0	1968	4165	6659	8881	11662	14641	17667	20895	25210	28685	33181	38982
0:13:35	30.0	1951	4240	6689	8890	11876	14654	17608	20891	25024	28344	33245	38914
0:13:40	30.0	1955	4240	6640	8849	11756	14591	17661	21031	24961	28476	33488	39030
0:13:45	30.0	1940	4210	6660	8823	11596	14364	17521	20957	24792	28362	33089	38984
0:13:50	30.0	1991	4201	6675	8928	11769	14557	17619	20654	24829	28472	33143	38687
0:13:55	30.0	1985	4235	6674	8981	11721	14528	17600	20718	24920	28116	32839	39009
0:14:00	30.0	1963	4197	6812	8973	11807	14398	17639	20693	24851	28102	32781	38708
0:14:05	30.0	1981	4208	6683	8968	11666	14451	17658	20627	24849	28395	32706	39018
0:14:10	30.0	1912	4223	6691	8823	11655	14673	17274	20542	24496	28292	32839	38662
0:14:15	30.0	1950	4195	6779	8775	11748	14621	17497	20659	24741	27984	32624	38505
0:14:20	30.0	1935	4269	6725	8835	11350	14429	17563	20702	24724	28249	32902	39092
0:14:25	30.0	1927	4235	6722	8862	11669	14473	17570	20717	24831	28195	32605	38561
0:14:30	30.0	1938	4233	6788	8781	11647	14421	17460	20583	24643	27938	32895	38582
0:14:35	30.0	1931	4230	6777	8839	11614	14473	17424	20679	24616	27707	32695	38350
0:14:40	30.0	1918	4325	6706	8755	11554	14302	17189	20680	24508	28203	32889	38265
0:14:45	30.0	1992	4221	6754	8751	11512	14359	17506	20444	24376	27857	32653	38039
0:14:50	30.0	1908	4205	6726	8932	11621	14324	17361	20351	24610	28076	32923	38287
0:14:55	30.0	1948	4183	6703	8806	11423	14377	17338	20272	24475	27870	32182	37964
0:15:00	30.0	1959	4286	6772	8826	11555	14416	17257	20417	24206	27690	32254	38064
0:15:05	30.0	1935	4269	6690	8715	11574	14340	17178	20444	24469	27513	32383	37944
0:15:10	30.0	1949	4204	6657	8869	11537	14292	17243	20335	24249	27885	32503	38180
0:15:15	30.0	1942	4176	6745	8949	11507	14207	17353	20356	24464	27563	32378	38093
0:15:20	30.0	1945	4266	6691	8794	11411	14396	17345	20364	24232	27676	32069	38007
0:15:25	30.0	1973	4160	6701	8878	11520	14327	17367	20232	24500	27447	32674	38178
0:15:30	30.0	1952	4184	6621	8868	11502	14162	17322	20255	24207	27540	32072	38043
0:15:35	30.0	1913	4209	6694	8757	11300	14133	17207	20343	24165	27606	32538	37930
0:15:40	30.0	1943	4230	6687	8765	11430	14054	17354	20250	24369	27718	32053	38041
0:15:45	30.0	1940	4227	6640	8865	11428	14259	17191	20229	24151	27384	32142	37776
0:15:50	30.0	1948	4157	6798	8762	11407	14150	17260	19940	23973	27328	31842	37934
0:15:55	30.1	1990	4178	6682	8815	11360	14166	17060	20318	24177	27355	32213	38005
0:16:00	30.0	1930	4209	6560	8759	11363	14242	17199	19951	23985	27478	31779	37805
0:16:05	30.0	1908	4209	6604	8605	11421	14274	17069	20026	24048	27476	31861	37575
0:16:10	30.0	1932	4203	6674	8661	11352	14217	17105	20039	23765	27350	31824	37381
0:16:15	30.0	1932	4167	6759	8753	11481	14067	16953	19987	23862	27277	31805	37801
0:16:20	30.0	1928	4193	6618	8783	11464	14066	17066	19934	23925	27254	31938	37664
0:16:25	30.0	1926	4252	6756	8693	11286	14248	17122	19979	23849	27095	31284	37474
0:16:30	30.0	1981	4242	6660	8754	11484	14040	16973	20186	23780	27292	31670	37931
0:16:35	30.0	1930	4231	6643	8642	11394	14100	16884	19895	23846	27127	31452	37484
0:16:40	30.0	1914	4244	6634	8747	11456	14029	16880	19904	23528	27132	31854	37714
0:16:45	30.0	1966	4144	6682	8720	11476	14101	17007	19820	24064	26919	31848	37589
0:16:50	30.0	1923	4148	6691	8660	11413	14127	16921	19705	23800	26826	31470	37310
0:16:55	30.0	1917	4168	6664	8750	11271	13991	16877	19826	23495	27054	31691	37190
0:17:00	30.0	1906	4152	6698	8829	11407	14182	16915	19938	23745	26706	31226	37514
0:17:05	30.0	1926	4111	6754	8603	11352	13976	16928	19972	23664	26919	31444	37246
0:17:10	30.0	1954	4251	6677	8675	11275	13985	17029	19989	23604	26969	31540	37168
0:17:15	30.0	1881	4186	6624	8730	11312	14081	17049	19943	23508	26742	31303	37097
0:17:20	30.0	1946	4233	6691	8715	11205	13954	16916	20026	23537	26903	31215	37252
0:17:25	30.0	1908	4171	6585	8783	11360	14025	16905	19709	23486	26983	31246	36863
0:17:30	30.0	1876	4169	6689	8640	11200	14017	17034	19625	23578	26893	31497	36876
0:17:35	30.0	1966	4188	6600	8626	11398	14204	16892	19921	23644	26692	31226	36890
0:17:40	30.0	1944	4143	6628	8781	11139	13830	16872	19712	23560	26817	31142	36812
0:17:45	30.0	1952	4196	6565	8660	11307	13897	16748	19777	23356	26734	31564	36902
0:17:50	30.0	1873	4166	6613	8614	11250	14139	16974	19811	23401	26795	31048	36656
0:17:55	30.0	1937	4188	6603	8690	11156	13830	16807	19573	23395	26466	31006	36848
0:18:00	30.0	1907	4173	6590	8610	11487	13826	16814	19689	23319	26757	31029	36713
0:18:05	30.0	1980	4173	6641	8663	11307	13868	16783	19687	23471	26861	30951	37127
0:18:10	30.0	1911	4116	6701	8598	11258	13886	16688	19767	23350	26626	30989	36772
0:18:15	30.0	1935	4210	6643	8573	11400	13768	16662	19792	23066	26872	30854	36853
0:18:20	30.0	1920	4141	6625	8694	11366	13917	16748	19461	23223	26521	30798	36751
0:18:25	30.0	1895	4160	6543	8712	11250	13871	16618	19545	23339	26631	30496	36637
0:18:30	30.0	1930	4150	6658	8740	11160	13806	16811	19690	23372	26560	30777	36730
0:18:35	30.0	1931	4202	6569	8603	11142	13853	16742	19706	23207	26470	31073	36759
0:18:40	30.0	1919	4159	6695	8671	11262	13868	16844	19510	23426	26232	30583	36498
0:18:45	30.0	1940	4184	6776	8658	11207	13945	16818	19323	23321	26371	30864	36468
0:18:50	30.0	1881	4151	6535	8583	11266	13920	16752	19778	23430	26296	30945	36559
0:18:55	30.0	1905	4176	6564	8491	11140	13892	16764	19532	23272	26360	30838	36045
0:19:00	30.1	1907	4132	6646	8541	11264	13882	16624	19421	23064	26196	30703	36748
0:19:05	30.0	1904	4114	6664	8610	11245	13768	16648	19359	23266	26057	30798	36357
0:19:10	30.0	1889	4107	6721	8711	11143	13728	16296	19164	23243	26149	30638	36731
0:19:15	30.0	1916	4176	6688	8722	11192	13682	16654	19331	22937	25985	30536	36195
0:19:20	30.0	1888	4217	6747	8636	11191	13682	16607	19454	22850	26348	30328	36319
0:19:25	30.0	1944	4160	6550	8525	11171	13755	16553	19510	23148	26046	30574	36361
0:19:30	30.0	1925	4216	6567	8658	11109	13742	16416	19395	22941	26182	30649	36164
0:19:35	30.0	1917	4248	6668	8667	11207	13872	16471	19252	22902	26148	30506	36400
0:19:40	30.0	1923	4115	6691	8736	11229	13739	16474	19454	23239	26076	30246	35679
0:19:45	30.0	1940	4130	6665	8683	11125	13658	16452	19384	22979	26303	30472	36171
0:19:50	30.1	1922	4153	6576	8612	11312	13702	16346	19415	23116	26318	30277	36132
0:19:55	30.0	1918	4182	6750	8480	10982	13712	16338	19159	23018	26131	30507	36100
0:20:00	30.0	1924	4056	6579	8551	11126	13831	16456	19173	22997	25916	30216	35585
0:20:05	30.0	1922	4127	6639	8543	11045	13735	16462	19255	23021	25693	30329	35985
0:20:10	30.0	1950	4133	6675	8595	11033	13822	16370	19059	22641	25932	30144	35925
0:20:15	30.0	1922	4210	6591	8495	11163	13609	16446	19091	22798	25807	30287	35895
0:20:20	30.0	1946	4173	6699	8500	10888	13669	16465	19165	22969	25709	29966	35721
0:20:25	30.0	1912	4184	6616	8556	11225	13734	16286	18995	23034	25826	30613	36068
0:20:30	30.0	1889	4188	6748	8539	11029	13731	16420	19057	23121	25746	30228	35738
0:20:35	30.0	1908	4179	6639	8616	11125	13594	16383	19114	22619	25893	30131	35960
0:20:40	30.0	1840	4164	6615	8654	11121	13551	16284	19081	22944	25687	30148	35507
0:20:45	30.0	1907	4163	6621	8496	11174	13800	16430	19094	22819	25973	30205	35671
0:20:50	30.0	1911	4117	6643	8633	11102	13573	16226	19046	22625	26034	30243	35851
0:20:55	30.0	1884	4187	6611	8506	11053	13518	16513	19235	22785	25820	29982	35798
0:21:00	30.0	1886	4258	6521	8559	11147	13618	16293	18804	22833	25769	30024	35457
0:21:05	30.0	1872	4123	6612	8574	11106	13672	16567	19077	22501	25974	29900	35406
0:21:10	30.0	1874	4112	6638	8511	10990	13676	16419	19371	22764	25767	29600	35554
0:21:15	30.0	1880	4090	6635	8487	11154	13486	16223	18779	22794	25759	29895	35438
0:21:20	30.0	1900	4123	6659	8538	11106	13501	16244	19113	22702	25711	29715	35422
0:21:25	30.0	1937	4138	6681	8540	11076	13580	16174	19200	22618	25549	29862	35580
0:21:30	30.0	1896	4113	6606	8507	11188	13531	16355	18916	22610	25739	29850	35684
0:21:35	30.0	1893	4161	6657	8505	11037	13612	16358	19047	22418	25499	29496	35317
0:21:40	30.0	1880	4176	6761	8528	11112	13446	16222	18878	22525	25765	29755	35756
0:21:45	30.0	1941	4169	6656	8642	11042	13590	16318	19005	22498	25492	29807	35455
0:21:50	30.0	1894	4138	6709	8506	11087	13440	16235	18773	22589	25457	29752	35118
0:21:55	30.0	1893	4150	6711	8518	11153	13579	16382	18869	22459	25499	29875	35578
0:22:00	30.0	1877	4134	6559	8605	11217	13548	16087	19028	22581	25566	29710	35321
0:22:05	30.0	1928	4084	6614	8472	11032	13559	16045	18840	22442	25506	29887	35433
0:22:10	30.0	1899	4062	6559	8540	11102	13437	16328	18931	22402	25741	29594	35252
0:22:15	30.0	1864	4113	6682	8550	11167	13533	16472	18849	22517	25516	29447	35255
0:22:20	30.0	1872	4113	6604	8642	11137	13670	16422	18902	22565	25308	29571	34989
0:22:25	30.0	1902	4115	6559	8523	11006	13603	16112	18973	22184	25547	29694	34774
0:22:30	30.0	1929	4082	6571	8696	10899	13705	16144	18955	22313	25413	29746	35068
0:22:35	30.0	1888	4162	6625	8532	11025	13683	16209	18875	22329	25521	29736	35257
0:22:40	30.0	1888	4158	6512	8469	10969	13718	16132	18778	22584	25447	29272	34948
0:22:45	30.0	1894	4117	6602	8576	11131	13460	16288	18654	22174	25201	29381	35247
0:22:50	30.0	1901	4109	6628	8465	11064	13444	16007	18775	22125	25343	29396	34912
0:22:55	30.0	1863	4175	6627	8527	10946	13329	16473	18836	22388	25631	29491	35217
0:23:00	30.0	1907	4148	6659	8483	10958	13443	16166	18796	22179	25165	29481	34677
0:23:05	30.0	1895	4128	6555	8533	11060	13525	16090	18945	22012	25037	29270	34679
0:23:10	30.0	1903	4191	6645	8422	11021	13445	15928	18844	22296	25342	29348	34767
0:23:15	30.1	1879	4157	6666	8564	11001	13362	16214	18942	22165	25302	29409	34545
0:23:20	30.0	1879	4079	6598	8503	10949	13596	16198	18791	22218	25005	29451	34804
0:23:25	30.1	1920	4190	6563	8484	11085	13505	16076	18789	22424	25179	28870	34970
0:23:30	30.0	1881	4108	6670	8559	10972	13415	15933	18840	22282	25348	29273	34045
0:23:35	30.1	1930	4116	6568	8479	10849	13401	16246	18834	22246	25190	29338	34562
0:23:40	30.1	1926	4098	6518	8566	10902	13557	15989	18664	22325	25210	28994	34941
0:23:45	30.1	1839	4083	6554	8589	10899	13568	16116	18651	22344	25297	28842	34475
0:23:50	30.1	1867	4027	6588	8493	11047	13523	16082	18591	22121	25203	29219	34677
0:23:55	30.1	1884	4117	6546	8536	10868	13545	16123	18765	22018	25049	29383	34311
0:24:00	30.1	1915	4166	6701	8370	10960	13431	16146	18836	22057	25057	29377	34223
0:24:05	30.1	1928	4106	6525	8498	11072	13516	16200	18541	22051	25086	29164	34796
0:24:10	30.0	1832	4123	6746	8463	11068	13325	16129	18794	22128	24935	29332	34607
0:24:15	30.0	1851	4067	6569	8492	10857	13379	16109	18582	22360	24813	29071	34708
0:24:20	30.1	1869	4085	6611	8524	10923	13325	15869	18720	22057	24974	29274	34252
0:24:25	30.1	1903	4096	6576	8517	11004	13558	16007	18609	21992	25059	29196	34458
0:24:30	30.1	1928	4049	6496	8507	10915	13350	16154	18502	22167	25101	29247	34094
0:24:35	30.1	1882	4085	6614	8420	11154	13442	15936	18620	21722	25154	29047	34581
0:24:40	30.1	1908	4104	6541	8585	10886	13500	15983	18816	22055	24986	28739	34084
0:24:45	30.1	1858	4143	6487	8485	10953	13503	16144	18411	21892	25006	28887	34365
0:24:50	30.1	1901	4118	6534	8523	10934	13581	16038	18683	22119	25067	28547	34282
0:24:55	30.0	1943	4048	6643	8452	10927	13358	16109	18483	21975	24855	29118	34216
0:25:00	30.1	1876	4021	6608	8467	11030	13305	15849	18706	22126	24913	28567	34329
0:25:05	30.1	1874	4107	6631	8396	10854	13477	16069	18498	21934	24833	28957	34140
0:25:10	30.1	1918	4121	6563	8526	10761	13473	16140	18359	22070	24903	28886	34142
0:25:15	30.1	1916	4053	6632	8471	10922	13239	16233	18757	22224	24679	28670	34035
0:25:20	30.1	1930	4064	6528	8419	10926	13410	15983	18409	21776	24813	28677	34031
0:25:25	30.1	1869	4187	6485	8505	10784	13590	15978	18588	21949	24935	28746	34293
0:25:30	30.1	1852	4122	6626	8546	10975	13329	15988	18616	21920	24635	28453	33941
0:25:35	30.1	1848	4082	6602	8451	10849	13424	15804	18547	21857	24769	28438	34164
0:25:40	30.0	1867	4180	6608	8384	10965	13390	15951	18389	21787	24872	29098	34204
0:25:45	30.1	1898	4045	6598	8450	10896	13416	15932	18554	22077	25082	28668	34229
0:25:50	30.1	1900	4149	6538	8435	10817	13374	16067	18589	21992	24768	28665	33882
0:25:55	30.0	1891	4119	6592	8452	10895	13503	15889	18474	21613	24667	28435	34102
0:26:00	30.1	1891	4169	6570	8508	10961	13496	16124	18249	21733	24683	28566	33981
0:26:05	30.1	1861	4103	6506	8454	10866	13355	15866	18528	22194	25011	28664	33511
0:26:10	30.1	1884	3983	6588	8491	10941	13535	15918	18231	21872	24655	28528	33995
0:26:15	30.1	1902	4107	6553	8407	10887	13522	15759	18304	21972	24538	28522	33864
0:26:20	30.1	1887	4130	6484	8465	11009	13340	15974	18447	21803	24608	28628	33874
0:26:25	30.0	1864	4081	6478	8372	10831	13180	16179	18447	21853	24705	28713	33464
0:26:30	30.1	1845	4094	6553	8321	10888	13241	15949	18214	21713	24455	28637	34012
0:26:35	30.1	1881	4061	6617	8353	11042	13269	15888	18466	21821	24688	28522	33811
0:26:40	30.1	1864	4176	6580	8569	10859	13031	15971	18397	21948	24642	28436	33683
0:26:45	30.0	1878	4059	6671	8446	10785	13459	15801	18296	22015	24757	28627	33837
0:26:50	30.1	1871	4011	6600	8508	10949	13230	15857	18552	21607	24824	28671	33718
0:26:55	30.1	1871	4118	6586	8463	10840	13317	16009	18276	21677	24762	28744	33511
0:27:00	30.1	1876	4217	6612	8376	10899	13348	15886	18538	22060	24541	28275	33544
0:27:05	30.1	1904	4056	6572	8341	10962	13316	15800	18509	21761	24534	28432	33485
0:27:10	30.1	1854	4118	6603	8393	10901	13471	15852	18346	21763	24781	28733	33275
0:27:15	30.0	1886	4011	6582	8341	10791	13449	15964	18490	21614	24657	28382	33790
0:27:20	30.1	1880	4047	6550	8461	10904	13198	15736	18064	21700	24365	28636	33666
0:27:25	30.1	1875	4030	6565	8423	10740	13410	16043	18215	21639	24654	28379	33373
0:27:30	30.1	1877	4100	6527	8465	10921	13123	15938	18449	21861	24501	28474	33245
0:27:35	30.0	1910	4095	6552	8438	10755	13364	15904	18170	21812	24576	28330	33487
0:27:40	30.1	1883	4072	6533	8419	10918	13380	15990	18297	21729	24662	28181	33107
0:27:45	30.1	1914	4038	6505	8357	10747	13448	15702	18365	21810	24246	28268	33545
0:27:50	30.1	1855	4006	6595	8371	10762	13372	15692	18465	21721	24472	28088	32806
0:27:55	30.1	1851	4058	6542	8413	10847	13350	15817	18427	21632	24389	28319	33369
0:28:00	30.0	1875	4025	6489	8414	10862	13064	15713	18291	21627	24241	28015	33451
0:28:05	30.1	1855	4050	6533	8391	10950	13361	15782	18279	21721	24432	28195	33193
0:28:10	30.1	1863	4111	6533	8355	10964	13223	15766	18350	21535	24472	27990	32961
0:28:15	30.1	1865	3992	6490	8447	10801	13356	15945	18499	21727	24377	28274	33089
0:28:20	30.1	1869	4038	6567	8424	10858	13350	15913	18258	21565	24256	28215	32967
0:28:25	30.1	1855	4085	6516	8376	10871	13224	15979	18213	21567	24360	28413	33051
0:28:30	30.1	1854	4045	6489	8296	10945	13250	15723	18138	21650	24345	28206	32827
0:28:35	30.1	1893	4140	6585	8473	10963	13101	15626	18220	21815	24247	28373	32914
0:28:40	30.1	1873	4042	6599	8476	10827	13268	15637	18138	21599	24233	28071	33176
0:28:45	30.1	1899	4108	6595	8440	10704	13268	15690	18373	21489	24293	28188	33043
0:28:50	30.1	1858	4068	6569	8523	10731	13154	15919	18155	21643	24268	28089	32944
0:28:55	30.1	1813	4102	6595	8363	10794	13159	15644	18420	21504	24037	28006	32986
0:29:00	30.1	1833	4097	6444	8428	10773	13199	15801	18246	21657	24184	28036	33002
0:29:05	30.1	1921	4086	6492	8426	10840	13361	15778	18179	21343	24307	28134	32901
0:29:10	30.1	1862	4023	6380	8349	10859	13067	15927	18324	21307	24200	27993	32825
0:29:15	30.1	1869	4029	6517	8478	10875	13225	15690	18274	21266	24113	27885	32611
0:29:20	30.1	1873	4096	6506	8451	10853	13466	16047	18220	21653	24132	28178	32780
0:29:25	30.1	1898	4069	6420	8324	10744	13067	15908	18097	21710	24535	27674	32663
0:29:30	30.1	1793	4094	6506	8421	10833	13140	15777	18322	21469	24088	27852	32808
0:29:35	30.1	1861	4062	6512	8422	10790	13325	15817	18304	21644	24086	27935	33074
0:29:40	30.1	1864	4040	6425	8403	10777	13131	15840	18325	21190	24200	27917	32872
0:29:45	30.1	1863	4060	6518	8390	10793	13367	15725	18152	21514	23894	27705	32908
0:29:50	30.1	1873	4078	6576	8409	10777	13048	15941	18378	21451	24302	27956	32612
0:29:55	30.1	1917	3983	6461	8367	10765	13110	15696	18242	21226	24116	27993	32763
0:30:00	30.1	1868	4060	6536	8504	10955	13132	15827	18010	21382	24146	27677	32805
0:30:05	30.1	1873	3990	6490	8365	10756	13216	15669	18171	21320	24220	28060	32776
0:30:10	30.1	1825	3967	6489	8296	10723	13137	15945	18084	21251	24284	27753	32962
0:30:15	30.1	1839	4056	6498	8416	10911	13343	15525	18087	21372	24392	27501	32743
0:30:20	30.1	1923	4123	6570	8311	10726	13072	15869	17903	21418	24162	27837	32851
0:30:25	30.1	1836	4038	6533	8397	10818	13428	15506	18135	21432	23971	27593	32439
0:30:30	30.1	1874	4094	6417	8354	10771	13261	15667	18115	21505	23838	28053	32452
0:30:35	30.1	1862	4045	6624	8337	10822	13284	15771	18270	21407	24263	27825	32597
0:30:40	30.1	1834	4088	6436	8218	10726	13346	15717	17885	21195	23990	27577	32607
0:30:45	30.1	1866	4067	6413	8283	10849	13089	15601	18280	21256	24100	27617	32658
0:30:50	30.1	1871	4071	6585	8462	10644	13307	15392	18250	21252	24062	27960	32656
0:30:55	30.1	1859	4007	6505	8399	10740	13200	15727	17957	21459	24214	27598	32690
0:31:00	30.1	1846	4083	6561	8317	10810	13094	15508	18167	21296	23948	27761	32427
0:31:05	30.1	1868	4119	6576	8368	10899	13253	15575	18039	21204	23977	27712	32424
0:31:10	30.1	1855	3998	6440	8402	10784	13173	15611	18248	21229	23909	27869	32301
0:31:15	30.1	1874	4110	6461	8281	10714	13071	15557	18043	21111	24016	27663	32405
0:31:20	30.1	1851	4060	6466	8363	10632	13096	15720	17807	21102	23777	27610	32595
0:31:25	30.1	1875	3995	6556	8490	10686	13312	15702	18176	21109	24094	27633	32670
0:31:30	30.1	1843	4081	6466	8274	10770	13106	15697	17947	21222	24198	27324	32452
0:31:35	30.1	1867	4084	6425	8284	10737	13074	15693	17998	21348	23876	27406	32478
0:31:40	30.1	1866	4060	6425	8302	10755	13175	15625	17952	21029	24097	27410	32811
0:31:45	30.1	1871	4059	6477	8252	10783	13080	15657	17830	21164	23841	27653	32065
0:31:50	30.1	1858	4007	6418	8249	10610	13012	15672	17879	21162	24209	27416	32230
0:31:55	30.1	1863	4127	6543	8429	10693	13209	15725	17746	21164	24102	27220	32292
0:32:00	30.1	1837	4066	6468	8246	10778	13150	15741	18265	21067	23952	27604	32209
0:32:05	30.1	1852	4010	6498	8257	10502	13044	15731	18163	21209	23833	27471	32060
0:32:10	30.1	1818	3957	6466	8232	10677	12865	15512	17896	21355	24156	27472	32028
0:32:15	30.1	1865	4037	6511	8228	10732	13350	15549	18100	21282	23637	27513	32101
0:32:20	30.1	1848	4020	6472	8143	10674	13104	15554	18025	21169	23902	27706	31862
0:32:25	30.1	1846	4066	6507	8268	10795	13002	15533	18059	21002	23858	27481	32135
0:32:30	30.1	1843	4015	6485	8300	10668	13141	15401	17931	21220	23687	27499	31941
0:32:35	30.1	1818	4019	6579	8377	10680	12935	15382	17878	21081	23663	27696	32176
0:32:40	30.1	1816	4006	6460	8336	10632	13207	15511	18186	21312	23718	27325	32085
0:32:45	30.1	1810	4052	6440	8265	10710	13034	15419	17901	21329	23900	27552	32058
0:32:50	30.1	1801	3993	6428	8392	10696	13174	15570	18023	21077	23600	27140	31836
0:32:55	30.1	1822	3969	6446	8317	10628	13030	15594	17819	21082	23619	27002	31607
0:33:00	30.1	1849	4031	6431	8341	10688	13033	15327	17948	21090	23954	27417	32065
0:33:05	30.1	1839	3972	6428	8274	10655	13106	15482	17663	21210	23818	26970	31927
0:33:10	30.1	1847	4036	6414	8254	10545	12930	15436	17775	21064	23737	27452	31819
0:33:15	30.1	1872	4053	6458	8328	10614	13080	15491	18011	21061	23609	27392	31427
0:33:20	30.1	1891	3980	6407	8198	10727	13042	15453	18032	20994	23680	27051	31812
0:33:25	30.1	1853	4015	6332	8158	10748	13074	15509	17900	21224	23605	27125	31804
0:33:30	30.1	1847	4053	6504	8204	10658	13071	15590	17888	21001	23948	27221	31958
0:33:35	30.1	1838	3958	6372	8305	10616	13053	15577	17916	20967	23617	27162	31680
0:33:40	30.1	1821	3963	6442	8219	10637	13088	15500	17878	20963	23745	27142	31926
0:33:45	30.1	1852	4026	6356	8222	10683	13077	15492	17820	20872	23874	27119	31758
0:33:50	30.1	1815	4089	6396	8209	10668	13018	15451	17712	20840	23625	27012	31415
0:33:55	30.1	1785	4052	6428	8241	10719	12963	15378	18088	21002	23573	26737	31768
0:34:00	30.1	1858	3999	6378	8185	10680	13009	15179	17782	20901	23531	26911	31691
0:34:05	30.1	1828	3988	6400	8217	10657	13002	15347	17701	20815	23656	27013	31683
0:34:10	30.1	1804	4011	6481	8227	10560	12811	15326	17767	20936	23708	27086	31578
0:34:15	30.1	1805	3977	6471	8131	10703	12695	15452	17870	20800	23483	26992	31554
0:34:20	30.1	1831	3996	6443	8153	10553	12955	15304	17798	21102	23327	27125	31545
0:34:25	30.1	1798	4013	6471	8269	10618	12988	15580	17668	21017	23764	27139	31720
0:34:30	30.1	1850	3994	6383	8331	10651	12779	15469	17765	20732	23496	27024	31721
0:34:35	30.1	1833	3930	6391	8218	10671	13093	15370	17744	20912	23718	27001	31426
0:34:40	30.1	1847	3936	6456	8269	10597	12991	15470	17607	20855	23342	27032	31476
0:34:45	30.1	1831	3944	6540	8147	10550	12866	15457	17902	20900	23805	26831	31443
0:34:50	30.1	1865	3958	6444	8284	10706	12933	15401	17844	21034	23470	26808	31313
0:34:55	30.1	1856	4012	6438	8211	10648	13022	15335	17721	20916	23457	26933	31380
0:35:00	30.1	1792	4036	6407	8205	10712	13128	15393	17880	20966	23576	26993	31356
0:35:05	30.1	1826	3944	6345	8293	10635	12974	15455	17831	20882	23757	26986	31254
0:35:10	30.1	1824	3953	6415	8256	10563	12881	15289	17603	20928	23376	26903	31199
0:35:15	30.1	1839	3973	6339	8164	10632	12723	15506	17828	20784	23599	27014	31234
0:35:20	30.1	1822	3963	6374	8271	10664	13061	15339	17753	20804	23355	26773	30976
0:35:25	30.1	1833	3946	6350	8189	10586	12837	15286	17751	20731	23296	26963	31448
0:35:30	30.1	1818	3960	6393	8221	10585	12852	15288	17777	20790	23241	26774	31509
0:35:35	30.1	1829	3948	6333	8168	10585	13007	15380	17694	20787	23628	26825	31336
0:35:40	30.1	1815	3953	6339	8216	10713	12918	15441	17725	20944	23634	26969	31737
0:35:45	30.1	1848	4041	6311	8238	10510	12943	15330	17698	20929	23468	26956	31508
0:35:50	30.1	1807	3987	6346	8209	10529	12911	15468	17729	20812	23431	26466	31184
0:35:55	30.1	1861	4010	6386	8233	10634	12893	15491	17689	20822	23521	26797	31046
0:36:00	30.1	1831	4016	6401	8266	10518	12990	15381	17647	20740	23450	26628	31110
0:36:05	30.1	1848	3920	6392	8188	10471	12898	15120	17687	20915	23463	26920	31146
0:36:10	30.1	1840	3962	6285	8224	10561	13083	15383	17720	20811	23489	26858	31462
0:36:15	30.1	1840	3991	6409	8138	10559	13073	15330	17777	20934	23545	27044	31073
0:36:20	30.1	1821	3978	6427	8199	10632	12966	15070	17653	20863	23531	26700	31306
0:36:25	30.1	1824	3984	6366	8279	10489	12852	15329	17775	21102	23509	26686	31139
0:36:30	30.1	1854	3899	6367	8236	10649	12924	15446	17715	20749	23287	26774	31238
0:36:35	30.1	1815	3934	6356	8090	10551	12932	15265	17671	20912	23398	26695	31045
0:36:40	30.1	1848	3967	6333	8223	10524	12929	15302	17640	20903	23465	27166	31046
0:36:45	30.1	1828	3984	6331	8291	10585	12825	15414	17654	20809	23445	26671	31210
0:36:50	30.1	1840	4002	6385	8163	10543	12941	15171	17726	20836	23142	26734	30967
0:36:55	30.1	1846	3910	6428	8325	10577	12806	15336	17617	20824	23172	26694	31103
0:37:00	30.1	1797	3949	6362	8225	10565	12787	15252	17631	20603	23331	26838	31275
0:37:05	30.1	1861	3937	6413	8219	10543	12871	15199	17492	20846	23337	26635	30717
0:37:10	30.1	1796	3994	6418	8342	10421	12828	15058	17854	20755	23114	26589	30974
0:37:15	30.1	1811	3902	6346	8135	10589	13031	15227	17534	20697	23206	26673	30884
0:37:20	30.1	1800	4002	6383	8236	10666	12947	15270	17677	20575	23176	26718	30970
0:37:25	30.1	1843	4041	6337	8211	10543	12870	15073	17725	21010	23431	26623	30973
0:37:30	30.1	1826	3932	6308	8167	10574	12861	15151	17798	20769	23368	26741	30733
0:37:35	30.1	1807	3974	6411	8225	10500	12944	15309	17428	20799	23336	26608	30884
0:37:40	30.1	1829	3968	6393	8205	10441	12544	15316	17693	20487	23379	26755	30863
0:37:45	30.1	1794	3959	6279	8182	10435	12915	15320	17371	20751	23294	26642	30978
0:37:50	30.1	1850	3890	6351	8216	10499	12778	15337	17790	20558	23113	26822	30673
0:37:55	30.1	1805	3899	6384	8105	10602	12744	15203	17596	20858	23178	26506	30563
0:38:00	30.1	1855	3912	6351	8140	10642	12993	15356	17799	20674	22847	26527	30815
0:38:05	30.1	1840	3858	6310	8212	10484	12859	15309	17735	20540	23113	26477	30816
0:38:10	30.1	1837	3978	6338	8217	10542	12813	15363	17544	20692	23201	26490	30555
0:38:15	30.1	1819	4022	6356	8267	10572	12784	15248	17498	20759	23135	26343	30749
0:38:20	30.1	1839	3889	6419	8107	10561	12782	15188	17644	20582	23123	26564	30714
0:38:25	30.1	1830	3977	6359	8205	10728	12651	15256	17603	20754	23164	26495	30601
0:38:30	30.1	1753	3971	6440	8119	10584	12642	15214	17613	20697	23139	26681	30647
0:38:35	30.1	1802	3955	6342	8112	10495	12877	15151	17379	20740	23115	26717	30763
0:38:40	30.1	1833	3930	6293	8133	10507	12775	15142	17729	20564	23220	26552	31079
0:38:45	30.1	1839	4028	6245	8133	10449	12953	15147	17559	20431	22959	26677	30655
0:38:50	30.1	1830	3955	6337	8182	10513	12865	15206	17377	20750	23191	26417	30406
0:38:55	30.1	1774	4016	6365	8183	10517	12773	15494	17666	20702	23188	26830	30661
0:39:00	30.1	1822	3947	6313	8162	10338	12688	15311	17574	20548	23044	26395	30892
0:39:05	30.1	1780	3959	6317	8209	10570	12721	15292	17823	20702	23237	26621	30400
0:39:10	30.1	1781	3985	6319	8110	10663	12744	15148	17689	20732	23100	26640	30458
0:39:15	30.1	1786	3972	6331	8245	10392	12884	15189	17536	20558	23152	26481	30675
0:39:20	30.1	1846	4004	6348	8139	10445	12736	15259	17652	20787	23129	26663	30524
0:39:25	30.1	1777	3970	6346	8104	10524	12697	15177	17804	20645	22824	26378	30601
0:39:30	30.1	1839	4001	6316	8250	10570	12714	15264	17423	20793	22960	26536	30555
0:39:35	30.1	1828	3961	6287	8117	10475	12836	15310	17460	20355	23447	26484	30503
0:39:40	30.1	1825	3887	6396	8228	10638	12909	15146	17424	20456	22960	26168	30421
0:39:45	30.1	1838	3975	6337	8164	10595	12776	15299	17415	20620	23088	26546	30443
0:39:50	30.2	1794	3960	6400	8264	10493	12808	15165	17535	20544	23112	26489	30356
0:39:55	30.1	1788	3905	6372	8129	10671	12910	15205	17584	20482	23092	26580	30365
0:40:00	30.1	1793	3941	6402	8167	10449	12762	15349	17417	20533	23163	26337	30729
0:40:05	30.1	1823	3969	6302	8165	10473	12804	15186	17532	20552	23064	26403	30376
0:40:10	30.1	1777	3936	6357	8156	10572	12631	15245	17552	20687	23287	26549	30873
0:40:15	30.1	1814	3929	6289	8061	10316	12897	15073	17337	20433	22852	26377	30199
0:40:20	30.1	1805	3985	6339	8101	10567	12882	15213	17558	20558	23086	26471	30453
0:40:25	30.1	1826	3966	6278	8222	10483	12707	15145	17392	20565	22961	26270	30436
0:40:30	30.1	1791	3866	6430	8044	10461	12785	15291	17570	20550	23315	26324	30494
0:40:35	30.1	1773	3923	6373	8113	10603	12700	15126	17497	20385	22958	26415	30198
0:40:40	30.1	1799	3876	6302	8157	10438	12696	15170	17546	20536	22965	26263	30130
0:40:45	30.1	1853	3920	6223	8125	10524	12679	15141	17580	20376	23127	26324	30403
0:40:50	30.1	1802	3957	6278	8075	10424	12715	15200	17425	20464	23044	26484	30582
0:40:55	30.1	1795	3964	6278	8189	10520	12808	15290	17371	20526	22949	26126	30217
0:41:00	30.1	1806	3962	6309	8118	10566	12670	15066	17189	20474	23058	26486	30215
0:41:05	30.1	1797	3918	6386	8232	10540	12712	15077	17433	20413	23081	26294	30787
0:41:10	30.1	1837	3934	6376	8246	10608	12757	15205	17419	20517	22904	26236	30138
0:41:15	30.1	1773	3872	6366	8219	10509	12534	15330	17531	20442	22818	26000	30263
0:41:20	30.1	1794	3896	6361	8163	10487	12734	15107	17428	20352	22928	26154	30095
0:41:25	30.1	1749	3885	6264	8176	10319	12666	15245	17379	20616	22753	26478	30405
0:41:30	30.1	1841	3888	6330	8042	10616	12811	15274	17315	20439	22924	26396	30381
0:41:35	30.1	1806	3938	6345	8225	10603	12803	15135	17687	20638	23019	26290	30335
0:41:40	30.1	1836	3929	6290	8075	10386	12692	15069	17354	20637	22766	26134	30023
0:41:45	30.1	1772	3856	6292	8139	10461	12750	15229	17146	20393	22970	26017	30164
0:41:50	30.1	1801	3949	6297	8175	10609	12604	15047	17452	20372	23011	26408	30135
0:41:55	30.1	1786	3892	6335	8173	10461	12820	15120	17463	20405	23019	26385	30306
0:42:00	30.1	1789	3927	6325	8102	10212	12840	15141	17451	20413	23236	26117	30111
0:42:05	30.1	1827	3954	6272	8123	10415	12766	15224	17650	20391	22856	26246	29955
0:42:10	30.1	1756	3930	6321	8035	10430	12688	15151	17325	20361	23035	26179	30345
0:42:15	30.1	1840	3972	6290	8076	10396	12740	15096	17339	20543	22905	26412	30098
0:42:20	30.1	1787	3911	6240	8086	10501	12702	15218	17319	20330	22919	26320	30185
0:42:25	30.1	1787	3960	6319	8110	10461	12712	15203	17358	20399	22946	26293	30484
0:42:30	30.1	1805	3946	6296	8034	10521	12760	14997	17452	20252	23242	26182	30305
0:42:35	30.1	1836	3934	6233	8059	10322	12792	15018	17234	20427	22825	25757	30114
0:42:40	30.1	1743	3970	6251	8055	10515	12841	15298	17370	20572	22950	26334	29807
0:42:45	30.1	1791	3892	6297	8054	10428	12672	15033	17417	20317	23091	26175	30250
0:42:50	30.1	1823	3929	6287	8071	10589	12837	15080	17320	20309	22881	26280	30024
0:42:55	30.1	1804	3952	6289	8173	10415	12829	15151	17458	20255	23102	26194	30077
0:43:00	30.1	1816	3881	6364	7992	10424	12865	15391	17511	20395	23014	26252	30034
0:43:05	30.1	1809	3900	6244	8106	10418	12627	15028	17365	20412	23072	26049	30046
0:43:10	30.1	1803	3975	6325	8095	10425	12691	15152	17235	20315	22843	26018	30100
0:43:15	30.1	1841	3915	6371	8040	10314	12700	15088	17485	20488	22843	26202	29925
0:43:20	30.1	1821	3840	6282	8063	10360	12673	15050	17559	20337	22994	25987	29786
0:43:25	30.1	1813	3906	6252	8121	10330	12732	15182	17461	20409	22587	26090	30124
0:43:30	30.1	1802	3857	6356	7989	10431	12769	15192	17467	20606	22681	26156	30076
0:43:35	30.1	1798	3918	6262	8114	10414	12731	15017	17313	20532	22782	25852	29760
0:43:40	30.1	1795	3910	6323	8016	10457	12582	15140	17501	20553	22837	25791	29756
0:43:45	30.1	1830	3881	6229	8069	10407	12692	15031	17301	20318	22684	26189	30199
0:43:50	30.1	1794	3931	6253	8058	10491	12673	15049	17378	20178	22872	26120	29722
0:43:55	30.1	1800	3963	6270	8233	10354	12654	15046	17620	20435	22828	26134	29988
0:44:00	30.1	1792	3938	6347	8098	10397	12782	15002	17587	20270	22973	26137	29699
0:44:05	30.1	1802	3911	6275	8067	10463	12706	15057	17389	20338	22895	26366	30002
0:44:10	30.1	1836	3949	6328	7998	10332	12636	15003	17260	20433	22710	25970	29768
0:44:15	30.1	1824	3960	6342	8109	10406	12481	15175	17456	20409	22850	25920	29887
0:44:20	30.1	1779	3936	6371	8282	10386	12606	15097	17250	20342	22863	25898	29942
0:44:25	30.1	1787	3918	6307	8068	10418	12693	14991	17360	20376	22857	25552	29693
0:44:30	30.1	1817	3915	6219	8184	10439	12687	15142	17200	20400	22894	26094	29940
0:44:35	30.1	1797	3897	6273	8047	10374	12757	15101	17400	20549	22841	26226	29641
0:44:40	30.1	1840	3986	6232	8007	10423	12805	15094	17279	20275	22715	26091	30055
0:44:45	30.1	1799	3900	6311	8155	10276	12770	15331	17371	20507	22859	26333	30174
0:44:50	30.1	1816	3918	6292	8167	10389	12546	15042	17388	20440	22700	25827	29854
0:44:55	30.1	1849	3839	6255	8096	10404	12746	15171	17260	20216	22600	26232	29696
0:45:00	30.1	1795	3888	6204	8064	10436	12729	15138	17410	20475	22809	25713	29650
0:45:05	30.1	1767	3930	6359	8055	10477	12678	15207	17198	20351	22916	25863	29929
0:45:10	30.1	1830	3880	6266	8095	10384	12714	15175	17271	20300	22675	26041	29759
0:45:15	30.1	1770	3914	6223	8124	10419	12551	15208	17463	20256	22845	26009	29756
0:45:20	30.1	1772	3826	6335	8048	10441	12837	15011	17227	20488	22756	25920	29451
0:45:25	30.1	1816	3969	6159	7992	10459	12675	15059	17215	20326	22856	26148	29791
0:45:30	30.1	1795	3921	6281	8005	10300	12880	15151	17185	20379	22735	25862	29810
0:45:35	30.1	1819	3912	6321	8081	10378	12585	14976	17162	20437	23024	26032	29771
0:45:40	30.1	1801	3912	6284	8075	10240	12609	15163	17435	20397	23043	26157	29538
0:45:45	30.1	1789	3933	6403	8049	10404	12706	15064	17456	20173	22640	25968	29690
0:45:50	30.1	1806	3893	6347	8049	10360	12722	15113	17370	20282	22640	25956	29789
0:45:55	30.1	1811	3954	6293	8091	10439	12622	15054	17378	20287	22830	25939	29805
0:46:00	30.1	1780	3930	6280	8153	10471	12675	15095	17363	20393	22691	26021	29532
0:46:05	30.1	1762	3899	6262	8162	10424	12530	15108	17350	20441	22845	26094	29681
0:46:10	30.1	1809	3904	6275	8160	10364	12577	14916	17284	20357	22698	25979	29389
0:46:15	30.1	1787	3851	6265	8098	10499	12672	15000	17363	20159	22762	26203	29496
0:46:20	30.1	1824	3904	6216	8058	10469	12739	15153	17455	20421	22797	25803	29523
0:46:25	30.1	1774	3915	6266	7985	10510	12652	15043	17357	20286	22942	25908	29626
0:46:30	30.1	1837	3916	6328	8035	10306	12640	14992	17400	20169	22944	26123	29685
0:46:35	30.1	1799	3936	6246	7958	10327	12513	15085	17788	20417	22765	25777	29774
0:46:40	30.1	1792	3897	6239	7974	10460	12469	15032	17245	20396	22606	25815	29665
0:46:45	30.1	1796	3841	6283	8053	10390	12684	14939	17440	20337	22896	26086	29674
0:46:50	30.1	1757	3885	6212	8015	10607	12866	15037	17131	20128	22694	25998	29574
0:46:55	30.1	1774	3968	6223	8050	10364	12846	14864	17349	20152	22555	25897	29295
0:47:00	30.1	1807	3893	6170	8140	10401	12818	15022	17131	20312	22579	25752	29432
0:47:05	30.1	1810	3861	6254	8069	10307	12507	14936	17477	20240	22757	25916	29581
0:47:10	30.1	1760	3869	6291	7973	10423	12733	15012	17209	20236	22918	25927	29637
0:47:15	30.1	1823	3871	6234	8064	10225	12696	14991	17261	20435	22857	25851	29473
0:47:20	30.1	1752	3878	6286	8026	10363	12736	15016	17203	20313	22686	25732	29456
0:47:25	30.1	1765	3906	6273	8109	10334	12554	14896	17211	20395	22874	25873	29382
0:47:30	30.1	1777	3938	6208	8051	10263	12626	15007	17257	20371	22879	25845	29445
0:47:35	30.1	1801	3889	6303	8160	10466	12544	15064	17312	20139	22786	26033	29405
0:47:40	30.1	1806	3839	6264	8058	10410	12639	15183	17373	20397	22698	25848	29723
0:47:45	30.1	1801	3862	6222	8005	10331	12612	14974	17225	20135	22712	25706	29586
0:47:50	30.1	1769	3859	6262	8034	10477	12531	14822	17213	20274	22656	25699	29707
0:47:55	30.1	1821	3936	6372	7948	10326	12629	15095	17291	20365	22714	25910	29596
0:48:00	30.1	1797	3908	6230	8013	10283	12607	14981	17242	20095	22619	25814	29169
0:48:05	30.1	1799	3851	6215	7994	10426	12651	14988	17412	20198	22711	25698	29087
0:48:10	30.1	1796	3926	6184	8032	10353	12828	15095	17345	20359	22527	25584	29402
0:48:15	30.1	1768	3894	6183	8152	10388	12628	15006	17191	20368	22876	25612	29618
0:48:20	30.1	1773	3846	6320	8085	10312	12548	14922	17271	20096	22490	25829	29417
0:48:25	30.1	1795	3824	6208	7959	10420	12672	15013	17436	20095	22844	25727	29600
0:48:30	30.1	1762	3877	6202	8031	10395	12744	15078	17138	20096	22649	25813	29494
0:48:35	30.1	1779	3880	6217	8039	10352	12825	15070	17342	20445	22620	26079	29249
0:48:40	30.1	1805	3897	6381	8035	10454	12751	15107	17340	20224	22697	25927	29027
0:48:45	30.1	1777	3838	6300	7992	10348	12631	14868	17195	20257	22785	25805	29075
0:48:50	30.1	1751	3835	6182	8031	10296	12547	15183	17113	20258	22762	25577	29375
0:48:55	30.1	1840	3887	6224	8156	10399	12624	15064	17175	20213	22683	25728	29156
0:49:00	30.1	1754	3937	6212	8135	10296	12620	14962	17265	20198	22477	25666	29062
0:49:05	30.1	1790	3901	6283	8116	10285	12589	15041	17315	20406	22815	25945	29229
0:49:10	30.1	1754	3847	6235	8011	10324	12762	14899	17212	20265	22636	25683	29367
0:49:15	30.1	1766	3907	6176	8069	10424	12567	14970	17241	20178	22654	25966	28816
0:49:20	30.1	1792	3819	6192	8022	10231	12595	14890	17415	20199	22601	25787	29184
0:49:25	30.1	1758	3888	6206	8036	10280	12536	14975	17211	20156	22822	25707	29174
0:49:30	30.1	1791	3841	6162	8037	10449	12509	15089	17317	20024	22591	25531	29317
0:49:35	30.1	1788	3902	6126	8002	10337	12651	14928	17124	20158	22859	25727	29384
0:49:40	30.1	1757	3836	6174	8061	10392	12647	14838	17198	20204	22779	25681	29412
0:49:45	30.1	1751	3850	6181	8093	10273	12625	14899	17320	20084	22772	25716	29331
0:49:50	30.1	1753	3847	6278	8039	10370	12631	14957	17217	20239	22905	25852	29245
0:49:55	30.1	1781	3877	6223	8006	10314	12471	15234	17202	20217	22589	25674	28922
0:50:00	30.1	1781	3862	6268	8063	10263	12603	14925	17278	20151	22453	25450	29285
0:50:05	30.1	1790	3844	6272	7932	10370	12667	14870	17258	20159	22407	26072	29215
0:50:10	30.1	1780	3929	6297	8064	10326	12650	14917	17248	20207	22511	25674	29381
0:50:15	30.1	1791	3891	6262	8102	10394	12477	15002	17151	20429	22507	25661	28930
0:50:20	30.1	1774	3869	6205	7939	10367	12736	14797	17257	20189	22705	25967	29462
0:50:25	30.1	1846	3827	6247	8031	10327	12612	14926	17420	20265	22699	25594	29296
0:50:30	30.1	1775	3810	6231	7957	10337	12675	15008	16854	20059	22397	25698	29457
0:50:35	30.1	1775	3820	6268	8123	10415	12691	14857	17127	20190	22554	25777	29021
0:50:40	30.1	1804	3910	6219	8007	10392	12675	14939	17223	20127	22620	25606	29134
0:50:45	30.1	1800	3868	6258	7917	10316	12721	14950	17222	20453	22534	25443	29246
0:50:50	30.1	1758	3856	6258	8080	10350	12737	15022	17397	20175	22546	25519	29266
0:50:55	30.1	1762	3870	6264	8002	10426	12701	14999	17232	20287	22604	25699	29128
0:51:00	30.1	1763	3900	6183	7947	10342	12701	14974	17224	20059	22566	25583	29303
0:51:05	30.1	1756	3898	6218	8035	10248	12629	15076	17301	20227	22652	25916	29044
0:51:10	30.1	1789	3848	6244	7951	10349	12491	15117	17098	20293	22590	25628	29184
0:51:15	30.1	1787	3867	6213	8001	10411	12524	14969	17278	19920	22588	25447	29026
0:51:20	30.1	1751	3943	6255	8082	10349	12518	14978	17189	20199	22434	25626	29441
0:51:25	30.1	1769	3869	6197	7980	10356	12533	14804	17175	20174	22768	25744	29069
0:51:30	30.1	1797	3893	6170	7927	10437	12565	14881	17145	20264	22661	25615	28850
0:51:35	30.1	1827	3776	6264	8000	10384	12584	15129	17055	20049	22610	25727	28886
0:51:40	30.1	1795	3857	6235	7993	10316	12648	14950	17306	20073	22530	25869	29189
0:51:45	30.1	1775	3951	6260	8009	10398	12660	14938	17236	20125	22355	25787	29033
0:51:50	30.1	1768	3867	6200	8042	10215	12682	14862	16999	20202	22559	25552	29113
0:51:55	30.1	1795	3868	6332	7954	10359	12370	14808	17281	20258	22495	25592	28929
0:52:00	30.1	1760	3787	6272	7964	10395	12759	14916	17193	19832	22500	25748	29034
0:52:05	30.1	1739	3905	6203	8033	10385	12525	15147	17138	20163	22615	25597	29138
0:52:10	30.1	1815	3840	6210	7954	10204	12625	14823	17274	20024	22561	25611	28923
0:52:15	30.1	1802	3901	6266	7913	10339	12542	14914	17127	20023	22553	25591	28997
0:52:20	30.1	1774	3881	6121	7987	10213	12291	14993	17180	20356	22552	25547	29001
0:52:25	30.1	1766	3847	6261	7972	10342	12511	14934	17224	19916	22497	25704	28913
0:52:30	30.1	1741	3838	6137	8051	10371	12378	14858	17276	20287	22627	25644	29029
0:52:35	30.1	1787	3896	6121	7998	10293	12592	14969	17273	19952	22403	25591	29082
0:52:40	30.1	1767	3889	6220	7888	10372	12679	14784	17276	20337	22749	25735	29258
0:52:45	30.1	1774	3839	6157	8007	10320	12547	14967	17253	20120	22624	25724	28938
0:52:50	30.1	1790	3808	6198	7991	10385	12613	14820	17283	20102	22673	25532	29184
0:52:55	30.1	1749	3864	6139	7954	10311	12669	14966	17250	20147	22529	25505	28868
0:53:00	30.1	1770	3807	6222	7975	10263	12755	15060	17103	19902	22658	25666	28698
0:53:05	30.1	1776	3863	6101	7861	10320	12459	15033	17214	20162	22487	25752	28899
0:53:10	30.1	1726	3839	6116	8046	10279	12608	14970	17153	20191	22482	25387	28863
0:53:15	30.1	1740	3875	6248	8044	10272	12562	14955	16981	19923	22440	25728	29174
0:53:20	30.1	1790	3928	6117	7920	10289	12663	15293	17096	20077	22576	25341	28879
0:53:25	30.1	1775	3895	6146	8060	10294	12433	14903	17114	19948	22572	25444	28802
0:53:30	30.1	1775	3912	6194	8034	10326	12547	15085	16891	20207	22496	25526	28783
0:53:35	30.1	1794	3870	6171	7911	10198	12496	14900	17064	19912	22686	25473	28772
0:53:40	30.1	1766	3897	6167	7955	10245	12575	14947	17173	19999	22630	25723	29034
0:53:45	30.1	1749	3865	6267	8045	10286	12547	14832	17229	20150	22682	25669	28980
0:53:50	30.1	1793	3843	6195	7984	10354	12502	14970	17105	20076	22623	25443	29158
0:53:55	30.1	1772	3830	6185	7943	10200	12614	14865	17130	20239	22472	25618	29030
0:54:00	30.1	1768	3794	6156	7926	10343	12643	14851	17046	19985	22359	25466	28919
0:54:05	30.1	1752	3909	6152	7930	10216	12748	14980	17181	20302	22513	25626	28917
0:54:10	30.1	1772	3866	6139	8038	10312	12525	14940	17296	20023	22494	25723	28822
0:54:15	30.1	1752	3902	6231	8003	10367	12483	14966	17360	19777	22651	25436	28900
0:54:20	30.1	1823	3838	6194	8071	10282	12523	14956	17132	20219	22549	25361	28956
0:54:25	30.1	1780	3900	6162	8003	10336	12475	14799	17272	20024	22324	25542	28902
0:54:30	30.1	1749	3912	6275	8031	10130	12490	14906	17033	20027	22390	25495	28834
0:54:35	30.1	1797	3887	6230	7983	10273	12575	14887	16930	19980	22534	25402	29031
0:54:40	30.1	1774	3821	6275	8030	10227	12558	14844	17000	20095	22522	25788	28774
0:54:45	30.1	1775	3888	6201	7978	10221	12478	14791	17095	19887	22301	25539	28831
0:54:50	30.1	1792	3857	6216	7926	10335	12576	14831	17309	20118	22665	25509	28936
0:54:55	30.1	1727	3831	6272	8013	10176	12579	14770	17358	19961	22372	25547	28752
0:55:00	30.1	1741	3834	6233	8038	10287	12548	15006	17176	20071	22486	25438	28510
0:55:05	30.1	1768	3860	6202	7880	10269	12471	14855	17245	19928	22472	25412	28637
0:55:10	30.1	1804	3822	6234	7898	10229	12570	14890	17289	20201	22440	25384	28813
0:55:15	30.1	1771	3853	6028	8029	10300	12435	14710	17036	20069	22503	25388	28770
0:55:20	30.1	1793	3864	6231	7898	10216	12622	14810	17159	20205	22184	25415	28759
0:55:25	30.1	1793	3862	6198	8100	10086	12602	14710	16983	20034	22226	25611	29000
0:55:30	30.1	1781	3843	6162	8054	10307	12357	14829	17210	20114	22434	25473	28861
0:55:35	30.1	1762	3826	6195	7908	10227	12408	14936	17146	19979	22470	25584	28891
0:55:40	30.1	1770	3865	6214	7924	10082	12506	14934	17167	20150	22101	25540	28921
0:55:45	30.1	1750	3790	6227	8033	10220	12705	14920	17038	19889	22138	25432	28615
0:55:50	30.1	1745	3840	6207	7896	10332	12437	14659	17104	20144	22324	25540	28376
0:55:55	30.1	1779	3933	6295	7886	10317	12555	14876	17094	19888	22106	25524	28540
0:56:00	30.1	1791	3762	6201	7979	10268	12510	14684	16916	20189	22358	25306	28783
0:56:05	30.1	1776	3906	6178	7943	10363	12349	14853	17356	19840	22278	25458	28692
0:56:10	30.1	1792	3883	6174	7982	10326	12545	14670	17146	20004	22311	25467	28773
0:56:15	30.1	1690	3799	6159	7983	10232	12417	14716	17190	20041	22499	25450	28644
0:56:20	30.1	1790	3859	6243	7967	10255	12560	14791	16868	20027	22197	25580	28774
0:56:25	30.1	1723	3820	6199	7859	10240	12451	14912	16964	20020	22276	25399	28508
0:56:30	30.1	1757	3864	6210	7876	10190	12582	14878	17025	19863	22484	25374	28373
0:56:35	30.1	1739	3826	6201	7975	10237	12468	14832	16912	19975	22479	25468	28622
0:56:40	30.1	1727	3869	6212	7990	10181	12652	14859	17066	20095	22311	25325	28601
0:56:45	30.1	1785	3827	6169	7911	10235	12468	14812	17046	19877	22270	25427	28651
0:56:50	30.1	1771	3803	6095	7984	10221	12550	14908	16934	20068	22371	25374	28606
0:56:55	30.1	1791	3862	6165	7927	10314	12314	14765	17096	19845	22459	25379	28816
0:57:00	30.1	1740	3858	6163	7860	10243	12481	14761	17074	19851	22494	25520	28835
0:57:05	30.1	1779	3923	6185	7932	10266	12515	14836	17029	19970	22538	25310	28706
0:57:10	30.1	1773	3761	6161	7958	10203	12647	14910	17032	20075	22307	25617	28736
0:57:15	30.1	1760	3755	6108	7892	10182	12573	14835	17085	20070	22486	25445	28621
0:57:20	30.1	1744	3857	6226	7947	10274	12536	14912	17189	19868	22088	25453	28858
0:57:25	30.1	1770	3863	6170	7983	10374	12462	14846	17172	19916	22493	25359	28555
0:57:30	30.1	1767	3824	6155	8037	10100	12486	15041	16935	19939	22413	25340	28779
0:57:35	30.1	1767	3836	6151	7990	10264	12724	14892	17007	19804	22521	25193	28592
0:57:40	30.1	1768	3880	6200	8049	10214	12370	14814	17155	19946	22418	25611	28453
0:57:45	30.1	1762	3884	6210	7887	10211	12583	14769	17140	19741	22235	25309	28364
0:57:50	30.1	1773	3751	6186	8003	10309	12536	14915	16967	19974	22386	25392	28623
0:57:55	30.1	1769	3831	6062	8103	10197	12390	14952	16768	20056	22336	25424	28613
0:58:00	30.1	1783	3816	6300	7872	10167	12529	14891	17111	20104	22419	25276	28637
0:58:05	30.1	1769	3823	6178	7898	10227	12434	14876	17090	20000	22223	25330	28834
0:58:10	30.1	1742	3875	6233	7817	10121	12614	14754	17049	20011	22442	25425	28594
0:58:15	30.1	1774	3809	6113	7853	10247	12457	14639	16909	19748	22353	25271	28373
0:58:20	30.1	1773	3800	6178	7943	10267	12367	14814	17089	19961	22593	25407	28432
0:58:25	30.1	1737	3817	6160	7930	10204	12473	14672	16981	20174	22266	25422	28783
0:58:30	30.1	1728	3824	6119	7819	10325	12471	14851	17159	19907	22050	25256	28672
0:58:35	30.1	1743	3864	6133	7911	10224	12526	14778	17131	20155	22199	25437	28552
0:58:40	30.1	1754	3866	6141	7885	10229	12342	14876	17188	20161	22201	25456	28669
0:58:45	30.1	1756	3837	6140	8017	10244	12443	14736	17201	19657	22324	25207	28503
0:58:50	30.1	1780	3912	6231	7861	10160	12587	14811	17037	20039	22227	25250	28647
0:58:55	30.1	1851	3845	6067	7983	10223	12627	14681	17184	19794	22348	25169	28578
0:59:00	30.1	1771	3874	6143	7879	10248	12393	14841	16938	20196	22237	25131	28568
0:59:05	30.1	1733	3831	6215	8008	10188	12524	14699	17018	20012	22257	25162	28606
0:59:10	30.1	1791	3877	6215	7982	10250	12423	14841	16993	20006	22382	25476	28481
0:59:15	30.1	1829	3767	6219	7874	10107	12558	14978	17062	19927	22081	25397	28522
0:59:20	30.1	1736	3809	6132	7877	10103	12493	14791	17091	19878	22384	25396	28372
0:59:25	30.1	1782	3844	6082	7936	10096	12503	14694	17008	19823	22347	25199	28546
0:59:30	30.1	1745	3830	6230	7984	10313	12591	14841	17153	20024	22409	25248	28456
0:59:35	30.1	1794	3826	6132	7952	10205	12596	14612	16834	19900	22244	25464	28566
0:59:40	30.1	1823	3787	6232	7908	10243	12464	14822	17037	19838	22494	25592	28526
0:59:45	30.1	1738	3816	6157	7905	10070	12419	14817	16993	19845	22510	25406	28190
0:59:50	30.1	1699	3838	6059	7897	10178	12310	14817	17129	19959	22481	25305	28607
0:59:55	30.1	1744	3797	6164	7867	10234	12464	14762	16915	19905	22125	25428	28793
1:00:00	30.1	1780	3807	6063	7933	10260	12528	14678	17084	20133	22232	25253	28754

Results
	1	2	3	4	5	6	7	8	9	10	11	12
A													Max V [295,335]
													R-Squared [295,335]
													t at Max V [295,335]
													Lagtime [295,335]
B													Max V [295,335]
													R-Squared [295,335]
													t at Max V [295,335]
													Lagtime [295,335]
C	-2592000.000	-3144000.000	-5736000.000	-4260000.000	-5736000.000	-6528000.000	-6984000.000	-8748000.000	-10104000.000	-10248000.000	-9828000.000	-11100000.000	Max V [295,335]
	1.000	1.000	1.000	1.000	1.000	1.000	1.000	1.000	1.000	1.000	1.000	1.000	R-Squared [295,335]
	0:00:03	0:00:03	0:00:23	0:02:23	0:00:23	0:00:23	0:01:38	0:01:53	0:02:13	0:01:18	0:04:08	0:23:28	t at Max V [295,335]
	0:00:00	0:00:00	0:00:15	0:01:40	0:00:17	0:00:19	0:01:14	0:01:32	0:01:52	0:01:06	0:03:32	0:22:05	Lagtime [295,335]
D													Max V [295,335]
													R-Squared [295,335]
													t at Max V [295,335]
													Lagtime [295,335]
E													Max V [295,335]
													R-Squared [295,335]
													t at Max V [295,335]
													Lagtime [295,335]
F													Max V [295,335]
													R-Squared [295,335]
													t at Max V [295,335]
													Lagtime [295,335]
G													Max V [295,335]
													R-Squared [295,335]
													t at Max V [295,335]
													Lagtime [295,335]
H													Max V [295,335]
													R-Squared [295,335]
													t at Max V [295,335]
													Lagtime [295,335]

