Procedure Details

Plate Type	96 WELL PLATE
Set Temperature	Setpoint 30°C
	Preheat before moving to next step
Start Kinetic	Runtime 0:30:00 (HH:MM:SS), Interval 0:00:05, 361 Reads
    Read	Fluorescence Endpoint
	G1..G12
	Filter Set 1
	    Excitation: 295,  Emission: 335
	    Optics: Top,  Gain: 80
	Light Source: Xenon Flash,  Lamp Energy: High
	Read Speed: Normal,  Delay: 0 msec,  Measurements/Data Point: 5
	Read Height: 8 mm
End Kinetic	

Layout
	1	2	3	4	5	6	7	8	9	10	11	12
A													Well ID
B													Well ID
C													Well ID
D													Well ID
E													Well ID
F													Well ID
G	SPL1	SPL2	SPL3	SPL4	SPL5	SPL6	SPL7	SPL8	SPL9	SPL10	SPL11	SPL12	Well ID
H													Well ID

295,335

Time	T° 295,335	G1	G2	G3	G4	G5	G6	G7	G8	G9	G10	G11	G12
0:00:00	30.0	4589	5740	6694	8571	10453	11090	4891	6159	7540	7397	11147	11694
0:00:05	30.0	4462	5694	6606	8719	10415	11033	4855	6023	7571	7406	11013	11673
0:00:10	30.0	4376	5485	6488	8492	10387	10980	4788	6008	7329	7438	11140	11481
0:00:15	30.0	4375	5500	6377	8473	10314	10895	4668	5857	7298	7293	10929	11374
0:00:20	30.0	4380	5441	6416	8306	10106	10813	4584	5764	7235	7162	10882	11252
0:00:25	30.0	4349	5310	6351	8221	10075	10592	4476	5797	7140	7040	10921	11117
0:00:30	30.0	4267	5224	6229	8210	10074	10553	4370	5541	7025	7084	10853	10885
0:00:35	30.0	4171	5274	6237	8078	9843	10387	4415	5454	6911	6817	10595	10882
0:00:40	30.0	4093	5165	6186	8035	9729	10326	4314	5427	6808	6718	10592	10772
0:00:45	30.0	4059	5136	5999	7962	9708	10451	4288	5334	6817	6706	10464	10731
0:00:50	30.0	3996	5014	6051	7986	9682	10298	4167	5318	6717	6641	10389	10479
0:00:55	30.0	3963	5042	6080	7836	9491	10088	4099	5221	6537	6536	10242	10386
0:01:00	30.0	3886	5008	5945	7666	9561	10260	4074	5191	6653	6473	10272	10370
0:01:05	30.0	3918	4916	5823	7693	9308	10064	4071	5089	6479	6408	9983	10210
0:01:10	30.0	3787	4833	5707	7750	9434	9940	4036	5042	6385	6312	10008	10334
0:01:15	30.0	3767	4867	5689	7746	9249	9984	3907	5011	6378	6352	10041	10086
0:01:20	30.0	3699	4789	5577	7511	9301	9769	3893	4996	6326	6231	9864	9891
0:01:25	30.1	3721	4740	5585	7678	9135	9765	3900	4979	6315	6178	9829	10070
0:01:30	30.0	3633	4731	5531	7431	9041	9811	3901	4927	6250	6215	9755	9828
0:01:35	30.0	3663	4722	5473	7377	8991	9668	3799	4856	6124	6085	9575	9776
0:01:40	30.0	3676	4600	5433	7273	8884	9584	3777	4909	6098	5997	9637	9771
0:01:45	30.0	3610	4635	5390	7473	8879	9627	3765	4762	6045	5923	9528	9789
0:01:50	30.0	3604	4514	5316	7285	8830	9474	3741	4707	6006	5924	9419	9555
0:01:55	30.0	3586	4566	5219	7227	8708	9389	3770	4717	5856	5831	9447	9622
0:02:00	30.0	3493	4546	5229	7180	8804	9490	3690	4695	5930	5865	9383	9569
0:02:05	30.0	3548	4527	5084	7066	8756	9344	3708	4622	5816	5736	9169	9502
0:02:10	30.0	3526	4441	5034	7000	8665	9342	3611	4634	5806	5712	9194	9352
0:02:15	30.0	3461	4471	5067	7068	8593	9230	3745	4576	5817	5691	9198	9307
0:02:20	30.0	3458	4348	5032	7116	8492	9187	3672	4616	5741	5594	9077	9224
0:02:25	30.0	3411	4378	4951	6952	8648	9123	3632	4561	5820	5637	9114	9258
0:02:30	30.0	3391	4361	4967	6851	8510	8966	3642	4556	5747	5635	9034	9180
0:02:35	30.0	3387	4341	4817	6864	8412	9069	3610	4500	5670	5624	8989	9100
0:02:40	30.0	3310	4231	4897	6858	8447	9024	3525	4465	5666	5543	8951	9043
0:02:45	30.0	3394	4234	4826	6824	8328	8982	3576	4517	5635	5518	8978	9098
0:02:50	30.0	3413	4225	4796	6754	8244	8993	3569	4473	5602	5402	8844	9009
0:02:55	30.0	3332	4191	4768	6764	8343	8842	3528	4478	5659	5587	8784	8989
0:03:00	30.0	3345	4186	4753	6736	8310	8772	3609	4435	5508	5488	8637	8922
0:03:05	30.0	3334	4217	4719	6661	8271	8760	3513	4434	5577	5393	8688	8914
0:03:10	30.0	3330	4122	4701	6613	8245	8822	3521	4485	5526	5442	8801	8685
0:03:15	30.0	3273	4197	4654	6571	8168	8793	3586	4367	5553	5419	8744	8647
0:03:20	30.0	3277	4167	4673	6613	8079	8757	3489	4379	5534	5435	8583	8599
0:03:25	30.0	3225	4122	4605	6513	8143	8753	3588	4469	5403	5327	8557	8818
0:03:30	30.0	3217	4124	4687	6487	8072	8541	3506	4398	5532	5362	8511	8741
0:03:35	30.0	3259	4037	4709	6492	8034	8609	3518	4408	5423	5346	8483	8597
0:03:40	30.0	3191	4077	4602	6423	8021	8580	3540	4366	5422	5416	8442	8484
0:03:45	30.0	3175	4033	4614	6431	7933	8575	3510	4295	5471	5346	8428	8574
0:03:50	30.0	3147	3994	4507	6398	7935	8539	3567	4325	5465	5275	8484	8544
0:03:55	30.0	3184	3945	4526	6365	7901	8468	3506	4379	5426	5307	8350	8451
0:04:00	30.0	3187	4028	4550	6460	7867	8515	3515	4289	5296	5242	8366	8519
0:04:05	30.0	3158	3977	4495	6413	7866	8516	3541	4315	5378	5205	8290	8395
0:04:10	30.0	3137	4000	4542	6361	7852	8551	3433	4365	5321	5284	8250	8371
0:04:15	30.0	3131	3923	4465	6292	7772	8388	3395	4324	5326	5306	8307	8383
0:04:20	30.0	3107	3843	4475	6252	7763	8339	3481	4253	5425	5186	8230	8363
0:04:25	30.0	3089	3920	4416	6323	7833	8199	3447	4299	5311	5200	8253	8341
0:04:30	30.0	3136	3881	4397	6275	7767	8441	3420	4265	5246	5185	8306	8337
0:04:35	30.0	3040	3913	4456	6258	7654	8341	3464	4298	5307	5228	8139	8298
0:04:40	30.0	3101	3909	4459	6201	7715	8261	3485	4280	5311	5309	8197	8323
0:04:45	30.0	3111	3948	4443	6244	7713	8217	3471	4340	5235	5192	8080	8297
0:04:50	30.0	3089	3852	4416	6180	7724	8169	3482	4303	5269	5173	8128	8314
0:04:55	30.0	3098	3825	4326	6135	7677	8147	3408	4314	5357	5177	8211	8283
0:05:00	30.0	3053	3796	4451	6130	7551	8225	3436	4314	5316	5252	8105	8182
0:05:05	30.0	3053	3764	4352	6129	7660	8204	3501	4239	5274	5133	8083	8205
0:05:10	30.0	3095	3777	4334	6073	7444	8108	3494	4291	5263	5191	8072	8211
0:05:15	30.0	3064	3831	4315	6128	7597	8149	3497	4183	5255	5213	8208	8215
0:05:20	30.0	3115	3823	4351	6085	7524	8075	3455	4305	5248	5166	8108	8214
0:05:25	30.0	3127	3800	4334	6038	7492	8072	3487	4281	5313	5166	8136	8142
0:05:30	30.0	2987	3836	4326	6104	7493	8016	3476	4171	5231	5268	8047	8098
0:05:35	30.0	3012	3796	4319	6046	7492	8089	3442	4301	5276	5183	8115	8151
0:05:40	30.0	3011	3740	4357	5989	7426	8098	3501	4245	5335	5141	8030	8244
0:05:45	30.0	2965	3761	4261	6007	7448	8059	3482	4256	5267	5188	8119	8098
0:05:50	30.0	3040	3816	4238	5958	7491	7995	3454	4215	5296	5116	8094	8150
0:05:55	30.0	3023	3735	4247	6003	7425	8026	3508	4328	5265	5228	7927	8066
0:06:00	30.0	2985	3760	4272	6001	7396	8004	3427	4220	5300	5175	8088	8119
0:06:05	30.0	3020	3778	4308	5978	7449	7955	3536	4211	5214	5160	8022	7956
0:06:10	30.0	3073	3763	4249	6017	7365	8037	3452	4244	5278	5129	8121	8007
0:06:15	30.0	2966	3701	4242	6027	7378	7969	3507	4222	5223	5219	7984	8103
0:06:20	30.0	2958	3730	4356	5994	7325	7941	3450	4302	5182	5141	7954	7951
0:06:25	30.0	3009	3776	4225	5989	7368	7924	3536	4299	5204	5127	7995	7971
0:06:30	30.0	2988	3752	4274	5959	7408	7960	3437	4256	5203	5152	7934	8007
0:06:35	30.0	2931	3721	4285	5890	7424	7828	3432	4276	5257	5100	8027	7959
0:06:40	30.0	2942	3724	4247	5909	7244	7875	3424	4366	5254	5101	7914	7986
0:06:45	30.0	3008	3726	4209	5898	7333	7810	3402	4226	5266	5145	8009	7935
0:06:50	30.0	2967	3662	4226	5857	7254	7885	3444	4267	5245	5188	7917	7993
0:06:55	30.0	3032	3709	4180	6063	7244	7787	3422	4202	5235	5183	7957	7991
0:07:00	30.0	3000	3682	4244	5841	7335	7887	3474	4183	5263	5080	8031	7918
0:07:05	30.1	2983	3747	4211	5900	7263	7860	3399	4205	5280	5089	7966	7874
0:07:10	30.0	2989	3715	4201	5930	7296	7849	3452	4235	5136	5081	7975	7962
0:07:15	30.0	2992	3668	4186	5978	7175	7782	3462	4199	5242	5064	7893	7979
0:07:20	30.0	3008	3736	4189	5922	7206	7776	3432	4252	5218	5150	7929	7968
0:07:25	30.0	2994	3704	4088	5837	7229	7786	3441	4276	5239	4991	7938	7929
0:07:30	30.0	2934	3667	4151	5834	7252	7789	3469	4244	5196	5100	7897	8039
0:07:35	30.0	2969	3739	4217	5823	7306	7810	3441	4242	5175	5076	7871	7972
0:07:40	30.0	2964	3669	4096	5876	7155	7686	3496	4239	5197	5155	7995	7895
0:07:45	30.0	2942	3692	4167	5939	7199	7746	3432	4208	5221	5081	7908	7931
0:07:50	30.0	2922	3698	4088	5786	7098	7790	3512	4190	5280	5154	7910	7920
0:07:55	30.0	2997	3588	4143	5903	7125	7755	3383	4264	5173	5129	7769	7964
0:08:00	30.0	2919	3707	4055	5898	7160	7724	3418	4239	5185	5048	7902	7832
0:08:05	30.0	2945	3642	4124	5884	7086	7668	3394	4253	5197	5121	7952	7837
0:08:10	30.0	2981	3658	4070	5798	7096	7627	3409	4248	5158	5159	7787	7817
0:08:15	30.0	2975	3636	4101	5774	7103	7668	3426	4320	5196	5170	7891	7731
0:08:20	30.0	2938	3642	4074	5898	7052	7667	3455	4284	5143	5090	7887	7806
0:08:25	30.0	2950	3674	4146	5757	7167	7788	3473	4304	5276	5106	7900	7829
0:08:30	30.0	2982	3700	4189	5790	7180	7609	3433	4185	5134	5103	7864	7849
0:08:35	30.0	2904	3593	4078	5745	7083	7688	3385	4281	5177	5125	7909	7846
0:08:40	30.0	2941	3627	4148	5827	7131	7732	3426	4318	5245	5173	7904	7954
0:08:45	30.0	2955	3629	4113	5801	7046	7650	3475	4257	5215	5127	7833	7884
0:08:50	30.0	2966	3597	4098	5789	7093	7694	3436	4235	5202	5036	7863	7813
0:08:55	30.0	2936	3688	4049	5728	7094	7636	3444	4226	5210	5140	7805	7883
0:09:00	30.0	2895	3687	4115	5702	7069	7681	3432	4248	5163	5066	7920	8017
0:09:05	30.0	3015	3697	4165	5810	7046	7577	3386	4226	5206	5047	7898	7787
0:09:10	30.0	2932	3665	4089	5744	6990	7556	3448	4189	5213	5149	7734	7865
0:09:15	30.0	2916	3615	4060	5762	6981	7661	3474	4257	5263	4992	7815	7895
0:09:20	30.0	2952	3644	4118	5764	6939	7503	3493	4228	5176	5048	7708	7822
0:09:25	30.0	2904	3642	4119	5719	6983	7573	3422	4300	5210	5079	7871	7828
0:09:30	30.0	2937	3634	4049	5733	6953	7591	3432	4205	5239	5110	7867	7745
0:09:35	30.0	2907	3620	4083	5757	7057	7653	3394	4203	5191	5038	7801	7932
0:09:40	30.0	2923	3698	4110	5728	7020	7576	3410	4265	5147	5039	7834	7772
0:09:45	30.0	2947	3656	4060	5749	7028	7642	3369	4267	5206	5125	7824	7944
0:09:50	30.0	2900	3587	4044	5822	6987	7499	3426	4197	5239	5059	7726	7854
0:09:55	30.0	2906	3609	4079	5660	6959	7485	3442	4229	5201	5147	7877	7921
0:10:00	30.0	2913	3650	4050	5775	7029	7589	3401	4227	5114	5132	7891	7744
0:10:05	30.0	2862	3639	4133	5673	7069	7592	3402	4204	5178	5108	7759	7736
0:10:10	30.0	2924	3653	4014	5704	7092	7520	3413	4209	5229	5056	7798	7778
0:10:15	30.0	2866	3658	4016	5803	7039	7508	3402	4240	5257	5041	7832	7817
0:10:20	30.0	2883	3637	4071	5758	7039	7546	3476	4253	5144	5114	7779	7762
0:10:25	30.0	2873	3633	4018	5694	7013	7607	3395	4237	5196	5103	7767	7819
0:10:30	30.0	2929	3632	4074	5702	7060	7482	3427	4212	5127	5136	7819	7743
0:10:35	30.0	2841	3599	4101	5755	7028	7458	3410	4281	5179	5099	7748	7747
0:10:40	30.0	2905	3568	4109	5739	7002	7370	3449	4217	5193	5085	7865	7825
0:10:45	30.0	2940	3638	4085	5596	6884	7535	3426	4145	5150	5109	7729	7864
0:10:50	30.0	2936	3603	4060	5689	6922	7399	3444	4273	5175	5122	7790	7812
0:10:55	30.0	2883	3621	4058	5632	6956	7453	3394	4191	5143	5009	7810	7730
0:11:00	30.0	2854	3655	4023	5666	6976	7512	3441	4194	5265	5091	7743	7811
0:11:05	30.0	2871	3597	4048	5700	6943	7555	3395	4185	5223	5073	7770	7781
0:11:10	30.0	2884	3598	4019	5719	6885	7482	3441	4229	5139	5071	7791	7812
0:11:15	30.0	2845	3599	4092	5625	6929	7429	3432	4267	5147	5092	7736	7801
0:11:20	30.0	2872	3596	4077	5585	6915	7439	3450	4235	5178	5112	7761	7717
0:11:25	30.0	2854	3579	4100	5662	6990	7451	3417	4220	5161	5070	7778	7796
0:11:30	30.0	2890	3626	4050	5623	7017	7481	3509	4210	5146	5038	7843	7607
0:11:35	30.0	2921	3577	4004	5672	6914	7365	3404	4141	5176	5018	7790	7840
0:11:40	30.0	2891	3557	4029	5672	7016	7407	3429	4185	5124	5029	7796	7729
0:11:45	30.0	2891	3590	4037	5663	6978	7403	3346	4218	5194	4940	7719	7695
0:11:50	30.0	2907	3608	4152	5691	7016	7342	3402	4163	5172	5094	7785	7819
0:11:55	30.1	2895	3513	4030	5709	7020	7439	3431	4193	5220	5068	7703	7715
0:12:00	30.0	2900	3614	4038	5597	6989	7364	3395	4218	5207	5086	7632	7841
0:12:05	30.0	2902	3576	4091	5711	6859	7395	3397	4245	5121	5102	7820	7743
0:12:10	30.0	2840	3617	4046	5646	6877	7355	3481	4286	5194	5151	7723	7694
0:12:15	30.0	2844	3554	3979	5606	6941	7475	3448	4233	5112	5025	7809	7833
0:12:20	30.0	2876	3577	4089	5608	6884	7503	3442	4215	5226	5057	7777	7759
0:12:25	30.0	2898	3527	4029	5641	6979	7542	3425	4202	5178	5087	7827	7819
0:12:30	30.0	2915	3550	3993	5680	6874	7528	3404	4186	5174	5065	7733	7852
0:12:35	30.0	2879	3624	4065	5652	6825	7374	3474	4188	5159	5076	7764	7786
0:12:40	30.0	2847	3577	4058	5665	6833	7320	3406	4157	5141	5041	7705	7821
0:12:45	30.1	2890	3661	4086	5493	6856	7413	3448	4211	5212	5114	7713	7748
0:12:50	30.1	2838	3625	4083	5601	6980	7364	3377	4244	5254	5020	7818	7639
0:12:55	30.0	2897	3611	4052	5662	6905	7367	3424	4144	5117	5089	7741	7776
0:13:00	30.0	2841	3559	4129	5608	6827	7428	3380	4199	5138	5016	7720	7749
0:13:05	30.0	2853	3572	4076	5617	6958	7436	3381	4237	5179	5074	7734	7728
0:13:10	30.0	2872	3659	4056	5681	6946	7442	3401	4217	5168	5123	7707	7759
0:13:15	30.0	2870	3583	4082	5603	6856	7428	3447	4149	5126	5129	7779	7838
0:13:20	30.0	2884	3599	4061	5635	6938	7332	3471	4153	5153	5062	7779	7757
0:13:25	30.0	2877	3618	4014	5658	6993	7478	3376	4221	5164	4950	7752	7761
0:13:30	30.0	2846	3568	4028	5636	6830	7282	3380	4227	5142	4994	7741	7775
0:13:35	30.0	2907	3583	4035	5607	6868	7391	3428	4264	5213	4988	7773	7725
0:13:40	30.0	2835	3595	3958	5592	6796	7479	3402	4169	5223	5074	7770	7795
0:13:45	30.0	2896	3562	4072	5501	6766	7406	3406	4143	5117	5050	7807	7730
0:13:50	30.0	2876	3583	4036	5644	6822	7485	3379	4207	5175	5098	7826	7658
0:13:55	30.0	2838	3576	3986	5644	6819	7374	3377	4176	5164	5039	7701	7731
0:14:00	30.0	2828	3560	4019	5666	6873	7325	3457	4106	5154	4997	7689	7692
0:14:05	30.0	2832	3554	4088	5504	6808	7405	3356	4220	5124	5020	7708	7787
0:14:10	30.0	2896	3595	4023	5574	6886	7293	3402	4165	5137	5041	7759	7828
0:14:15	30.0	2837	3582	4074	5604	6866	7303	3436	4177	5075	5144	7747	7776
0:14:20	30.0	2808	3551	4065	5560	6859	7405	3417	4249	5153	5044	7735	7694
0:14:25	30.0	2849	3497	4110	5553	6838	7318	3376	4112	5143	5016	7715	7673
0:14:30	30.0	2929	3516	4085	5552	6847	7386	3404	4179	5218	5116	7765	7779
0:14:35	30.0	2915	3581	4098	5638	6840	7299	3404	4171	5142	5060	7645	7690
0:14:40	30.0	2855	3521	4023	5608	6812	7274	3422	4199	5179	5056	7758	7796
0:14:45	30.0	2849	3580	4128	5668	6912	7252	3377	4098	5113	5059	7808	7741
0:14:50	30.0	2858	3541	4081	5604	6848	7302	3418	4152	5164	5045	7691	7749
0:14:55	30.0	2866	3548	4060	5562	6831	7378	3335	4206	5179	5081	7712	7816
0:15:00	30.0	2872	3528	4042	5593	6834	7320	3392	4135	5182	5062	7695	7740
0:15:05	30.0	2867	3560	4122	5604	6881	7343	3404	4151	5141	5125	7735	7787
0:15:10	30.0	2868	3508	4050	5535	6877	7268	3412	4163	5155	5003	7705	7699
0:15:15	30.0	2815	3592	4095	5571	6865	7372	3372	4053	5146	5035	7799	7745
0:15:20	30.0	2869	3475	4113	5482	6827	7341	3401	4146	5128	5044	7761	7702
0:15:25	30.0	2858	3475	4021	5555	6764	7324	3369	4090	5139	5088	7710	7859
0:15:30	30.0	2862	3544	4090	5581	6825	7241	3376	4174	5125	5024	7725	7795
0:15:35	30.0	2826	3547	4112	5623	6808	7270	3372	4112	5114	4982	7688	7742
0:15:40	30.0	2849	3522	4059	5609	6836	7401	3414	4159	5061	5079	7646	7665
0:15:45	30.0	2815	3487	4120	5563	6769	7262	3391	4162	5195	4937	7790	7727
0:15:50	30.0	2859	3528	4101	5537	6862	7291	3358	4150	5153	4994	7728	7714
0:15:55	30.0	2851	3607	4084	5528	6846	7235	3440	4179	5161	5018	7622	7767
0:16:00	29.9	2863	3571	4025	5573	6779	7351	3368	4249	5071	4987	7819	7798
0:16:05	30.0	2849	3518	4070	5516	6694	7278	3437	4165	5080	5073	7822	7659
0:16:10	30.0	2816	3519	4093	5585	6799	7256	3430	4184	5120	5063	7630	7787
0:16:15	30.0	2824	3546	4090	5575	6843	7216	3385	4161	5084	4997	7699	7656
0:16:20	30.0	2796	3520	4040	5593	6704	7323	3322	4139	5144	5002	7664	7699
0:16:25	30.0	2828	3529	4095	5605	6778	7313	3349	4147	5103	5048	7635	7667
0:16:30	30.0	2812	3551	4115	5625	6893	7294	3370	4179	5077	4992	7714	7601
0:16:35	29.9	2871	3503	3968	5486	6808	7263	3416	4115	5154	4974	7612	7714
0:16:40	30.0	2849	3475	4060	5596	6794	7269	3369	4195	5125	4951	7635	7755
0:16:45	30.0	2804	3516	4031	5565	6703	7329	3409	4069	5136	5049	7704	7708
0:16:50	30.0	2787	3519	4031	5560	6724	7318	3407	4144	5099	4972	7692	7682
0:16:55	30.0	2826	3512	4065	5494	6729	7185	3417	4200	5127	4981	7722	7644
0:17:00	30.0	2822	3564	4009	5495	6727	7206	3447	4101	5110	4978	7563	7627
0:17:05	30.0	2789	3555	4074	5578	6820	7206	3384	4263	5046	4961	7575	7649
0:17:10	30.0	2814	3519	3977	5601	6764	7380	3365	4202	5091	5010	7650	7630
0:17:15	30.0	2788	3520	4042	5463	6819	7260	3322	4174	5074	5017	7721	7734
0:17:20	30.0	2864	3454	4044	5492	6819	7173	3335	4178	5152	4948	7661	7837
0:17:25	30.0	2806	3447	4039	5518	6777	7151	3377	4157	5028	5020	7737	7691
0:17:30	30.0	2782	3544	4058	5560	6789	7244	3370	4102	5086	4974	7660	7610
0:17:35	30.0	2820	3544	3975	5526	6729	7191	3340	4116	5074	4971	7635	7679
0:17:40	30.0	2824	3560	4041	5592	6787	7218	3387	4147	5032	4948	7736	7719
0:17:45	30.0	2840	3531	3967	5473	6783	7187	3345	4151	5092	4992	7656	7578
0:17:50	30.0	2842	3541	4013	5569	6736	7238	3359	4185	5064	5012	7598	7651
0:17:55	30.0	2821	3523	4007	5579	6725	7241	3342	4181	5067	5037	7651	7629
0:18:00	30.1	2824	3485	4096	5558	6713	7275	3368	4166	5001	4997	7715	7707
0:18:05	30.1	2772	3475	4009	5490	6799	7279	3298	4136	5091	4941	7633	7738
0:18:10	30.1	2825	3486	4069	5535	6804	7346	3430	4141	5097	5045	7616	7773
0:18:15	30.0	2843	3462	4015	5589	6766	7274	3362	4171	5175	5006	7620	7687
0:18:20	30.0	2879	3503	4044	5601	6806	7250	3422	4064	5101	4941	7634	7615
0:18:25	30.0	2817	3499	3984	5562	6771	7241	3357	4159	5140	5018	7586	7723
0:18:30	30.0	2813	3517	4032	5468	6681	7230	3396	4135	5166	4918	7725	7728
0:18:35	30.0	2785	3527	4050	5512	6747	7223	3382	4178	5103	4967	7712	7721
0:18:40	30.0	2862	3497	4025	5517	6685	7181	3335	4153	5100	4942	7694	7688
0:18:45	30.0	2762	3550	4027	5478	6745	7222	3327	4109	5044	4961	7693	7727
0:18:50	30.0	2781	3456	4022	5555	6792	7228	3385	4141	5105	4967	7523	7654
0:18:55	30.0	2824	3496	4044	5520	6789	7302	3340	4083	5141	4957	7707	7661
0:19:00	30.0	2751	3491	4037	5489	6712	7145	3348	4050	5097	4991	7623	7704
0:19:05	30.0	2807	3482	4015	5514	6767	7258	3319	4128	5060	4982	7652	7633
0:19:10	30.0	2768	3483	3989	5474	6817	7180	3307	4122	5048	5050	7671	7588
0:19:15	30.0	2827	3490	3998	5583	6724	7337	3344	4118	5090	5023	7646	7618
0:19:20	30.0	2768	3494	4014	5527	6774	7188	3312	4101	5075	5044	7708	7625
0:19:25	30.0	2772	3458	4037	5437	6662	7252	3358	4117	5139	4943	7604	7771
0:19:30	30.0	2825	3497	4005	5511	6709	7201	3379	4174	5052	4933	7725	7762
0:19:35	30.0	2806	3482	4060	5455	6789	7296	3343	4163	5127	4929	7714	7545
0:19:40	30.0	2806	3524	4003	5480	6708	7307	3309	4102	5069	5029	7660	7791
0:19:45	30.0	2792	3533	4063	5453	6735	7312	3382	4172	5013	4998	7635	7653
0:19:50	30.0	2809	3463	4004	5503	6803	7162	3323	4112	5116	4911	7717	7585
0:19:55	30.0	2807	3442	3934	5625	6686	7215	3318	4170	5013	4868	7640	7705
0:20:00	30.0	2772	3482	4032	5390	6715	7319	3317	4073	5019	4960	7636	7647
0:20:05	30.0	2837	3499	4038	5498	6689	7118	3274	4141	5052	5004	7490	7671
0:20:10	30.0	2853	3515	4023	5501	6682	7088	3374	4141	5110	4952	7690	7669
0:20:15	30.0	2750	3563	4001	5477	6726	7240	3347	4140	5098	4987	7561	7754
0:20:20	30.0	2787	3540	3991	5501	6641	7167	3305	4129	5043	4971	7639	7656
0:20:25	30.0	2794	3536	4045	5497	6767	7194	3308	4071	5090	4916	7640	7578
0:20:30	30.0	2773	3522	3947	5526	6694	7225	3380	4108	5086	4888	7567	7673
0:20:35	30.0	2821	3484	4000	5524	6862	7149	3405	4146	5025	5008	7679	7696
0:20:40	30.0	2783	3490	3977	5524	6660	7191	3343	4097	5018	4933	7735	7734
0:20:45	30.0	2769	3538	3999	5527	6640	7157	3332	4133	5103	5007	7617	7593
0:20:50	30.0	2831	3542	4019	5572	6716	7157	3357	4110	5036	4984	7593	7565
0:20:55	30.0	2796	3490	4037	5495	6683	7183	3337	4074	5048	4942	7660	7603
0:21:00	30.0	2813	3396	3972	5400	6727	7203	3319	4121	5000	4989	7540	7655
0:21:05	30.0	2817	3459	3957	5421	6760	7184	3332	4133	5007	4928	7587	7688
0:21:10	30.0	2811	3492	3977	5459	6684	7223	3381	4102	5136	4998	7663	7660
0:21:15	30.0	2800	3498	4029	5486	6640	7268	3291	4103	4999	5010	7653	7611
0:21:20	30.0	2789	3446	3994	5507	6691	7221	3316	4017	5046	4867	7754	7596
0:21:25	30.0	2775	3490	3977	5480	6661	7047	3308	4085	5090	4944	7601	7569
0:21:30	30.0	2796	3464	3971	5433	6711	7215	3329	4073	4971	4843	7606	7680
0:21:35	30.0	2781	3441	4030	5524	6674	7038	3292	4107	5024	4953	7623	7641
0:21:40	30.0	2786	3480	3958	5492	6702	7145	3372	4071	5037	4924	7535	7663
0:21:45	30.0	2793	3461	3983	5387	6762	7119	3333	4091	5071	4927	7659	7544
0:21:50	30.0	2798	3470	3981	5429	6702	7198	3282	4091	5062	4900	7554	7605
0:21:55	30.0	2738	3460	3990	5412	6640	7182	3274	4131	5014	4943	7750	7542
0:22:00	30.0	2766	3501	3974	5522	6679	7108	3371	4098	5155	4875	7542	7667
0:22:05	30.0	2751	3467	3973	5397	6674	7212	3346	4105	5024	4975	7612	7599
0:22:10	30.0	2772	3463	3956	5491	6654	7152	3324	4082	4990	4957	7614	7682
0:22:15	30.0	2816	3427	3996	5437	6744	7154	3377	4137	5050	4911	7594	7595
0:22:20	30.0	2789	3514	3990	5427	6673	7191	3319	4080	5040	4917	7560	7657
0:22:25	30.0	2768	3472	3964	5441	6661	7115	3266	4138	4912	4916	7633	7548
0:22:30	30.0	2780	3503	4004	5526	6658	7151	3291	4053	4991	4927	7529	7675
0:22:35	30.0	2731	3515	3981	5483	6606	7168	3310	4023	5030	5002	7507	7584
0:22:40	30.0	2711	3475	3921	5476	6634	7107	3368	4047	4929	5008	7544	7585
0:22:45	30.0	2777	3521	3990	5391	6686	7185	3364	4082	5014	4917	7499	7518
0:22:50	30.0	2807	3433	4007	5449	6662	7125	3351	4084	5078	4896	7525	7511
0:22:55	30.0	2785	3463	4000	5410	6740	7131	3359	4051	5015	4964	7585	7605
0:23:00	30.0	2744	3482	3928	5476	6678	7137	3280	4169	5159	4872	7593	7640
0:23:05	30.0	2780	3489	3963	5433	6645	7160	3341	4078	4984	4880	7511	7527
0:23:10	30.0	2766	3464	3958	5502	6647	7121	3355	4033	5116	4973	7600	7648
0:23:15	30.0	2815	3481	3914	5380	6624	7249	3304	4092	5053	4930	7581	7650
0:23:20	30.0	2720	3449	3950	5470	6754	7176	3348	4050	5042	4921	7654	7553
0:23:25	30.0	2704	3436	3963	5469	6602	7121	3337	4079	5034	4921	7546	7583
0:23:30	30.0	2709	3431	3943	5510	6714	7120	3350	4120	5014	4942	7569	7660
0:23:35	30.0	2735	3484	3974	5462	6696	7109	3305	4072	4981	4955	7414	7605
0:23:40	30.0	2770	3370	4007	5458	6670	7176	3338	4096	4931	4887	7588	7558
0:23:45	30.0	2740	3405	3970	5339	6681	7202	3310	4119	5012	4982	7544	7545
0:23:50	30.0	2724	3429	3881	5470	6698	7103	3252	4110	5122	4958	7543	7573
0:23:55	30.0	2747	3474	3975	5506	6708	7179	3293	4053	5002	4979	7544	7631
0:24:00	30.0	2760	3479	3937	5420	6565	7033	3248	4130	4989	4900	7575	7632
0:24:05	30.0	2765	3443	3992	5454	6668	7216	3263	4062	5016	4920	7568	7601
0:24:10	30.0	2766	3455	3942	5416	6778	7044	3292	4122	5019	4868	7526	7618
0:24:15	30.0	2779	3477	3978	5379	6691	7125	3355	4097	4949	4939	7548	7606
0:24:20	30.0	2729	3413	4003	5427	6641	7144	3245	3985	5040	4922	7552	7665
0:24:25	30.0	2757	3454	3940	5345	6706	7130	3287	4091	5079	4919	7561	7726
0:24:30	30.0	2763	3415	3936	5392	6694	7183	3309	4101	5006	4911	7562	7630
0:24:35	30.0	2733	3439	3931	5419	6683	7130	3231	4128	5045	4967	7498	7555
0:24:40	30.0	2777	3453	3948	5462	6590	7058	3308	4085	4938	4892	7529	7594
0:24:45	30.0	2744	3406	3968	5388	6635	7111	3312	4017	4997	4873	7541	7500
0:24:50	30.0	2816	3450	3934	5357	6732	7114	3260	4072	5043	4925	7585	7550
0:24:55	30.0	2751	3388	3888	5412	6642	7044	3305	4143	4985	4909	7576	7735
0:25:00	30.0	2687	3511	3975	5387	6627	6941	3323	4039	4995	4966	7550	7561
0:25:05	30.0	2739	3516	3897	5448	6687	7076	3267	4164	4989	4824	7516	7655
0:25:10	30.0	2754	3496	3921	5339	6661	7153	3297	4080	4989	4879	7595	7620
0:25:15	30.0	2781	3476	3986	5485	6673	7082	3310	4073	4971	4860	7501	7522
0:25:20	30.0	2741	3393	3952	5391	6636	7195	3311	4056	4968	4931	7452	7568
0:25:25	30.0	2753	3421	3904	5399	6584	7073	3292	3969	4911	4965	7525	7671
0:25:30	30.0	2763	3455	3954	5448	6627	7085	3278	4012	4928	4864	7510	7642
0:25:35	30.0	2749	3463	4005	5455	6650	7097	3320	4135	4977	4814	7548	7583
0:25:40	30.0	2740	3389	3946	5468	6591	7046	3274	4039	4978	4890	7566	7574
0:25:45	30.0	2738	3406	3902	5401	6504	7074	3364	3951	5049	4874	7499	7578
0:25:50	30.0	2717	3374	3883	5502	6672	7169	3304	4032	4979	4852	7538	7604
0:25:55	30.0	2728	3448	3975	5432	6632	7106	3302	4025	5021	4908	7523	7536
0:26:00	30.0	2697	3417	3863	5354	6619	7065	3316	4005	4981	4872	7574	7555
0:26:05	30.0	2782	3476	3982	5453	6673	7033	3267	4039	4970	4920	7599	7529
0:26:10	30.0	2784	3433	3860	5417	6625	7016	3294	4072	5022	4810	7570	7566
0:26:15	30.0	2752	3436	3957	5483	6554	7209	3280	4043	4970	4836	7532	7555
0:26:20	30.0	2778	3395	3918	5434	6635	7106	3267	4024	4992	4938	7463	7625
0:26:25	30.0	2775	3435	3915	5459	6618	7179	3241	4065	5005	4933	7496	7560
0:26:30	30.0	2723	3420	3990	5348	6617	7083	3287	4094	5061	4855	7610	7460
0:26:35	30.0	2790	3359	3948	5330	6568	7043	3289	4054	5000	4930	7492	7740
0:26:40	30.0	2735	3471	4001	5439	6690	7069	3259	4061	4986	4885	7540	7599
0:26:45	30.0	2790	3452	3842	5403	6639	7119	3243	4053	5050	4894	7510	7652
0:26:50	30.0	2751	3467	3912	5377	6533	7019	3272	4048	5018	4854	7522	7529
0:26:55	30.0	2740	3380	3960	5452	6519	7119	3339	4047	4979	4901	7544	7664
0:27:00	30.0	2715	3399	3990	5272	6638	7023	3265	4058	5027	4784	7493	7531
0:27:05	30.0	2713	3479	3893	5406	6539	6996	3269	4085	5015	4939	7506	7544
0:27:10	30.0	2753	3400	3876	5379	6507	7046	3261	4021	5042	4845	7575	7686
0:27:15	30.0	2739	3426	3914	5370	6575	7214	3262	4018	4950	4882	7505	7546
0:27:20	30.0	2805	3410	3918	5443	6629	7005	3313	3975	4993	4850	7491	7488
0:27:25	30.0	2727	3444	3893	5364	6498	7057	3262	4110	5029	4825	7558	7498
0:27:30	30.0	2721	3404	3888	5432	6647	6989	3247	4022	4985	4904	7520	7531
0:27:35	30.0	2712	3454	3956	5370	6631	7052	3236	4064	4979	4906	7566	7515
0:27:40	30.0	2699	3451	3950	5360	6667	7137	3258	4001	4990	4886	7508	7543
0:27:45	30.0	2704	3437	3921	5444	6591	7066	3265	3995	5008	4936	7567	7548
0:27:50	30.1	2810	3420	3973	5351	6604	7011	3214	4036	5010	4902	7594	7557
0:27:55	30.0	2709	3460	3981	5455	6544	7104	3290	4020	4917	4850	7482	7478
0:28:00	30.0	2765	3396	3938	5399	6576	7067	3254	4008	5006	4885	7520	7423
0:28:05	30.0	2704	3487	3923	5424	6564	7066	3293	4023	4962	4865	7525	7528
0:28:10	30.0	2748	3477	3928	5421	6567	7018	3279	4099	4964	4804	7461	7539
0:28:15	30.0	2731	3439	3937	5300	6556	7013	3272	3998	4951	4819	7584	7519
0:28:20	30.0	2739	3420	3943	5349	6671	7040	3305	4013	4967	4817	7511	7613
0:28:25	30.0	2703	3450	3934	5377	6633	6962	3268	4036	4975	4918	7437	7525
0:28:30	30.0	2707	3407	3986	5294	6449	7084	3289	4033	4914	4915	7437	7476
0:28:35	30.0	2750	3391	3963	5418	6584	7010	3262	4024	5039	4853	7421	7476
0:28:40	30.0	2687	3436	3868	5289	6592	7121	3243	4069	5000	4893	7492	7471
0:28:45	30.0	2693	3398	3941	5340	6576	7065	3295	3949	4923	4903	7440	7474
0:28:50	30.0	2758	3417	3943	5348	6565	7005	3316	4061	5007	4812	7487	7592
0:28:55	30.0	2782	3474	3931	5342	6619	7012	3264	4071	5007	4946	7475	7601
0:29:00	30.0	2769	3429	3890	5331	6545	7025	3270	4042	4909	4928	7494	7547
0:29:05	30.0	2747	3423	3917	5375	6598	7045	3281	3991	4948	4903	7476	7528
0:29:10	30.0	2705	3367	3905	5463	6558	6987	3285	3975	4958	4808	7398	7509
0:29:15	30.0	2738	3397	3916	5304	6561	7040	3283	4023	5036	4897	7480	7408
0:29:20	30.0	2709	3349	3913	5310	6608	7045	3315	4043	4934	4841	7525	7496
0:29:25	30.0	2741	3439	3942	5323	6646	7110	3222	4054	4865	4934	7484	7575
0:29:30	30.0	2739	3407	3863	5365	6604	6929	3281	4014	5012	4854	7552	7478
0:29:35	30.0	2691	3429	3867	5312	6605	7027	3184	3975	5002	4820	7422	7458
0:29:40	30.0	2684	3455	3894	5307	6490	6996	3274	4003	4880	4829	7581	7616
0:29:45	30.0	2709	3349	3932	5426	6522	7066	3259	4007	4999	4874	7348	7495
0:29:50	30.0	2744	3382	3900	5395	6538	7073	3325	3999	4923	4911	7419	7562
0:29:55	30.0	2739	3338	3910	5348	6561	7019	3281	4040	4917	4913	7487	7404
0:30:00	30.0	2745	3353	3936	5301	6611	7009	3250	4008	4937	4789	7610	7531

Results
	1	2	3	4	5	6	7	8	9	10	11	12
A													Max V [295,335]
													R-Squared [295,335]
													t at Max V [295,335]
													Lagtime [295,335]
B													Max V [295,335]
													R-Squared [295,335]
													t at Max V [295,335]
													Lagtime [295,335]
C													Max V [295,335]
													R-Squared [295,335]
													t at Max V [295,335]
													Lagtime [295,335]
D													Max V [295,335]
													R-Squared [295,335]
													t at Max V [295,335]
													Lagtime [295,335]
E													Max V [295,335]
													R-Squared [295,335]
													t at Max V [295,335]
													Lagtime [295,335]
F													Max V [295,335]
													R-Squared [295,335]
													t at Max V [295,335]
													Lagtime [295,335]
G	-1680000.000	-2508000.000	-2244000.000	-2964000.000	-3036000.000	2904000.000	1608000.000	-3072000.000	-2904000.000	-3204000.000	-3468000.000	3360000.000	Max V [295,335]
	1.000	1.000	1.000	1.000	1.000	1.000	1.000	1.000	1.000	1.000	1.000	1.000	R-Squared [295,335]
	0:05:28	0:00:08	0:00:43	0:01:28	0:01:03	0:04:28	0:02:13	0:00:28	0:00:08	0:00:33	0:01:03	0:26:33	t at Max V [295,335]
	0:04:33	0:00:04	0:00:26	0:01:07	0:00:42	0:05:25	0:02:58	0:00:18	0:00:06	0:00:24	0:00:45	0:27:46	Lagtime [295,335]
H													Max V [295,335]
													R-Squared [295,335]
													t at Max V [295,335]
													Lagtime [295,335]

