

Software Version	3.03.14

Procedure Details

Plate Type	96 WELL PLATE
Set Temperature	Setpoint 30°C
	Preheat before moving to next step
Start Kinetic	Runtime 1:56:00 (HH:MM:SS), Interval 0:00:07, 995 Reads
    Read	Fluorescence Endpoint
	C1..C12
	Filter Set 1
	    Excitation: 295,  Emission: 335
	    Optics: Top,  Gain: 80
	Light Source: Xenon Flash,  Lamp Energy: High
	Read Speed: Normal,  Delay: 0 msec,  Measurements/Data Point: 5
	Read Height: 8 mm
End Kinetic	

Layout
	1	2	3	4	5	6	7	8	9	10	11	12
A													Well ID
B													Well ID
C	SPL1	SPL2	SPL3	SPL4	SPL5	SPL6	SPL7	SPL8	SPL9	SPL10	SPL11	SPL12	Well ID
D													Well ID
E													Well ID
F													Well ID
G													Well ID
H													Well ID

295,335

Time	T° 295,335	C1	C2	C3	C4	C5	C6	C7	C8	C9	C10	C11	C12
0:00:00	30.0	7487	9946	12238	15222	15141	16897	17651	21197	22560	26599	27262	32144
0:00:07	30.0	7543	10155	12367	14799	15368	17049	17989	21176	23342	26668	27686	32184
0:00:14	30.0	7650	10078	12656	14832	15482	17400	18066	21321	23407	26695	27731	32469
0:00:21	30.0	7589	10095	12690	14691	15541	17171	17866	21218	23581	26251	27930	32307
0:00:28	30.0	7524	10106	12659	14972	15536	17397	17663	21126	23492	26488	28159	32592
0:00:35	30.0	7448	10115	12576	14772	15469	17227	17827	21118	23629	26523	28023	32723
0:00:42	30.0	7478	10296	12564	14760	15521	17315	18038	21009	23788	26560	28033	32802
0:00:49	30.0	7479	10177	12647	15048	15365	17210	17931	21012	23544	26524	27783	32680
0:00:56	30.0	7446	10287	12654	14863	15490	17181	17878	20922	23473	26395	27855	32675
0:01:03	30.0	7339	10056	12609	14865	15599	17272	17967	21089	23864	26354	27588	32793
0:01:10	30.0	7449	10036	12624	14885	15538	17211	17866	21093	23671	26413	27605	32753
0:01:17	30.0	7359	10009	12635	14769	15526	17262	17609	21306	23766	26371	27637	32512
0:01:24	30.0	7458	10029	12607	14865	15430	17256	17919	21110	23642	26145	27954	32740
0:01:31	30.0	7412	10012	12668	14882	15490	17158	17810	21231	23483	26087	27857	32840
0:01:38	30.0	7475	10047	12700	14805	15382	17184	17809	21265	23553	26125	27763	33076
0:01:45	30.0	7423	10075	12648	14624	15239	17112	17706	21215	23500	26252	27818	32903
0:01:52	30.0	7351	10088	12533	14776	15293	17151	17826	21069	23183	25876	27633	32739
0:01:59	30.0	7381	9997	12420	14440	15316	17236	17865	21175	23169	26032	27632	32843
0:02:06	30.0	7354	9931	12665	14521	14995	17176	17878	21205	23222	25905	27701	32723
0:02:13	30.0	7304	9881	12542	14521	15262	17159	17806	21157	23151	25868	27765	32665
0:02:20	30.0	7471	9910	12518	14492	15207	17049	17687	21072	23129	25901	27790	32593
0:02:27	30.0	7383	9960	12340	14423	15013	17198	17480	21357	23386	25894	27609	32828
0:02:34	30.0	7411	9978	12383	14647	15078	17021	17748	21204	23455	25843	27861	32680
0:02:41	30.0	7364	9929	12372	14500	15122	17098	17747	21013	22883	25852	27748	32463
0:02:48	30.0	7334	9776	12530	14344	15073	17111	17569	21047	23237	25575	27782	32571
0:02:55	30.0	7310	9815	12513	14291	15120	17222	17590	21130	23019	25745	27441	32552
0:03:02	30.0	7347	9799	12270	14306	15168	17051	17753	20927	23136	25452	27678	32618
0:03:09	30.0	7397	9765	12333	14236	15000	17086	17670	20954	23082	25366	27447	32248
0:03:16	30.0	7385	9838	12446	14389	14959	16877	17531	20844	23007	25531	27684	32655
0:03:23	30.0	7360	10010	12423	14237	15034	16833	17823	20884	23051	25596	27690	32361
0:03:30	30.0	7360	9835	12237	14077	15113	16975	17498	20783	23237	25667	27503	32531
0:03:37	30.0	7259	9838	12383	14413	14939	16887	17736	20961	23078	25772	27636	32271
0:03:44	30.0	7299	9672	12277	14180	15007	16873	17481	20763	23058	25586	27714	32448
0:03:51	30.0	7332	9740	12370	14243	15026	16976	17588	20984	22835	25491	27370	32563
0:03:58	30.0	7361	9885	12273	14390	14980	16858	17343	20959	23080	25508	27589	32154
0:04:05	30.0	7294	9858	12164	14293	15068	16878	17470	20935	22817	25515	27571	32160
0:04:12	30.0	7273	9789	12340	14205	14999	16929	17482	20937	22912	25568	27429	32331
0:04:19	30.0	7321	9749	12443	14221	14609	16892	17588	20779	23086	25136	27614	32605
0:04:26	30.0	7348	9789	12249	14172	14828	16954	17439	20773	23062	25368	27647	32325
0:04:33	30.0	7286	9750	12332	14085	14847	16965	17357	20872	22885	25468	27323	32468
0:04:40	30.0	7311	9749	12368	14186	14906	16990	17540	20793	23026	25409	27344	32268
0:04:47	30.0	7294	9677	12179	14146	14922	16761	17516	20874	22917	25523	27513	32335
0:04:54	30.0	7306	9789	12354	14096	15169	16890	17414	20754	22971	25471	27476	32149
0:05:01	30.0	7284	9778	12248	14153	14706	16810	17555	21000	22833	25321	27457	32287
0:05:08	30.0	7323	9780	12213	14190	14847	16794	17517	20764	22958	25320	27501	32214
0:05:15	30.0	7304	9816	12301	14159	14750	16992	17488	20631	22954	25273	27682	32120
0:05:22	30.0	7233	9694	12434	13968	14867	16796	17556	21006	23082	25539	27450	31784
0:05:29	30.0	7284	9759	12254	14157	14961	16783	17511	20900	22888	25331	27499	31930
0:05:36	30.0	7218	9658	12363	13941	14822	16702	17386	20916	22704	25434	27553	31975
0:05:43	30.0	7136	9783	12187	14048	14868	16838	17565	20883	23176	25281	27544	32146
0:05:50	30.0	7232	9697	12081	14053	14848	16991	17329	20879	22819	25319	27503	32081
0:05:57	30.0	7292	9784	12274	14099	14769	16712	17465	20908	22891	25262	27544	32166
0:06:04	30.0	7235	9700	12261	14083	14735	16916	17407	20773	22507	25342	27533	32173
0:06:11	30.0	7184	9675	12337	14129	15013	16771	17358	20677	22911	25299	27426	32129
0:06:18	30.0	7213	9645	12255	14124	14967	16693	17389	20535	23042	25298	27527	32304
0:06:25	30.0	7234	9738	12261	14040	14876	16816	17546	20836	22963	25369	27487	32195
0:06:32	30.0	7201	9632	12198	13990	14792	16783	17431	20658	22684	25148	27433	32003
0:06:39	30.0	7227	9522	12236	14239	14896	16829	17411	20812	22904	25328	27450	32054
0:06:46	30.0	7252	9635	12201	14030	14965	16845	17346	20681	22859	25311	27321	31892
0:06:53	30.0	7214	9601	12158	13994	14820	16776	17500	20664	22900	25403	27213	31937
0:07:00	30.0	7259	9739	12052	13969	14864	16722	17294	20944	22801	25346	27336	31803
0:07:07	30.0	7287	9654	12137	13923	14837	16735	17175	20694	22712	25191	27349	31952
0:07:14	30.0	7237	9669	12188	14045	14717	16592	17325	20697	22824	25277	27401	31950
0:07:21	30.0	7266	9650	12171	13949	14795	16836	17199	20823	22671	25344	27427	31725
0:07:28	30.0	7270	9675	12225	13930	14827	16734	17390	20659	22640	25281	27193	31902
0:07:35	30.0	7286	9656	12196	13990	14819	16712	17315	20673	22758	25141	27378	31990
0:07:42	30.0	7209	9577	12108	13947	14681	16781	17469	20874	22730	25408	27380	32143
0:07:49	30.0	7172	9599	12232	14016	14809	16891	17247	20712	22902	24963	27416	31970
0:07:56	30.0	7100	9659	12226	13909	14732	16709	17458	20771	22752	25349	27279	31986
0:08:03	30.0	7233	9650	12176	13842	14877	16741	17251	20688	22925	25291	27345	32094
0:08:10	30.0	7194	9683	12161	14019	14698	16731	17186	20532	22834	25211	27400	31858
0:08:17	30.0	7190	9638	12249	13928	14841	16605	17220	20739	22808	25298	27342	32027
0:08:24	30.0	7186	9530	12258	13990	14717	16672	17389	20676	22793	25081	27256	31994
0:08:31	30.0	7184	9716	12098	13963	14733	16742	17454	20713	22740	25401	27356	31985
0:08:38	30.0	7098	9669	12159	13878	14778	16655	17395	20759	22667	25236	27296	32178
0:08:45	30.0	7179	9579	12106	13950	14782	16919	17361	20595	22890	25105	27291	31586
0:08:52	30.0	7085	9641	12110	14003	14690	16633	17212	20437	22904	25124	27229	32013
0:08:59	30.0	7249	9786	12091	14077	14674	16779	17306	20599	22687	25197	27412	32046
0:09:06	30.0	7158	9583	12180	13962	14647	16706	17175	20599	22807	25386	27266	31557
0:09:13	30.0	7255	9626	12294	13807	14629	16804	17291	20673	22921	25189	27171	31608
0:09:20	30.0	7192	9770	12049	13925	14823	16781	17515	20738	22775	25258	27119	31895
0:09:27	30.0	7170	9628	12206	13908	14658	16816	17224	20314	22614	25463	27060	31694
0:09:34	30.0	7141	9644	12149	13984	14859	16656	17367	20552	22650	25090	27278	31857
0:09:41	30.0	7107	9638	12199	13905	14679	16679	17347	20575	22492	25120	27070	31752
0:09:48	30.0	7221	9757	11984	13740	14858	16468	17398	20469	22821	25079	27183	32032
0:09:55	30.0	7218	9755	12175	13922	14710	16492	17261	20471	22574	25183	27093	31922
0:10:02	30.0	7215	9696	12232	13755	14609	16504	17281	20457	22616	25409	26969	31646
0:10:09	30.0	7102	9458	12034	13924	14745	16796	17306	20454	22652	25327	26993	32014
0:10:16	30.0	7094	9490	12115	13894	14627	16643	17290	20669	22589	25081	27020	31412
0:10:23	30.0	7166	9644	12082	13933	14695	16657	17343	20612	22664	25144	27345	31442
0:10:30	30.0	7180	9759	12139	13851	14484	16681	17341	20574	22668	25234	27125	31650
0:10:37	30.0	7173	9595	12105	13943	14624	16583	17325	20507	22507	25331	27131	31836
0:10:44	30.0	7101	9666	12048	13977	14539	16611	17206	20643	22782	25112	27131	32009
0:10:51	30.0	7147	9559	12082	13903	14508	16811	17361	20577	22473	25101	27390	31823
0:10:58	30.0	7143	9683	12100	14047	14700	16775	17210	20610	22642	25131	27044	31571
0:11:05	30.0	7163	9604	11922	14016	14583	16680	17408	20557	22658	25114	27061	31633
0:11:12	30.0	7125	9624	12083	13852	14539	16731	17229	20431	22554	25012	27262	31619
0:11:19	30.0	7152	9618	12171	13877	14610	16498	17320	20535	22716	25193	26864	31687
0:11:26	30.0	7169	9602	12062	13913	14713	16539	17315	20518	22639	25301	27110	31623
0:11:33	30.0	7114	9526	12087	13962	14588	16672	17152	20298	22579	24899	27077	31893
0:11:40	30.0	7101	9634	12084	13935	14606	16582	17258	20416	22678	25279	26917	31743
0:11:47	30.0	7125	9606	12142	13995	14654	16659	17304	20408	22484	25126	26893	31675
0:11:54	30.0	7182	9619	12071	14069	14760	16695	17127	20398	22733	25035	26954	31443
0:12:01	30.0	7162	9564	12103	13986	14607	16550	17059	20328	22546	25198	26983	31459
0:12:08	30.0	7156	9658	12117	13952	14749	16462	17131	20452	22891	24955	26844	31832
0:12:15	30.0	7092	9617	12165	13947	14721	16343	17302	20308	22681	25006	26945	31395
0:12:22	30.0	7173	9628	12000	14030	14625	16621	17101	20423	22754	25184	26821	31420
0:12:29	30.0	7152	9423	11836	13697	14654	16673	17177	20388	22466	25210	26920	31681
0:12:36	30.0	7083	9578	12039	13956	14535	16413	17191	20218	22704	25185	26794	31549
0:12:43	30.0	7059	9512	11992	13948	14601	16521	17174	20259	22294	24902	27089	31229
0:12:50	30.0	7107	9515	12080	13925	14663	16395	17033	20326	22517	25130	27243	31570
0:12:57	30.0	7082	9580	12067	14010	14521	16559	17200	20254	22517	24969	27032	31236
0:13:04	30.0	7231	9637	12168	14039	14632	16484	17246	20335	22515	25270	26857	31533
0:13:11	30.0	7074	9516	12104	13927	14526	16643	17202	20331	22436	25256	26983	31555
0:13:18	30.0	7046	9541	12006	13992	14623	16512	17251	20371	22517	25083	27176	31462
0:13:25	30.0	7069	9678	11958	14054	14520	16519	17157	20381	22682	25116	27095	31419
0:13:32	30.0	7032	9495	11915	13817	14467	16564	17070	20349	22536	24979	26912	31309
0:13:39	30.0	6981	9552	12061	14010	14480	16551	17100	20438	22393	25109	26871	31372
0:13:46	30.0	7042	9458	12106	14026	14630	16448	17130	20338	22414	25048	26716	31553
0:13:53	30.0	7155	9544	11957	13609	14451	16428	17172	20194	22495	24963	26948	31212
0:14:00	30.0	7107	9565	12099	13925	14516	16535	17245	20417	22338	24927	26868	31422
0:14:07	30.0	7065	9662	11904	13942	14527	16541	17031	20479	22351	24849	26761	31405
0:14:14	30.0	7014	9588	11961	14082	14601	16397	17079	20326	22279	25233	26679	31528
0:14:21	30.0	7049	9544	12063	13983	14660	16524	17126	20285	22513	25141	26902	31228
0:14:28	30.0	7009	9507	11985	13955	14451	16381	17150	20462	22608	25011	26501	31291
0:14:35	30.0	7046	9478	12124	14152	14564	16396	17133	20217	22455	25136	27090	31206
0:14:42	30.0	7071	9407	11954	14014	14549	16594	17022	20283	22385	24861	26911	31512
0:14:49	30.0	7032	9524	11928	14030	14452	16414	17032	20445	22350	25150	26884	31354
0:14:56	30.0	7051	9605	11878	13986	14538	16540	16894	20357	22241	24872	26737	31397
0:15:03	30.0	7017	9466	12063	13846	14405	16333	17164	20203	22627	24876	26689	31288
0:15:10	30.0	6971	9465	11967	14074	14350	16562	16938	20216	22507	25104	26819	31189
0:15:17	30.0	7013	9554	12042	13961	14400	16601	16946	20345	22483	24946	26845	31232
0:15:24	30.0	6982	9372	11852	13942	14407	16421	16830	20170	22443	24898	26821	31349
0:15:31	30.0	7012	9499	11995	14028	14471	16265	17030	20264	22421	24827	26844	31087
0:15:38	30.0	7029	9479	11807	13996	14368	16281	17132	20334	22408	24998	27039	31461
0:15:45	30.0	7089	9432	11807	13957	14589	16406	16922	20173	22439	24947	26849	31412
0:15:52	30.0	6989	9483	12037	14094	14625	16326	16959	20211	22221	24972	26479	31212
0:15:59	30.0	7101	9504	11776	13871	14444	16288	17069	20228	22378	24970	26652	31215
0:16:06	30.0	6943	9494	11931	13953	14382	16302	16923	20128	22497	24741	26726	31273
0:16:13	30.0	7066	9407	11916	13836	14373	16462	17024	20244	22323	25051	26819	31013
0:16:20	30.0	6987	9480	11959	13990	14473	16347	16803	20384	22518	24932	26588	31085
0:16:27	30.0	7042	9539	11852	14030	14578	16376	16979	20323	22405	24691	26790	31213
0:16:34	30.0	6977	9494	11938	14145	14448	16452	16906	20131	22225	24997	26699	31129
0:16:41	30.0	6961	9421	11919	13969	14489	16242	17032	20238	22216	25005	26686	31105
0:16:48	30.0	7078	9502	11843	13970	14488	16528	16905	20049	22233	25019	26956	31265
0:16:55	30.0	6961	9441	11889	13882	14441	16510	16963	20181	22200	24708	26699	31074
0:17:02	30.0	7044	9481	11908	14079	14413	16176	16957	20165	22395	25067	26492	31180
0:17:09	30.0	6982	9381	11945	13989	14492	16221	16944	20257	22409	24946	26875	31378
0:17:16	30.0	6993	9453	11884	13849	14301	16215	16857	20090	22388	25090	26691	31218
0:17:23	30.0	6917	9420	11924	13923	14402	16431	16823	20237	22152	24749	26936	31169
0:17:30	30.0	7072	9391	12021	13949	14454	16342	16965	20243	22241	24891	26789	31473
0:17:37	30.0	6970	9447	11995	13972	14325	16287	16987	20234	22407	24912	26847	30977
0:17:44	30.0	7041	9428	11854	13992	14258	16352	17009	20102	22518	25005	26688	31065
0:17:51	30.0	6971	9335	11892	13836	14318	16156	16920	20179	22237	24723	26605	31377
0:17:58	30.0	7009	9384	11878	13967	14426	16249	16811	20181	22187	24729	26602	31135
0:18:05	30.0	7015	9637	11923	13936	14517	16305	16894	19933	22305	24755	26732	31196
0:18:12	30.0	7027	9420	11810	13908	14460	16206	16995	20136	22201	24873	26621	31001
0:18:19	30.0	6951	9357	11844	13968	14534	16276	16940	20112	22475	24768	26793	31139
0:18:26	30.0	6994	9510	11879	13953	14224	16286	16973	20077	22339	24870	26567	31206
0:18:33	30.0	6978	9433	11870	13876	14481	16196	17054	20184	22172	24848	26487	31043
0:18:40	30.0	7050	9334	11925	13905	14371	16267	16915	20075	22218	24746	26430	30967
0:18:47	30.0	6975	9395	11820	13870	14407	16210	16874	20070	22360	24581	26570	31126
0:18:54	30.0	7079	9537	11849	13708	14276	16342	16848	20178	22232	24871	26423	30715
0:19:01	30.0	7007	9344	11850	13957	14451	16217	16846	20119	22249	24836	26669	31195
0:19:08	30.0	6895	9455	11870	13894	14222	16399	16888	20261	22235	24818	26452	31130
0:19:15	30.0	6988	9361	11711	13829	14376	16267	17004	20139	22355	24791	26551	30804
0:19:22	30.0	7050	9383	11719	13959	14246	16337	16896	20165	22289	24785	26698	30967
0:19:29	30.0	7032	9348	11821	13805	14473	16159	16845	19948	22136	24758	26688	30964
0:19:36	30.0	6925	9299	11653	13836	14350	16188	16911	20092	22127	24792	26261	31094
0:19:43	30.0	6900	9294	11816	13957	14335	16278	16780	20186	22258	24805	26654	31181
0:19:50	30.0	7021	9413	11965	13870	14615	16232	16741	19970	22217	24681	26532	30894
0:19:57	30.0	6948	9338	12004	13864	14315	16098	16793	20070	22260	24837	26313	30910
0:20:04	30.0	6910	9340	11822	13817	14399	16305	16902	19988	22115	24763	26579	30966
0:20:11	30.0	6916	9360	11845	13777	14226	16328	16774	20040	22260	24783	26501	30841
0:20:18	30.0	7009	9413	11790	13763	14285	16257	16930	20093	22320	24526	26463	31082
0:20:25	30.0	7040	9363	11859	13966	14344	16318	16809	19905	22246	24500	26393	30736
0:20:32	30.0	6844	9329	11680	14050	14248	16259	16791	19845	22263	24596	26540	30918
0:20:39	30.0	6902	9363	11760	13890	14354	16227	16848	20062	22146	24736	26318	30975
0:20:46	30.0	6990	9431	11839	13704	14230	16157	16664	19961	22305	24828	26502	31012
0:20:53	30.0	6943	9453	11788	13755	14453	16285	16882	20047	21888	24824	26461	30857
0:21:00	30.0	6883	9304	11802	13841	14299	16246	16667	20233	21895	24666	26306	30808
0:21:07	30.0	6881	9363	11732	13775	14205	16265	16818	20028	22199	24614	26360	30847
0:21:14	30.0	6944	9424	11702	13736	14294	16224	16824	20147	22097	24932	26385	30947
0:21:21	30.0	6903	9314	11735	13816	14421	16195	16680	20036	22143	24700	26427	30810
0:21:28	30.0	6960	9330	11776	13933	14184	16149	16617	19933	22232	24646	26218	30918
0:21:35	30.0	7014	9333	11711	13870	14284	16189	16786	20058	22256	24424	26413	30636
0:21:42	30.0	6959	9320	11855	13857	14310	15994	16799	20133	22159	24532	26744	30956
0:21:49	30.0	6996	9362	11751	13774	14159	16285	16789	19838	22159	24713	26500	30806
0:21:56	30.0	6936	9361	11773	13790	14354	16094	16778	19970	21954	24676	26550	30696
0:22:03	30.0	6970	9366	11771	13856	14329	16121	16778	20104	22251	24654	26307	30790
0:22:10	30.0	6952	9338	11816	13846	14240	16031	16648	20123	22143	24685	26158	30939
0:22:17	30.0	6924	9257	11713	13804	14329	16128	16730	20044	22099	24578	26610	30611
0:22:24	30.0	6880	9365	11732	13745	14277	16111	16824	19904	22230	24613	26338	30924
0:22:31	30.0	6988	9421	11795	13878	14294	16255	16760	20045	21991	24529	26312	30736
0:22:38	30.0	6956	9251	11675	13802	14290	16287	16746	20048	22350	24636	26200	30957
0:22:45	30.0	6990	9309	11894	13831	14294	16079	16879	19821	22013	24667	26158	30951
0:22:52	30.0	6991	9276	11687	13683	14118	16021	16740	19944	21926	24422	26176	30720
0:22:59	30.0	6974	9287	11738	13846	14420	16216	16666	19911	22078	24388	26597	30431
0:23:06	30.0	6931	9270	11713	13793	14253	16224	16762	19858	22143	24586	26378	30966
0:23:13	30.0	6937	9219	11840	13741	14387	16186	16728	19902	22122	24602	26157	30843
0:23:20	30.0	6903	9193	11791	13766	14210	16161	16681	19938	21976	24570	26470	30953
0:23:27	30.0	6942	9320	11660	13708	14223	16157	16739	19965	22044	24806	26385	30687
0:23:34	30.0	6889	9425	11531	13684	14262	16184	16863	19776	22113	24594	26193	30708
0:23:41	30.0	6937	9374	11775	13819	14183	15973	16812	19780	22134	24490	26103	30782
0:23:48	30.0	6855	9401	11676	13826	14244	16094	16634	19961	21859	24372	26442	30732
0:23:55	30.0	6833	9289	11683	13720	14226	16154	16658	19886	22076	24431	26450	30499
0:24:02	30.0	6908	9148	11769	13692	14325	15990	16576	19826	22083	24504	26259	30393
0:24:09	30.0	6968	9315	11742	13865	14228	16080	16773	19876	21764	24622	26222	30645
0:24:16	30.0	6842	9435	11761	13833	14182	15971	16742	19937	22033	24587	26237	30525
0:24:23	30.0	6824	9185	11709	13729	14218	16096	16624	20060	21860	24502	26209	30767
0:24:30	30.0	6842	9409	11727	13709	14211	15971	16616	19892	21840	24375	26286	30367
0:24:37	30.0	6942	9338	11738	13624	14192	16111	16545	19773	22006	24413	26454	30635
0:24:44	30.0	6806	9285	11788	13680	14124	16189	16802	19783	22059	24340	26190	30623
0:24:51	30.0	6995	9197	11709	13642	14253	16180	16630	19958	22046	24626	26419	30521
0:24:58	30.0	6945	9361	11669	13750	14228	16075	16657	19906	21899	24724	26224	30512
0:25:05	30.0	6795	9293	11717	13791	14254	16081	16589	19908	21904	24534	26166	30582
0:25:12	30.0	6837	9244	11626	13574	14411	16152	16589	19953	22107	24441	26082	30714
0:25:19	30.0	6946	9197	11745	13619	14141	16059	16672	19994	21916	24484	26204	30788
0:25:26	30.0	6871	9259	11638	13754	14045	16038	16587	19896	22029	24360	26363	30668
0:25:33	30.0	6909	9150	11697	13736	14227	16039	16657	19945	22055	24617	26478	30344
0:25:40	30.0	6820	9337	11778	13644	14088	16086	16663	19947	21946	24556	26307	30960
0:25:47	30.0	6944	9305	11570	13493	14185	16182	16648	19968	21892	24450	26042	30461
0:25:54	30.0	6863	9268	11754	13612	14173	16108	16755	19712	21996	24458	26224	30274
0:26:01	30.0	6886	9159	11705	13763	14043	16043	16694	19711	21932	24594	26174	30487
0:26:08	30.0	6822	9242	11755	13634	14163	16077	16757	19989	21951	24389	26126	30515
0:26:15	30.0	6856	9342	11572	13606	14270	16112	16624	19811	21932	24554	26179	30635
0:26:22	30.0	6829	9367	11753	13662	14068	16020	16693	19892	21975	24119	25984	30537
0:26:29	30.0	6979	9174	11531	13657	14247	16101	16645	19916	22021	24572	26100	30644
0:26:36	30.0	6882	9159	11694	13634	14075	16068	16612	19721	22055	24462	26261	30379
0:26:43	30.0	6871	9254	11721	13711	14140	16077	16586	19935	22021	24457	26297	30550
0:26:50	30.0	6844	9213	11602	13626	14190	16084	16500	19704	21961	24316	26225	30650
0:26:57	30.0	6839	9327	11686	13612	14163	16027	16583	19808	21777	24460	26216	30799
0:27:04	30.1	6824	9171	11626	13583	14015	16060	16524	19924	22156	24342	26009	30647
0:27:11	30.0	6904	9228	11703	13666	14174	15907	16576	19762	21961	24457	26126	30605
0:27:18	30.0	6853	9203	11604	13555	14091	15991	16650	19853	22019	24090	25867	30249
0:27:25	30.0	6933	9316	11581	13674	14337	16087	16458	19776	21759	24293	26128	30638
0:27:32	30.0	6850	9167	11562	13810	13999	16016	16477	19744	21924	24504	26023	30703
0:27:39	30.0	6912	9113	11636	13526	14092	15889	16573	19865	21938	24378	26186	30607
0:27:46	30.0	6907	9180	11541	13661	14105	16198	16561	19788	21839	24336	26022	30602
0:27:53	30.0	6877	9297	11658	13663	14056	16146	16580	19574	21830	24378	26066	30486
0:28:00	30.0	6874	9260	11557	13656	14150	16044	16696	19627	21837	24410	26110	30690
0:28:07	30.0	6878	9243	11750	13640	14231	16035	16580	19713	21951	24494	26159	30222
0:28:14	30.0	6868	9263	11717	13586	14269	15956	16497	19672	22056	24220	26109	30899
0:28:21	30.0	6861	9209	11801	13493	14235	16052	16571	19642	21821	24486	26140	30354
0:28:28	30.0	6879	9230	11714	13609	14133	15958	16683	19736	21851	24368	26164	30541
0:28:35	30.0	6902	9216	11499	13650	14045	16107	16735	19731	21993	24382	26092	30386
0:28:42	30.1	6834	9254	11421	13603	14066	16031	16652	19707	22071	24393	26046	30338
0:28:49	30.0	6791	9188	11670	13619	14231	16062	16682	19804	21789	24189	25939	30565
0:28:56	30.0	6856	9207	11573	13742	13984	16016	16564	19565	21703	24389	25905	30478
0:29:03	30.0	6714	9305	11621	13639	14017	16124	16635	19806	21927	24042	26194	30353
0:29:10	30.0	6871	9122	11512	13586	14095	15895	16589	19857	21790	24128	26053	30521
0:29:17	30.0	6850	9240	11619	13642	14002	15815	16620	19859	21788	24476	26051	30481
0:29:24	30.0	6847	9218	11669	13552	14034	15884	16458	19707	21873	24290	26106	30117
0:29:31	30.0	6811	9283	11626	13565	14059	15937	16595	19762	21949	24333	25974	30596
0:29:38	30.0	6798	9315	11841	13563	14040	15936	16489	19759	21785	24353	26135	30403
0:29:45	30.0	6854	9275	11495	13602	14166	15996	16668	19666	21978	24495	26108	30657
0:29:52	30.0	6756	9167	11676	13768	14037	15870	16634	19746	21825	24425	25932	30136
0:29:59	30.0	6883	9171	11458	13697	14048	15980	16743	19779	21941	24420	25997	30262
0:30:06	30.0	6749	9148	11684	13659	14071	15958	16431	19585	21870	24365	26080	30676
0:30:13	30.0	6874	9145	11649	13541	13951	15875	16548	19701	21686	24577	26038	30372
0:30:20	30.0	6858	9271	11600	13430	14101	16102	16450	19802	21701	24287	26172	30116
0:30:27	30.0	6812	9210	11553	13640	14206	16134	16614	19646	21770	24570	25990	30423
0:30:34	30.0	6879	9200	11569	13442	14162	15877	16531	19661	21610	24285	26052	30061
0:30:41	30.0	6755	9110	11594	13655	14145	16048	16468	19686	21620	24300	25953	30042
0:30:48	30.0	6823	9187	11605	13512	14067	15772	16489	19773	21737	24210	26063	30291
0:30:55	30.0	6753	9205	11803	13520	14042	15936	16485	19887	21804	24165	26223	30290
0:31:02	30.0	6884	9240	11590	13441	14220	15903	16457	19606	21514	24130	25926	30367
0:31:09	30.0	6842	9059	11562	13620	14221	16081	16423	19678	21681	24284	26056	30211
0:31:16	30.0	6815	9068	11466	13542	14083	15894	16491	19580	21733	24364	25989	30433
0:31:23	30.0	6768	9077	11570	13329	14073	15899	16336	19738	21620	24168	26101	30475
0:31:30	30.0	6738	9122	11458	13468	13950	15832	16546	19657	21721	24363	25919	30315
0:31:37	30.0	6852	9133	11535	13620	14286	15849	16509	19629	21857	24201	26046	30329
0:31:44	30.0	6864	9139	11660	13571	14135	15827	16624	19701	21684	24231	25962	30310
0:31:51	30.0	6839	9227	11549	13541	14071	15723	16578	19594	21794	24080	25962	30239
0:31:58	30.0	6806	9220	11781	13581	13992	15931	16522	19816	21664	24382	26097	30276
0:32:05	30.0	6796	9130	11615	13533	14061	15952	16471	19657	21729	24339	25874	30163
0:32:12	30.0	6758	9167	11626	13503	14089	16075	16549	19613	21679	24341	25929	30220
0:32:19	30.0	6840	9107	11673	13519	14064	15851	16403	19591	21690	24170	25887	30165
0:32:26	30.0	6791	9108	11505	13376	14091	15752	16391	19838	21662	24414	25804	30366
0:32:33	30.0	6828	9300	11629	13502	13999	15828	16386	19642	21824	24223	26234	30175
0:32:40	30.0	6841	9101	11477	13520	13982	15823	16335	19570	21715	24142	25822	30337
0:32:47	30.0	6790	9199	11497	13511	13924	15805	16386	19768	21599	24161	25887	30247
0:32:54	30.0	6778	9066	11483	13453	13991	15939	16431	19556	21542	23925	25940	30306
0:33:01	30.0	6863	9131	11656	13573	13937	15968	16315	19745	21716	24167	25805	30290
0:33:08	30.0	6769	9111	11471	13506	14077	15893	16129	19562	21747	24384	26014	29988
0:33:15	30.0	6796	9114	11476	13691	13917	15827	16439	19425	21676	24324	25821	30266
0:33:22	30.0	6766	9088	11609	13489	14120	15938	16370	19646	21820	24069	25748	30284
0:33:29	30.0	6749	9092	11599	13545	14009	15842	16545	19730	21640	24007	25817	30204
0:33:36	30.0	6793	9201	11507	13599	14099	15833	16453	19712	21750	24156	25791	29859
0:33:43	30.0	6837	8972	11541	13358	14101	15877	16475	19634	21592	24119	26033	30089
0:33:50	30.0	6821	9135	11433	13463	13872	15674	16332	19537	21702	24213	25668	30263
0:33:57	30.1	6773	9151	11482	13491	13944	15832	16440	19702	21622	24238	25889	30560
0:34:04	30.0	6742	9169	11447	13591	13843	15909	16447	19366	21567	24273	25583	30203
0:34:11	30.0	6801	9206	11521	13584	14126	15864	16547	19660	21682	24208	25779	30183
0:34:18	30.1	6802	9037	11450	13267	13994	15848	16417	19701	21819	24100	25781	30157
0:34:25	30.1	6740	9184	11596	13471	14081	15838	16449	19600	21595	23985	25837	30343
0:34:32	30.0	6720	9088	11425	13495	13996	15745	16457	19469	21677	23965	25617	30240
0:34:39	30.1	6802	9196	11504	13449	13844	16155	16555	19692	21652	24369	26002	29958
0:34:46	30.1	6768	9139	11525	13506	14089	15788	16477	19638	21581	24125	25758	30068
0:34:53	30.0	6685	9064	11421	13463	13919	15801	16435	19544	21522	24192	25766	30333
0:35:00	30.1	6812	9157	11431	13390	13933	15861	16199	19602	21711	24382	25819	30183
0:35:07	30.1	6790	9093	11518	13505	14029	16009	16531	19887	21681	24025	26025	30218
0:35:14	30.0	6728	9117	11531	13441	13982	15762	16417	19534	21565	24248	25848	30098
0:35:21	30.1	6676	9102	11451	13424	14227	15814	16478	19496	21449	24426	25878	30136
0:35:28	30.1	6763	9112	11480	13286	13956	15893	16517	19593	21333	24047	25806	30027
0:35:35	30.1	6841	9127	11499	13306	14054	15905	16552	19401	21487	24221	25724	30105
0:35:42	30.1	6838	9218	11424	13399	13890	15920	16430	19440	21669	24184	25649	30132
0:35:49	30.1	6651	9062	11490	13345	14051	15807	16394	19633	21517	24148	25800	30052
0:35:56	30.0	6709	9206	11490	13500	13962	15781	16291	19328	21395	24111	25668	30251
0:36:03	30.1	6794	9122	11575	13392	13991	15881	16519	19607	21637	24094	25781	29998
0:36:10	30.1	6704	8991	11403	13502	14063	15793	16362	19451	21534	24004	25654	29652
0:36:17	30.1	6696	9106	11383	13510	13978	15935	16122	19473	21419	23916	25891	30140
0:36:24	30.1	6746	9136	11419	13431	13889	15767	16181	19613	21426	23907	25496	30145
0:36:31	30.1	6810	9023	11551	13268	13879	15909	16424	19421	21422	24025	25843	30013
0:36:38	30.1	6752	9128	11426	13463	14023	15667	16424	19413	21561	23908	25790	30289
0:36:45	30.1	6710	9011	11434	13355	14075	15924	16422	19707	21774	24004	25822	30020
0:36:52	30.1	6820	9141	11401	13334	13909	15797	16370	19300	21476	23895	25688	29935
0:36:59	30.1	6761	9044	11456	13404	14000	15894	16284	19420	21536	23965	25777	29670
0:37:06	30.0	6698	8989	11568	13373	13966	15799	16345	19460	21539	23944	25943	30077
0:37:13	30.1	6776	9168	11380	13424	13962	15671	16333	19556	21397	24122	25484	29844
0:37:20	30.1	6785	9105	11521	13349	14036	15717	16379	19456	21336	23973	25668	29973
0:37:27	30.1	6767	9084	11536	13537	14006	15668	16407	19448	21271	24199	25725	30054
0:37:34	30.0	6695	9142	11472	13402	14040	15911	16212	19399	21455	23923	25657	29857
0:37:41	30.1	6780	9146	11339	13509	13915	15664	16327	19419	21566	24178	25836	29834
0:37:48	30.1	6741	9163	11464	13187	13946	15901	16382	19335	21544	23787	25755	30087
0:37:55	30.0	6750	9015	11349	13516	13965	15754	16373	19472	21438	24030	25540	30007
0:38:02	30.1	6714	9139	11522	13353	13799	16004	16139	19476	21614	24043	25582	29902
0:38:09	30.1	6815	9002	11367	13473	14060	15659	16328	19247	21574	23669	25589	29856
0:38:16	30.1	6714	9109	11573	13459	13792	15745	16197	19343	21485	24107	25652	30055
0:38:23	30.1	6638	9060	11361	13275	13879	15656	16545	19414	21395	23802	25462	29964
0:38:30	30.1	6721	8985	11282	13288	13919	15728	16335	19515	21452	24101	25753	29778
0:38:37	30.1	6728	9028	11443	13310	13875	15825	16437	19110	21623	23899	25504	30072
0:38:44	30.0	6723	9109	11542	13404	13903	15685	16254	19517	21356	24005	25552	29698
0:38:51	30.1	6577	9062	11452	13449	13704	15667	16196	19353	21549	23934	25556	29948
0:38:58	30.1	6636	9050	11466	13356	13918	15518	16337	19457	21380	24065	25521	29949
0:39:05	30.1	6699	8989	11272	13368	13889	15760	16566	19268	21566	23883	25634	29956
0:39:12	30.1	6641	9007	11516	13290	13979	15697	16338	19405	21591	23994	25596	29768
0:39:19	30.1	6681	9009	11238	13368	13903	15565	16139	19373	21281	23855	25476	29869
0:39:26	30.1	6696	9027	11393	13342	13842	15668	16399	19299	21654	23886	25349	29843
0:39:33	30.1	6710	9020	11467	13310	13821	15653	16267	19482	21383	24125	25523	29861
0:39:40	30.1	6743	9106	11487	13433	13783	15657	16056	19412	21439	23939	25504	29949
0:39:47	30.1	6597	8956	11410	13285	13818	15844	16124	19331	21666	23855	25614	29654
0:39:54	30.0	6676	8962	11414	13273	13869	15617	16304	19470	21489	23877	25375	29820
0:40:01	30.1	6656	9035	11402	13479	13871	15710	16154	19446	21703	23870	25378	29801
0:40:08	30.1	6658	8981	11349	13305	13802	15796	16285	19365	21329	23785	25514	29932
0:40:15	30.1	6688	8976	11358	13305	13829	15943	16236	19358	21276	23781	25418	30117
0:40:22	30.1	6780	9002	11197	13370	13795	15585	16224	19303	21357	23790	25543	29741
0:40:29	30.1	6719	9047	11453	13514	13815	15855	15974	19275	21199	23820	25515	29816
0:40:36	30.1	6720	9016	11508	13332	13852	15726	16260	19265	21468	23809	25372	29835
0:40:43	30.1	6701	8933	11327	13391	13887	15589	16103	19269	21251	23781	25396	29629
0:40:50	30.1	6671	8946	11406	13428	13878	15721	16237	19301	21561	23761	25403	29900
0:40:57	30.1	6707	9010	11492	13221	13773	15586	16225	19307	21646	23912	25564	29628
0:41:04	30.1	6758	8986	11425	13471	13662	15677	16188	19392	21411	23758	25497	30054
0:41:11	30.1	6693	8950	11441	13229	13750	15954	16208	19248	21559	23916	25830	29818
0:41:18	30.1	6665	9025	11343	13243	13884	15692	16247	19194	21186	23806	25453	29782
0:41:25	30.1	6672	9049	11359	13281	13788	15582	16189	19566	21358	23743	25652	29660
0:41:32	30.1	6639	8994	11425	13380	13985	15713	16388	19245	21022	23562	25379	29539
0:41:39	30.0	6699	9019	11290	13184	13848	15705	16263	19287	21529	23780	25455	29601
0:41:46	30.1	6645	9048	11330	13250	13922	15834	16150	19405	21445	23809	25385	29722
0:41:53	30.1	6702	8919	11343	13306	13865	15494	16243	19374	21290	23738	25434	29583
0:42:00	30.1	6589	8906	11369	13247	13791	15644	16173	19409	21311	23720	25497	29609
0:42:07	30.1	6719	8952	11322	13373	13863	15414	16259	19202	21330	23885	25266	30051
0:42:14	30.0	6708	9002	11285	13341	13931	15565	16138	19295	21059	23894	25593	29585
0:42:21	30.0	6646	9011	11351	13228	13699	15528	16121	19136	21378	23787	25372	29791
0:42:28	30.1	6670	9061	11252	13455	13747	15586	16169	19451	21312	23849	25300	29736
0:42:35	30.1	6707	8955	11252	13258	13611	15668	16138	19188	21291	23623	25353	29381
0:42:42	30.1	6663	9016	11341	13312	13801	15776	16129	19196	21361	23970	25459	29641
0:42:49	30.1	6647	8895	11282	13180	13825	15691	16122	19399	21262	23685	25505	29443
0:42:56	30.1	6554	8997	11355	13293	13802	15698	16306	19254	21257	23739	25528	29471
0:43:03	30.1	6588	9056	11208	13232	13687	15628	16088	19452	21182	23822	25363	29811
0:43:10	30.1	6569	9032	11338	13190	13717	15390	16251	19174	21234	23900	25138	29703
0:43:17	30.1	6623	8995	11433	13254	13735	15451	16126	19364	21383	23749	25373	29577
0:43:24	30.1	6672	8924	11422	13126	13780	15747	16219	19248	21434	23606	25417	29522
0:43:31	30.1	6714	9027	11458	13215	13678	15436	16019	19163	21331	23615	25248	29552
0:43:38	30.1	6663	8784	11390	13170	13635	15534	15947	19187	21060	23734	25640	29615
0:43:45	30.1	6533	8850	11208	13254	13957	15576	16053	19185	21329	23770	25268	29603
0:43:52	30.1	6585	9019	11327	13229	13748	15586	15986	19096	21104	23734	25276	29291
0:43:59	30.1	6627	8916	11267	13225	13878	15641	16042	19341	21131	23707	25177	29633
0:44:06	30.1	6602	8980	11176	13366	13740	15678	16035	19074	21139	23650	25269	29296
0:44:13	30.1	6558	8890	11158	13198	13613	15497	16200	19149	21165	23565	25298	29520
0:44:20	30.1	6600	8877	11154	13130	13625	15643	15985	19102	21167	23459	25413	29478
0:44:27	30.1	6674	8925	11273	13251	13507	15677	15988	19068	21350	23458	25331	29565
0:44:34	30.1	6687	8967	11214	13175	13651	15528	16036	19316	21271	23607	25072	29294
0:44:41	30.1	6631	8933	11199	13260	13726	15424	16103	19090	21202	23632	25200	29521
0:44:48	30.1	6672	9010	11135	13301	13679	15428	16058	18991	21182	23565	25161	29624
0:44:55	30.1	6588	8938	11151	13026	13579	15507	15968	19122	21143	23666	25268	29535
0:45:02	30.1	6550	8905	11188	13083	13775	15466	16135	19004	21051	23606	25300	29615
0:45:09	30.1	6644	8891	11318	13089	13695	15503	15983	19129	21139	23696	25227	29198
0:45:16	30.1	6543	8866	11369	13164	13660	15613	15992	19142	21204	23539	24957	29437
0:45:23	30.1	6553	8788	11200	13201	13650	15486	15949	19003	21048	23670	25281	29567
0:45:30	30.1	6644	8875	11207	13116	13621	15479	16062	18993	21021	23622	24978	29164
0:45:37	30.1	6569	8949	11151	13034	13651	15428	16020	19105	21074	23461	25176	29428
0:45:44	30.1	6503	8824	11316	13052	13698	15531	16128	19005	21060	23319	25054	29078
0:45:51	30.1	6542	8890	11196	13191	13755	15511	16069	19111	20920	23462	25208	29348
0:45:58	30.1	6592	8892	11151	13154	13607	15590	15876	18935	20922	23414	25186	29223
0:46:05	30.1	6534	8933	11282	13150	13639	15348	16004	19041	21275	23547	25063	29191
0:46:12	30.1	6630	8969	11264	13153	13495	15451	16027	18922	21049	23517	25192	29344
0:46:19	30.1	6652	8803	11071	13241	13632	15500	15878	18997	21133	23581	25141	29217
0:46:26	30.1	6568	8829	11250	13140	13775	15448	16208	19191	21021	23536	25078	29333
0:46:33	30.1	6613	8769	11166	13278	13618	15475	15950	19103	21042	23437	25041	29301
0:46:40	30.1	6584	8915	11216	13080	13681	15402	16078	18904	21204	23588	24966	29342
0:46:47	30.1	6475	8877	11289	12994	13528	15508	15931	19030	21055	23544	25045	29220
0:46:54	30.1	6463	8780	11140	13194	13811	15446	15958	18973	21034	23399	25036	28958
0:47:01	30.1	6513	8759	11153	12984	13654	15585	15906	19056	21036	23283	24999	29049
0:47:08	30.1	6621	8828	11172	12993	13590	15375	15884	18905	21097	23313	25077	29333
0:47:15	30.1	6563	8810	11181	13210	13507	15429	16078	19106	20888	23569	25097	29578
0:47:22	30.1	6609	8884	11171	13050	13476	15177	15967	19010	21142	23493	24921	29137
0:47:29	30.1	6441	8717	11112	13017	13686	15388	15968	18960	20983	23539	24817	29268
0:47:36	30.1	6530	8821	11042	12961	13582	15381	15860	19237	20861	23408	24970	29223
0:47:43	30.1	6651	8826	11203	13050	13485	15358	15695	18964	20929	23365	24976	29166
0:47:50	30.1	6649	8754	11105	12905	13632	15370	15971	19160	20896	23082	25319	29287
0:47:57	30.1	6418	8716	11107	13150	13493	15415	15871	19140	20845	23512	25069	29257
0:48:04	30.1	6560	8777	11141	13298	13475	15481	15784	19009	20736	23551	24807	29550
0:48:11	30.1	6553	8817	11215	13108	13419	15408	15919	18960	20886	23263	25045	29101
0:48:18	30.1	6503	8929	11257	12989	13623	15380	16055	18913	21004	23429	24842	29149
0:48:25	30.1	6532	8849	11064	13137	13624	15505	16030	18918	20856	23265	25060	29123
0:48:32	30.1	6557	8853	11085	13030	13617	15254	15847	19004	20723	23201	24858	29045
0:48:39	30.1	6549	8713	11109	13122	13547	15440	16080	18831	20806	23269	24828	29214
0:48:46	30.1	6591	8860	11057	12907	13664	15428	15812	18981	20997	23128	24848	29156
0:48:53	30.1	6508	8869	11029	13114	13514	15265	15874	18825	20778	23465	25035	29117
0:49:00	30.1	6531	8741	11153	12958	13606	15304	15856	18806	21029	23323	24989	29077
0:49:07	30.1	6579	8784	11176	12898	13628	15349	15860	18917	20952	23381	24883	29069
0:49:14	30.1	6487	8728	11089	12964	13546	15373	15690	18827	20960	23288	24989	29129
0:49:21	30.1	6655	8754	11219	13047	13502	15337	15864	18978	20978	23496	25075	29115
0:49:28	30.1	6473	8912	10988	13091	13524	15460	15927	18823	20912	23271	24828	29010
0:49:35	30.1	6602	8839	11072	13100	13605	15507	15732	18936	21101	23061	24835	29113
0:49:42	30.1	6523	8799	11026	13247	13599	15069	16014	19110	20916	23354	25084	29222
0:49:49	30.1	6406	8679	11193	12901	13582	15390	15867	18973	20994	23365	24840	29045
0:49:56	30.1	6510	8701	11030	13315	13565	15281	15808	18932	20829	23335	24816	29067
0:50:03	30.1	6466	8728	11165	12988	13618	15258	16004	18705	20953	23172	24898	29361
0:50:10	30.1	6442	8738	11088	13100	13476	15167	15843	18709	20906	23279	24920	29024
0:50:17	30.1	6589	8780	11079	12928	13563	15243	15774	18893	21054	23308	24984	29038
0:50:24	30.1	6590	8799	11055	13065	13554	15005	16034	18894	21036	23151	25098	29133
0:50:31	30.1	6628	8762	11089	13083	13536	15321	15874	18698	20872	23342	25030	29215
0:50:38	30.1	6515	8835	11025	13025	13673	15213	15950	18784	20866	23404	24935	28879
0:50:45	30.1	6464	8878	11127	12947	13505	15240	15922	18855	20767	23514	25072	28944
0:50:52	30.1	6479	8750	11098	13118	13544	15149	15851	18917	20870	23138	24826	29128
0:50:59	30.1	6447	8787	11012	13087	13526	15341	15844	18853	21060	23320	24673	28833
0:51:06	30.1	6536	8655	11042	12958	13490	15297	15921	18771	20928	23149	24732	29074
0:51:13	30.1	6456	8667	10973	13110	13538	15248	15809	18878	21037	23159	24932	29131
0:51:20	30.1	6509	8838	11094	13028	13464	15307	15922	18723	20831	23432	24805	28689
0:51:27	30.1	6464	8706	11060	12946	13549	15127	15766	18949	20916	23165	24808	29089
0:51:34	30.1	6500	8887	10999	13117	13425	15274	15915	19039	20921	23371	25097	29073
0:51:41	30.1	6528	8668	11059	12881	13355	15333	15870	18850	20830	23388	24688	29170
0:51:48	30.1	6481	8814	11020	12869	13492	15457	15943	18828	20917	23372	25054	29023
0:51:55	30.1	6488	8722	11147	12978	13480	15123	15851	18690	20740	23256	25129	29205
0:52:02	30.1	6532	8737	11108	12999	13528	15254	15759	18662	20876	23215	24813	28896
0:52:09	30.1	6517	8838	11038	12849	13444	15287	15676	18744	20879	23316	24671	29060
0:52:16	30.1	6366	8822	11023	12884	13512	15252	15786	18882	20678	23153	24644	29036
0:52:23	30.1	6536	8819	11087	12919	13443	15134	15743	18806	20643	23361	24896	28972
0:52:30	30.1	6551	8768	10932	12922	13479	15172	15661	18946	20975	23067	24796	28966
0:52:37	30.1	6358	8742	11070	13055	13536	15127	15878	19093	20755	23282	24850	28911
0:52:44	30.1	6415	8794	11072	12920	13436	15174	15873	18924	20738	23210	25084	28979
0:52:51	30.1	6510	8768	11054	12837	13574	15151	16044	18943	20772	23125	24683	29033
0:52:58	30.1	6565	8706	11039	12960	13464	15313	15833	18784	20769	23016	24670	29042
0:53:05	30.1	6439	8769	11047	13170	13508	15068	15602	18698	20622	23132	25035	29136
0:53:12	30.1	6585	8811	11033	12920	13567	15323	15794	18770	20832	23156	24714	29245
0:53:19	30.1	6513	8751	11078	12911	13411	15163	15775	18803	21042	23134	24743	28883
0:53:26	30.1	6484	8747	11060	12932	13482	15340	15796	18631	20714	23369	24719	29024
0:53:33	30.1	6481	8706	10980	13008	13289	14937	15770	18818	20689	23153	24782	28803
0:53:40	30.1	6569	8667	11061	12977	13466	15198	15623	18789	20680	23070	24813	28967
0:53:47	30.1	6416	8641	10929	12886	13248	15079	15761	18786	20755	23178	24778	28821
0:53:54	30.1	6464	8702	10996	12920	13411	15328	15770	18857	20843	23162	25000	28743
0:54:01	30.1	6416	8621	10925	12898	13452	15247	15712	18880	20885	22771	24882	28918
0:54:08	30.1	6494	8733	11055	13005	13531	15275	15594	18793	20676	23199	24873	28852
0:54:15	30.1	6461	8812	11007	13029	13380	15153	15725	18845	20724	23372	24683	28978
0:54:22	30.1	6420	8654	11053	13018	13534	15377	15924	18820	20588	23252	24665	28870
0:54:29	30.1	6460	8676	10842	12739	13463	15118	15821	18913	20804	23044	24506	28967
0:54:36	30.1	6467	8747	11018	12733	13580	15262	15656	18722	20868	23185	24782	28825
0:54:43	30.1	6514	8766	10898	12980	13470	15188	15736	18913	20575	23137	24774	28746
0:54:50	30.1	6461	8700	11108	12847	13429	15148	15856	18757	20690	23125	24518	29105
0:54:57	30.1	6468	8748	10940	12998	13476	15011	15901	18831	20891	23238	24739	28968
0:55:04	30.1	6387	8703	10969	12906	13366	15143	15893	18638	20737	23223	24555	28813
0:55:11	30.1	6513	8721	10999	13039	13395	15110	15654	18804	20625	23083	24761	28689
0:55:18	30.1	6435	8642	11012	12799	13458	15121	15617	18839	20790	23093	24683	28625
0:55:25	30.1	6435	8655	11097	12905	13361	15318	15626	18457	20643	23072	24796	28734
0:55:32	30.1	6364	8616	10959	12882	13390	15062	15805	18772	20812	23049	24699	28853
0:55:39	30.1	6451	8629	10988	12959	13503	15156	15890	18927	20759	23000	24690	29114
0:55:46	30.1	6551	8749	10974	12915	13394	15112	15663	18640	20886	23132	24538	28816
0:55:53	30.1	6495	8752	10962	12989	13359	15194	15625	18706	20663	23075	25000	28864
0:56:00	30.1	6405	8651	10979	12883	13488	15067	15771	18556	20796	23040	24633	28817
0:56:07	30.1	6484	8762	10923	12719	13375	15183	15619	18641	20795	23139	24426	28677
0:56:14	30.1	6587	8698	10977	12905	13456	15144	15821	18629	20714	23154	24887	28823
0:56:21	30.1	6513	8713	11060	13033	13415	15183	15806	18718	20635	23205	24719	28839
0:56:28	30.1	6488	8635	11034	12830	13274	15177	15615	18794	20656	22926	24794	28896
0:56:35	30.1	6447	8702	10985	13037	13327	15101	15691	18694	20752	22935	24686	28590
0:56:42	30.1	6440	8727	11015	12781	13463	15058	15745	18569	20531	23043	24559	28611
0:56:49	30.1	6478	8782	11064	12906	13301	15245	15830	18762	20597	23053	24497	28869
0:56:56	30.1	6459	8805	11057	12877	13551	15042	15790	18776	20656	23132	24660	28844
0:57:03	30.1	6403	8818	11055	12898	13474	15053	15746	18740	20479	23005	24673	28898
0:57:10	30.1	6494	8768	10930	12964	13379	15215	15839	18692	20667	23161	24770	28658
0:57:17	30.1	6435	8560	10988	12805	13356	15001	15727	18637	20730	23019	24507	28721
0:57:24	30.1	6507	8727	10971	12934	13353	15042	15655	18634	20666	23001	24513	28775
0:57:31	30.1	6427	8752	10911	12740	13368	15421	15668	18735	20584	23004	24758	28657
0:57:38	30.1	6523	8615	10929	12777	13417	15121	15685	18578	20692	23047	24678	28718
0:57:45	30.1	6443	8614	10880	12953	13334	15195	15673	18593	20683	23011	24604	28791
0:57:52	30.1	6401	8701	10824	12763	13244	15133	15631	18736	20854	23028	24600	28885
0:57:59	30.1	6492	8704	11049	12798	13393	15034	15623	18726	20584	23221	24602	28707
0:58:06	30.1	6457	8683	10932	12782	13274	15243	15810	18576	20739	23022	24679	28858
0:58:13	30.1	6455	8772	10840	12820	13559	14873	15745	18774	20557	22802	24506	28673
0:58:20	30.1	6371	8810	11020	12917	13281	14967	15764	18785	20460	23049	24596	28780
0:58:27	30.1	6474	8657	10949	12763	13429	15100	15620	18832	20457	23066	24608	28811
0:58:34	30.1	6446	8664	11020	12973	13344	15183	15639	18624	20581	23054	24496	28639
0:58:41	30.1	6373	8771	11030	12908	13358	14999	15795	18608	20704	22928	24477	28797
0:58:48	30.1	6490	8768	11031	12955	13340	15053	15617	18684	20765	22930	24656	28717
0:58:55	30.1	6378	8588	10928	12725	13410	15145	15699	18752	20662	23023	24692	28788
0:59:02	30.1	6460	8624	10996	12903	13468	15116	15536	18608	20603	23007	24446	28512
0:59:09	30.1	6519	8678	10775	12924	13393	15052	15513	18574	20427	23092	24611	28781
0:59:16	30.1	6464	8785	11043	12751	13261	14984	15690	18644	20598	23118	24699	28641
0:59:23	30.1	6429	8674	10992	12814	13311	15129	15690	18604	20588	22831	24785	28646
0:59:30	30.1	6385	8610	10885	12904	13335	15055	15773	18463	20699	23076	24519	28544
0:59:37	30.1	6478	8576	10949	12917	13437	15113	15720	18686	20526	22981	24497	28751
0:59:44	30.1	6366	8555	10882	12765	13346	15051	15598	18696	20645	22961	24576	28496
0:59:51	30.1	6433	8645	11009	12884	13464	15111	15523	18720	20716	22980	24466	28578
0:59:58	30.1	6348	8579	10833	12815	13480	15122	15480	18713	20582	22990	24339	28650
1:00:05	30.1	6342	8601	10967	12827	13335	15205	15750	18851	20417	23050	24666	28560
1:00:12	30.1	6294	8549	10938	12802	13500	15039	15495	18552	20637	22985	24560	28846
1:00:19	30.1	6463	8580	10820	12717	13332	15079	15525	18724	20556	22963	24823	28624
1:00:26	30.1	6366	8690	11023	12745	13365	15113	15783	18641	20707	23138	24630	28652
1:00:33	30.1	6504	8700	10892	12781	13364	15029	15727	18700	20591	22891	24361	28827
1:00:40	30.1	6434	8674	10955	12866	13265	14903	15521	18613	20387	23078	24652	28439
1:00:47	30.1	6363	8622	10949	12667	13395	15159	15660	18438	20656	22840	24450	28835
1:00:54	30.1	6395	8654	10917	12875	13065	15048	15699	18602	20609	23107	24572	28708
1:01:01	30.1	6434	8626	10831	12799	13415	15001	15669	18674	20284	22955	24493	28782
1:01:08	30.1	6378	8645	10896	12853	13418	15136	15398	18606	20578	22827	24666	28549
1:01:15	30.1	6426	8746	10786	12879	13193	15204	15650	18513	20418	23136	24455	28710
1:01:22	30.1	6422	8629	10945	12974	13363	15087	15580	18655	20424	22982	24350	28420
1:01:29	30.1	6387	8698	10812	12845	13413	15188	15577	18654	20353	23043	24539	28676
1:01:36	30.1	6365	8567	10817	12976	13413	15135	15570	18669	20653	22908	24644	28559
1:01:43	30.1	6303	8606	10888	12692	13218	15244	15465	18516	20556	22912	24383	28626
1:01:50	30.1	6420	8619	10827	12966	13264	15004	15652	18726	20556	22698	24470	28354
1:01:57	30.1	6466	8588	10839	12915	13371	14988	15511	18508	20427	22909	24504	28659
1:02:04	30.1	6327	8604	10879	12688	13178	15130	15559	18483	20595	22892	24290	28333
1:02:11	30.1	6459	8729	10865	12765	13345	15117	15459	18655	20478	22938	24407	28583
1:02:18	30.1	6393	8520	10799	12851	13327	15130	15479	18666	20337	22850	24523	28734
1:02:25	30.1	6376	8528	10936	12855	13225	15076	15605	18746	20388	22927	24683	28725
1:02:32	30.1	6423	8500	10954	12869	13213	14948	15690	18499	20446	22988	24474	28598
1:02:39	30.1	6350	8702	10789	12772	13232	15137	15669	18703	20513	22829	24740	28188
1:02:46	30.1	6378	8554	10829	12752	13190	14943	15823	18655	20562	22902	24517	28536
1:02:53	30.1	6444	8465	10804	12746	13292	15011	15685	18512	20420	23081	24640	28464
1:03:00	30.1	6364	8696	10873	12895	13221	15024	15626	18537	20658	23056	24418	28391
1:03:07	30.1	6380	8629	10810	12576	13302	14925	15611	18545	20456	22770	24420	28487
1:03:14	30.1	6246	8635	10821	12825	13219	14845	15614	18591	20422	22758	24528	28467
1:03:21	30.1	6466	8675	10916	12881	13149	15143	15566	18390	20472	22752	24556	28551
1:03:28	30.1	6306	8649	10936	12930	13208	15165	15414	18622	20383	22489	24522	28312
1:03:35	30.1	6264	8546	10892	12697	13158	15029	15598	18517	20440	22951	24450	28529
1:03:42	30.1	6384	8647	10902	12768	13278	15040	15710	18611	20346	22908	24379	28490
1:03:49	30.1	6320	8549	10766	12686	13275	15158	15497	18439	20507	22902	24426	28495
1:03:56	30.1	6310	8509	10940	12788	13266	15105	15522	18653	20514	22804	24579	28310
1:04:03	30.1	6424	8540	10993	12802	13243	15023	15628	18625	20452	22911	24298	28322
1:04:10	30.1	6347	8585	10911	12733	13296	14836	15640	18454	20601	22981	24297	28331
1:04:17	30.1	6355	8601	10843	12742	13188	14992	15667	18504	20333	22872	24334	28773
1:04:24	30.1	6376	8513	10918	12721	13426	14990	15466	18384	20622	22726	24412	28543
1:04:31	30.1	6390	8594	10897	12704	13271	14991	15709	18445	20455	22776	24265	28593
1:04:38	30.1	6379	8615	10825	12622	13101	14822	15525	18547	20556	22897	24245	28408
1:04:45	30.1	6309	8622	10916	12873	13212	14980	15547	18400	20468	22853	24434	28276
1:04:52	30.1	6342	8537	10967	12714	13112	14985	15595	18613	20350	22838	24326	28242
1:04:59	30.1	6374	8528	10919	12837	13066	15119	15615	18492	20314	22731	24193	28570
1:05:06	30.1	6265	8531	10729	12722	13191	15129	15559	18641	20377	22892	24312	28852
1:05:13	30.1	6359	8587	10874	12802	13226	14893	15523	18448	20304	22903	24358	28351
1:05:20	30.1	6292	8573	10876	12837	13234	15049	15463	18408	20474	22902	24387	28418
1:05:27	30.1	6319	8534	10918	12722	13248	14952	15625	18583	20534	22773	24188	28231
1:05:34	30.1	6328	8527	10899	12682	13283	15004	15390	18315	20476	22790	24415	28594
1:05:41	30.1	6384	8614	10815	12733	13297	15081	15482	18472	20463	22903	24440	28402
1:05:48	30.1	6394	8625	10937	12780	13046	14972	15551	18567	20389	22913	24400	28515
1:05:55	30.1	6401	8593	10876	12647	13231	14880	15459	18550	20375	22723	24320	28470
1:06:02	30.1	6272	8590	10802	12626	13140	14930	15422	18528	20436	22787	24320	28545
1:06:09	30.0	6322	8578	10924	12704	13407	14971	15385	18693	20469	22636	24512	28255
1:06:16	30.1	6282	8562	10853	12749	13244	15112	15571	18272	20414	22696	24404	28418
1:06:23	30.1	6313	8569	10710	12626	13256	15057	15432	18546	20434	22871	24468	28634
1:06:30	30.1	6294	8490	10850	12779	13368	14812	15442	18595	20435	22866	24376	28667
1:06:37	30.1	6399	8631	10783	12621	13242	14855	15596	18534	20401	22720	24183	28401
1:06:44	30.1	6304	8496	10814	12773	13173	14997	15665	18467	20372	22824	24511	28498
1:06:51	30.0	6459	8589	10895	12689	13335	15082	15466	18432	20411	22685	24239	28536
1:06:58	30.0	6365	8468	10856	12772	13296	14836	15500	18456	20275	22866	24362	28463
1:07:05	30.1	6418	8612	10787	12630	13156	15043	15365	18415	20147	22775	24533	28512
1:07:12	30.1	6385	8593	10840	12665	13279	15013	15488	18208	20218	22940	24260	28621
1:07:19	30.1	6354	8610	10929	12691	13108	14801	15412	18464	20408	22765	24299	28263
1:07:26	30.1	6313	8563	10799	12716	13088	15164	15427	18337	20261	22581	24394	28448
1:07:33	30.1	6292	8631	10789	12750	13156	14720	15507	18417	20353	22951	24109	28232
1:07:40	30.1	6318	8456	10872	12672	13144	15056	15552	18420	20369	22651	24215	28609
1:07:47	30.0	6275	8514	10827	12651	13174	14915	15417	18368	20176	22600	24488	28502
1:07:54	30.1	6281	8550	10828	12620	13273	15038	15430	18364	20354	22504	24142	28451
1:08:01	30.1	6240	8488	10905	12863	13254	14926	15389	18504	20332	22891	24320	28495
1:08:08	30.1	6395	8552	10919	12639	13263	14967	15625	18599	20256	22793	24597	28508
1:08:15	30.1	6237	8490	10961	12782	13133	14672	15362	18494	20290	22788	24421	28601
1:08:22	30.1	6353	8553	10832	12771	13192	14868	15453	18343	20211	22672	24290	28658
1:08:29	30.1	6337	8539	10969	12689	13138	14980	15459	18410	20375	22753	24439	28346
1:08:36	30.0	6349	8538	10688	12606	13254	14970	15629	18389	20353	22720	24168	28243
1:08:43	30.1	6341	8591	10846	12556	13188	15007	15368	18232	20360	22626	24286	28397
1:08:50	30.1	6274	8628	10829	12574	13139	14854	15534	18526	20240	22667	24358	28357
1:08:57	30.1	6345	8573	10827	12621	13159	14884	15519	18351	20574	22563	24142	28394
1:09:04	30.1	6287	8514	10740	12666	13259	14823	15499	18403	20302	22946	24337	28433
1:09:11	30.0	6350	8546	10822	12750	13111	15009	15436	18380	20149	22613	24191	28448
1:09:18	30.1	6224	8476	10792	12754	13129	15101	15432	18412	20555	22870	24258	28404
1:09:25	30.1	6298	8522	10711	12614	13152	14957	15340	18447	20594	22398	24393	28323
1:09:32	30.1	6247	8461	10851	12455	13123	14928	15593	18447	20200	22625	24394	28240
1:09:39	30.1	6405	8578	10735	12736	13228	14983	15470	18536	20303	22620	24224	28196
1:09:46	30.1	6291	8456	10742	12623	13211	14931	15513	18448	20296	22543	24267	28148
1:09:53	30.1	6198	8458	10809	12572	13250	14776	15470	18465	20297	22606	24197	28462
1:10:00	30.0	6297	8509	10789	12589	13116	14809	15399	18560	20238	22932	24226	28326
1:10:07	30.1	6314	8526	10815	12791	13070	14879	15534	18454	20134	22775	24081	28572
1:10:14	30.1	6347	8554	10742	12766	13076	14926	15354	18346	20171	22741	24383	28122
1:10:21	30.1	6361	8463	10820	12656	13027	14983	15448	18336	20255	22645	24411	28437
1:10:28	30.1	6258	8500	10721	12553	13279	14849	15454	18429	20316	22571	24202	28369
1:10:35	30.1	6294	8582	10771	12512	13209	14929	15480	18592	20292	22567	24326	28175
1:10:42	30.1	6390	8538	10844	12614	13131	14841	15538	18361	20356	22979	23999	28373
1:10:49	30.0	6332	8488	10801	12538	13095	15029	15421	18654	20348	22550	24087	28172
1:10:56	30.1	6315	8485	10656	12747	13215	14836	15264	18539	20213	22572	24388	28241
1:11:03	30.0	6252	8599	10660	12635	13146	14842	15496	18468	20281	22877	24129	28158
1:11:10	30.1	6305	8485	10742	12591	13160	14927	15416	18519	20281	22689	24235	28346
1:11:17	30.1	6314	8584	10755	12538	13123	14957	15418	18342	20325	22784	24237	28138
1:11:24	30.1	6347	8462	10742	12631	13194	14712	15510	18433	20097	22706	23880	28110
1:11:31	30.0	6314	8439	10759	12653	13154	14801	15373	18283	20241	22690	24390	28452
1:11:38	30.1	6387	8545	10825	12577	13043	14970	15276	18338	20330	22536	24236	28385
1:11:45	30.1	6338	8543	10841	12724	13037	14944	15351	18406	20301	22863	24461	27985
1:11:52	30.0	6282	8512	10836	12671	13270	14722	15260	18220	20358	22523	23948	28221
1:11:59	30.1	6240	8558	10689	12547	13052	14823	15400	18238	20289	22569	24123	28129
1:12:06	30.1	6379	8645	10606	12560	13095	14769	15497	18347	20307	22601	24295	28138
1:12:13	30.1	6318	8592	10702	12891	13176	14768	15337	18178	20464	22675	24298	28250
1:12:20	30.0	6311	8499	10764	12606	13111	14780	15290	18384	20269	22775	24073	28255
1:12:27	30.1	6314	8536	10846	12690	13054	14869	15318	18325	20296	22623	24275	28346
1:12:34	30.1	6381	8623	10696	12673	13015	14901	15563	18428	20243	22643	24310	28080
1:12:41	30.1	6271	8600	10748	12617	13132	14796	15498	18298	20211	22661	24310	28063
1:12:48	30.1	6233	8555	10853	12515	13226	14905	15435	18298	20178	22703	24186	28352
1:12:55	30.1	6234	8542	10855	12620	13137	14851	15294	18223	20344	22436	24074	28257
1:13:02	30.1	6249	8493	10851	12715	13162	14809	15433	18195	20123	22424	24040	28152
1:13:09	30.1	6181	8440	10849	12699	13219	14909	15357	18599	20198	22708	24026	28227
1:13:16	30.0	6281	8405	10676	12613	13157	14822	15321	18219	20322	22496	24204	28454
1:13:23	30.1	6359	8431	10685	12501	13070	14847	15250	18302	20254	22655	24120	27828
1:13:30	30.1	6228	8443	10803	12623	13008	14851	15301	18193	20305	22628	24044	28173
1:13:37	30.1	6328	8414	10717	12584	13107	14762	15342	18282	20228	22561	24093	28023
1:13:44	30.1	6264	8482	10736	12562	13158	14888	15489	18275	20318	22572	24378	28286
1:13:51	30.1	6273	8551	10774	12546	13128	14839	15523	18295	20283	22782	24166	28029
1:13:58	30.1	6232	8519	10765	12635	13186	14835	15301	18227	20184	22535	24010	28271
1:14:05	30.0	6380	8496	10701	12611	13023	14904	15484	18268	20092	22634	24060	27987
1:14:12	30.1	6260	8498	10665	12719	13118	14903	15401	18153	20218	22490	24188	28085
1:14:19	30.1	6229	8510	10664	12611	13204	14744	15340	18269	20354	22613	24178	28244
1:14:26	30.1	6267	8465	10591	12632	13175	14757	15269	18202	20303	22568	24174	28067
1:14:33	30.1	6247	8382	10631	12495	13160	15169	15440	18399	20304	22615	24135	28214
1:14:40	30.1	6209	8534	10685	12656	13035	14785	15407	18171	20238	22601	24197	28181
1:14:47	30.1	6295	8414	10701	12587	13099	14925	15397	18285	20149	22558	23956	28065
1:14:54	30.0	6261	8473	10810	12598	13235	14755	15395	18232	20126	22673	24241	28083
1:15:01	30.1	6359	8449	10750	12677	13048	14875	15482	18364	20043	22542	24021	27967
1:15:08	30.1	6318	8400	10683	12559	13059	14788	15429	18319	20525	22527	24274	28043
1:15:15	30.1	6185	8586	10754	12698	12964	14872	15320	18191	20199	22444	23944	27971
1:15:22	30.1	6248	8357	10814	12600	13001	14646	15334	18231	20204	22528	23976	28211
1:15:29	30.1	6319	8544	10632	12678	13093	14765	15250	18200	20162	22458	24033	28330
1:15:36	30.1	6339	8530	10512	12686	12948	14811	15356	18285	20125	22546	24100	28052
1:15:43	30.0	6230	8409	10730	12634	13084	14635	15324	18437	20356	22606	24209	28137
1:15:50	30.1	6161	8602	10636	12459	12943	14843	15241	18320	20341	22733	24086	28237
1:15:57	30.1	6254	8418	10585	12590	13076	14786	15371	18370	20207	22520	24202	28069
1:16:04	30.1	6212	8333	10623	12387	13040	14866	15222	18402	20121	22486	23983	27920
1:16:11	30.1	6247	8433	10689	12517	13070	14866	15387	18471	20276	22492	24275	28272
1:16:18	30.0	6205	8529	10638	12601	13048	14922	15486	18170	20143	22808	23998	28028
1:16:25	30.1	6269	8424	10709	12533	13277	14794	15381	18223	20161	22530	24186	28250
1:16:32	30.0	6187	8377	10802	12470	13085	14734	15448	18212	20092	22480	24252	27839
1:16:39	30.1	6315	8402	10694	12594	13140	14934	15283	18167	20185	22507	23957	28210
1:16:46	30.1	6222	8387	10784	12559	13110	14692	15442	18293	20006	22612	24061	27960
1:16:53	30.1	6259	8408	10687	12575	13165	14607	15282	18350	20342	22719	24394	28014
1:17:00	30.1	6302	8346	10562	12539	12998	14807	15085	18369	20095	22476	24122	28322
1:17:07	30.1	6187	8395	10559	12464	13080	14814	15255	18322	19980	22728	24142	28071
1:17:14	30.1	6181	8424	10687	12573	13010	14767	15406	18447	19942	22458	23973	28201
1:17:21	30.1	6318	8399	10636	12648	13094	14760	15270	18225	20096	22585	23941	27922
1:17:28	30.1	6276	8476	10694	12570	12949	14637	15305	18199	19888	22466	24224	28119
1:17:35	30.1	6247	8410	10677	12660	13067	14839	15162	18272	19955	22483	23921	27939
1:17:42	30.1	6214	8420	10711	12312	13099	14829	15195	18263	20126	22269	23935	28102
1:17:49	30.1	6200	8500	10678	12555	13071	14676	15402	18145	19928	22427	23981	27874
1:17:56	30.1	6174	8416	10705	12694	12894	14671	15228	18157	19943	22330	23857	27875
1:18:03	30.1	6224	8439	10578	12487	12977	14829	15134	18259	20222	22319	24163	27906
1:18:10	30.1	6239	8500	10700	12574	13085	14647	15221	18232	20262	22461	24007	27865
1:18:17	30.1	6225	8449	10677	12592	13059	14795	15329	18225	20154	22309	24021	28091
1:18:24	30.1	6194	8466	10760	12639	12999	14840	15217	18282	20212	22487	23784	28122
1:18:31	30.1	6222	8438	10589	12665	13004	14808	15391	18416	20115	22252	23823	28335
1:18:38	30.0	6275	8518	10612	12616	12994	14753	15206	18148	20022	22519	24031	27839
1:18:45	30.1	6257	8365	10789	12574	12975	14664	15202	18197	20096	22372	23806	28108
1:18:52	30.1	6226	8388	10657	12398	13021	14808	15270	18280	20136	22521	23923	27962
1:18:59	30.1	6199	8541	10621	12476	12963	14585	15260	18136	20151	22441	24191	28079
1:19:06	30.1	6231	8511	10611	12621	12943	14655	15338	18187	19864	22421	23884	27917
1:19:13	30.1	6282	8335	10570	12541	13127	14698	15230	18251	20019	22509	23786	28201
1:19:20	30.1	6205	8436	10677	12663	12910	14769	15370	18282	20158	22648	24089	27910
1:19:27	30.1	6230	8443	10630	12436	12984	14824	15350	18217	20151	22194	23969	28146
1:19:34	30.1	6254	8426	10590	12562	13027	14766	15225	18059	20045	22723	24320	27885
1:19:41	30.1	6197	8377	10600	12592	13005	14571	15257	18087	20123	22400	23929	27966
1:19:48	30.1	6282	8402	10595	12455	13028	14721	15226	17992	19889	22522	24122	27754
1:19:55	30.1	6157	8408	10589	12554	13121	14823	15214	18155	20068	22365	23954	27918
1:20:02	30.0	6185	8353	10628	12549	13015	14925	15251	18071	19955	22318	24146	27948
1:20:09	30.1	6202	8390	10590	12467	12926	14800	15148	18109	20002	22345	23993	27932
1:20:16	30.1	6226	8323	10572	12542	12910	14647	15011	18196	20124	22364	23823	27853
1:20:23	30.1	6268	8385	10656	12510	12974	14752	15225	18260	20179	22302	23852	27605
1:20:30	30.1	6216	8366	10715	12473	12991	14754	15250	18114	20012	22384	23945	27632
1:20:37	30.1	6226	8321	10563	12442	12896	14711	15302	18022	20032	22293	23951	27777
1:20:44	30.1	6163	8378	10665	12580	13030	14726	15280	18064	20094	22387	23798	27966
1:20:51	30.1	6235	8447	10647	12417	12894	14600	15113	17994	20011	22408	24069	27721
1:20:58	30.0	6145	8429	10428	12480	12908	14722	15165	18114	20117	22568	23846	27894
1:21:05	30.1	6187	8371	10594	12469	13020	14686	15270	17883	19915	22171	23908	27827
1:21:12	30.1	6143	8441	10689	12568	12951	14614	15084	18147	19980	22061	23810	27722
1:21:19	30.1	6217	8379	10570	12466	13141	14642	15216	17967	20108	22278	23891	27699
1:21:26	30.0	6177	8279	10650	12577	12990	14604	15192	18139	19917	22246	23798	27851
1:21:33	30.1	6274	8484	10516	12495	12967	14686	15137	18094	20047	22304	24153	27854
1:21:40	30.1	6260	8328	10614	12452	13037	14682	15246	18335	20236	22368	23831	27702
1:21:47	30.1	6182	8319	10623	12359	12923	14705	15273	18359	19983	22114	23912	27677
1:21:54	30.0	6126	8396	10645	12408	12978	14753	15317	18055	19947	22577	23902	27979
1:22:01	30.0	6186	8333	10451	12450	13051	14750	15233	18216	19904	22506	23899	27710
1:22:08	30.1	6172	8360	10493	12312	13054	14741	15399	18055	19941	22488	23837	28023
1:22:15	30.1	6264	8382	10703	12415	12935	14728	15182	18094	19995	22466	23917	27937
1:22:22	30.1	6223	8424	10577	12395	13010	14731	15198	18185	19870	22213	23995	27903
1:22:29	30.1	6199	8331	10598	12704	13055	14551	14985	18091	20015	22347	24121	27776
1:22:36	30.1	6133	8367	10624	12416	13037	14650	15167	18133	19947	22301	23768	27722
1:22:43	30.1	6167	8310	10716	12366	12929	14664	15251	18101	19823	22347	23791	27796
1:22:50	30.0	6210	8422	10616	12478	13048	14717	15281	18178	20060	22296	23861	27814
1:22:57	30.1	6145	8456	10590	12418	12914	14649	15090	18113	20142	22241	23891	28026
1:23:04	30.1	6226	8443	10675	12340	12934	14617	15213	18153	20068	22267	23772	27524
1:23:11	30.1	6254	8271	10529	12516	12984	14506	15235	18142	19980	22439	24071	27745
1:23:18	30.1	6114	8300	10541	12401	13127	14864	15020	18071	19895	22236	24003	28082
1:23:25	30.1	6210	8367	10601	12496	12969	14601	15145	18028	19834	22291	23907	27615
1:23:32	30.0	6180	8421	10540	12409	12989	14642	15116	17962	19967	22264	23943	27800
1:23:39	30.1	6161	8278	10522	12321	12851	14515	15257	18164	20040	22277	23897	27885
1:23:46	30.1	6213	8261	10608	12458	12918	14561	15218	18040	20058	22251	23907	27747
1:23:53	30.1	6235	8518	10671	12488	12910	14508	15243	18041	20072	22695	23932	27897
1:24:00	30.1	6185	8331	10713	12368	13020	14563	15085	18053	19905	22330	24008	27868
1:24:07	30.1	6126	8445	10466	12449	12975	14631	15124	18140	19870	22380	23892	27777
1:24:14	30.0	6214	8334	10562	12486	12985	14507	15156	17980	19954	22493	23833	27552
1:24:21	30.0	6126	8360	10491	12457	12903	14580	14970	18207	19840	22066	23924	27647
1:24:28	30.1	6078	8460	10622	12458	13051	14555	15329	17944	19762	22244	23645	27846
1:24:35	30.1	6139	8432	10423	12386	12859	14728	15217	17998	19989	22425	23912	27790
1:24:42	30.1	6133	8275	10601	12551	12856	14790	15114	18205	19864	22182	23759	27894
1:24:49	30.1	6183	8387	10536	12536	12949	14597	15155	18237	19883	22068	23861	27551
1:24:56	30.1	6102	8240	10671	12369	12957	14729	15166	18115	20057	22194	23545	27744
1:25:03	30.0	6154	8339	10532	12314	12888	14654	15186	18190	19869	22024	23842	27905
1:25:10	30.1	6147	8329	10608	12359	12877	14567	15142	18126	19752	22299	23795	27992
1:25:17	30.1	6199	8199	10426	12392	12991	14559	15215	17966	20058	22336	23956	27742
1:25:24	30.1	6234	8258	10506	12334	12771	14638	15096	18211	19893	22417	23867	27831
1:25:31	30.1	6145	8323	10544	12565	12926	14672	15068	17967	19767	22494	23677	27582
1:25:38	30.1	6169	8344	10565	12256	12753	14558	15352	18243	19949	22334	23741	27422
1:25:45	30.0	6161	8363	10542	12400	12795	14631	15289	18174	19783	22175	23722	27596
1:25:52	30.1	6152	8397	10565	12357	12899	14599	15285	18076	19811	22122	23759	27636
1:25:59	30.1	6114	8240	10469	12375	12991	14604	15244	17918	19918	22222	23741	27757
1:26:06	30.1	6296	8301	10602	12460	12755	14697	15232	18024	19682	22324	23803	27590
1:26:13	30.1	6270	8364	10506	12466	12897	14531	15305	18027	19947	22407	23849	27959
1:26:20	30.1	6169	8260	10571	12475	12930	14545	15154	18219	19996	22258	23910	27645
1:26:27	30.1	6161	8341	10607	12374	12808	14575	15138	18013	20034	22327	23466	27740
1:26:34	30.1	6109	8409	10421	12484	12918	14549	15201	17922	19823	22368	23522	27842
1:26:41	30.1	6183	8392	10581	12348	12793	14690	15024	17914	19714	22079	23727	27605
1:26:48	30.1	6213	8401	10435	12481	12902	14588	15237	17927	19725	22239	23764	27880
1:26:55	30.1	6105	8373	10507	12571	12912	14524	15191	18018	19976	22307	23821	27769
1:27:02	30.1	6148	8244	10573	12384	12991	14532	15289	17930	20017	22205	23904	27716
1:27:09	30.1	6102	8346	10554	12432	12873	14470	15135	18043	19932	22096	23803	27449
1:27:16	30.0	6181	8378	10563	12419	12795	14640	14958	17971	19874	22185	23945	27808
1:27:23	30.0	6120	8289	10427	12477	12826	14711	15127	17956	19971	22297	23646	27469
1:27:30	30.1	6213	8324	10438	12522	12818	14519	15160	18078	19893	22507	23632	27326
1:27:37	30.1	6134	8320	10583	12297	12760	14550	15163	17897	19998	22069	23688	27636
1:27:44	30.1	6151	8313	10495	12447	12831	14577	15257	17995	19618	22280	23789	27697
1:27:51	30.1	6186	8408	10582	12379	13016	14420	15142	18242	19743	22102	23474	27626
1:27:58	30.1	6063	8219	10488	12392	12909	14599	15020	17881	20042	22086	23815	27710
1:28:05	30.1	6226	8346	10538	12551	12919	14508	15220	17987	19827	22171	23739	27549
1:28:12	30.1	6152	8260	10419	12266	12828	14615	15150	17939	19788	22126	23722	27681
1:28:19	30.1	6184	8293	10466	12485	12984	14618	15139	18080	20013	22288	23678	27691
1:28:26	30.1	6187	8226	10479	12370	12881	14529	15040	18047	19740	22333	23632	27657
1:28:33	30.1	6168	8347	10458	12295	12817	14635	15195	18053	19998	22398	23727	27824
1:28:40	30.1	6083	8359	10509	12372	12876	14701	15049	17982	19906	22161	23598	27705
1:28:47	30.1	6137	8313	10568	12457	12735	14542	15185	17921	19872	22239	23860	27883
1:28:54	30.0	6075	8248	10370	12265	12926	14659	15146	17939	19766	22198	23639	27713
1:29:01	30.1	6175	8377	10456	12387	12914	14621	15074	18039	19888	22263	23552	27634
1:29:08	30.1	6200	8277	10501	12531	12886	14603	15171	18031	19935	22314	23746	27662
1:29:15	30.1	6206	8320	10508	12485	12878	14556	15057	17924	19914	22072	23619	27790
1:29:22	30.1	6133	8279	10565	12429	12874	14462	15079	17991	19753	22168	23761	27682
1:29:29	30.1	6082	8407	10389	12351	12779	14524	15075	17958	19794	22248	23643	27666
1:29:36	30.0	6162	8314	10488	12377	12838	14443	15006	17945	19756	22008	23702	27597
1:29:43	30.0	6160	8324	10499	12353	12901	14525	15137	18047	19877	22163	23733	27696
1:29:50	30.1	6158	8227	10524	12264	12768	14434	14997	17938	19810	22183	23546	27459
1:29:57	30.1	6116	8349	10479	12413	12746	14629	15180	17900	19877	22144	23833	27523
1:30:04	30.1	6200	8253	10439	12430	12944	14405	14924	17935	19923	22181	23758	27599
1:30:11	30.1	6183	8212	10499	12257	12855	14538	15044	17875	19796	22108	23655	27589
1:30:18	30.1	6235	8290	10493	12461	12755	14531	15117	18145	19747	22178	23542	27671
1:30:25	30.1	6097	8321	10526	12468	12914	14580	15110	17958	19754	22213	23602	27717
1:30:32	30.1	6071	8351	10521	12377	12856	14501	15280	18072	20033	22253	23640	27599
1:30:39	30.1	6097	8263	10531	12501	12920	14506	15073	17983	19855	22221	23744	27706
1:30:46	30.1	6029	8345	10509	12504	12742	14627	15074	17912	19826	22107	24018	27590
1:30:53	30.1	6093	8364	10552	12345	12921	14527	15063	17910	19812	22201	23766	27546
1:31:00	30.1	6138	8324	10452	12421	12819	14515	15107	17912	19882	22322	23676	27558
1:31:07	30.1	6182	8317	10465	12389	12786	14569	15273	18107	19762	22213	23584	27654
1:31:14	30.0	6081	8190	10513	12344	12829	14669	15015	17969	19830	22113	24058	27435
1:31:21	30.1	6097	8346	10408	12472	12840	14608	15155	18085	19854	22036	23804	27537
1:31:28	30.1	6160	8255	10507	12385	12889	14628	15014	18047	19759	22224	23689	27984
1:31:35	30.1	6155	8381	10542	12359	12821	14491	15098	17769	19774	22188	23856	27645
1:31:42	30.1	6127	8186	10472	12277	12713	14474	15193	17980	19887	22225	23717	27576
1:31:49	30.0	6143	8274	10653	12386	12830	14446	15112	17959	19999	22244	23643	27417
1:31:56	30.1	6090	8299	10424	12275	12820	14526	14981	17887	19575	22120	23440	27400
1:32:03	30.1	6037	8316	10541	12371	12817	14464	15088	18044	19980	22228	23621	27643
1:32:10	30.1	6070	8280	10503	12296	12907	14668	15051	17847	19874	22061	23670	27621
1:32:17	30.1	6073	8174	10470	12399	12862	14723	15009	18100	19730	22111	23638	27596
1:32:24	30.1	6054	8142	10412	12348	12945	14503	15170	17860	20024	22202	23660	27418
1:32:31	30.0	6094	8312	10400	12239	12781	14569	14941	18114	19830	22253	23748	27554
1:32:38	30.1	6100	8212	10591	12287	12697	14486	15122	18077	19824	22118	23713	27813
1:32:45	30.0	6067	8406	10515	12331	12779	14338	15077	17905	19909	22079	23486	27643
1:32:52	30.1	6126	8208	10423	12407	12756	14454	15034	17981	19863	22074	23645	27694
1:32:59	30.1	6052	8183	10449	12331	12808	14561	14953	17908	19836	22170	23557	27761
1:33:06	30.1	6144	8215	10500	12333	12926	14442	14985	17887	19781	22122	23566	27473
1:33:13	30.0	6092	8263	10480	12323	12775	14460	15147	17890	19877	22174	23643	27498
1:33:20	30.1	6238	8219	10498	12231	12723	14466	15098	17882	19774	22080	23616	27618
1:33:27	30.1	6207	8260	10474	12229	13041	14524	15094	17861	19653	22292	23447	27469
1:33:34	30.0	6110	8248	10505	12272	12849	14499	15117	17936	19819	21884	23508	27827
1:33:41	30.1	6114	8303	10468	12153	12798	14453	14992	18145	19843	21928	23747	27549
1:33:48	30.1	6102	8386	10393	12300	12844	14443	15151	17889	19837	22286	23782	27506
1:33:55	30.1	6057	8292	10432	12167	12756	14683	15025	17894	19866	22139	23535	27647
1:34:02	30.0	6101	8256	10405	12305	12883	14507	14925	17774	19786	22203	23506	27510
1:34:09	30.1	6057	8263	10392	12408	12952	14398	15136	17932	19856	22164	23323	27376
1:34:16	30.1	6150	8352	10485	12412	12829	14718	15193	18027	19687	21900	23424	27495
1:34:23	30.0	6117	8333	10508	12348	12647	14653	15070	18024	19617	22196	23543	27439
1:34:30	30.1	6060	8098	10524	12278	12907	14540	15104	17865	19646	22003	23742	27426
1:34:37	30.1	6123	8228	10308	12280	12740	14547	15075	17998	19725	22119	23606	27446
1:34:44	30.1	6119	8160	10557	12259	12723	14465	15093	17889	19833	21834	23472	27522
1:34:51	30.1	6087	8217	10438	12363	12795	14635	15052	17900	19839	22308	23709	27626
1:34:58	30.1	6004	8185	10392	12218	12716	14419	15042	17757	19709	21800	23644	27518
1:35:05	30.1	6101	8166	10339	12369	12933	14625	14882	17729	19596	22055	23371	27763
1:35:12	30.0	6117	8246	10407	12337	12862	14448	14907	17946	19604	22181	23495	27389
1:35:19	30.1	6083	8315	10267	12294	12646	14492	14990	17950	19707	22000	23518	27669
1:35:26	30.1	6086	8293	10336	12312	12887	14440	15014	17718	19485	22066	23670	27540
1:35:33	30.0	6120	8191	10463	12321	12837	14521	15024	17899	19835	22163	23510	27680
1:35:40	30.1	5984	8211	10451	12330	12774	14697	15065	17815	19860	22006	23475	27547
1:35:47	30.1	6106	8308	10391	12137	12659	14482	15149	17890	19604	22070	23344	27369
1:35:54	30.1	6077	8116	10399	12306	12769	14470	14923	17865	19452	22035	23265	27395
1:36:01	30.0	6120	8139	10427	12156	12837	14389	14958	17847	19689	22066	23896	27497
1:36:08	30.1	6074	8178	10396	12269	12719	14594	14960	17906	19642	21998	23708	27572
1:36:15	30.0	6125	8213	10441	12277	12858	14251	14863	17812	19567	22056	23506	27506
1:36:22	30.1	6107	8216	10450	12258	12852	14618	14920	17822	19477	21972	23496	27522
1:36:29	30.1	6173	8151	10380	12223	12974	14447	14891	17861	19586	22299	23680	27478
1:36:36	30.1	6118	8274	10593	12390	12877	14357	15081	17905	19719	22067	23523	27279
1:36:43	30.1	6111	8197	10475	12282	12892	14598	15079	17910	19753	22136	23574	27440
1:36:50	30.1	6166	8199	10373	12339	12780	14401	14992	17869	19480	21807	23600	27631
1:36:57	30.1	5980	8233	10496	12258	12736	14624	14909	17804	19725	22051	23507	27494
1:37:04	30.0	6073	8296	10338	12201	12711	14560	14987	17807	19857	22070	23405	27509
1:37:11	30.1	6121	8205	10574	12150	12716	14366	14944	17831	19826	21994	23759	27364
1:37:18	30.1	6017	8378	10441	12419	12681	14513	15142	17704	19815	22046	23468	27473
1:37:25	30.1	6072	8256	10471	12221	12839	14546	14893	17861	19714	22151	23619	27586
1:37:32	30.0	6042	8196	10379	12281	12760	14495	14965	17813	19650	22057	23537	27401
1:37:39	30.1	6136	8185	10396	12250	12755	14318	14960	17807	19582	21938	23717	27353
1:37:46	30.1	6089	8240	10427	12321	12807	14396	14874	17668	19518	21962	23554	27335
1:37:53	30.0	6112	8209	10512	12189	12736	14496	15038	17914	19593	22044	23484	27398
1:38:00	30.1	5975	8299	10411	12174	12847	14525	14980	17815	19700	22129	23427	27253
1:38:07	30.1	6046	8269	10461	12290	12755	14392	15048	17869	19592	22103	23537	27407
1:38:14	30.1	6111	8249	10361	12228	12657	14384	15020	17872	19761	21794	23548	27270
1:38:21	30.1	6087	8226	10324	12301	12780	14375	15106	17818	19618	21942	23434	27124
1:38:28	30.1	6028	8235	10376	12215	12639	14406	15015	17619	19595	21918	23293	27556
1:38:35	30.0	6007	8180	10308	12110	12838	14345	15094	17701	19682	22091	23320	27281
1:38:42	30.1	6033	8288	10438	12378	12819	14423	14960	17795	19666	21998	23574	27127
1:38:49	30.1	6117	8240	10378	12296	12847	14385	14862	17821	19652	21733	23410	27527
1:38:56	30.1	6121	8226	10442	12294	12816	14461	14959	17962	19626	21970	23441	27150
1:39:03	30.1	6094	8148	10379	12172	12706	14359	14885	17655	19676	21938	23377	27374
1:39:10	30.1	6069	8223	10217	12308	12689	14377	14861	17715	19489	21994	23506	27208
1:39:17	30.1	6136	8200	10350	12154	12797	14292	14993	17677	19622	22019	23374	27395
1:39:24	30.0	6162	8246	10334	12240	12815	14464	15048	17649	19500	21947	23653	27492
1:39:31	30.1	6027	8179	10536	12221	12786	14444	15003	17720	19653	21735	23540	27352
1:39:38	30.1	6012	8177	10398	12261	12863	14537	15043	17692	19616	22047	23557	27526
1:39:45	30.1	5987	8151	10220	12231	12708	14300	14925	17751	19722	21851	23416	27141
1:39:52	30.1	6064	8229	10461	12194	12677	14445	14862	17962	19618	22040	23297	27324
1:39:59	30.1	6108	8285	10408	12441	12786	14267	14924	17878	19480	22164	23595	27153
1:40:06	30.1	6040	8170	10461	12287	12644	14267	14837	17699	19753	21888	23600	27206
1:40:13	30.1	6035	8155	10366	12259	12661	14425	14882	17747	19706	21984	23464	27335
1:40:20	30.1	6105	8167	10360	12186	12698	14423	14752	17568	19609	21950	23430	27308
1:40:27	30.1	6007	8166	10312	12219	12762	14418	14917	17791	19755	21998	23471	27233
1:40:34	30.1	5963	8121	10297	12143	12738	14361	14922	17664	19529	21814	23488	27314
1:40:41	30.1	5998	8066	10275	12077	12761	14493	14785	17662	19682	21937	23440	27341
1:40:48	30.1	5931	8268	10412	12241	12637	14340	14922	17766	19628	21869	23265	27204
1:40:55	30.1	5954	8209	10341	12213	12658	14328	14927	17648	19634	21766	23212	27387
1:41:02	30.1	6051	7987	10436	12180	12660	14445	14937	17714	19671	22065	23546	27300
1:41:09	30.1	6056	8158	10276	12119	12688	14258	14859	17752	19625	21814	23280	27389
1:41:16	30.1	6050	8217	10449	12081	12684	14370	14947	17547	19477	21965	23484	27306
1:41:23	30.1	6047	8149	10368	12309	12805	14361	15010	18032	19743	22016	23566	27303
1:41:30	30.1	5976	8234	10417	12286	12643	14302	14896	17612	19651	21854	23324	27282
1:41:37	30.1	6075	8204	10404	12172	12496	14364	14831	17770	19600	21743	23349	27427
1:41:44	30.1	5968	8140	10331	12261	12643	14328	14891	17877	19535	21834	23390	27193
1:41:51	30.1	5990	8139	10417	12293	12729	14440	14734	17766	19504	21957	23571	27246
1:41:58	30.1	6017	8165	10328	12227	12768	14311	14780	17702	19339	22003	23521	27285
1:42:05	30.1	6002	8148	10395	12125	12671	14419	14955	17879	19415	21802	23267	27318
1:42:12	30.1	6056	8133	10293	12123	12768	14212	15002	17954	19680	21879	23213	27267
1:42:19	30.1	6032	8203	10417	12197	12693	14335	14771	17681	19519	21898	23306	27448
1:42:26	30.1	5963	8192	10475	12309	12748	14268	14784	17601	19627	21984	23179	27263
1:42:33	30.1	5994	8146	10282	12117	12677	14304	14815	17730	19480	21717	23172	27341
1:42:40	30.1	5989	8122	10321	12105	12736	14308	14886	17735	19585	21977	23046	26822
1:42:47	30.1	5990	8119	10374	12076	12671	14324	14924	17627	19596	21900	23394	27022
1:42:54	30.1	6016	8205	10319	12149	12717	14423	14982	17714	19625	22046	23213	27129
1:43:01	30.1	6017	8221	10293	12258	12738	14346	14838	17841	19597	21790	23346	27211
1:43:08	30.1	5969	8220	10289	12154	12632	14352	14742	17543	19607	21907	23357	26857
1:43:15	30.1	5977	8034	10411	12089	12630	14477	14835	17788	19546	22057	23238	27164
1:43:22	30.1	5988	8122	10199	12155	12739	14367	14876	17855	19479	21830	23375	27219
1:43:29	30.1	6022	8133	10302	12205	12650	14284	14980	17699	19576	21799	23331	27020
1:43:36	30.1	6017	8077	10284	12090	12513	14287	14779	17727	19424	21889	23150	27201
1:43:43	30.1	6052	8138	10223	12137	12661	14377	14795	17730	19587	21849	23374	27082
1:43:50	30.1	6081	8096	10228	12105	12558	14264	14827	17666	19410	21891	23274	26972
1:43:57	30.1	6001	8150	10218	12172	12670	14253	14729	17794	19465	21747	23048	27002
1:44:04	30.1	6085	8163	10316	11997	12683	14246	14830	17800	19472	21733	23034	27091
1:44:11	30.1	6091	8136	10238	12196	12669	14220	14931	17575	19531	21789	23423	27072
1:44:18	30.1	6063	8219	10256	12093	12604	14447	14804	17670	19327	21853	23331	26915
1:44:25	30.1	6032	8128	10277	12138	12520	14263	14992	17496	19403	21685	23328	27299
1:44:32	30.1	5969	8167	10157	12132	12664	14233	14822	17763	19469	21536	23171	27190
1:44:39	30.1	6040	8072	10424	12220	12654	14229	14741	17630	19543	21665	23332	27267
1:44:46	30.1	6057	8113	10334	12080	12698	14296	14854	17611	19335	21853	23461	26866
1:44:53	30.1	5940	8057	10275	12130	12561	14326	14757	17660	19311	21855	23124	26778
1:45:00	30.1	5973	8036	10382	12225	12647	14448	14841	17531	19672	21720	23149	26997
1:45:07	30.1	5890	8101	10248	11953	12542	14294	14852	17540	19538	21878	23186	27257
1:45:14	30.1	5994	8028	10169	12186	12725	14368	14924	17746	19409	21683	23289	26981
1:45:21	30.1	5980	8134	10200	12129	12690	14186	14772	17467	19422	21809	23178	27171
1:45:28	30.1	5906	8188	10239	12062	12694	14234	14926	17567	19307	21563	23162	27193
1:45:35	30.1	5967	8079	10299	12107	12515	14185	14830	17554	19458	21705	23136	27200
1:45:42	30.1	5985	8142	10284	12172	12443	14390	14846	17437	19537	21728	23336	27068
1:45:49	30.1	5937	8151	10328	12135	12657	14157	14798	17571	19394	21858	23208	26952
1:45:56	30.1	5947	7996	10423	12004	12526	14203	14719	17620	19371	21760	23248	27010
1:46:03	30.1	5946	8066	10299	12065	12722	14313	14758	17693	19422	21849	23130	26997
1:46:10	30.1	5878	8162	10153	12045	12551	14211	14844	17521	19515	21711	23179	27213
1:46:17	30.1	6028	8033	10174	12084	12575	14339	14897	17582	19474	21840	23073	27277
1:46:24	30.1	5980	8041	10294	12143	12560	14190	14631	17729	19309	21866	23169	27259
1:46:31	30.1	5983	8222	10267	12113	12538	14382	14770	17700	19542	21834	23047	27236
1:46:38	30.1	6018	8025	10305	12112	12460	14237	14897	17591	19384	21597	23087	27118
1:46:45	30.1	5893	8047	10204	12069	12551	14177	14642	17701	19445	21589	22950	26926
1:46:52	30.1	6008	8102	10360	11926	12347	14230	14758	17508	19443	21636	23132	27109
1:46:59	30.1	6010	8092	10352	11972	12572	14209	14798	17605	19565	21669	23259	27154
1:47:06	30.1	5967	8159	10247	11948	12626	14297	14782	17446	19296	21518	23211	26776
1:47:13	30.1	5939	8146	10352	12104	12474	14249	14833	17670	19418	21875	23029	26978
1:47:20	30.1	5893	8088	10283	12170	12485	14049	14841	17553	19301	21687	23017	26844
1:47:27	30.1	5952	8108	10359	11956	12639	14365	14743	17596	19463	21605	22986	26950
1:47:34	30.1	5916	8175	10206	11995	12470	14385	14809	17598	19358	21680	23046	26973
1:47:41	30.1	6041	8151	10222	12188	12442	14093	14812	17518	19394	21719	23166	27023
1:47:48	30.1	5848	8098	10141	12097	12550	14235	14672	17493	19331	21604	23044	26932
1:47:55	30.1	5989	8146	10280	11917	12606	14174	14731	17529	19152	21508	22932	26769
1:48:02	30.1	5958	8069	10200	12228	12474	14336	14764	17548	19252	21671	23070	26991
1:48:09	30.1	6013	8053	10284	12042	12488	14184	14880	17494	19311	21668	23179	26989
1:48:16	30.1	5907	8076	10098	11941	12606	14132	14726	17431	19357	21778	22869	26955
1:48:23	30.1	6005	8093	10292	12062	12543	14385	14824	17609	19435	21681	23195	26618
1:48:30	30.1	5936	8094	10193	12051	12560	14160	14635	17554	19547	21457	23225	26851
1:48:37	30.1	5986	8021	10179	12042	12525	14262	14787	17429	19311	21672	23097	26667
1:48:44	30.1	5920	8032	10223	11936	12458	14136	14496	17499	19103	21726	22978	26758
1:48:51	30.1	5929	8245	10181	12157	12534	14256	14614	17498	19417	21492	23154	26633
1:48:58	30.1	5889	8090	10248	12098	12607	14218	14641	17590	19180	21649	23024	26826
1:49:05	30.1	5842	8096	10191	11997	12541	14068	14653	17402	19088	21746	22876	27025
1:49:12	30.1	6053	7964	10170	12009	12492	14323	14474	17443	19211	21640	22988	26878
1:49:19	30.1	5949	8094	10258	11930	12408	14085	14655	17540	19156	21548	22994	26695
1:49:26	30.1	5859	7958	10140	12021	12435	14291	14673	17649	19220	21553	23013	26700
1:49:33	30.1	5930	8026	10171	12031	12486	13971	14849	17371	19252	21561	22667	26798
1:49:40	30.1	5890	8032	10170	11869	12564	14094	14713	17626	19245	21528	23017	26835
1:49:47	30.1	5918	8053	10176	11973	12424	14183	14601	17596	19296	21465	23116	26731
1:49:54	30.1	6001	7971	10054	11912	12469	14050	14724	17385	19198	21616	22984	26793
1:50:01	30.1	5850	7907	10111	11888	12535	14165	14661	17337	19238	21411	22711	26784
1:50:08	30.1	5938	8024	10121	11939	12474	14186	14734	17487	19209	21273	22822	26587
1:50:15	30.1	5807	8047	10105	11943	12485	14065	14651	17506	19343	21423	22894	26831
1:50:22	30.1	5884	8010	10104	12118	12550	14147	14610	17373	19301	21519	22755	26657
1:50:29	30.1	5883	8018	10081	11967	12378	14161	14733	17374	19251	21686	23056	26772
1:50:36	30.1	5872	8004	10165	12058	12395	14231	14659	17375	19285	21270	22815	26663
1:50:43	30.1	5902	7890	10230	12013	12649	14057	14605	17495	19176	21639	22909	26591
1:50:50	30.1	5931	8039	10263	11911	12400	14108	14467	17350	19191	21460	22792	26485
1:50:57	30.1	5886	8125	10161	11983	12515	13971	14709	17237	19017	21552	22800	26690
1:51:04	30.1	5911	8049	10246	11980	12369	14045	14552	17288	19050	21398	22832	26689
1:51:11	30.1	5889	7905	10219	12090	12474	14150	14510	17454	19151	21635	22914	26663
1:51:18	30.1	5956	7990	10042	11842	12430	14114	14652	17357	19123	21564	22785	26551
1:51:25	30.1	5892	7992	10191	12012	12457	14102	14610	17662	19105	21564	22783	26634
1:51:32	30.1	5903	7995	10145	11949	12358	14064	14480	17255	19048	21354	22735	26610
1:51:39	30.1	5812	7974	10164	11981	12397	14000	14640	17415	19254	21486	22866	26592
1:51:46	30.1	5856	7891	10134	12024	12431	13994	14673	17314	18958	21387	22997	26750
1:51:53	30.1	5782	7921	9944	11786	12427	14028	14508	17403	19182	21377	22991	26432
1:52:00	30.1	5811	8022	10048	11881	12466	14180	14554	17346	19262	21352	22633	26637
1:52:07	30.1	5779	7988	10135	12050	12407	14147	14600	17342	19038	21305	22778	26434
1:52:14	30.1	5880	7989	10285	12061	12204	14014	14598	17172	19110	21427	22954	26494
1:52:21	30.1	5981	7989	10039	12005	12364	13991	14695	17433	19174	21250	22817	26616
1:52:28	30.1	5875	7859	10004	11884	12443	14118	14537	17329	18920	21331	22751	26388
1:52:35	30.1	5858	7979	10039	12031	12350	14125	14534	17212	19040	21412	22856	26466
1:52:42	30.1	5833	7988	10069	11956	12446	13905	14664	17140	19100	21461	22764	26910
1:52:49	30.1	5900	7937	10064	11763	12289	14073	14456	17299	19028	21329	22621	26728
1:52:56	30.1	5852	7882	10207	11955	12419	14001	14581	17462	19062	21407	22713	26755
1:53:03	30.1	5863	8001	9988	11922	12357	14068	14445	17515	18887	21531	22724	26473
1:53:10	30.1	5898	8033	10013	11969	12402	14188	14522	17114	19092	21301	22901	26731
1:53:17	30.1	5946	8090	9988	11926	12453	13998	14449	17244	18837	21358	22788	26642
1:53:24	30.1	5848	8011	10067	11850	12471	13923	14558	17411	18987	21128	22633	26313
1:53:31	30.1	5796	7963	10025	11806	12562	14060	14501	17341	19273	21120	22622	26474
1:53:38	30.1	5835	8004	9995	11969	12346	14044	14573	17424	19071	21171	22728	26557
1:53:45	30.1	5835	8011	10097	11827	12123	13914	14632	17320	19136	21321	22782	26340
1:53:52	30.1	5766	7990	10027	11954	12299	13932	14528	17264	19088	21149	22687	26344
1:53:59	30.1	5843	7983	10048	12039	12332	13916	14541	17352	19091	21258	22718	26684
1:54:06	30.1	5873	7983	9996	11934	12282	13957	14433	17181	19029	21300	22684	26547
1:54:13	30.1	5879	7873	10079	11782	12196	14088	14524	17220	19006	21268	22751	26549
1:54:20	30.1	5823	7904	10115	11778	12417	13943	14538	17288	19048	21234	22774	26363
1:54:27	30.1	5790	7909	10058	12014	12283	13909	14663	17270	18857	21416	22685	26312
1:54:34	30.1	5831	7888	10108	11675	12251	13960	14578	17273	19011	21389	22732	26528
1:54:41	30.1	5805	7847	10030	12027	12246	14054	14567	17198	18943	21285	22818	26556
1:54:48	30.1	5835	7992	10079	11728	12270	13997	14458	17282	18923	21129	22773	26465
1:54:55	30.1	5671	7911	10090	11872	12302	14066	14424	17341	19107	21284	22761	26514
1:55:02	30.1	5817	7942	10049	11850	12376	13937	14574	17305	18993	21365	22511	26737
1:55:09	30.1	5916	7893	10158	11914	12237	13872	14464	17286	19051	21202	22893	26311
1:55:16	30.1	5771	7900	10014	11851	12162	13843	14538	17352	19064	21295	22680	26492
1:55:23	30.1	5770	7888	10143	11762	12401	13943	14527	17102	18938	21193	22761	26487
1:55:30	30.1	5728	7939	10071	11817	12311	14085	14497	17367	18938	21219	22516	26219
1:55:37	30.1	5813	7778	9968	11797	12352	13800	14460	17159	18780	21359	22611	26438
1:55:44	30.1	5772	7781	9942	11810	12356	13871	14486	17038	18898	21257	22746	26540
1:55:51	30.1	5860	7883	10105	11840	12340	13826	14430	17284	19013	21359	22852	26288
1:55:58	30.1	5816	7884	10001	11763	12342	13954	14495	17200	18910	21281	22749	26543

Results
	1	2	3	4	5	6	7	8	9	10	11	12
A													Max V [295,335]
													R-Squared [295,335]
													t at Max V [295,335]
													Lagtime [295,335]
B													Max V [295,335]
													R-Squared [295,335]
													t at Max V [295,335]
													Lagtime [295,335]
C	-1980000.000	2202857.143	-2965714.286	-3625714.286	-3968571.429	-3805714.286	3077142.857	4157142.857	6702857.143	4534285.714	5408571.429	5802857.143	Max V [295,335]
	1.000	1.000	1.000	1.000	1.000	1.000	1.000	1.000	1.000	1.000	1.000	1.000	R-Squared [295,335]
	0:47:54	1:23:50	0:29:42	0:00:04	0:04:58	1:07:30	1:24:25	1:41:20	0:00:04	1:19:31	1:35:58	0:28:11	t at Max V [295,335]
	0:47:25	1:24:32	0:29:30	0:00:00	0:04:54	1:06:59	1:25:13	1:42:09	0:00:00	1:20:25	1:36:38	0:28:27	Lagtime [295,335]
D													Max V [295,335]
													R-Squared [295,335]
													t at Max V [295,335]
													Lagtime [295,335]
E													Max V [295,335]
													R-Squared [295,335]
													t at Max V [295,335]
													Lagtime [295,335]
F													Max V [295,335]
													R-Squared [295,335]
													t at Max V [295,335]
													Lagtime [295,335]
G													Max V [295,335]
													R-Squared [295,335]
													t at Max V [295,335]
													Lagtime [295,335]
H													Max V [295,335]
													R-Squared [295,335]
													t at Max V [295,335]
													Lagtime [295,335]

