

Software Version	3.03.14

Procedure Details

Plate Type	96 WELL PLATE
Set Temperature	Setpoint 30°C
	Preheat before moving to next step
Start Kinetic	Runtime 1:00:00 (HH:MM:SS), Interval 0:00:05, 721 Reads
    Read	Fluorescence Endpoint
	C1..C12
	Filter Set 1
	    Excitation: 295,  Emission: 335
	    Optics: Top,  Gain: 80
	Light Source: Xenon Flash,  Lamp Energy: High
	Read Speed: Normal,  Delay: 0 msec,  Measurements/Data Point: 5
	Read Height: 8 mm
End Kinetic	

Layout
	1	2	3	4	5	6	7	8	9	10	11	12
A													Well ID
B													Well ID
C	SPL1	SPL2	SPL3	SPL4	SPL5	SPL6	SPL7	SPL8	SPL9	SPL10	SPL11	SPL12	Well ID
D													Well ID
E													Well ID
F													Well ID
G													Well ID
H													Well ID

295,335

Time	T° 295,335	C1	C2	C3	C4	C5	C6	C7	C8	C9	C10	C11	C12
0:00:00	30.0	994	3416	4743	7911	8917	11487	1283	4369	5800	9053	10343	13722
0:00:05	30.0	952	3327	4524	7731	8768	11298	1304	4377	5843	9104	10443	13651
0:00:10	30.0	911	3261	4571	7517	8760	11184	1261	4285	5655	9099	10265	13778
0:00:15	30.0	898	3137	4437	7457	8516	11172	1210	4134	5609	9120	10155	13639
0:00:20	30.0	854	3138	4357	7336	8521	10975	1192	4111	5571	9027	10177	13661
0:00:25	30.1	841	3007	4293	7186	8440	10862	1113	4045	5605	8943	10068	13460
0:00:30	30.1	801	2918	4174	7051	8232	10703	1157	4036	5488	8708	10028	13453
0:00:35	30.0	808	2850	4079	6989	8061	10599	1121	3965	5513	8776	10080	13406
0:00:40	30.0	772	2827	4023	6944	8044	10445	1095	3835	5353	8783	9962	13211
0:00:45	30.0	781	2757	3998	6752	7889	10480	1087	3889	5403	8662	10010	12975
0:00:50	30.0	749	2691	3857	6652	7873	10052	1074	3805	5327	8479	9699	13083
0:00:55	30.0	772	2643	3822	6604	7717	10229	1073	3757	5315	8415	9694	12947
0:01:00	30.0	790	2596	3833	6483	7662	10008	1021	3729	5136	8196	9577	12877
0:01:05	30.0	747	2574	3713	6422	7616	9962	1007	3645	5123	8185	9582	12599
0:01:10	30.0	745	2541	3674	6408	7450	9828	982	3710	5121	8090	9566	12800
0:01:15	30.0	779	2514	3611	6302	7495	9809	994	3635	4986	8081	9529	12530
0:01:20	30.0	778	2523	3673	6265	7378	9629	974	3593	5026	8057	9381	12607
0:01:25	30.0	737	2510	3564	6099	7210	9532	953	3498	4921	7963	9324	12439
0:01:30	30.0	747	2389	3528	6158	7242	9507	964	3555	4904	7932	9222	12483
0:01:35	30.0	754	2418	3486	6016	7162	9450	957	3423	4892	7765	9308	12449
0:01:40	30.0	712	2346	3475	6038	7109	9286	942	3404	4808	7714	9242	12264
0:01:45	30.0	733	2395	3433	5927	6968	9223	938	3406	4781	7832	9163	12175
0:01:50	30.0	766	2402	3426	6007	7060	9250	901	3376	4784	7694	9064	12086
0:01:55	30.0	761	2353	3411	5841	6933	9055	931	3329	4801	7537	9020	12154
0:02:00	30.0	754	2359	3345	5694	6886	9116	891	3295	4694	7482	9025	12095
0:02:05	30.0	748	2300	3329	5708	6810	9087	910	3259	4614	7468	8935	11932
0:02:10	30.0	744	2279	3299	5655	6822	8904	882	3241	4625	7395	8909	11957
0:02:15	30.0	755	2347	3321	5583	6724	8848	907	3208	4583	7273	8734	12000
0:02:20	30.0	732	2275	3252	5479	6722	8760	873	3218	4605	7369	8864	11873
0:02:25	30.0	718	2316	3221	5532	6593	8836	888	3213	4582	7279	8624	11889
0:02:30	30.0	757	2265	3282	5547	6600	8719	853	3180	4520	7171	8789	11909
0:02:35	30.0	763	2263	3187	5497	6589	8656	895	3200	4468	7193	8739	11917
0:02:40	30.0	751	2284	3173	5483	6505	8587	867	3163	4464	7101	8658	11722
0:02:45	30.0	737	2274	3188	5468	6567	8648	852	3133	4524	7055	8577	11750
0:02:50	30.0	748	2247	3194	5301	6410	8542	841	3052	4482	6995	8572	11504
0:02:55	30.0	742	2262	3141	5346	6420	8446	867	3116	4463	7051	8502	11567
0:03:00	30.0	727	2253	3114	5318	6419	8612	844	3048	4383	6960	8470	11616
0:03:05	30.0	745	2205	3164	5375	6484	8456	873	3094	4329	6955	8498	11624
0:03:10	30.0	727	2224	3198	5222	6384	8386	843	3013	4383	6859	8483	11503
0:03:15	30.0	736	2209	3216	5277	6369	8396	833	2972	4334	6898	8397	11481
0:03:20	30.0	739	2217	3065	5346	6385	8241	865	2974	4244	6831	8436	11414
0:03:25	30.0	707	2187	3144	5199	6287	8417	821	3032	4256	6769	8391	11287
0:03:30	30.0	741	2171	3082	5188	6330	8267	838	3008	4231	6648	8348	11364
0:03:35	30.0	737	2225	3051	5197	6339	8299	810	2962	4173	6651	8303	11171
0:03:40	30.0	724	2184	2997	5048	6293	8232	839	3009	4154	6600	8244	11227
0:03:45	30.0	729	2176	3047	5036	6160	8252	818	2949	4174	6603	8064	11254
0:03:50	30.0	774	2181	3081	5180	6190	8182	848	2894	4197	6580	8279	11179
0:03:55	30.0	726	2161	3030	5156	6167	8060	814	2914	4137	6591	8079	11185
0:04:00	30.0	741	2186	3065	5105	6200	8082	831	2855	4085	6489	8179	11160
0:04:05	30.0	723	2170	3087	5171	6161	8076	826	2804	4117	6549	8194	11186
0:04:10	30.0	745	2162	3106	5070	6085	8151	814	2850	4077	6407	8093	11135
0:04:15	30.0	728	2230	3042	5049	6129	8056	837	2863	4086	6419	8076	10951
0:04:20	30.0	725	2189	3083	5082	6122	8007	822	2823	3976	6440	7997	10937
0:04:25	30.0	732	2169	3105	4994	6078	7938	825	2836	4053	6403	8011	10903
0:04:30	30.0	739	2138	2986	5017	6106	8006	803	2815	4010	6332	8014	10885
0:04:35	30.0	737	2115	3043	5011	6008	8050	837	2795	4020	6306	7968	10916
0:04:40	30.0	749	2192	3045	4989	6001	7888	809	2818	4035	6293	7934	10872
0:04:45	30.0	737	2125	3019	4979	6015	8041	815	2763	3898	6200	7865	10791
0:04:50	30.0	740	2149	3081	4949	6028	7918	826	2749	4042	6281	7805	10794
0:04:55	30.0	719	2183	3037	5035	5980	7837	815	2803	4007	6184	7880	10604
0:05:00	30.0	748	2183	3060	4895	5869	7756	811	2745	3905	6209	7916	10647
0:05:05	30.0	723	2170	3050	5012	6090	7763	809	2682	3918	6096	7820	10706
0:05:10	30.0	733	2149	3043	4920	5943	7781	787	2700	3923	6133	7724	10601
0:05:15	30.0	734	2149	3029	4887	5914	7917	828	2689	3961	6134	7766	10634
0:05:20	30.0	706	2148	3048	4848	5917	7914	806	2713	3863	6096	7738	10479
0:05:25	30.0	749	2158	3005	5015	5843	7711	798	2657	3899	6059	7708	10461
0:05:30	30.0	729	2120	3054	4858	5872	7915	829	2716	3823	6080	7691	10529
0:05:35	30.0	740	2112	3075	4886	5884	7711	795	2713	3808	5980	7670	10331
0:05:40	30.0	711	2175	2984	4876	5904	7592	790	2641	3755	6080	7703	10328
0:05:45	30.0	698	2142	3007	4885	5891	7769	802	2664	3807	5967	7607	10310
0:05:50	30.0	707	2126	2997	4898	5923	7677	787	2664	3777	5944	7545	10277
0:05:55	30.0	704	2191	3011	4940	5955	7792	790	2653	3765	5925	7683	10224
0:06:00	30.0	711	2097	3009	4862	5797	7787	802	2643	3777	5913	7560	10285
0:06:05	30.0	699	2173	3051	4889	5850	7657	818	2701	3841	5924	7443	10280
0:06:10	30.0	727	2190	2962	4831	5804	7684	788	2613	3816	5873	7491	10186
0:06:15	30.0	700	2189	2938	4931	5861	7577	791	2600	3766	5919	7531	10280
0:06:20	30.0	722	2179	3037	4792	5751	7614	807	2672	3735	5963	7401	10311
0:06:25	30.0	710	2171	2988	4800	5950	7681	816	2570	3753	5847	7498	10092
0:06:30	30.0	718	2110	2948	4856	5759	7694	792	2559	3732	5754	7483	10114
0:06:35	30.0	701	2162	3000	4844	5837	7607	809	2636	3772	5832	7382	10102
0:06:40	30.0	741	2176	2978	4871	5868	7568	799	2601	3730	5767	7491	10150
0:06:45	30.0	731	2123	2942	4816	5919	7620	791	2644	3658	5806	7406	10057
0:06:50	30.0	739	2152	2970	4863	5713	7586	810	2638	3716	5721	7355	10050
0:06:55	30.0	698	2100	3000	4873	5741	7608	803	2579	3676	5791	7337	9997
0:07:00	30.0	702	2157	2996	4876	5767	7562	844	2603	3746	5739	7414	10030
0:07:05	30.0	703	2098	3022	4907	5732	7578	769	2524	3705	5705	7334	9973
0:07:10	30.0	715	2204	2933	4760	5806	7491	783	2619	3654	5759	7300	10006
0:07:15	30.0	715	2108	2963	4818	5736	7464	785	2596	3689	5720	7290	10019
0:07:20	30.0	716	2161	3023	4814	5815	7531	790	2566	3662	5747	7314	9893
0:07:25	30.0	708	2162	3005	4817	5694	7632	797	2589	3671	5650	7226	9912
0:07:30	30.0	715	2132	2978	4814	5772	7566	789	2586	3649	5681	7135	9959
0:07:35	30.0	695	2158	2971	4832	5787	7517	783	2598	3686	5692	7247	9880
0:07:40	30.0	722	2133	3007	4866	5789	7420	763	2574	3690	5683	7175	9982
0:07:45	30.0	701	2084	2978	4887	5735	7517	791	2530	3658	5642	7299	9848
0:07:50	30.0	727	2159	3033	4782	5760	7378	768	2565	3699	5659	7265	9867
0:07:55	30.0	720	2157	2950	4828	5703	7389	800	2558	3611	5679	7271	9777
0:08:00	30.0	736	2178	2957	4843	5797	7561	781	2560	3637	5604	7160	9848
0:08:05	30.0	715	2159	2974	4879	5717	7550	792	2555	3614	5573	7130	9892
0:08:10	30.0	724	2134	2963	4795	5715	7451	783	2592	3592	5595	7209	9690
0:08:15	30.0	724	2179	2970	4776	5764	7491	801	2552	3641	5598	7198	9639
0:08:20	30.0	705	2119	2929	4770	5797	7456	791	2513	3662	5558	7131	9773
0:08:25	30.0	707	2129	2998	4841	5829	7495	791	2549	3627	5659	6980	9791
0:08:30	30.0	712	2115	3014	4778	5746	7472	781	2507	3645	5575	7170	9710
0:08:35	30.0	723	2104	2961	4766	5733	7576	776	2530	3559	5540	7134	9576
0:08:40	30.0	709	2106	2954	4797	5759	7476	763	2556	3611	5484	7062	9773
0:08:45	30.0	716	2136	2970	4856	5774	7449	793	2493	3596	5478	7026	9699
0:08:50	30.0	717	2106	2943	4825	5678	7532	786	2546	3580	5583	7056	9527
0:08:55	30.0	709	2142	2990	4863	5646	7468	769	2582	3623	5505	6996	9576
0:09:00	30.0	723	2117	2991	4761	5795	7429	772	2507	3648	5551	6999	9547
0:09:05	30.0	697	2116	3022	4903	5636	7482	766	2564	3616	5461	7012	9614
0:09:10	30.0	706	2130	2979	4771	5679	7569	807	2486	3564	5524	7082	9588
0:09:15	30.0	711	2121	2969	4708	5676	7455	783	2508	3553	5548	7073	9599
0:09:20	30.0	699	2102	2962	4741	5675	7528	788	2543	3543	5473	6997	9688
0:09:25	30.0	733	2145	2937	4742	5728	7361	806	2464	3558	5424	7027	9638
0:09:30	30.0	690	2101	2969	4756	5696	7487	784	2531	3607	5448	7058	9661
0:09:35	30.0	742	2105	2982	4780	5672	7417	776	2483	3556	5454	7067	9616
0:09:40	30.0	736	2111	2962	4753	5730	7408	769	2535	3596	5583	7032	9629
0:09:45	30.0	728	2099	2977	4724	5707	7463	768	2502	3573	5472	7049	9532
0:09:50	30.0	709	2138	2956	4749	5549	7315	779	2517	3502	5434	6951	9524
0:09:55	30.0	720	2115	3029	4761	5738	7499	796	2461	3531	5524	7044	9509
0:10:00	30.0	696	2120	2997	4786	5694	7439	774	2515	3547	5374	7075	9471
0:10:05	30.0	719	2130	2985	4741	5694	7529	776	2506	3500	5422	6898	9508
0:10:10	30.0	691	2132	2896	4800	5640	7496	778	2507	3495	5358	6954	9402
0:10:15	30.0	707	2152	2973	4742	5688	7405	801	2502	3479	5362	6933	9407
0:10:20	30.0	699	2145	2966	4756	5672	7364	790	2497	3514	5382	6933	9340
0:10:25	30.0	687	2132	2953	4755	5668	7339	794	2517	3556	5403	6940	9376
0:10:30	30.0	697	2125	2997	4741	5641	7374	764	2529	3552	5404	7012	9462
0:10:35	30.0	697	2120	2966	4741	5747	7305	754	2498	3491	5338	6923	9492
0:10:40	30.0	695	2098	2967	4877	5683	7393	767	2510	3481	5337	6839	9193
0:10:45	30.0	705	2095	2972	4893	5635	7418	787	2448	3461	5437	6892	9489
0:10:50	30.0	692	2068	3005	4787	5637	7358	789	2504	3470	5417	6904	9338
0:10:55	30.0	693	2187	2982	4821	5676	7458	751	2512	3470	5309	6952	9467
0:11:00	30.0	722	2155	2939	4744	5717	7418	792	2492	3510	5374	6872	9254
0:11:05	30.0	678	2154	2921	4724	5725	7318	765	2480	3504	5305	6971	9419
0:11:10	30.0	712	2094	2958	4792	5688	7414	766	2526	3543	5356	6822	9346
0:11:15	30.1	678	2106	2961	4749	5655	7414	779	2526	3500	5287	6819	9320
0:11:20	30.0	700	2106	3035	4821	5749	7494	775	2519	3449	5312	6849	9301
0:11:25	30.0	720	2143	2979	4798	5719	7425	776	2496	3525	5292	6824	9493
0:11:30	30.0	710	2165	2968	4750	5629	7448	749	2490	3508	5277	6847	9231
0:11:35	30.0	742	2083	2950	4788	5582	7356	780	2462	3548	5329	6895	9302
0:11:40	30.0	669	2088	2943	4813	5613	7449	801	2451	3406	5328	6784	9353
0:11:45	30.0	704	2118	2954	4738	5652	7403	773	2491	3508	5318	6815	9309
0:11:50	30.0	685	2087	2907	4772	5632	7517	780	2473	3483	5278	6845	9291
0:11:55	30.0	698	2120	2992	4795	5566	7414	792	2490	3486	5309	6804	9313
0:12:00	30.0	682	2117	2951	4788	5615	7533	780	2423	3434	5249	6841	9287
0:12:05	30.0	714	2133	2939	4842	5697	7332	780	2554	3450	5228	6776	9149
0:12:10	30.0	733	2072	2932	4804	5654	7405	771	2465	3511	5268	6739	9318
0:12:15	30.0	704	2148	2939	4733	5592	7338	784	2504	3495	5326	6793	9158
0:12:20	30.0	716	2125	2914	4797	5633	7312	782	2511	3571	5402	6722	9238
0:12:25	30.0	715	2095	2969	4872	5686	7346	780	2518	3513	5258	6775	9355
0:12:30	30.0	725	2088	2941	4759	5640	7508	768	2502	3390	5222	6787	9374
0:12:35	30.0	719	2090	2979	4783	5607	7402	764	2413	3452	5403	6709	9255
0:12:40	30.0	713	2083	2932	4822	5742	7473	761	2488	3483	5280	6696	9172
0:12:45	30.0	705	2063	2964	4827	5635	7406	784	2508	3485	5318	6647	9186
0:12:50	30.0	721	2055	2887	4789	5646	7351	774	2451	3456	5260	6702	9241
0:12:55	30.0	689	2120	2991	4753	5637	7451	788	2449	3450	5279	6769	9200
0:13:00	30.0	731	2114	2963	4791	5707	7342	778	2511	3435	5259	6749	9171
0:13:05	30.0	713	2107	2942	4715	5552	7334	798	2529	3538	5254	6780	9179
0:13:10	30.0	697	2112	2929	4866	5680	7483	794	2482	3459	5249	6681	9180
0:13:15	30.0	711	2045	2910	4754	5648	7365	765	2462	3467	5248	6619	9146
0:13:20	30.0	729	2063	2921	4796	5667	7425	756	2455	3447	5263	6663	9137
0:13:25	30.0	702	2145	2973	4794	5628	7359	764	2483	3510	5324	6657	9238
0:13:30	30.0	699	2104	2978	4816	5600	7435	760	2493	3440	5247	6621	9173
0:13:35	30.0	706	2106	2917	4848	5731	7346	762	2457	3516	5196	6626	9098
0:13:40	30.0	705	2105	2987	4737	5670	7510	790	2494	3472	5233	6739	9071
0:13:45	30.0	712	2102	2925	4803	5630	7399	771	2495	3496	5280	6652	9117
0:13:50	30.0	707	2115	2959	4729	5630	7423	767	2422	3450	5227	6760	9225
0:13:55	30.0	690	2064	2927	4786	5699	7341	732	2514	3449	5309	6703	9039
0:14:00	30.0	696	2114	2970	4783	5640	7511	776	2462	3468	5197	6685	9148
0:14:05	30.0	701	2085	2899	4799	5682	7378	764	2453	3423	5203	6642	9155
0:14:10	30.0	696	2123	2906	4769	5664	7361	786	2496	3434	5244	6579	9098
0:14:15	30.0	684	2079	2920	4716	5550	7378	791	2480	3490	5194	6594	9244
0:14:20	30.0	706	2104	2961	4719	5777	7409	739	2521	3455	5237	6589	9075
0:14:25	30.0	704	2136	2958	4857	5597	7418	784	2487	3493	5174	6687	9115
0:14:30	30.0	684	2062	2976	4819	5586	7286	767	2471	3427	5194	6625	8988
0:14:35	30.0	690	2085	2909	4818	5596	7388	775	2468	3439	5246	6601	9176
0:14:40	30.0	669	2059	2935	4784	5617	7437	776	2540	3402	5231	6575	9079
0:14:45	30.0	692	2092	2914	4838	5551	7330	759	2456	3390	5221	6691	9202
0:14:50	30.0	706	2109	2963	4821	5611	7391	793	2453	3518	5236	6660	9088
0:14:55	30.0	700	2084	2920	4859	5708	7381	782	2483	3441	5221	6572	9064
0:15:00	30.0	717	2078	2962	4770	5591	7405	768	2439	3459	5173	6530	9008
0:15:05	30.0	685	2078	2925	4840	5673	7359	784	2473	3401	5267	6724	9149
0:15:10	30.0	700	2061	2948	4853	5635	7393	756	2462	3426	5244	6620	9099
0:15:15	30.0	705	2103	2990	4752	5691	7400	776	2498	3455	5269	6693	9022
0:15:20	30.0	689	2100	2904	4807	5667	7245	776	2457	3492	5268	6519	9141
0:15:25	30.0	685	2119	2942	4762	5630	7382	774	2515	3447	5244	6639	9138
0:15:30	30.0	686	2080	2983	4808	5616	7554	768	2480	3461	5172	6489	9108
0:15:35	30.0	723	2093	2936	4770	5688	7424	794	2456	3444	5245	6634	9077
0:15:40	30.0	704	2052	2884	4801	5584	7420	794	2482	3430	5257	6588	9128
0:15:45	30.0	711	2115	2884	4810	5576	7274	775	2485	3452	5283	6564	9150
0:15:50	30.0	693	2151	2983	4757	5625	7284	759	2468	3434	5253	6595	9119
0:15:55	30.0	691	2121	2940	4771	5580	7395	791	2504	3470	5229	6661	9031
0:16:00	30.0	683	2073	2896	4764	5595	7413	747	2532	3477	5259	6476	9002
0:16:05	30.0	705	2158	2927	4822	5597	7349	791	2535	3437	5138	6487	9029
0:16:10	30.0	703	2075	2897	4802	5650	7275	763	2513	3346	5189	6528	9180
0:16:15	30.0	690	2081	2896	4798	5666	7416	760	2469	3432	5174	6522	9136
0:16:20	30.0	675	2071	2885	4813	5527	7326	783	2486	3437	5316	6628	9036
0:16:25	30.0	674	2084	2965	4876	5579	7241	777	2510	3400	5256	6506	9040
0:16:30	30.0	693	2058	2932	4734	5570	7385	774	2481	3409	5189	6515	9013
0:16:35	30.0	688	2118	2926	4801	5596	7460	761	2507	3428	5205	6620	9100
0:16:40	30.0	689	2070	3000	4770	5660	7337	799	2448	3489	5245	6562	8925
0:16:45	30.0	684	2085	2849	4819	5656	7249	745	2508	3410	5139	6426	8991
0:16:50	30.0	691	2086	2902	4782	5681	7365	807	2481	3408	5221	6471	9024
0:16:55	30.0	686	2061	2920	4793	5550	7323	792	2484	3446	5213	6601	9089
0:17:00	30.0	699	2075	2869	4808	5652	7414	758	2448	3414	5173	6508	8969
0:17:05	30.0	687	2077	2930	4800	5531	7327	770	2526	3414	5126	6409	9120
0:17:10	30.0	697	2084	2842	4738	5542	7328	766	2511	3423	5162	6450	9029
0:17:15	30.0	693	2104	2981	4841	5548	7431	763	2497	3393	5233	6514	8978
0:17:20	30.0	696	2114	2890	4835	5553	7238	774	2504	3431	5194	6411	9007
0:17:25	30.0	682	2091	2912	4813	5544	7322	734	2470	3378	5260	6496	8929
0:17:30	30.0	705	2129	2958	4806	5600	7394	761	2455	3379	5256	6550	9097
0:17:35	30.0	697	2053	2895	4869	5542	7347	760	2473	3398	5197	6582	9096
0:17:40	30.0	700	2032	2918	4799	5591	7282	755	2506	3383	5211	6507	9046
0:17:45	30.0	678	2086	2897	4735	5544	7317	758	2510	3424	5226	6441	8971
0:17:50	30.0	707	2070	2956	4812	5531	7255	748	2524	3366	5172	6515	9119
0:17:55	30.0	692	2085	2914	4770	5629	7358	771	2476	3420	5189	6494	8990
0:18:00	30.0	688	2064	2904	4760	5486	7332	761	2516	3386	5168	6562	8973
0:18:05	30.0	710	2090	2898	4779	5528	7383	780	2499	3361	5204	6543	8943
0:18:10	30.0	685	2044	2878	4694	5636	7349	774	2510	3396	5279	6518	8889
0:18:15	30.0	677	2059	2882	4850	5588	7373	754	2445	3412	5207	6406	8974
0:18:20	30.0	706	2039	2986	4754	5660	7405	752	2490	3400	5215	6520	8956
0:18:25	30.0	693	2096	2915	4810	5552	7408	760	2468	3438	5109	6436	9070
0:18:30	30.0	700	2050	2911	4729	5550	7296	749	2437	3367	5175	6466	8894
0:18:35	30.0	706	2050	2881	4714	5527	7287	752	2455	3409	5219	6459	9048
0:18:40	30.0	681	2074	2924	4730	5521	7257	744	2478	3352	5188	6462	8966
0:18:45	30.0	669	2065	2905	4829	5594	7358	747	2461	3410	5209	6429	8904
0:18:50	30.0	689	2069	2887	4849	5598	7336	783	2464	3350	5159	6439	8978
0:18:55	30.0	693	2111	2935	4774	5482	7267	792	2430	3373	5177	6527	8970
0:19:00	30.0	696	2080	2906	4707	5609	7433	770	2450	3369	5167	6417	8961
0:19:05	30.0	689	2069	2920	4793	5631	7299	762	2492	3420	5294	6452	8986
0:19:10	30.0	694	2028	2945	4753	5611	7242	769	2386	3397	5085	6432	8905
0:19:15	30.0	687	2100	2879	4731	5559	7346	756	2526	3341	5168	6380	8919
0:19:20	30.0	669	2055	2886	4820	5520	7389	794	2489	3470	5257	6395	8985
0:19:25	30.0	674	2083	2876	4678	5540	7408	753	2496	3371	5219	6363	9003
0:19:30	30.0	697	2085	2913	4810	5520	7327	778	2500	3364	5188	6318	8992
0:19:35	30.0	668	2068	2922	4759	5557	7263	751	2475	3454	5160	6440	8887
0:19:40	30.0	696	2060	2899	4738	5594	7403	738	2467	3358	5233	6425	8909
0:19:45	30.0	697	2085	2921	4751	5592	7304	758	2492	3405	5196	6424	8839
0:19:50	30.1	703	2023	2897	4752	5555	7365	748	2500	3389	5216	6411	8874
0:19:55	30.0	679	2044	2881	4640	5501	7349	744	2472	3409	5136	6430	8923
0:20:00	30.0	696	2050	2853	4747	5521	7236	773	2484	3318	5208	6401	8908
0:20:05	30.0	709	2060	2967	4778	5602	7398	750	2513	3333	5147	6529	8807
0:20:10	30.0	693	2079	2896	4725	5554	7382	749	2448	3376	5206	6495	8802
0:20:15	30.0	678	2060	2859	4775	5623	7319	751	2482	3407	5137	6403	8829
0:20:20	30.0	689	2076	2892	4662	5534	7279	738	2498	3445	5247	6405	9021
0:20:25	30.0	685	2037	2890	4812	5577	7376	739	2424	3392	5235	6277	8828
0:20:30	30.0	675	2054	2866	4742	5479	7227	784	2507	3436	5287	6386	8838
0:20:35	30.0	688	2110	2914	4721	5563	7210	748	2512	3423	5218	6483	8810
0:20:40	30.0	700	2034	2929	4829	5527	7327	716	2480	3400	5192	6392	8943
0:20:45	30.0	683	2065	2840	4784	5603	7355	782	2481	3360	5280	6445	8809
0:20:50	30.0	706	1983	2838	4759	5577	7407	767	2424	3396	5147	6366	8769
0:20:55	30.0	703	2058	2887	4704	5657	7308	764	2450	3336	5243	6314	8931
0:21:00	30.0	706	2043	2878	4753	5516	7277	734	2440	3312	5192	6428	8806
0:21:05	30.0	687	2085	2921	4716	5584	7185	737	2527	3397	5314	6374	8884
0:21:10	30.0	662	2070	2920	4836	5619	7272	769	2444	3373	5236	6348	8860
0:21:15	30.0	673	2075	2885	4737	5448	7237	775	2478	3436	5267	6416	8893
0:21:20	30.0	694	2099	2868	4734	5501	7346	740	2481	3366	5310	6277	8976
0:21:25	30.0	681	2071	2926	4696	5531	7287	756	2506	3301	5256	6369	8898
0:21:30	30.0	695	2036	2854	4745	5601	7305	761	2535	3351	5157	6374	8697
0:21:35	30.0	707	2018	2908	4759	5602	7202	748	2454	3374	5248	6435	8800
0:21:40	30.0	699	2091	2850	4770	5572	7274	731	2491	3320	5211	6415	8770
0:21:45	30.0	702	2033	2892	4762	5413	7214	752	2453	3392	5225	6416	8828
0:21:50	30.0	701	2025	2839	4675	5581	7232	760	2455	3413	5130	6400	8964
0:21:55	30.0	681	2076	2903	4738	5567	7275	752	2442	3451	5216	6358	8761
0:22:00	30.0	704	2078	2893	4793	5447	7153	781	2452	3336	5261	6309	8659
0:22:05	30.0	666	2049	2847	4773	5485	7218	725	2501	3379	5216	6353	8788
0:22:10	30.0	685	1988	2864	4745	5532	7263	740	2480	3328	5144	6407	8911
0:22:15	30.0	686	2061	2920	4780	5488	7253	734	2472	3327	5205	6376	8803
0:22:20	30.0	673	2051	2960	4771	5607	7224	764	2470	3399	5268	6400	8897
0:22:25	30.0	675	2091	2830	4755	5561	7183	747	2410	3376	5285	6378	8796
0:22:30	30.0	671	2116	2849	4729	5505	7306	787	2431	3357	5247	6390	8891
0:22:35	30.0	707	2037	2868	4797	5567	7373	779	2420	3341	5270	6391	8715
0:22:40	30.0	674	2013	2881	4692	5486	7254	718	2455	3364	5181	6258	8889
0:22:45	30.0	697	2040	2882	4713	5539	7287	768	2503	3307	5162	6385	8782
0:22:50	30.0	640	2033	2882	4731	5506	7190	758	2445	3359	5316	6374	8776
0:22:55	30.0	681	2059	2915	4691	5590	7329	767	2466	3372	5294	6433	8686
0:23:00	30.0	677	2038	2926	4765	5563	7286	739	2505	3288	5254	6393	8781
0:23:05	30.0	707	2045	2831	4816	5513	7204	771	2460	3341	5233	6382	8795
0:23:10	30.0	687	2087	2909	4689	5559	7180	750	2457	3399	5220	6479	8855
0:23:15	30.0	711	2073	2890	4674	5484	7305	727	2451	3409	5192	6361	8778
0:23:20	30.0	681	2041	2864	4717	5556	7152	761	2438	3333	5209	6419	8702
0:23:25	30.0	682	2058	2884	4703	5577	7371	748	2449	3443	5257	6322	8727
0:23:30	30.0	676	2082	2912	4692	5436	7285	758	2412	3383	5351	6361	8593
0:23:35	30.0	686	2071	2880	4732	5501	7345	751	2472	3413	5330	6377	8695
0:23:40	30.0	702	2028	2876	4786	5413	7176	753	2455	3345	5197	6339	8760
0:23:45	30.0	684	2057	2880	4655	5617	7277	764	2474	3319	5126	6397	8774
0:23:50	30.0	703	2043	2869	4719	5562	7175	753	2416	3422	5260	6282	8783
0:23:55	30.0	679	2053	2896	4759	5509	7180	750	2392	3441	5289	6356	8734
0:24:00	30.0	683	2061	2920	4681	5522	7205	746	2442	3313	5276	6312	8811
0:24:05	30.0	710	2021	2859	4732	5537	7266	736	2470	3380	5305	6357	8795
0:24:10	30.0	717	2064	2832	4652	5491	7285	767	2474	3310	5314	6374	8651
0:24:15	30.0	698	2055	2868	4789	5586	7220	747	2442	3383	5273	6306	8722
0:24:20	30.0	672	2037	2947	4711	5453	7282	766	2360	3311	5190	6371	8777
0:24:25	30.0	642	2003	2916	4766	5481	7237	768	2413	3318	5244	6331	8671
0:24:30	30.0	666	2075	2866	4732	5398	7171	767	2443	3332	5267	6284	8766
0:24:35	30.0	659	2053	2925	4715	5584	7290	732	2467	3364	5228	6300	8696
0:24:40	30.0	691	2098	2888	4708	5429	7132	759	2391	3317	5271	6333	8729
0:24:45	30.0	659	2035	2829	4680	5525	7253	742	2484	3344	5349	6239	8620
0:24:50	30.0	664	2011	2894	4731	5507	7185	757	2478	3359	5300	6315	8801
0:24:55	30.1	677	2045	2882	4705	5512	7216	743	2452	3404	5282	6278	8680
0:25:00	30.0	694	2079	2951	4796	5515	7203	769	2416	3292	5273	6395	8662
0:25:05	30.1	672	2012	2863	4680	5484	7254	749	2420	3292	5293	6373	8700
0:25:10	30.1	674	2057	2851	4705	5537	7290	767	2418	3324	5235	6271	8699
0:25:15	30.1	623	2047	2872	4656	5503	7187	749	2466	3320	5392	6262	8783
0:25:20	30.1	662	1997	2855	4786	5405	7237	748	2486	3363	5313	6290	8690
0:25:25	30.0	660	2041	2867	4694	5489	7227	772	2378	3344	5369	6388	8697
0:25:30	30.0	683	2081	2862	4666	5486	7168	746	2439	3333	5246	6397	8716
0:25:35	30.1	671	2015	2865	4705	5451	7106	775	2419	3321	5389	6348	8682
0:25:40	30.1	688	2051	2822	4767	5478	7286	743	2480	3337	5286	6365	8712
0:25:45	30.1	710	2093	2854	4641	5508	7262	761	2467	3344	5358	6342	8767
0:25:50	30.1	660	2016	2859	4606	5540	7168	747	2444	3286	5308	6238	8687
0:25:55	30.1	679	2039	2869	4650	5538	7251	738	2406	3399	5263	6355	8588
0:26:00	30.1	681	2043	2876	4661	5489	7233	763	2464	3365	5311	6366	8726
0:26:05	30.1	680	2035	2884	4761	5475	7201	741	2428	3405	5381	6296	8734
0:26:10	30.1	663	2013	2859	4684	5468	7233	751	2474	3344	5388	6249	8603
0:26:15	30.0	695	2030	2839	4689	5480	7243	779	2461	3370	5361	6352	8781
0:26:20	30.1	664	2040	2925	4684	5378	7225	727	2410	3374	5287	6249	8793
0:26:25	30.1	683	2036	2875	4682	5479	7133	754	2466	3316	5378	6325	8570
0:26:30	30.1	691	2052	2900	4710	5493	7349	757	2459	3320	5381	6293	8566
0:26:35	30.1	672	2038	2874	4745	5481	7235	736	2424	3330	5348	6215	8669
0:26:40	30.1	681	2050	2880	4656	5489	7174	737	2410	3285	5328	6230	8695
0:26:45	30.1	656	2011	2892	4670	5509	7217	731	2440	3336	5330	6213	8667
0:26:50	30.1	698	1997	2892	4703	5438	7200	767	2402	3341	5299	6259	8682
0:26:55	30.1	662	2071	2870	4716	5451	7210	747	2482	3316	5385	6288	8599
0:27:00	30.0	690	2046	2799	4645	5447	7177	763	2426	3375	5414	6315	8603
0:27:05	30.1	664	2043	2858	4718	5492	7266	747	2419	3306	5331	6340	8694
0:27:10	30.1	679	2048	2815	4690	5497	7212	741	2401	3293	5353	6356	8672
0:27:15	30.1	677	1986	2883	4705	5412	7193	769	2389	3324	5378	6349	8625
0:27:20	30.1	686	2056	2908	4652	5461	7083	755	2480	3296	5366	6319	8581
0:27:25	30.1	692	2024	2905	4712	5530	7228	726	2468	3379	5427	6304	8579
0:27:30	30.1	671	2018	2875	4755	5461	7156	734	2421	3312	5352	6311	8603
0:27:35	30.1	675	2002	2837	4675	5482	7174	745	2453	3250	5394	6233	8687
0:27:40	30.1	678	2016	2857	4710	5448	7245	756	2427	3323	5390	6270	8632
0:27:45	30.0	665	2092	2812	4740	5415	7187	754	2386	3331	5344	6197	8603
0:27:50	30.1	663	2044	2796	4699	5396	7225	749	2401	3313	5374	6343	8600
0:27:55	30.1	691	2044	2805	4650	5461	7320	752	2434	3277	5450	6340	8685
0:28:00	30.1	709	2020	2909	4713	5426	7220	796	2429	3329	5443	6241	8647
0:28:05	30.1	653	2024	2859	4687	5489	7191	739	2446	3288	5312	6273	8581
0:28:10	30.1	674	2030	2858	4741	5470	7219	741	2391	3363	5430	6381	8520
0:28:15	30.1	661	2004	2851	4723	5497	7183	719	2427	3367	5435	6314	8607
0:28:20	30.1	662	2007	2879	4706	5578	7155	776	2445	3330	5361	6214	8625
0:28:25	30.0	685	2063	2832	4715	5504	7202	730	2460	3325	5400	6321	8636
0:28:30	30.1	659	2034	2898	4654	5494	7183	732	2424	3386	5411	6213	8602
0:28:35	30.0	667	2055	2857	4679	5496	7152	768	2392	3318	5365	6201	8692
0:28:40	30.1	672	2034	2857	4633	5480	7193	761	2440	3364	5483	6271	8555
0:28:45	30.1	655	2072	2865	4720	5456	7178	735	2436	3309	5448	6339	8559
0:28:50	30.1	706	2014	2822	4648	5483	7102	754	2403	3333	5468	6201	8734
0:28:55	30.1	655	2068	2857	4723	5460	7135	756	2444	3296	5479	6302	8679
0:29:00	30.1	715	1999	2837	4738	5474	7168	769	2412	3293	5478	6230	8603
0:29:05	30.1	680	2065	2848	4665	5469	7161	770	2416	3326	5446	6271	8646
0:29:10	30.0	665	2031	2859	4639	5446	7277	738	2417	3354	5444	6183	8702
0:29:15	30.1	673	2022	2820	4719	5532	7122	731	2415	3293	5408	6158	8619
0:29:20	30.1	683	2039	2863	4696	5490	7098	735	2424	3331	5387	6202	8671
0:29:25	30.0	661	1996	2896	4628	5437	7209	742	2405	3300	5430	6171	8626
0:29:30	30.1	658	2035	2842	4607	5480	7110	741	2430	3347	5448	6275	8557
0:29:35	30.1	671	2027	2818	4695	5446	7205	737	2430	3308	5389	6260	8631
0:29:40	30.1	670	2008	2832	4722	5489	7125	717	2429	3324	5376	6197	8516
0:29:45	30.1	685	2054	2878	4700	5455	7125	754	2424	3288	5465	6264	8518
0:29:50	30.1	666	2059	2832	4610	5417	7156	763	2494	3284	5510	6316	8666
0:29:55	30.0	664	1991	2882	4645	5422	7128	734	2380	3312	5393	6256	8548
0:30:00	30.1	676	2038	2809	4629	5290	7112	738	2438	3345	5455	6370	8624
0:30:05	30.1	661	2011	2792	4636	5363	7244	745	2425	3355	5362	6217	8519
0:30:10	30.0	666	2057	2801	4661	5513	7169	737	2394	3285	5411	6257	8633
0:30:15	30.1	657	2038	2851	4634	5306	7291	740	2398	3334	5416	6190	8606
0:30:20	30.1	684	2045	2881	4641	5471	7107	747	2395	3299	5445	6295	8560
0:30:25	30.1	697	2044	2834	4683	5419	7217	756	2395	3330	5489	6180	8622
0:30:30	30.1	670	2037	2815	4705	5463	7185	758	2437	3295	5424	6197	8507
0:30:35	30.1	660	2033	2816	4666	5543	7199	759	2431	3286	5432	6243	8570
0:30:40	30.1	679	2005	2876	4718	5351	7165	773	2398	3318	5390	6237	8590
0:30:45	30.1	693	2057	2817	4647	5446	7197	751	2434	3302	5366	6218	8510
0:30:50	30.1	669	2046	2830	4621	5433	7152	755	2384	3286	5412	6222	8564
0:30:55	30.1	669	2009	2823	4657	5432	7185	737	2486	3336	5419	6259	8595
0:31:00	30.0	674	2055	2796	4644	5423	7216	738	2404	3261	5430	6208	8598
0:31:05	30.1	676	2011	2822	4687	5452	7135	733	2458	3301	5516	6227	8610
0:31:10	30.1	669	2036	2814	4575	5413	7123	747	2498	3344	5378	6253	8527
0:31:15	30.1	655	2006	2845	4703	5426	7113	761	2431	3286	5526	6185	8648
0:31:20	30.1	664	2045	2816	4683	5407	7089	723	2486	3297	5391	6209	8553
0:31:25	30.1	660	2044	2831	4681	5532	7170	766	2449	3308	5417	6242	8563
0:31:30	30.1	664	2033	2821	4615	5429	7174	761	2481	3312	5518	6235	8476
0:31:35	30.1	653	1992	2815	4632	5454	7074	743	2416	3362	5430	6180	8521
0:31:40	30.1	685	1997	2839	4703	5495	7195	765	2360	3295	5393	6282	8449
0:31:45	30.1	669	1996	2848	4621	5391	7127	730	2459	3308	5528	6243	8482
0:31:50	30.1	662	2021	2817	4688	5438	7134	736	2471	3364	5492	6230	8560
0:31:55	30.1	657	2029	2829	4620	5402	7158	723	2373	3248	5331	6190	8548
0:32:00	30.1	670	2031	2849	4591	5467	7113	739	2464	3357	5503	6208	8531
0:32:05	30.1	683	1971	2808	4576	5441	7158	724	2422	3308	5450	6168	8502
0:32:10	30.1	671	2015	2827	4663	5475	7166	726	2368	3291	5451	6149	8505
0:32:15	30.1	663	1987	2837	4575	5537	7134	742	2402	3306	5460	6230	8448
0:32:20	30.1	671	2071	2859	4642	5475	7100	754	2387	3381	5459	6315	8506
0:32:25	30.1	638	2032	2832	4697	5508	7080	743	2399	3353	5395	6227	8611
0:32:30	30.1	662	2024	2789	4614	5507	7066	742	2430	3347	5380	6195	8640
0:32:35	30.1	653	2012	2836	4668	5424	7032	753	2418	3346	5441	6267	8508
0:32:40	30.1	666	2007	2894	4688	5481	7165	744	2381	3353	5452	6249	8490
0:32:45	30.1	668	2034	2811	4665	5430	7191	735	2413	3310	5490	6237	8456
0:32:50	30.1	670	2048	2815	4610	5437	7160	721	2378	3286	5486	6222	8544
0:32:55	30.1	668	1997	2867	4656	5390	7119	745	2415	3323	5492	6203	8597
0:33:00	30.1	663	2045	2823	4644	5444	7117	738	2423	3287	5321	6141	8472
0:33:05	30.1	671	2017	2812	4673	5425	7169	758	2424	3319	5383	6227	8553
0:33:10	30.1	705	2042	2819	4595	5416	7079	720	2424	3293	5386	6194	8485
0:33:15	30.1	675	2024	2842	4634	5398	7163	760	2374	3281	5344	6192	8516
0:33:20	30.1	675	1994	2844	4660	5503	7105	746	2416	3275	5389	6224	8548
0:33:25	30.1	669	1968	2818	4616	5441	7048	770	2404	3301	5413	6173	8502
0:33:30	30.1	687	2005	2801	4698	5446	7175	738	2395	3314	5409	6152	8431
0:33:35	30.1	681	2003	2797	4604	5392	7229	728	2399	3319	5429	6153	8509
0:33:40	30.1	673	1977	2856	4624	5415	7037	756	2479	3293	5440	6251	8463
0:33:45	30.1	658	1975	2809	4683	5333	7199	745	2370	3296	5456	6171	8407
0:33:50	30.1	649	2001	2805	4577	5470	7071	720	2379	3288	5410	6176	8426
0:33:55	30.1	650	1997	2741	4620	5400	7065	740	2350	3250	5368	6207	8463
0:34:00	30.1	674	1973	2803	4656	5407	7087	760	2446	3312	5408	6206	8418
0:34:05	30.1	667	1983	2792	4559	5411	7190	747	2396	3292	5313	6165	8597
0:34:10	30.1	651	2006	2844	4628	5362	7037	764	2423	3239	5418	6184	8451
0:34:15	30.1	684	2031	2819	4628	5426	7099	735	2377	3317	5257	6121	8481
0:34:20	30.1	670	2034	2812	4611	5322	7063	712	2373	3229	5461	6185	8539
0:34:25	30.1	679	1949	2837	4626	5372	7171	743	2424	3304	5417	6192	8448
0:34:30	30.1	668	2010	2835	4598	5373	7082	744	2373	3231	5475	6165	8382
0:34:35	30.1	669	2047	2819	4575	5363	7092	717	2368	3292	5325	6191	8485
0:34:40	30.1	685	2002	2820	4610	5392	7083	743	2372	3232	5295	6147	8545
0:34:45	30.1	675	2011	2760	4568	5379	7073	724	2361	3285	5341	6121	8433
0:34:50	30.1	653	1993	2787	4633	5359	7050	750	2419	3250	5423	6188	8456
0:34:55	30.1	674	1989	2795	4596	5338	7225	745	2353	3277	5476	6137	8519
0:35:00	30.1	660	2007	2772	4558	5297	7068	749	2410	3212	5388	6086	8515
0:35:05	30.1	666	1985	2828	4647	5484	7203	738	2392	3251	5362	6168	8385
0:35:10	30.1	694	2020	2804	4682	5360	7054	746	2390	3205	5440	6114	8568
0:35:15	30.1	671	2001	2772	4621	5424	7052	752	2367	3316	5406	6088	8460
0:35:20	30.1	661	1964	2788	4673	5315	7103	732	2369	3270	5300	6148	8420
0:35:25	30.1	665	2005	2793	4617	5421	7031	750	2398	3263	5361	6227	8367
0:35:30	30.1	650	2031	2808	4577	5375	7186	768	2411	3267	5431	6058	8444
0:35:35	30.1	668	1963	2832	4651	5328	7099	731	2412	3243	5375	6171	8427
0:35:40	30.1	696	1954	2771	4587	5332	7030	732	2388	3187	5393	6185	8506
0:35:45	30.1	660	1962	2802	4625	5279	7017	749	2370	3264	5370	6122	8321
0:35:50	30.1	692	2013	2774	4548	5313	7035	732	2446	3238	5429	6122	8493
0:35:55	30.1	656	1966	2758	4549	5425	7053	743	2366	3252	5411	6062	8508
0:36:00	30.1	657	1964	2821	4620	5410	7052	745	2312	3254	5433	6170	8462
0:36:05	30.1	663	1999	2721	4494	5395	7083	737	2372	3216	5344	6158	8442
0:36:10	30.1	657	2041	2800	4571	5337	7064	736	2342	3247	5309	6107	8386
0:36:15	30.1	666	2009	2798	4521	5315	7110	735	2407	3228	5325	6078	8550
0:36:20	30.1	663	1996	2697	4629	5388	7065	755	2395	3204	5437	6139	8467
0:36:25	30.1	660	1967	2806	4579	5275	7029	734	2381	3262	5286	6191	8383
0:36:30	30.1	653	2008	2779	4620	5363	7035	715	2319	3267	5330	6134	8361
0:36:35	30.1	672	1978	2829	4506	5283	6976	734	2370	3257	5340	6137	8332
0:36:40	30.1	653	2015	2763	4553	5270	7023	773	2417	3192	5324	6099	8369
0:36:45	30.1	665	1978	2781	4578	5432	7100	736	2355	3313	5317	6145	8281
0:36:50	30.1	677	2008	2773	4579	5338	7014	736	2437	3281	5367	6065	8383
0:36:55	30.1	667	1964	2754	4623	5342	7120	731	2373	3200	5297	6100	8332
0:37:00	30.1	660	2006	2793	4635	5367	6966	734	2386	3264	5447	6098	8520
0:37:05	30.1	662	2031	2758	4487	5350	7028	720	2390	3240	5317	6169	8513
0:37:10	30.1	632	1999	2776	4584	5394	7039	718	2429	3230	5333	6178	8318
0:37:15	30.1	674	1954	2786	4545	5316	6913	750	2380	3251	5331	6253	8305
0:37:20	30.1	661	1994	2781	4571	5290	6960	729	2360	3316	5340	6139	8385
0:37:25	30.1	672	1995	2728	4526	5419	7048	740	2347	3237	5397	6127	8493
0:37:30	30.1	680	2011	2833	4549	5294	7038	724	2368	3227	5373	6135	8465
0:37:35	30.1	651	2042	2761	4559	5326	6974	731	2432	3317	5370	6201	8467
0:37:40	30.1	653	1995	2786	4540	5438	7047	756	2398	3244	5269	6051	8393
0:37:45	30.1	665	2033	2787	4557	5366	6987	713	2352	3240	5383	6091	8411
0:37:50	30.1	653	1981	2730	4599	5279	7080	735	2339	3197	5335	6082	8340
0:37:55	30.1	688	1944	2777	4593	5372	7096	733	2335	3198	5408	6090	8261
0:38:00	30.1	661	2027	2778	4562	5387	7061	727	2332	3205	5341	6041	8441
0:38:05	30.1	653	1985	2742	4569	5337	6954	724	2368	3223	5371	6196	8410
0:38:10	30.1	657	1956	2819	4614	5332	6964	738	2353	3151	5368	6073	8344
0:38:15	30.1	659	1979	2810	4573	5297	7100	742	2364	3215	5323	6055	8418
0:38:20	30.1	670	1967	2782	4512	5378	6904	732	2381	3276	5372	6137	8388
0:38:25	30.1	649	1981	2765	4613	5357	6953	742	2377	3193	5334	6127	8412
0:38:30	30.1	665	1985	2770	4562	5340	6956	735	2370	3253	5373	6089	8334
0:38:35	30.1	632	1967	2758	4551	5311	7064	720	2347	3235	5363	6088	8273
0:38:40	30.1	646	2006	2791	4567	5390	6893	734	2369	3247	5299	6008	8385
0:38:45	30.1	656	1958	2763	4538	5314	7002	722	2402	3322	5366	6036	8376
0:38:50	30.1	671	1935	2777	4555	5346	6974	706	2377	3203	5367	6055	8513
0:38:55	30.1	655	1971	2759	4562	5306	6963	732	2383	3241	5342	6150	8389
0:39:00	30.1	663	1982	2775	4550	5264	7031	742	2360	3220	5336	6012	8320
0:39:05	30.1	642	1952	2690	4582	5324	6952	734	2317	3189	5234	6188	8314
0:39:10	30.1	686	1990	2764	4565	5300	7001	734	2342	3139	5350	6119	8366
0:39:15	30.1	662	1973	2763	4521	5413	7035	730	2406	3237	5273	6093	8392
0:39:20	30.1	663	2023	2805	4559	5327	7010	713	2333	3196	5287	6049	8398
0:39:25	30.1	654	1947	2756	4607	5388	6926	746	2399	3251	5226	6089	8399
0:39:30	30.1	651	1940	2741	4578	5321	6966	713	2407	3192	5276	6098	8408
0:39:35	30.1	661	1989	2761	4558	5395	6933	718	2355	3271	5316	6070	8420
0:39:40	30.1	648	1962	2754	4447	5278	6932	757	2397	3186	5313	6137	8332
0:39:45	30.1	670	1991	2782	4550	5274	7025	749	2348	3165	5268	6096	8251
0:39:50	30.1	640	1982	2797	4505	5352	6974	717	2342	3219	5273	6142	8291
0:39:55	30.1	639	1961	2792	4593	5301	6948	723	2365	3279	5307	6018	8246
0:40:00	30.1	658	1990	2769	4626	5380	6967	736	2419	3273	5317	6121	8253
0:40:05	30.1	662	1977	2782	4619	5428	6980	713	2357	3228	5301	6092	8330
0:40:10	30.1	654	1971	2746	4559	5338	6980	699	2367	3178	5280	6097	8401
0:40:15	30.1	672	1972	2780	4541	5307	6898	717	2389	3240	5339	6137	8423
0:40:20	30.1	696	1961	2743	4628	5253	7055	753	2307	3239	5282	6076	8357
0:40:25	30.1	649	1960	2751	4576	5336	6978	759	2340	3176	5298	6127	8426
0:40:30	30.1	679	1950	2789	4568	5296	6997	731	2358	3225	5218	6116	8317
0:40:35	30.1	654	1984	2748	4571	5334	7049	737	2374	3164	5318	6051	8286
0:40:40	30.1	654	2017	2762	4493	5250	7023	700	2357	3237	5285	6087	8302
0:40:45	30.1	650	1970	2742	4540	5333	6945	746	2373	3228	5357	5987	8366
0:40:50	30.1	662	1968	2759	4524	5253	6971	705	2369	3276	5267	6087	8228
0:40:55	30.1	659	1964	2777	4562	5343	7026	722	2378	3192	5250	6108	8357
0:41:00	30.1	667	1972	2773	4595	5345	6848	736	2350	3205	5307	6012	8338
0:41:05	30.1	658	1978	2744	4563	5301	7052	707	2346	3196	5321	6048	8355
0:41:10	30.1	642	1955	2776	4542	5249	7064	732	2333	3238	5349	6066	8344
0:41:15	30.1	651	1953	2784	4578	5402	6986	733	2387	3236	5336	6002	8387
0:41:20	30.1	640	1953	2752	4545	5384	6994	733	2344	3261	5364	6121	8346
0:41:25	30.1	644	1969	2752	4555	5340	6967	734	2391	3253	5267	6086	8322
0:41:30	30.1	656	1974	2718	4461	5426	6890	720	2360	3241	5394	6073	8323
0:41:35	30.1	641	1958	2756	4455	5363	7018	706	2372	3232	5290	6102	8210
0:41:40	30.1	662	1943	2803	4524	5318	6901	726	2367	3185	5250	6023	8346
0:41:45	30.1	646	1963	2767	4587	5259	6925	729	2313	3158	5324	6083	8316
0:41:50	30.1	661	1989	2711	4579	5317	7034	739	2357	3264	5282	6013	8315
0:41:55	30.1	643	1999	2757	4480	5337	6965	709	2402	3204	5368	6044	8421
0:42:00	30.1	648	1972	2743	4495	5335	6992	693	2351	3176	5331	6085	8377
0:42:05	30.1	645	1960	2774	4594	5265	6952	719	2336	3205	5243	6106	8279
0:42:10	30.1	634	1942	2769	4508	5259	7021	724	2312	3194	5302	5999	8300
0:42:15	30.1	664	1979	2702	4568	5389	7019	733	2354	3227	5309	6080	8346
0:42:20	30.1	631	1992	2820	4529	5333	6903	725	2331	3210	5211	6091	8242
0:42:25	30.1	645	1971	2776	4446	5299	6949	723	2362	3167	5305	6077	8275
0:42:30	30.1	676	1949	2805	4580	5267	6879	728	2325	3236	5310	6071	8357
0:42:35	30.1	661	1989	2728	4528	5282	6908	736	2308	3175	5274	6035	8226
0:42:40	30.1	652	1947	2828	4580	5261	6978	700	2380	3230	5296	6023	8242
0:42:45	30.1	661	1983	2782	4531	5336	6987	750	2362	3208	5271	6010	8271
0:42:50	30.1	639	1953	2807	4553	5230	6944	712	2375	3159	5293	6108	8304
0:42:55	30.1	639	1941	2669	4488	5297	6907	725	2319	3292	5250	6050	8246
0:43:00	30.1	669	1950	2772	4572	5333	6960	713	2387	3228	5251	6058	8335
0:43:05	30.1	648	1967	2741	4629	5310	6909	727	2351	3241	5235	5980	8186
0:43:10	30.1	654	1950	2763	4560	5316	6928	722	2367	3231	5237	6006	8444
0:43:15	30.1	660	1926	2763	4570	5328	6913	747	2396	3242	5261	5987	8317
0:43:20	30.1	664	1908	2717	4514	5336	6883	742	2349	3178	5210	6124	8294
0:43:25	30.1	625	1951	2760	4540	5344	6896	719	2391	3176	5373	6009	8299
0:43:30	30.1	653	1944	2804	4578	5241	6846	704	2342	3266	5298	5946	8326
0:43:35	30.1	646	1979	2730	4488	5308	6873	730	2358	3135	5294	5998	8228
0:43:40	30.1	646	1894	2758	4536	5267	7010	726	2328	3180	5215	6011	8208
0:43:45	30.1	656	2030	2703	4468	5291	6993	718	2380	3201	5302	6030	8318
0:43:50	30.1	673	1910	2744	4574	5293	6910	732	2335	3214	5176	6006	8256
0:43:55	30.1	649	1943	2718	4516	5381	6992	736	2368	3188	5275	6026	8309
0:44:00	30.1	647	1999	2728	4526	5313	6892	724	2373	3198	5307	6019	8330
0:44:05	30.1	634	1957	2762	4505	5296	6936	736	2337	3138	5270	5991	8226
0:44:10	30.1	665	1958	2738	4513	5238	7003	730	2316	3188	5261	6076	8250
0:44:15	30.1	684	1921	2727	4570	5239	7087	712	2371	3193	5287	6044	8299
0:44:20	30.1	679	1921	2739	4507	5264	7057	718	2372	3193	5175	6081	8194
0:44:25	30.1	643	1964	2707	4457	5302	6877	722	2324	3263	5304	5999	8247
0:44:30	30.1	641	1985	2736	4486	5255	6871	711	2305	3189	5272	6142	8291
0:44:35	30.1	666	1925	2723	4501	5301	6999	757	2346	3167	5302	6049	8205
0:44:40	30.1	637	1954	2745	4517	5314	6928	710	2340	3178	5200	5932	8261
0:44:45	30.1	647	1975	2737	4480	5280	6885	746	2395	3183	5275	6048	8296
0:44:50	30.1	651	1946	2728	4561	5325	6969	701	2332	3244	5267	6057	8240
0:44:55	30.1	659	1956	2746	4594	5276	6937	693	2321	3186	5286	6027	8259
0:45:00	30.1	645	2000	2825	4554	5270	6883	730	2352	3138	5228	5982	8275
0:45:05	30.1	656	1975	2793	4513	5251	6954	742	2342	3195	5229	6039	8345
0:45:10	30.1	632	1985	2747	4467	5236	6928	749	2343	3219	5278	5973	8232
0:45:15	30.1	644	1952	2739	4438	5316	6894	726	2357	3231	5309	5989	8241
0:45:20	30.1	639	1961	2729	4482	5152	6873	705	2357	3201	5276	5967	8148
0:45:25	30.1	630	1992	2711	4535	5272	6980	714	2332	3245	5310	6049	8207
0:45:30	30.1	661	1983	2717	4414	5271	6880	717	2301	3158	5202	6035	8378
0:45:35	30.1	641	1942	2724	4531	5326	6967	704	2347	3154	5270	6009	8356
0:45:40	30.1	637	1918	2714	4442	5211	6902	720	2342	3197	5250	6116	8290
0:45:45	30.1	653	1944	2735	4543	5186	6921	715	2357	3220	5182	6006	8231
0:45:50	30.1	639	1952	2754	4463	5277	7044	714	2355	3190	5243	6008	8311
0:45:55	30.1	659	1979	2760	4475	5233	6849	719	2299	3174	5237	6051	8337
0:46:00	30.1	648	1961	2781	4547	5293	7020	733	2360	3136	5276	6121	8390
0:46:05	30.1	652	1940	2748	4519	5268	6889	732	2336	3233	5280	6002	8347
0:46:10	30.1	669	1949	2776	4530	5180	6865	719	2350	3220	5163	6020	8310
0:46:15	30.1	650	1956	2719	4515	5263	6935	739	2317	3202	5258	5946	8329
0:46:20	30.1	639	1997	2733	4495	5294	6803	708	2342	3219	5238	5897	8287
0:46:25	30.1	657	1927	2767	4504	5319	6960	702	2282	3206	5313	6124	8248
0:46:30	30.1	659	1953	2753	4557	5247	6993	722	2316	3139	5245	6078	8343
0:46:35	30.1	629	1958	2744	4480	5321	7000	694	2357	3180	5262	6020	8243
0:46:40	30.1	656	1920	2713	4470	5272	6908	706	2319	3221	5281	5947	8229
0:46:45	30.1	640	1982	2754	4524	5201	6936	728	2343	3183	5293	5984	8230
0:46:50	30.1	678	1954	2775	4406	5235	6925	699	2366	3220	5237	5984	8149
0:46:55	30.1	638	2015	2784	4513	5189	6915	740	2317	3206	5328	6021	8321
0:47:00	30.1	664	1969	2760	4557	5247	7002	712	2356	3187	5299	6059	8262
0:47:05	30.1	648	1968	2769	4519	5177	6759	709	2339	3181	5292	5979	8204
0:47:10	30.1	652	1963	2759	4516	5248	6858	726	2341	3177	5227	5969	8231
0:47:15	30.1	626	1924	2741	4509	5276	6970	729	2308	3204	5302	5975	8218
0:47:20	30.1	654	1925	2714	4561	5238	6835	694	2332	3207	5200	6045	8246
0:47:25	30.1	635	1928	2710	4467	5342	6981	706	2323	3155	5312	5974	8346
0:47:30	30.1	635	1931	2720	4544	5309	6914	734	2324	3182	5152	5959	8168
0:47:35	30.1	654	1971	2705	4431	5267	6911	692	2343	3197	5146	5982	8374
0:47:40	30.1	626	1933	2743	4480	5364	6999	716	2310	3187	5165	6042	8171
0:47:45	30.1	636	1958	2739	4524	5339	6913	706	2313	3192	5216	5980	8343
0:47:50	30.1	663	1948	2736	4491	5184	6862	707	2338	3210	5266	6004	8234
0:47:55	30.1	637	1971	2720	4553	5318	6983	718	2331	3207	5188	5989	8138
0:48:00	30.1	634	1931	2777	4536	5218	6878	729	2335	3203	5206	5975	8157
0:48:05	30.1	657	1989	2734	4442	5243	6874	718	2321	3165	5234	6046	8229
0:48:10	30.1	638	1945	2669	4456	5280	6956	725	2392	3199	5228	5936	8143
0:48:15	30.1	657	1971	2744	4498	5269	6867	751	2387	3183	5216	5970	8209
0:48:20	30.1	669	1939	2716	4505	5285	6958	710	2364	3214	5281	6030	8287
0:48:25	30.1	632	1969	2732	4540	5263	6984	713	2315	3161	5210	6102	8316
0:48:30	30.1	643	1974	2772	4496	5352	6871	709	2300	3156	5148	6098	8157
0:48:35	30.1	660	1954	2722	4474	5275	6757	704	2318	3151	5280	6019	8203
0:48:40	30.1	628	1901	2758	4512	5233	6867	704	2344	3233	5117	6053	8176
0:48:45	30.1	672	1947	2751	4395	5240	6897	714	2325	3130	5259	5921	8239
0:48:50	30.1	647	1949	2737	4560	5242	6921	710	2348	3183	5325	6002	8252
0:48:55	30.1	648	1994	2760	4590	5109	6883	738	2344	3210	5272	5958	8200
0:49:00	30.1	667	1913	2744	4509	5273	6818	682	2322	3151	5167	6065	8214
0:49:05	30.1	633	1941	2733	4576	5272	6963	727	2308	3205	5197	6003	8267
0:49:10	30.1	654	1945	2746	4397	5188	6927	715	2349	3131	5205	5915	8166
0:49:15	30.1	643	1928	2716	4419	5295	6816	726	2370	3199	5188	5963	8205
0:49:20	30.1	655	1957	2730	4484	5268	6849	705	2361	3185	5234	5938	8038
0:49:25	30.1	654	1934	2672	4503	5250	6894	698	2328	3230	5219	5963	8128
0:49:30	30.1	651	1934	2751	4482	5281	6886	718	2367	3199	5252	6002	8207
0:49:35	30.1	645	1935	2744	4496	5261	6859	729	2352	3256	5230	5944	8156
0:49:40	30.1	631	1926	2740	4526	5149	6914	711	2313	3177	5237	5998	8211
0:49:45	30.1	633	1920	2767	4513	5133	6836	720	2340	3145	5269	6027	8216
0:49:50	30.1	622	1956	2699	4558	5321	6953	714	2316	3209	5205	5918	8208
0:49:55	30.1	645	1941	2691	4482	5260	6863	680	2352	3212	5264	5976	8295
0:50:00	30.1	654	1966	2730	4485	5279	6909	727	2359	3166	5236	5995	8235
0:50:05	30.1	649	1960	2760	4444	5250	6929	731	2358	3227	5222	5931	8315
0:50:10	30.1	654	1919	2757	4530	5306	6781	738	2327	3199	5261	6113	8261
0:50:15	30.1	673	1945	2761	4444	5170	6901	725	2323	3141	5094	5921	8135
0:50:20	30.1	647	1926	2693	4540	5395	6911	704	2307	3190	5251	5933	8249
0:50:25	30.1	632	1927	2728	4458	5191	6735	710	2332	3228	5220	6010	8178
0:50:30	30.1	623	1934	2728	4477	5205	6826	718	2305	3138	5287	5946	8154
0:50:35	30.1	658	1929	2713	4525	5263	6904	719	2347	3210	5281	6064	8179
0:50:40	30.1	663	1913	2746	4470	5212	6881	717	2319	3166	5294	5995	8239
0:50:45	30.1	650	1947	2697	4462	5263	6955	713	2325	3186	5278	6005	8284
0:50:50	30.1	640	1913	2752	4482	5178	6936	721	2334	3222	5210	5991	8129
0:50:55	30.1	651	1982	2704	4487	5288	6806	732	2327	3161	5219	5996	8259
0:51:00	30.1	635	1940	2726	4438	5184	6780	728	2358	3110	5127	6048	8262
0:51:05	30.1	668	1938	2769	4545	5180	6843	678	2271	3176	5147	5931	8114
0:51:10	30.1	670	1928	2718	4422	5271	6974	721	2338	3098	5242	5978	8200
0:51:15	30.1	640	1957	2715	4526	5267	6920	702	2352	3240	5228	5931	8159
0:51:20	30.1	663	1905	2668	4426	5270	6897	708	2334	3187	5227	5948	8169
0:51:25	30.1	633	1911	2612	4406	5236	6862	717	2276	3184	5211	5964	8199
0:51:30	30.1	632	1897	2730	4492	5295	6932	697	2328	3143	5244	6036	8283
0:51:35	30.1	642	1945	2692	4474	5291	6897	718	2293	3145	5276	6007	8129
0:51:40	30.1	640	1943	2722	4438	5216	6933	714	2302	3157	5239	5948	8224
0:51:45	30.1	637	1898	2757	4418	5273	6922	730	2352	3163	5185	6042	8160
0:51:50	30.1	640	1940	2743	4515	5195	6893	720	2317	3120	5219	5977	8219
0:51:55	30.1	634	1936	2658	4459	5294	6826	711	2270	3146	5186	5962	8165
0:52:00	30.1	652	1971	2708	4494	5246	6864	713	2272	3154	5227	5940	8178
0:52:05	30.1	654	1888	2740	4537	5213	6900	717	2283	3164	5244	5980	8156
0:52:10	30.1	651	1893	2719	4377	5269	6859	702	2325	3199	5200	6012	8254
0:52:15	30.1	637	1897	2707	4531	5242	6847	736	2358	3157	5216	6021	8183
0:52:20	30.1	640	1915	2717	4410	5218	6939	747	2293	3135	5204	5983	8219
0:52:25	30.1	630	1955	2762	4472	5211	6880	723	2340	3207	5255	5891	8305
0:52:30	30.1	634	1904	2698	4474	5176	6899	722	2377	3118	5220	6016	8078
0:52:35	30.1	627	1886	2677	4540	5236	6869	750	2321	3156	5228	5978	8063
0:52:40	30.1	655	1945	2691	4494	5163	6820	703	2325	3159	5236	5914	8148
0:52:45	30.1	626	1934	2673	4488	5201	6874	733	2305	3143	5248	5978	8120
0:52:50	30.1	634	1908	2698	4470	5205	6806	717	2350	3206	5158	6011	8301
0:52:55	30.1	669	1937	2765	4375	5260	6959	694	2328	3155	5157	5903	8172
0:53:00	30.1	655	1996	2735	4460	5253	6934	756	2310	3171	5168	5888	8239
0:53:05	30.1	636	1941	2744	4443	5202	6857	729	2352	3202	5148	5922	8196
0:53:10	30.1	643	1869	2699	4425	5268	6804	705	2276	3178	5264	5974	8219
0:53:15	30.1	625	1924	2764	4467	5218	6821	719	2321	3168	5292	5919	8269
0:53:20	30.1	658	1855	2739	4513	5287	6928	718	2288	3213	5285	5923	8198
0:53:25	30.1	647	1942	2756	4526	5161	6812	722	2346	3214	5204	5941	8167
0:53:30	30.1	625	1974	2729	4404	5149	6819	714	2309	3141	5192	5911	8086
0:53:35	30.1	625	1928	2704	4484	5188	6840	730	2327	3112	5240	5969	8109
0:53:40	30.1	622	1870	2736	4481	5174	6866	723	2298	3217	5234	5903	8054
0:53:45	30.1	627	1937	2671	4527	5177	6860	724	2314	3162	5254	5916	8068
0:53:50	30.1	637	1874	2803	4474	5194	6847	729	2346	3191	5287	5928	8196
0:53:55	30.1	636	1902	2770	4480	5274	6921	688	2304	3156	5197	5878	8183
0:54:00	30.1	633	1951	2736	4460	5199	6697	706	2317	3168	5147	5973	8247
0:54:05	30.1	670	1920	2698	4454	5133	6783	723	2306	3180	5187	6039	8267
0:54:10	30.1	643	1957	2702	4462	5253	6776	720	2283	3195	5221	6005	8019
0:54:15	30.1	642	1890	2741	4514	5170	6890	692	2309	3242	5167	5945	8157
0:54:20	30.1	640	1923	2693	4418	5174	6916	703	2326	3162	5181	5929	8170
0:54:25	30.1	642	1921	2739	4374	5205	6801	691	2271	3150	5205	5970	8145
0:54:30	30.1	653	1907	2699	4444	5200	6863	713	2245	3162	5162	5968	8198
0:54:35	30.1	630	1943	2689	4418	5203	6912	726	2331	3156	5226	5943	8105
0:54:40	30.1	637	1925	2702	4501	5222	6941	714	2301	3189	5133	5930	8126
0:54:45	30.1	650	1929	2663	4474	5133	6871	730	2322	3161	5183	5929	8066
0:54:50	30.1	650	1955	2765	4398	5272	6936	721	2331	3224	5202	6011	8055
0:54:55	30.1	658	1922	2709	4457	5234	6776	704	2336	3200	5149	6032	8135
0:55:00	30.1	632	1903	2714	4477	5266	6808	714	2295	3086	5217	5893	8221
0:55:05	30.1	628	1921	2711	4462	5158	6913	723	2292	3132	5225	6004	8261
0:55:10	30.1	649	1893	2707	4461	5192	6874	722	2328	3154	5140	5980	8205
0:55:15	30.1	654	1905	2713	4472	5271	6856	730	2283	3119	5205	5964	8137
0:55:20	30.1	617	1936	2672	4461	5197	6928	702	2327	3182	5225	5939	8119
0:55:25	30.1	629	1888	2741	4414	5166	6801	749	2334	3142	5189	5973	8096
0:55:30	30.1	636	1884	2695	4439	5171	6811	694	2306	3180	5215	5964	8204
0:55:35	30.1	635	1934	2700	4514	5156	6816	702	2274	3201	5144	5999	8094
0:55:40	30.1	640	1925	2691	4467	5203	6830	725	2349	3164	5191	5960	8190
0:55:45	30.1	642	1952	2691	4441	5222	6759	740	2317	3185	5276	5900	8196
0:55:50	30.1	645	1926	2721	4475	5216	6905	708	2295	3155	5187	5911	8233
0:55:55	30.1	640	1926	2669	4580	5199	6839	738	2317	3124	5195	5940	8115
0:56:00	30.1	644	1894	2715	4450	5194	6832	706	2330	3119	5254	5898	8154
0:56:05	30.1	650	1929	2735	4408	5178	6884	696	2313	3158	5241	5909	8112
0:56:10	30.1	626	1896	2660	4514	5169	6795	715	2308	3131	5209	6067	8193
0:56:15	30.1	625	1943	2693	4473	5210	6882	721	2327	3130	5189	5944	8098
0:56:20	30.1	620	1952	2663	4462	5149	6976	689	2274	3129	5138	5998	8223
0:56:25	30.1	638	1905	2668	4487	5200	6851	678	2277	3132	5155	5887	8121
0:56:30	30.1	638	1909	2668	4450	5257	6829	716	2319	3085	5217	6006	8105
0:56:35	30.1	632	1924	2750	4457	5271	6825	717	2306	3196	5251	6040	8175
0:56:40	30.1	629	1924	2705	4349	5244	6825	709	2334	3122	5166	6021	8040
0:56:45	30.1	636	1899	2629	4411	5128	6849	715	2313	3154	5144	5875	8129
0:56:50	30.1	648	1915	2699	4441	5229	6835	730	2324	3069	5179	5880	8179
0:56:55	30.1	643	1896	2698	4502	5134	6767	712	2262	3190	5256	5951	8111
0:57:00	30.1	631	1927	2687	4525	5220	6878	697	2297	3139	5149	5931	8201
0:57:05	30.1	623	1956	2736	4407	5149	6765	700	2277	3187	5213	5984	8117
0:57:10	30.1	623	1937	2688	4406	5196	6823	716	2295	3176	5212	5944	8093
0:57:15	30.1	640	1925	2740	4418	5253	6772	723	2326	3132	5133	5884	8137
0:57:20	30.1	649	1905	2691	4379	5220	6880	721	2280	3129	5150	5940	8212
0:57:25	30.1	654	1956	2707	4423	5222	6810	715	2345	3142	5201	5972	8089
0:57:30	30.1	635	1913	2728	4471	5179	6755	723	2348	3124	5236	5898	7979
0:57:35	30.1	639	1943	2735	4440	5120	6810	694	2291	3165	5228	5894	8127
0:57:40	30.1	634	1895	2667	4451	5234	6787	704	2311	3073	5229	5915	8069
0:57:45	30.1	631	1971	2707	4475	5229	6910	713	2274	3135	5184	5956	8181
0:57:50	30.1	662	1919	2682	4447	5185	6778	743	2264	3134	5181	6019	8142
0:57:55	30.1	637	1913	2721	4404	5115	6896	714	2327	3116	5125	5988	8076
0:58:00	30.1	645	1938	2759	4492	5133	6833	740	2316	3169	5136	6024	8233
0:58:05	30.1	625	1923	2689	4431	5108	6787	709	2253	3158	5234	5892	8048
0:58:10	30.1	631	1919	2712	4457	5179	6785	740	2328	3086	5110	5951	8177
0:58:15	30.1	653	1938	2746	4410	5259	6810	727	2381	3116	5134	5886	8061
0:58:20	30.1	625	1899	2698	4422	5218	6849	706	2295	3101	5148	5899	8086
0:58:25	30.1	636	1882	2679	4491	5228	6874	723	2283	3118	5202	5873	8050
0:58:30	30.1	652	1925	2723	4444	5083	6745	732	2240	3175	5152	5935	8036
0:58:35	30.1	645	1917	2739	4430	5178	6846	710	2287	3106	5256	5946	8133
0:58:40	30.1	630	1922	2731	4505	5152	6779	724	2286	3184	5195	5979	8128
0:58:45	30.1	611	1894	2725	4336	5125	6744	725	2315	3129	5211	5832	8126
0:58:50	30.1	620	1915	2732	4451	5189	6872	700	2320	3119	5215	5908	7980
0:58:55	30.1	647	1885	2710	4395	5122	6842	707	2326	3137	5167	5931	8090
0:59:00	30.1	649	1890	2714	4427	5184	6855	717	2316	3146	5152	5878	8242
0:59:05	30.0	632	1886	2727	4422	5177	6844	694	2322	3141	5119	5966	8085
0:59:10	30.1	636	1886	2676	4388	5081	6742	693	2285	3129	5253	5959	8171
0:59:15	30.1	641	1939	2769	4444	5172	6901	734	2309	3131	5194	5943	8115
0:59:20	30.1	644	1938	2727	4386	5131	6819	711	2303	3157	5105	5869	8182
0:59:25	30.1	631	1875	2696	4456	5241	6886	712	2296	3137	5164	5948	8036
0:59:30	30.1	626	1895	2675	4450	5126	6836	705	2282	3125	5189	5916	8112
0:59:35	30.1	638	1910	2686	4411	5215	6805	716	2310	3125	5191	5896	8089
0:59:40	30.1	636	1912	2715	4420	5198	6734	730	2295	3115	5168	5871	8153
0:59:45	30.1	639	1934	2753	4435	5099	6841	712	2299	3167	5239	5888	8068
0:59:50	30.1	641	1872	2730	4417	5144	6785	722	2256	3158	5149	5910	8073
0:59:55	30.0	644	1916	2683	4455	5159	6793	713	2311	3186	5156	5938	8171
1:00:00	30.1	652	1918	2708	4489	5082	6976	748	2289	3154	5185	5938	8112

Results
	1	2	3	4	5	6	7	8	9	10	11	12
A													Max V [295,335]
													R-Squared [295,335]
													t at Max V [295,335]
													Lagtime [295,335]
B													Max V [295,335]
													R-Squared [295,335]
													t at Max V [295,335]
													Lagtime [295,335]
C	-876000.000	1632000.000	-2628000.000	-2568000.000	-2928000.000	-5136000.000	-948000.000	-1812000.000	-2256000.000	-2820000.000	-3732000.000	-3588000.000	Max V [295,335]
	1.000	1.000	1.000	1.000	1.000	1.000	1.000	1.000	1.000	1.000	1.000	1.000	R-Squared [295,335]
	0:11:38	0:43:43	0:00:03	0:00:08	0:00:13	0:00:48	0:00:23	0:00:13	0:00:08	0:00:28	0:00:48	0:10:38	t at Max V [295,335]
	0:11:18	0:44:36	0:00:00	0:00:01	0:00:07	0:00:33	0:00:14	0:00:07	0:00:06	0:00:23	0:00:40	0:09:24	Lagtime [295,335]
D													Max V [295,335]
													R-Squared [295,335]
													t at Max V [295,335]
													Lagtime [295,335]
E													Max V [295,335]
													R-Squared [295,335]
													t at Max V [295,335]
													Lagtime [295,335]
F													Max V [295,335]
													R-Squared [295,335]
													t at Max V [295,335]
													Lagtime [295,335]
G													Max V [295,335]
													R-Squared [295,335]
													t at Max V [295,335]
													Lagtime [295,335]
H													Max V [295,335]
													R-Squared [295,335]
													t at Max V [295,335]
													Lagtime [295,335]

