

Software Version	3.03.14

Procedure Details

Plate Type	96 WELL PLATE
Set Temperature	Setpoint 30°C
	Preheat before moving to next step
Start Kinetic	Runtime 1:15:00 (HH:MM:SS), Interval 0:00:05, 901 Reads
    Read	Fluorescence Endpoint
	A1..A12
	Filter Set 1
	    Excitation: 295,  Emission: 335
	    Optics: Top,  Gain: 59
	Light Source: Xenon Flash,  Lamp Energy: High
	Read Speed: Normal,  Delay: 0 msec,  Measurements/Data Point: 5
	Read Height: 8 mm
End Kinetic	

Layout
	1	2	3	4	5	6	7	8	9	10	11	12
A	SPL1	SPL2	SPL3	SPL4	SPL5	SPL6	SPL7	SPL8	SPL9	SPL10	SPL11	SPL12	Well ID
B													Well ID
C													Well ID
D													Well ID
E													Well ID
F													Well ID
G													Well ID
H													Well ID

295,335

Time	T° 295,335	A1	A2	A3	A4	A5	A6	A7	A8	A9	A10	A11	A12
0:00:00	30.0	3719	4432	4918	5438	6582	7512	8287	9737	11647	12516	15298	20632
0:00:05	30.0	3715	4515	4952	5405	6654	7591	8293	9824	11664	12622	15360	19943
0:00:10	30.0	3746	4502	4962	5552	6640	7533	8387	9864	11713	12691	15327	18101
0:00:15	30.0	3728	4513	4981	5727	6707	7620	8348	9911	11733	12558	15453	18156
0:00:20	30.0	3743	4527	5039	5776	6682	7622	8349	9817	11671	12735	15367	18259
0:00:25	30.0	3735	4519	5013	5754	6619	7630	8372	9871	11774	12678	15380	18045
0:00:30	30.0	3752	4528	4954	5728	6746	7533	8307	9806	11697	12754	15376	18144
0:00:35	30.0	3707	4489	4943	5693	6678	7584	8405	9792	11719	12618	15273	18285
0:00:40	30.0	3704	4497	4959	5698	6603	7473	8301	9871	11678	12653	15410	18169
0:00:45	30.0	3689	4485	4967	5648	6663	7577	8270	9809	11591	12555	15324	18275
0:00:50	30.0	3654	4492	4908	5619	6668	7490	8248	9728	11647	12656	15345	18068
0:00:55	30.0	3614	4427	4926	5537	6677	7486	8290	9816	11648	12566	15318	18074
0:01:00	30.0	3625	4454	4917	5544	6597	7458	8263	9745	11537	12626	15408	18098
0:01:05	30.0	3666	4409	4900	5486	6574	7454	8246	9766	11622	12535	15259	18016
0:01:10	30.0	3608	4412	4870	5443	6633	7401	8223	9712	11484	12529	15285	18063
0:01:15	30.0	3581	4414	4874	5430	6594	7423	8196	9774	11516	12576	15294	18068
0:01:20	30.0	3643	4399	4900	5393	6533	7440	8187	9665	11517	12518	15219	18009
0:01:25	30.0	3589	4382	4838	5404	6547	7379	8178	9679	11553	12411	15091	17963
0:01:30	30.0	3591	4311	4854	5368	6592	7417	8160	9620	11502	12487	15182	17973
0:01:35	30.0	3590	4379	4809	5393	6502	7411	8203	9565	11449	12397	15171	18098
0:01:40	30.0	3530	4366	4845	5399	6520	7406	8171	9656	11463	12414	15203	17919
0:01:45	30.0	3576	4347	4752	5321	6469	7335	8148	9698	11337	12456	15122	18015
0:01:50	30.0	3548	4287	4750	5329	6442	7360	8092	9565	11412	12333	15137	17851
0:01:55	30.0	3569	4293	4748	5372	6464	7356	8147	9638	11388	12416	15041	17916
0:02:00	30.0	3528	4276	4717	5296	6383	7320	8120	9475	11463	12319	15042	17746
0:02:05	30.0	3486	4280	4747	5372	6354	7283	8145	9568	11416	12336	15040	17985
0:02:10	30.0	3496	4248	4723	5308	6409	7278	8047	9488	11340	12251	14879	17789
0:02:15	30.0	3436	4244	4691	5318	6353	7275	8093	9501	11381	12278	14928	17749
0:02:20	30.0	3472	4265	4670	5272	6334	7265	8062	9524	11321	12246	14886	17806
0:02:25	30.0	3453	4259	4660	5271	6345	7186	8063	9510	11258	12278	14906	17619
0:02:30	30.0	3452	4185	4604	5276	6369	7222	7973	9409	11261	12143	14961	17760
0:02:35	30.0	3487	4207	4686	5226	6303	7248	7976	9425	11205	12231	14999	17796
0:02:40	30.0	3471	4182	4624	5222	6382	7194	8005	9446	11234	12115	14813	17692
0:02:45	30.0	3448	4204	4606	5219	6314	7158	7962	9414	11234	12294	14856	17742
0:02:50	30.0	3453	4148	4658	5218	6257	7096	7964	9359	11244	12231	14838	17658
0:02:55	30.0	3478	4183	4611	5188	6286	7148	7948	9385	11240	12117	14872	17601
0:03:00	30.0	3397	4149	4596	5217	6262	7147	7838	9320	11225	12104	14794	17565
0:03:05	30.0	3414	4146	4563	5192	6246	7116	7842	9341	11109	12190	14858	17520
0:03:10	30.0	3376	4141	4543	5185	6262	7025	7867	9434	11107	12192	14738	17384
0:03:15	30.0	3410	4132	4528	5129	6239	7127	7835	9346	11140	12058	14769	17570
0:03:20	30.0	3374	4107	4538	5167	6214	7007	7816	9350	11209	12092	14679	17407
0:03:25	30.0	3342	4109	4584	5156	6181	7080	7842	9334	11143	12034	14800	17353
0:03:30	30.0	3334	4091	4512	5159	6228	7030	7870	9264	11061	12031	14775	17473
0:03:35	30.0	3380	4079	4549	5117	6194	7019	7803	9244	11061	12055	14695	17290
0:03:40	30.0	3344	4093	4493	5128	6093	6979	7822	9399	11028	12017	14746	17411
0:03:45	30.0	3369	4057	4494	5144	6187	6970	7789	9250	11077	11977	14638	17387
0:03:50	30.0	3342	4069	4473	5104	6169	6956	7776	9216	11136	12018	14612	17228
0:03:55	30.0	3332	4017	4491	5101	6162	7008	7753	9270	11026	12029	14665	17393
0:04:00	30.0	3298	4064	4478	5087	6167	7024	7772	9189	10984	11911	14646	17199
0:04:05	30.0	3299	4088	4471	5058	6114	6995	7691	9246	10992	11972	14546	17217
0:04:10	30.0	3304	4012	4437	5080	6133	6963	7748	9251	10965	11806	14549	17410
0:04:15	30.0	3311	4009	4447	5036	6063	6926	7608	9253	10929	11912	14576	17324
0:04:20	30.0	3307	4009	4439	5027	6076	6911	7716	9118	10844	11970	14544	17303
0:04:25	30.0	3278	3974	4427	5051	6123	6993	7684	9143	10887	11916	14454	17130
0:04:30	30.0	3309	3960	4448	5054	6064	6931	7654	9077	10917	11826	14549	17154
0:04:35	30.0	3261	3981	4381	5016	6034	6907	7617	9109	10891	11847	14430	17191
0:04:40	30.0	3255	3967	4407	5007	6032	6905	7590	9092	10918	11822	14547	17172
0:04:45	30.0	3249	3951	4371	4981	6033	6877	7595	9064	10843	11829	14393	17069
0:04:50	30.0	3200	3941	4367	4963	6090	6891	7702	9091	10798	11851	14524	17005
0:04:55	30.0	3234	3967	4399	4949	6039	6859	7527	9034	10771	11583	14419	17153
0:05:00	30.0	3209	3943	4395	4976	6044	6842	7577	9079	10851	11744	14504	17178
0:05:05	30.0	3253	3929	4354	5025	6047	6878	7615	8986	10809	11766	14439	17173
0:05:10	30.0	3231	3909	4376	4917	5971	6886	7582	8931	10815	11794	14330	17042
0:05:15	30.0	3208	3892	4337	4933	6018	6793	7541	8928	10762	11681	14372	17154
0:05:20	30.0	3178	3897	4322	4929	5977	6797	7554	8989	10764	11659	14308	16955
0:05:25	30.0	3189	3883	4271	4966	5996	6770	7555	9013	10844	11699	14283	17042
0:05:30	30.0	3209	3854	4336	4862	5989	6753	7499	8979	10765	11679	14216	16956
0:05:35	30.0	3183	3867	4315	4920	5923	6790	7535	9039	10655	11624	14378	17046
0:05:40	30.0	3189	3869	4230	4890	5949	6757	7513	8925	10748	11663	14392	17140
0:05:45	30.0	3161	3878	4328	4941	5962	6717	7539	8929	10805	11592	14320	17086
0:05:50	30.0	3180	3874	4280	4899	5929	6780	7512	8902	10766	11543	14368	17090
0:05:55	30.0	3145	3844	4294	4863	5945	6744	7413	8939	10622	11600	14295	16911
0:06:00	30.0	3168	3844	4284	4855	5907	6706	7472	8933	10594	11543	14182	16897
0:06:05	30.0	3135	3873	4278	4813	5960	6757	7449	8860	10641	11654	14191	16832
0:06:10	30.0	3146	3823	4283	4852	5851	6704	7472	8910	10660	11552	14353	16822
0:06:15	30.0	3139	3862	4254	4798	5808	6715	7482	8868	10642	11533	14146	16808
0:06:20	30.0	3134	3855	4222	4814	5927	6696	7477	8787	10594	11533	14059	16996
0:06:25	30.0	3105	3819	4245	4820	5798	6664	7442	8841	10618	11457	14143	16834
0:06:30	30.0	3136	3827	4264	4817	5872	6667	7393	8817	10559	11506	14093	16710
0:06:35	30.0	3111	3845	4197	4811	5797	6659	7385	8804	10586	11507	14034	16610
0:06:40	30.0	3110	3780	4229	4845	5835	6611	7382	8876	10513	11451	14004	16881
0:06:45	30.0	3098	3799	4207	4812	5840	6615	7382	8911	10575	11468	14172	16716
0:06:50	30.0	3077	3811	4222	4810	5848	6616	7286	8803	10473	11451	14008	16784
0:06:55	30.0	3076	3793	4174	4771	5856	6627	7415	8822	10492	11462	14110	16754
0:07:00	30.0	3048	3796	4198	4798	5826	6593	7341	8742	10522	11438	14012	16783
0:07:05	30.0	3071	3783	4145	4769	5755	6550	7356	8762	10515	11299	14068	16506
0:07:10	30.0	3078	3776	4184	4769	5772	6622	7274	8742	10517	11376	13985	16697
0:07:15	30.0	3042	3737	4202	4725	5813	6609	7304	8664	10504	11440	14047	16659
0:07:20	30.0	3061	3749	4151	4747	5774	6612	7305	8672	10522	11474	13958	16586
0:07:25	30.0	3059	3726	4161	4758	5789	6577	7244	8687	10460	11413	14018	16585
0:07:30	30.0	3044	3724	4166	4745	5740	6558	7312	8757	10400	11354	14008	16766
0:07:35	30.0	3057	3738	4149	4778	5783	6521	7282	8715	10465	11235	13908	16621
0:07:40	30.0	3039	3762	4129	4711	5744	6491	7293	8683	10360	11347	13949	16578
0:07:45	30.0	3034	3724	4147	4706	5742	6517	7249	8703	10365	11293	13850	16557
0:07:50	30.0	2996	3739	4121	4718	5752	6454	7258	8679	10463	11342	14004	16615
0:07:55	30.0	2987	3697	4135	4729	5711	6507	7231	8658	10466	11337	13783	16537
0:08:00	30.0	3033	3778	4120	4706	5699	6580	7170	8629	10414	11333	13852	16440
0:08:05	30.0	3007	3725	4144	4700	5707	6542	7184	8671	10360	11202	13873	16521
0:08:10	30.0	3068	3710	4062	4709	5645	6499	7228	8613	10374	11185	13788	16522
0:08:15	30.0	3020	3724	4093	4690	5679	6460	7189	8582	10416	11232	13843	16456
0:08:20	30.0	3028	3689	4082	4667	5710	6424	7172	8636	10371	11245	13795	16557
0:08:25	30.0	3035	3665	4055	4676	5667	6453	7247	8513	10345	11167	13879	16301
0:08:30	30.0	2984	3685	4112	4665	5708	6477	7168	8521	10306	11144	13842	16281
0:08:35	30.0	2992	3669	4055	4641	5628	6365	7163	8548	10269	11182	13748	16430
0:08:40	30.0	2986	3645	4078	4716	5652	6419	7142	8483	10281	11098	13760	16454
0:08:45	30.0	2985	3651	4053	4665	5651	6391	7196	8479	10275	11101	13762	16499
0:08:50	30.0	3002	3674	4057	4640	5633	6453	7120	8518	10376	11184	13681	16349
0:08:55	30.0	3009	3642	4045	4638	5648	6434	7088	8533	10257	11206	13674	16465
0:09:00	30.0	2963	3630	4053	4647	5665	6451	7126	8561	10205	11164	13728	16448
0:09:05	30.0	2968	3641	4031	4634	5617	6425	7094	8482	10282	11168	13669	16322
0:09:10	30.0	2965	3622	4058	4633	5587	6390	7042	8513	10317	11147	13677	16210
0:09:15	30.0	3002	3637	4038	4634	5659	6444	7080	8498	10302	11020	13642	16213
0:09:20	30.0	2936	3600	4008	4645	5586	6412	7122	8575	10255	11094	13714	16283
0:09:25	30.0	2943	3578	4028	4619	5637	6404	7094	8565	10190	11008	13737	16219
0:09:30	30.0	2977	3633	4012	4624	5595	6348	7108	8443	10128	11088	13741	16334
0:09:35	30.0	2946	3607	4023	4616	5558	6284	7076	8419	10197	11105	13669	16263
0:09:40	30.0	2940	3590	3972	4625	5558	6335	7093	8375	10100	11090	13732	16240
0:09:45	30.0	2919	3592	4002	4623	5614	6374	7090	8411	10187	11006	13600	16267
0:09:50	30.0	2934	3564	3970	4603	5630	6373	7020	8450	10170	10958	13659	16351
0:09:55	30.0	2935	3617	4010	4635	5550	6317	7066	8521	10175	10964	13601	16140
0:10:00	30.0	2921	3554	3989	4572	5595	6312	7052	8446	10234	11034	13624	15970
0:10:05	30.0	2928	3574	3994	4609	5559	6287	7121	8455	10175	11085	13724	16206
0:10:10	30.0	2924	3562	3984	4625	5568	6272	7033	8456	10054	10998	13544	16084
0:10:15	30.0	2907	3574	3964	4560	5562	6361	7081	8409	10123	11028	13614	16248
0:10:20	30.0	2923	3598	3972	4602	5536	6322	7041	8439	10162	10903	13627	16274
0:10:25	30.0	2893	3563	3977	4540	5556	6365	7045	8362	10182	11068	13451	16340
0:10:30	30.0	2881	3556	3962	4545	5549	6301	7032	8390	10131	10978	13589	16224
0:10:35	30.0	2912	3547	3957	4579	5495	6305	7038	8423	10096	10942	13413	16270
0:10:40	30.0	2882	3552	3922	4618	5514	6291	7002	8390	10132	10939	13515	16199
0:10:45	30.0	2901	3513	3959	4589	5489	6308	7005	8478	10220	10934	13551	15995
0:10:50	30.0	2902	3543	3987	4560	5483	6266	7023	8424	10129	10922	13492	16113
0:10:55	30.0	2897	3534	3923	4605	5515	6296	7023	8374	10028	10987	13693	16118
0:11:00	30.0	2884	3541	3944	4589	5479	6262	6996	8377	10167	10980	13500	16095
0:11:05	30.0	2881	3532	3935	4557	5508	6242	6972	8365	10084	10945	13511	16183
0:11:10	30.0	2887	3519	3937	4524	5471	6263	6937	8349	10057	11015	13479	16115
0:11:15	30.0	2903	3490	3949	4550	5507	6251	7010	8310	10014	10942	13461	16129
0:11:20	30.0	2869	3543	3908	4539	5482	6284	6906	8292	10017	10869	13374	16063
0:11:25	30.0	2865	3533	3906	4564	5456	6203	6923	8352	10049	10876	13426	16090
0:11:30	30.0	2840	3498	3895	4531	5441	6218	6902	8314	10008	10838	13473	16061
0:11:35	30.0	2856	3511	3901	4553	5541	6271	6936	8414	9990	10812	13536	15915
0:11:40	30.0	2851	3522	3913	4559	5456	6241	6887	8425	10030	10867	13415	16034
0:11:45	30.0	2841	3495	3906	4550	5425	6278	6905	8263	9991	10971	13438	16051
0:11:50	30.0	2840	3494	3892	4554	5456	6258	6884	8317	10031	10914	13394	16002
0:11:55	30.0	2846	3496	3867	4522	5444	6213	6921	8303	9915	10951	13331	16014
0:12:00	30.0	2852	3537	3882	4551	5420	6188	6817	8299	9928	10801	13337	16094
0:12:05	30.0	2825	3484	3893	4557	5447	6208	6906	8310	9920	10773	13315	16117
0:12:10	30.0	2839	3495	3873	4531	5413	6205	6913	8292	9901	10790	13424	15965
0:12:15	30.0	2851	3473	3911	4567	5430	6108	6889	8336	9995	10822	13476	15936
0:12:20	30.0	2832	3483	3905	4529	5424	6210	6848	8286	9999	10760	13314	15950
0:12:25	30.0	2813	3463	3855	4521	5403	6173	6869	8266	9912	10869	13365	15959
0:12:30	30.0	2843	3476	3880	4531	5433	6146	6833	8256	9951	10784	13490	15966
0:12:35	30.0	2835	3524	3883	4520	5456	6179	6865	8258	10005	10739	13313	16016
0:12:40	30.0	2822	3465	3861	4525	5448	6171	6875	8251	9951	10783	13255	15938
0:12:45	30.0	2809	3462	3880	4472	5408	6124	6851	8299	9924	10799	13371	15850
0:12:50	30.0	2816	3464	3889	4496	5409	6116	6847	8269	9927	10806	13245	15890
0:12:55	30.0	2824	3457	3847	4517	5405	6140	6879	8228	9958	10650	13355	16056
0:13:00	30.0	2797	3467	3830	4514	5394	6154	6859	8273	9908	10753	13196	15997
0:13:05	30.0	2837	3468	3876	4541	5362	6167	6791	8259	9779	10817	13195	15934
0:13:10	30.0	2822	3471	3865	4519	5398	6202	6828	8184	9861	10776	13239	15867
0:13:15	30.0	2819	3458	3871	4508	5385	6092	6850	8168	9850	10751	13232	15981
0:13:20	30.0	2802	3472	3817	4537	5360	6094	6821	8221	9877	10713	13170	15958
0:13:25	30.0	2809	3451	3789	4550	5345	6142	6785	8202	9888	10703	13202	15972
0:13:30	30.0	2817	3451	3814	4526	5351	6066	6807	8258	9887	10790	13324	15920
0:13:35	30.0	2790	3432	3805	4537	5374	6134	6787	8137	9871	10807	13235	15986
0:13:40	30.0	2793	3486	3806	4515	5368	6053	6768	8143	9831	10707	13285	15868
0:13:45	30.0	2794	3441	3821	4505	5348	6148	6828	8175	9776	10763	13302	15813
0:13:50	30.0	2768	3418	3790	4495	5389	6112	6837	8167	9852	10705	13272	15882
0:13:55	30.0	2785	3465	3821	4529	5353	6096	6792	8171	9873	10745	13165	15702
0:14:00	30.0	2786	3423	3795	4477	5355	6058	6794	8191	9850	10715	13134	15869
0:14:05	30.0	2770	3442	3854	4445	5326	6083	6796	8159	9863	10770	13226	15724
0:14:10	30.0	2775	3429	3777	4546	5314	6066	6796	8121	9746	10782	13220	15835
0:14:15	30.0	2785	3429	3788	4500	5371	6072	6794	8200	9894	10556	13230	15822
0:14:20	30.0	2794	3407	3820	4442	5363	6074	6769	8143	9784	10701	13201	15854
0:14:25	30.0	2757	3419	3794	4502	5324	6082	6788	8108	9826	10666	13172	15814
0:14:30	30.0	2766	3416	3786	4444	5359	6096	6779	8181	9823	10677	13088	15890
0:14:35	30.0	2799	3397	3814	4484	5295	6065	6783	8108	9739	10769	13155	15704
0:14:40	30.0	2788	3380	3777	4437	5314	6091	6767	8140	9697	10727	13117	15728
0:14:45	30.0	2747	3419	3791	4514	5302	6079	6762	8161	9752	10644	13102	15794
0:14:50	30.0	2778	3423	3782	4432	5303	6072	6718	8119	9781	10534	13229	15821
0:14:55	30.0	2756	3388	3788	4459	5299	6088	6711	8091	9746	10674	13121	15837
0:15:00	30.0	2757	3389	3731	4478	5290	6088	6720	8103	9880	10648	13099	15775
0:15:05	30.0	2754	3383	3788	4461	5328	6033	6774	8163	9759	10653	13102	15790
0:15:10	30.0	2723	3392	3784	4441	5287	6048	6752	8012	9725	10601	13091	15747
0:15:15	30.0	2766	3421	3739	4453	5307	5971	6711	8045	9781	10628	13116	15749
0:15:20	30.0	2746	3383	3752	4426	5281	6040	6704	8014	9732	10659	13023	15766
0:15:25	30.0	2764	3374	3775	4453	5291	6040	6697	8058	9735	10556	12982	15741
0:15:30	30.0	2766	3371	3755	4483	5255	6062	6675	8149	9737	10663	13006	15698
0:15:35	30.0	2744	3379	3754	4395	5283	6038	6671	8156	9677	10573	13005	15685
0:15:40	30.0	2761	3392	3785	4434	5284	6015	6651	8007	9705	10604	13126	15670
0:15:45	30.0	2774	3404	3781	4462	5256	6038	6658	8095	9724	10649	13095	15646
0:15:50	30.0	2770	3367	3760	4431	5265	6042	6675	8037	9761	10638	13186	15671
0:15:55	30.0	2717	3384	3775	4428	5260	5978	6702	8045	9766	10527	13052	15763
0:16:00	30.0	2763	3390	3766	4447	5328	6027	6739	8041	9736	10588	13115	15692
0:16:05	30.0	2754	3383	3786	4418	5331	6031	6691	8046	9628	10555	13077	15623
0:16:10	30.0	2743	3402	3751	4397	5252	6021	6728	8069	9758	10486	12902	15697
0:16:15	30.0	2746	3362	3752	4421	5261	6017	6661	8014	9694	10624	12930	15643
0:16:20	30.0	2723	3359	3747	4432	5263	5961	6688	8009	9647	10543	13109	15671
0:16:25	30.0	2747	3375	3776	4446	5242	5993	6639	8057	9669	10547	13034	15567
0:16:30	30.0	2738	3372	3745	4419	5262	6026	6733	7992	9677	10544	13159	15767
0:16:35	30.0	2734	3367	3744	4434	5256	6005	6649	8014	9683	10648	13094	15654
0:16:40	30.0	2724	3338	3754	4443	5250	5994	6634	8046	9690	10590	13035	15615
0:16:45	30.0	2728	3367	3753	4418	5209	5985	6700	8098	9696	10591	13025	15687
0:16:50	30.0	2743	3377	3733	4414	5195	5973	6726	8002	9603	10486	13075	15608
0:16:55	30.0	2729	3348	3759	4399	5230	5929	6572	7941	9763	10575	13007	15635
0:17:00	30.0	2729	3346	3749	4387	5243	5952	6685	8035	9683	10507	12908	15646
0:17:05	30.0	2757	3343	3713	4441	5245	5962	6705	8009	9596	10518	12881	15715
0:17:10	30.0	2703	3353	3750	4407	5248	5987	6651	7975	9667	10500	13014	15558
0:17:15	30.0	2744	3357	3714	4388	5220	5975	6691	7974	9608	10508	13018	15538
0:17:20	30.0	2723	3362	3744	4373	5184	5990	6636	8016	9602	10473	12974	15468
0:17:25	30.0	2723	3320	3691	4420	5245	5962	6675	7962	9662	10513	13103	15468
0:17:30	30.0	2707	3348	3722	4419	5229	5950	6574	7950	9536	10464	13000	15538
0:17:35	30.0	2740	3335	3707	4401	5201	5945	6649	7997	9591	10509	13044	15565
0:17:40	30.0	2715	3389	3716	4400	5192	5964	6594	7926	9593	10476	12839	15512
0:17:45	30.0	2729	3338	3689	4381	5212	5934	6615	7972	9583	10454	12830	15579
0:17:50	30.0	2720	3336	3712	4444	5205	5937	6581	7895	9603	10544	12872	15673
0:17:55	30.0	2688	3334	3707	4434	5234	5978	6633	7933	9599	10463	12901	15667
0:18:00	30.0	2730	3335	3705	4388	5215	5954	6578	7930	9639	10496	13022	15518
0:18:05	30.0	2747	3320	3687	4367	5205	5936	6612	7950	9583	10455	12902	15489
0:18:10	30.0	2694	3326	3716	4364	5222	5934	6647	7955	9542	10578	13008	15583
0:18:15	30.0	2710	3331	3736	4361	5226	6021	6568	7939	9631	10461	12902	15433
0:18:20	30.0	2714	3312	3693	4387	5185	5893	6643	7961	9624	10419	12885	15629
0:18:25	30.0	2702	3332	3675	4395	5191	5898	6579	7924	9540	10407	12892	15555
0:18:30	30.0	2702	3328	3678	4422	5172	5908	6577	7984	9496	10387	12971	15577
0:18:35	30.0	2691	3335	3684	4388	5195	5984	6697	7939	9574	10506	12943	15482
0:18:40	30.0	2725	3298	3711	4341	5207	5937	6618	7940	9623	10473	12844	15406
0:18:45	30.0	2704	3299	3693	4384	5199	5928	6633	7890	9632	10412	12916	15325
0:18:50	30.0	2696	3333	3656	4392	5212	5877	6518	7917	9527	10468	12955	15486
0:18:55	30.0	2698	3300	3708	4373	5187	5876	6594	7907	9557	10373	12863	15444
0:19:00	30.0	2700	3288	3719	4401	5234	5905	6517	7924	9527	10430	12891	15503
0:19:05	30.0	2709	3319	3670	4386	5147	5865	6500	7885	9521	10369	12884	15427
0:19:10	30.0	2702	3300	3663	4328	5167	5850	6589	7910	9547	10488	12806	15459
0:19:15	30.0	2694	3303	3684	4399	5148	5884	6553	7833	9614	10492	12906	15502
0:19:20	30.0	2685	3275	3703	4342	5191	5900	6630	7911	9557	10486	12819	15538
0:19:25	30.0	2691	3302	3684	4366	5135	5853	6538	7815	9559	10411	12874	15513
0:19:30	30.0	2696	3300	3694	4359	5119	5848	6555	7929	9565	10430	12843	15458
0:19:35	30.0	2703	3317	3660	4340	5196	5892	6549	7862	9546	10306	12852	15443
0:19:40	30.0	2708	3297	3662	4318	5152	5890	6505	7915	9558	10409	12850	15443
0:19:45	30.0	2682	3289	3692	4356	5156	5929	6507	7930	9538	10370	12889	15460
0:19:50	30.0	2678	3295	3669	4340	5133	5853	6599	7813	9506	10535	12861	15490
0:19:55	30.0	2661	3295	3667	4331	5140	5897	6538	7872	9467	10384	12812	15394
0:20:00	30.0	2695	3302	3700	4362	5141	5866	6550	7906	9440	10333	12900	15388
0:20:05	30.0	2661	3309	3655	4321	5118	5872	6495	7863	9478	10320	12852	15409
0:20:10	30.0	2676	3296	3672	4398	5179	5842	6541	7889	9498	10372	12895	15353
0:20:15	30.0	2684	3263	3682	4368	5118	5892	6521	7892	9458	10337	12887	15406
0:20:20	30.0	2694	3293	3665	4352	5152	5857	6524	7856	9479	10462	12716	15408
0:20:25	30.0	2676	3319	3671	4311	5160	5855	6535	7847	9523	10429	12786	15434
0:20:30	30.0	2690	3292	3665	4288	5149	5887	6563	7884	9491	10367	12810	15315
0:20:35	30.0	2677	3315	3670	4334	5103	5867	6523	7860	9542	10378	12889	15379
0:20:40	30.0	2652	3281	3662	4358	5139	5799	6514	7766	9470	10347	12791	15309
0:20:45	30.0	2682	3263	3663	4336	5108	5818	6465	7856	9496	10276	12711	15477
0:20:50	30.0	2683	3290	3666	4373	5102	5894	6495	7822	9388	10274	12864	15294
0:20:55	30.0	2688	3294	3648	4351	5132	5860	6522	7913	9495	10406	12810	15276
0:21:00	30.0	2687	3257	3659	4350	5101	5869	6514	7904	9477	10358	12750	15451
0:21:05	30.0	2700	3277	3672	4329	5113	5818	6540	7848	9475	10371	12813	15319
0:21:10	30.0	2696	3275	3599	4320	5134	5901	6540	7798	9474	10387	12871	15314
0:21:15	30.0	2654	3245	3660	4340	5113	5837	6456	7761	9482	10191	12801	15428
0:21:20	30.0	2652	3301	3633	4318	5143	5867	6487	7842	9482	10349	12786	15311
0:21:25	30.0	2668	3288	3620	4345	5105	5902	6499	7823	9403	10386	12654	15331
0:21:30	30.0	2654	3279	3639	4347	5127	5824	6518	7895	9360	10358	12828	15347
0:21:35	30.0	2681	3264	3658	4366	5102	5804	6537	7818	9426	10280	12727	15306
0:21:40	30.0	2664	3284	3630	4324	5091	5824	6509	7830	9443	10313	12746	15394
0:21:45	30.0	2645	3254	3671	4300	5095	5819	6474	7807	9493	10250	12716	15215
0:21:50	30.0	2662	3249	3686	4298	5123	5777	6470	7865	9440	10256	12793	15237
0:21:55	30.0	2672	3291	3629	4329	5115	5833	6526	7819	9490	10355	12760	15385
0:22:00	30.0	2672	3271	3598	4336	5081	5789	6504	7818	9488	10350	12845	15422
0:22:05	30.0	2669	3243	3644	4359	5098	5825	6536	7868	9443	10266	12708	15250
0:22:10	30.0	2645	3264	3635	4335	5139	5819	6518	7783	9394	10323	12725	15364
0:22:15	30.0	2670	3270	3645	4291	5114	5888	6487	7763	9502	10307	12810	15289
0:22:20	30.0	2659	3281	3619	4307	5054	5821	6500	7731	9446	10266	12757	15303
0:22:25	30.0	2643	3251	3617	4296	5106	5807	6486	7837	9385	10249	12791	15276
0:22:30	30.0	2655	3282	3625	4323	5115	5840	6462	7796	9442	10286	12721	15200
0:22:35	30.0	2647	3257	3652	4300	5115	5824	6467	7807	9419	10307	12707	15236
0:22:40	30.0	2635	3264	3680	4308	5074	5815	6501	7813	9366	10294	12763	15340
0:22:45	30.0	2660	3264	3647	4309	5067	5809	6446	7761	9402	10323	12737	15295
0:22:50	30.0	2662	3283	3613	4278	5069	5808	6506	7824	9483	10238	12673	15235
0:22:55	30.0	2646	3287	3633	4284	5029	5800	6454	7692	9373	10237	12733	15229
0:23:00	30.0	2666	3248	3640	4316	5132	5842	6463	7779	9358	10218	12737	15295
0:23:05	30.0	2637	3244	3671	4326	5055	5770	6395	7779	9406	10251	12725	15420
0:23:10	30.0	2652	3219	3632	4293	5090	5830	6503	7827	9423	10238	12685	15232
0:23:15	30.0	2626	3286	3617	4307	5076	5821	6474	7754	9327	10199	12715	15175
0:23:20	30.0	2642	3235	3664	4302	5054	5785	6484	7821	9422	10160	12746	15147
0:23:25	30.0	2679	3272	3630	4312	5108	5784	6464	7776	9374	10312	12782	15345
0:23:30	30.0	2662	3215	3633	4305	5010	5803	6470	7796	9376	10275	12754	15183
0:23:35	30.0	2643	3274	3625	4319	5060	5830	6532	7741	9427	10252	12646	15179
0:23:40	30.0	2626	3247	3597	4271	5116	5846	6399	7794	9426	10206	12624	15198
0:23:45	30.0	2659	3266	3600	4309	5044	5791	6456	7747	9415	10232	12618	15377
0:23:50	30.0	2636	3241	3623	4261	5052	5790	6475	7719	9326	10194	12682	15224
0:23:55	30.0	2640	3242	3628	4262	5056	5826	6452	7785	9404	10188	12649	15238
0:24:00	30.0	2648	3271	3643	4310	5062	5809	6406	7780	9378	10236	12757	15145
0:24:05	30.0	2654	3237	3621	4272	5089	5771	6447	7730	9396	10320	12673	15272
0:24:10	30.1	2619	3267	3594	4258	5087	5760	6454	7760	9394	10333	12779	15201
0:24:15	30.0	2640	3251	3611	4304	5057	5772	6408	7766	9320	10249	12645	15284
0:24:20	30.0	2632	3250	3634	4252	5075	5811	6448	7741	9388	10248	12657	15163
0:24:25	30.0	2668	3240	3610	4282	5065	5807	6454	7761	9324	10170	12718	15140
0:24:30	30.0	2604	3203	3608	4243	5058	5822	6434	7742	9341	10182	12665	15125
0:24:35	30.0	2625	3220	3618	4237	5067	5800	6445	7757	9371	10225	12703	15273
0:24:40	30.0	2645	3206	3579	4246	5085	5734	6434	7714	9390	10225	12666	15237
0:24:45	30.0	2645	3209	3613	4272	5052	5796	6480	7783	9313	10157	12627	15131
0:24:50	30.0	2645	3226	3617	4290	5065	5777	6436	7687	9333	10190	12685	15030
0:24:55	30.0	2640	3255	3630	4292	5083	5767	6425	7795	9413	10130	12738	15173
0:25:00	30.0	2617	3213	3610	4234	5028	5771	6472	7716	9497	10136	12688	15150
0:25:05	30.0	2635	3243	3609	4293	5012	5753	6474	7721	9323	10162	12552	15182
0:25:10	30.0	2645	3189	3608	4245	5048	5749	6395	7677	9348	10285	12739	15114
0:25:15	30.0	2660	3222	3635	4284	5070	5789	6377	7718	9369	10170	12610	15090
0:25:20	30.0	2597	3200	3592	4250	5025	5741	6429	7763	9253	10187	12594	15094
0:25:25	30.0	2638	3238	3619	4257	5023	5752	6485	7669	9305	10175	12595	15198
0:25:30	30.0	2620	3229	3596	4214	5084	5783	6478	7761	9300	10218	12548	15060
0:25:35	30.0	2611	3229	3623	4309	5049	5733	6390	7692	9305	10138	12596	15160
0:25:40	30.0	2619	3231	3611	4250	5032	5700	6374	7720	9349	10222	12660	15189
0:25:45	30.0	2625	3223	3576	4274	5067	5736	6395	7691	9298	10189	12560	15062
0:25:50	30.0	2618	3239	3597	4249	5032	5777	6413	7772	9258	10139	12680	15089
0:25:55	30.0	2650	3202	3621	4267	5040	5779	6398	7624	9232	10181	12560	15133
0:26:00	30.0	2592	3225	3597	4250	5001	5753	6398	7678	9336	10147	12586	15088
0:26:05	30.0	2603	3200	3620	4213	5002	5687	6346	7696	9274	10084	12595	15083
0:26:10	30.0	2596	3217	3579	4259	5042	5748	6369	7718	9395	10143	12560	15074
0:26:15	30.0	2639	3231	3561	4249	5022	5731	6411	7654	9297	10239	12602	15079
0:26:20	30.0	2624	3215	3589	4233	5020	5749	6398	7645	9272	10092	12678	15003
0:26:25	30.0	2614	3203	3583	4221	5038	5797	6385	7630	9227	10235	12694	15249
0:26:30	30.0	2622	3211	3608	4234	4957	5774	6431	7683	9297	10230	12573	15190
0:26:35	30.0	2618	3203	3615	4226	5013	5762	6425	7648	9411	10203	12656	15121
0:26:40	30.0	2623	3237	3569	4243	5057	5757	6466	7705	9380	10193	12608	15121
0:26:45	30.1	2619	3224	3616	4258	4989	5748	6361	7667	9251	10087	12444	15192
0:26:50	30.1	2617	3237	3568	4219	5020	5744	6397	7625	9248	10153	12558	14994
0:26:55	30.1	2614	3221	3551	4243	5037	5754	6332	7615	9315	10134	12580	15040
0:27:00	30.1	2629	3205	3594	4239	5012	5754	6387	7697	9274	10107	12548	15084
0:27:05	30.1	2613	3222	3603	4286	4988	5721	6338	7678	9322	10139	12600	15169
0:27:10	30.1	2618	3198	3579	4283	4971	5746	6397	7667	9334	10147	12480	15104
0:27:15	30.1	2612	3204	3586	4226	4969	5695	6359	7686	9261	10076	12579	15004
0:27:20	30.0	2617	3187	3567	4246	5041	5730	6336	7690	9353	10047	12622	15084
0:27:25	30.0	2616	3205	3582	4250	5017	5727	6379	7722	9382	10122	12533	14930
0:27:30	30.1	2600	3220	3579	4244	5048	5703	6389	7729	9283	10094	12585	15174
0:27:35	30.1	2638	3197	3592	4222	4972	5741	6399	7711	9266	10131	12590	15093
0:27:40	30.1	2611	3203	3584	4257	5033	5752	6385	7646	9229	9965	12543	14984
0:27:45	30.1	2608	3188	3585	4228	4966	5710	6373	7684	9212	10178	12571	15079
0:27:50	30.1	2620	3226	3589	4235	5038	5732	6335	7661	9283	10102	12575	15052
0:27:55	30.1	2599	3215	3603	4219	5027	5720	6366	7682	9340	10199	12555	14994
0:28:00	30.1	2611	3211	3576	4234	5003	5721	6393	7626	9324	10144	12523	15062
0:28:05	30.1	2618	3222	3581	4255	4994	5719	6368	7733	9270	10167	12568	15040
0:28:10	30.1	2588	3190	3575	4217	4984	5782	6348	7642	9211	10088	12536	14875
0:28:15	30.0	2610	3211	3563	4209	5025	5697	6409	7637	9173	10150	12474	15035
0:28:20	30.1	2624	3183	3589	4180	4997	5676	6416	7654	9188	10124	12517	14980
0:28:25	30.1	2603	3195	3602	4224	4998	5733	6334	7615	9291	10157	12451	15072
0:28:30	30.1	2601	3173	3562	4252	4986	5710	6357	7676	9304	10086	12534	15043
0:28:35	30.1	2607	3176	3554	4233	5002	5727	6387	7677	9275	10100	12494	15028
0:28:40	30.1	2586	3179	3606	4228	4975	5704	6366	7635	9188	10173	12551	14914
0:28:45	30.1	2580	3203	3586	4198	5039	5707	6317	7671	9300	10137	12394	15031
0:28:50	30.1	2614	3204	3589	4224	4998	5761	6456	7649	9169	10134	12480	15007
0:28:55	30.1	2623	3201	3574	4187	5003	5693	6332	7663	9266	10107	12501	15048
0:29:00	30.1	2594	3172	3581	4207	5009	5685	6318	7671	9235	10024	12504	14954
0:29:05	30.0	2604	3186	3546	4224	5007	5684	6366	7677	9280	9987	12385	15016
0:29:10	30.1	2586	3193	3570	4200	5013	5701	6337	7618	9161	10057	12494	15092
0:29:15	30.1	2596	3184	3586	4190	4977	5703	6370	7593	9244	10019	12471	15067
0:29:20	30.1	2613	3180	3585	4196	4934	5709	6385	7621	9162	10056	12471	15007
0:29:25	30.1	2611	3176	3540	4239	4961	5713	6311	7580	9160	9998	12510	14937
0:29:30	30.1	2611	3203	3546	4213	4977	5732	6384	7658	9254	10193	12463	15036
0:29:35	30.1	2574	3181	3553	4206	4984	5711	6412	7646	9267	10051	12493	15062
0:29:40	30.1	2620	3182	3559	4208	4998	5745	6393	7595	9205	10073	12467	14932
0:29:45	30.1	2585	3168	3552	4210	5014	5668	6374	7604	9213	10044	12429	14968
0:29:50	30.0	2608	3206	3566	4222	4943	5707	6356	7590	9248	10062	12488	15060
0:29:55	30.1	2618	3225	3552	4226	4988	5739	6359	7586	9199	10068	12506	15020
0:30:00	30.1	2628	3196	3544	4197	4986	5699	6303	7642	9182	10117	12541	15005
0:30:05	30.1	2604	3183	3533	4209	4972	5683	6336	7630	9163	10080	12486	15095
0:30:10	30.1	2593	3199	3573	4182	4990	5705	6368	7666	9231	10075	12454	15072
0:30:15	30.1	2574	3174	3568	4205	4988	5697	6276	7635	9247	10058	12393	14991
0:30:20	30.1	2564	3203	3527	4193	5006	5690	6341	7534	9187	10067	12454	15057
0:30:25	30.1	2591	3197	3583	4178	4979	5662	6325	7596	9202	10055	12463	15004
0:30:30	30.1	2575	3195	3502	4206	4965	5714	6375	7533	9179	9983	12468	15086
0:30:35	30.0	2589	3182	3574	4197	4983	5703	6337	7595	9132	10071	12438	14971
0:30:40	30.1	2606	3176	3548	4184	4941	5691	6313	7582	9251	10070	12563	14994
0:30:45	30.1	2594	3209	3544	4193	4960	5673	6324	7630	9235	10104	12522	14981
0:30:50	30.1	2598	3189	3541	4215	4955	5673	6337	7624	9211	10032	12499	14920
0:30:55	30.1	2580	3189	3559	4216	4953	5670	6317	7632	9206	10019	12416	14849
0:31:00	30.1	2603	3212	3539	4203	4926	5670	6287	7562	9288	10129	12424	14887
0:31:05	30.1	2554	3140	3524	4193	4937	5723	6339	7621	9164	10042	12458	14942
0:31:10	30.1	2601	3182	3552	4200	4978	5680	6283	7551	9090	10052	12461	14983
0:31:15	30.1	2579	3169	3518	4162	4964	5715	6368	7583	9249	9931	12313	14855
0:31:20	30.1	2595	3154	3552	4202	4957	5661	6330	7653	9196	10086	12468	15021
0:31:25	30.1	2594	3175	3517	4166	5024	5641	6285	7569	9201	9939	12438	14984
0:31:30	30.1	2580	3174	3547	4191	4949	5652	6308	7571	9268	10136	12383	14973
0:31:35	30.1	2598	3207	3550	4179	4924	5685	6274	7555	9178	9927	12455	15021
0:31:40	30.1	2602	3187	3537	4153	4910	5693	6347	7536	9112	9970	12444	14949
0:31:45	30.1	2583	3165	3546	4158	4942	5650	6323	7568	9255	9953	12317	15046
0:31:50	30.1	2573	3194	3545	4179	4949	5676	6332	7579	9167	10017	12503	14890
0:31:55	30.1	2588	3185	3524	4216	4912	5643	6302	7563	9155	9883	12420	15033
0:32:00	30.1	2563	3180	3542	4187	4966	5656	6304	7547	9179	10000	12322	14827
0:32:05	30.1	2595	3205	3548	4209	4949	5655	6336	7599	9164	10022	12351	14876
0:32:10	30.1	2578	3180	3531	4152	5005	5693	6381	7547	9208	10017	12521	14925
0:32:15	30.1	2585	3175	3530	4215	4940	5635	6333	7575	9175	10002	12456	14954
0:32:20	30.1	2566	3165	3562	4202	4951	5635	6323	7578	9118	9990	12477	14942
0:32:25	30.1	2567	3169	3533	4186	4893	5647	6278	7588	9193	10035	12409	14828
0:32:30	30.1	2568	3171	3530	4198	4979	5611	6337	7594	9204	10063	12502	14912
0:32:35	30.1	2594	3180	3529	4185	4901	5662	6381	7539	9133	9982	12465	14937
0:32:40	30.1	2580	3170	3541	4190	4952	5652	6291	7655	9132	10023	12290	14898
0:32:45	30.1	2578	3145	3532	4155	4936	5638	6322	7615	9140	9929	12385	14849
0:32:50	30.1	2586	3137	3528	4198	4952	5685	6328	7549	9238	10000	12319	14949
0:32:55	30.1	2565	3172	3535	4171	4941	5664	6302	7562	9185	10039	12400	14864
0:33:00	30.1	2579	3173	3550	4160	4933	5652	6344	7594	9140	9997	12398	14819
0:33:05	30.1	2569	3174	3507	4135	4893	5639	6292	7588	9181	9983	12393	14845
0:33:10	30.1	2607	3179	3542	4208	4924	5645	6317	7557	9148	10004	12399	14898
0:33:15	30.1	2577	3172	3521	4149	4907	5636	6249	7556	9117	9917	12342	14774
0:33:20	30.1	2601	3155	3529	4183	4931	5689	6224	7538	9253	9993	12274	14881
0:33:25	30.1	2559	3146	3539	4186	4932	5686	6290	7538	9135	9945	12414	14999
0:33:30	30.1	2585	3161	3542	4199	4928	5699	6294	7610	9072	9981	12380	14797
0:33:35	30.1	2580	3169	3553	4160	4948	5664	6324	7549	9087	9989	12431	14887
0:33:40	30.1	2582	3160	3498	4175	4927	5677	6278	7560	9093	9928	12352	14746
0:33:45	30.1	2557	3148	3558	4181	4955	5645	6288	7539	9197	9964	12333	14889
0:33:50	30.1	2544	3138	3536	4162	4911	5624	6319	7518	9160	9976	12437	14861
0:33:55	30.1	2547	3139	3514	4173	4941	5654	6272	7558	9181	10041	12313	14820
0:34:00	30.1	2569	3151	3509	4155	4951	5628	6307	7590	9096	9895	12391	14814
0:34:05	30.1	2564	3150	3539	4178	4933	5617	6291	7488	9159	9987	12304	14859
0:34:10	30.1	2566	3160	3529	4142	4911	5634	6233	7513	9104	9986	12332	14867
0:34:15	30.1	2568	3159	3533	4146	4927	5618	6276	7539	9086	10044	12311	14779
0:34:20	30.1	2564	3166	3549	4169	4907	5600	6236	7581	9100	9947	12391	14783
0:34:25	30.1	2559	3172	3497	4184	4900	5628	6273	7541	9125	10040	12350	14839
0:34:30	30.1	2574	3167	3509	4178	4919	5628	6324	7526	9144	9891	12383	14817
0:34:35	30.1	2552	3160	3510	4186	4922	5653	6241	7541	9123	9958	12344	14770
0:34:40	30.1	2576	3138	3534	4153	4931	5586	6320	7514	9164	9971	12346	14841
0:34:45	30.1	2565	3146	3488	4201	4939	5648	6265	7510	9136	9939	12241	14698
0:34:50	30.1	2555	3153	3505	4194	4927	5597	6232	7581	9135	9927	12273	14711
0:34:55	30.1	2588	3142	3495	4124	4907	5632	6215	7489	9060	9914	12276	14748
0:35:00	30.1	2567	3158	3508	4150	4891	5596	6278	7506	9094	9895	12283	14847
0:35:05	30.1	2570	3147	3507	4147	4880	5566	6255	7495	9090	9915	12271	14886
0:35:10	30.1	2546	3122	3505	4151	4895	5661	6236	7520	9141	9888	12284	14735
0:35:15	30.1	2568	3132	3493	4157	4929	5584	6274	7546	9065	9963	12308	14742
0:35:20	30.1	2537	3139	3511	4146	4933	5606	6277	7596	9053	9859	12252	14734
0:35:25	30.1	2567	3151	3536	4159	4910	5578	6267	7561	9105	9938	12346	14707
0:35:30	30.1	2560	3127	3475	4145	4862	5590	6289	7480	9062	9865	12220	14762
0:35:35	30.1	2543	3154	3468	4122	4860	5630	6304	7499	9079	9911	12259	14787
0:35:40	30.1	2552	3101	3521	4120	4899	5565	6232	7467	9034	9904	12292	14690
0:35:45	30.1	2563	3131	3476	4165	4892	5585	6248	7448	9122	9828	12224	14774
0:35:50	30.1	2539	3101	3522	4112	4914	5561	6198	7455	9038	9862	12268	14621
0:35:55	30.1	2538	3118	3509	4125	4905	5584	6210	7509	9035	9868	12298	14736
0:36:00	30.1	2537	3148	3494	4171	4890	5556	6238	7499	9047	9847	12300	14804
0:36:05	30.1	2545	3158	3493	4162	4900	5545	6221	7468	9049	9928	12255	14668
0:36:10	30.1	2553	3119	3502	4176	4938	5590	6231	7528	9035	9788	12230	14792
0:36:15	30.1	2552	3137	3495	4106	4887	5588	6230	7448	9045	9833	12280	14783
0:36:20	30.1	2549	3139	3471	4149	4860	5584	6217	7415	8958	9886	12337	14690
0:36:25	30.1	2556	3139	3510	4156	4877	5594	6225	7494	9025	9844	12180	14672
0:36:30	30.1	2548	3144	3459	4143	4915	5577	6210	7463	9055	9852	12248	14739
0:36:35	30.1	2527	3138	3499	4132	4863	5574	6207	7425	9035	9839	12232	14788
0:36:40	30.1	2555	3143	3492	4110	4881	5584	6233	7459	9023	9777	12229	14641
0:36:45	30.1	2531	3137	3513	4120	4858	5608	6276	7408	9043	9879	12265	14740
0:36:50	30.1	2529	3126	3497	4133	4898	5613	6201	7471	9049	9876	12269	14691
0:36:55	30.1	2543	3122	3489	4055	4920	5598	6199	7534	9085	9881	12176	14671
0:37:00	30.1	2558	3129	3492	4101	4846	5544	6231	7469	8953	9837	12214	14750
0:37:05	30.1	2566	3112	3513	4114	4869	5558	6210	7512	9004	9842	12189	14715
0:37:10	30.1	2550	3133	3498	4098	4921	5523	6242	7470	8999	9873	12159	14659
0:37:15	30.1	2555	3117	3475	4137	4859	5564	6204	7442	9030	9941	12165	14700
0:37:20	30.1	2529	3125	3503	4124	4858	5525	6199	7471	9047	9813	12162	14692
0:37:25	30.1	2553	3086	3501	4140	4887	5561	6246	7478	9023	9795	12218	14708
0:37:30	30.1	2533	3121	3463	4095	4864	5576	6145	7440	9067	9820	12239	14753
0:37:35	30.1	2539	3086	3471	4092	4853	5571	6213	7430	8980	9855	12246	14722
0:37:40	30.1	2527	3139	3476	4113	4906	5540	6187	7531	9039	9862	12191	14688
0:37:45	30.1	2517	3119	3499	4143	4885	5561	6226	7425	8998	9835	12203	14648
0:37:50	30.1	2571	3122	3511	4112	4884	5562	6206	7438	9029	9806	12229	14608
0:37:55	30.1	2543	3154	3468	4112	4842	5566	6233	7386	9024	9808	12274	14635
0:38:00	30.1	2541	3112	3430	4106	4867	5565	6205	7497	8947	9912	12223	14638
0:38:05	30.1	2535	3137	3424	4137	4872	5536	6188	7435	9041	9803	12120	14595
0:38:10	30.1	2560	3121	3481	4116	4855	5570	6204	7426	9043	9833	12176	14650
0:38:15	30.1	2531	3130	3459	4089	4832	5601	6205	7448	9050	9711	12190	14737
0:38:20	30.1	2494	3117	3465	4083	4855	5607	6199	7444	9005	9782	12133	14649
0:38:25	30.1	2544	3102	3473	4084	4880	5551	6189	7459	8940	9851	12164	14615
0:38:30	30.1	2529	3105	3468	4104	4863	5514	6175	7399	9022	9802	12228	14482
0:38:35	30.1	2528	3108	3470	4105	4868	5604	6169	7492	9021	9779	12174	14627
0:38:40	30.1	2529	3116	3483	4108	4909	5574	6142	7427	9017	9862	12204	14619
0:38:45	30.1	2540	3082	3478	4101	4884	5544	6178	7423	8967	9782	12284	14586
0:38:50	30.1	2519	3143	3475	4098	4892	5597	6195	7406	8975	9802	12113	14700
0:38:55	30.1	2525	3106	3483	4129	4827	5569	6201	7402	9044	9816	12200	14604
0:39:00	30.1	2512	3127	3424	4080	4829	5581	6242	7426	9008	9836	12118	14642
0:39:05	30.1	2543	3103	3466	4126	4852	5555	6191	7404	8955	9801	12116	14616
0:39:10	30.1	2507	3141	3492	4065	4845	5576	6175	7451	9064	9799	12147	14658
0:39:15	30.1	2526	3107	3468	4106	4856	5571	6208	7400	8971	9735	12181	14498
0:39:20	30.1	2540	3103	3439	4118	4834	5579	6162	7481	9002	9802	12113	14491
0:39:25	30.1	2525	3092	3481	4104	4844	5532	6196	7369	8992	9768	12094	14623
0:39:30	30.1	2510	3125	3435	4119	4817	5563	6183	7383	8939	9822	12142	14547
0:39:35	30.1	2517	3128	3482	4098	4846	5481	6202	7401	8981	9745	12070	14527
0:39:40	30.1	2520	3112	3462	4106	4836	5560	6189	7420	8975	9772	12113	14601
0:39:45	30.1	2517	3091	3419	4112	4834	5555	6189	7397	8991	9749	12098	14619
0:39:50	30.1	2531	3079	3445	4088	4822	5532	6175	7419	8938	9744	12144	14544
0:39:55	30.1	2514	3095	3482	4093	4852	5536	6159	7360	8995	9707	12097	14642
0:40:00	30.1	2539	3098	3460	4088	4871	5542	6201	7375	9058	9791	12171	14483
0:40:05	30.1	2546	3103	3482	4115	4849	5491	6107	7462	8914	9775	12033	14469
0:40:10	30.1	2499	3092	3424	4082	4803	5516	6139	7413	8984	9807	12096	14563
0:40:15	30.1	2538	3090	3468	4109	4855	5563	6149	7408	8970	9740	12109	14643
0:40:20	30.1	2513	3089	3459	4084	4854	5482	6134	7346	8964	9621	12156	14530
0:40:25	30.1	2515	3127	3440	4092	4830	5502	6118	7407	8930	9774	12103	14490
0:40:30	30.1	2521	3095	3459	4076	4845	5484	6202	7386	8932	9877	12119	14575
0:40:35	30.1	2526	3110	3482	4103	4845	5504	6144	7406	8951	9834	12137	14663
0:40:40	30.1	2539	3098	3481	4056	4852	5570	6178	7387	8919	9751	12132	14505
0:40:45	30.1	2521	3099	3455	4081	4772	5525	6186	7381	8916	9787	12095	14545
0:40:50	30.1	2500	3081	3450	4076	4802	5536	6109	7378	8970	9769	12087	14562
0:40:55	30.1	2511	3117	3439	4055	4830	5530	6178	7341	9007	9710	12131	14594
0:41:00	30.1	2537	3076	3468	4112	4828	5518	6166	7430	8933	9670	12105	14469
0:41:05	30.1	2534	3086	3445	4072	4816	5501	6134	7373	8953	9787	12055	14536
0:41:10	30.1	2511	3075	3482	4062	4832	5556	6124	7350	8953	9873	12042	14647
0:41:15	30.1	2530	3055	3452	4081	4822	5512	6112	7336	8974	9775	12099	14504
0:41:20	30.1	2502	3083	3436	4071	4797	5499	6163	7318	8923	9773	12083	14556
0:41:25	30.1	2530	3071	3455	4065	4804	5551	6144	7352	8958	9728	12099	14407
0:41:30	30.1	2498	3098	3448	4066	4789	5507	6152	7408	8913	9798	12091	14498
0:41:35	30.1	2527	3082	3440	4077	4829	5520	6188	7385	8967	9754	12035	14482
0:41:40	30.1	2541	3075	3427	4102	4768	5508	6134	7377	8990	9641	12054	14451
0:41:45	30.1	2494	3077	3466	4076	4834	5543	6150	7388	8944	9734	12101	14640
0:41:50	30.1	2509	3098	3466	4075	4799	5495	6117	7361	8900	9693	12037	14534
0:41:55	30.1	2526	3119	3471	4112	4811	5488	6177	7396	8904	9789	12043	14539
0:42:00	30.1	2517	3080	3480	4073	4854	5511	6121	7362	8884	9767	11982	14445
0:42:05	30.1	2519	3093	3447	4102	4840	5500	6144	7375	8892	9710	12138	14564
0:42:10	30.1	2534	3087	3437	4086	4836	5533	6147	7403	8936	9801	12122	14581
0:42:15	30.1	2509	3100	3419	4090	4817	5547	6170	7334	8841	9730	12073	14602
0:42:20	30.1	2522	3077	3438	4046	4818	5560	6125	7342	9001	9731	12071	14564
0:42:25	30.1	2511	3079	3464	4042	4813	5495	6100	7283	8917	9768	12037	14458
0:42:30	30.1	2540	3069	3429	4061	4808	5518	6128	7387	9021	9659	12027	14535
0:42:35	30.1	2527	3076	3479	4096	4806	5471	6169	7348	8985	9764	12004	14465
0:42:40	30.1	2510	3092	3429	4037	4775	5473	6123	7341	8961	9746	12177	14527
0:42:45	30.1	2524	3094	3435	4053	4822	5505	6134	7349	8947	9761	12088	14461
0:42:50	30.1	2511	3056	3430	4046	4793	5528	6172	7389	8938	9756	12084	14551
0:42:55	30.1	2506	3067	3471	4105	4810	5571	6138	7394	8920	9705	12083	14517
0:43:00	30.1	2503	3060	3437	4095	4786	5524	6152	7313	8958	9681	12108	14492
0:43:05	30.1	2492	3062	3431	4061	4777	5495	6153	7378	8926	9754	12042	14365
0:43:10	30.1	2496	3074	3445	4034	4768	5573	6124	7354	8908	9630	12005	14488
0:43:15	30.1	2479	3087	3438	4097	4799	5515	6154	7333	8899	9745	12107	14464
0:43:20	30.1	2485	3054	3419	4057	4833	5501	6133	7337	8876	9659	12025	14502
0:43:25	30.1	2505	3086	3412	4084	4828	5502	6138	7422	8921	9620	12029	14440
0:43:30	30.1	2485	3063	3419	4064	4822	5478	6155	7375	8920	9769	11955	14483
0:43:35	30.1	2534	3114	3410	4091	4818	5509	6150	7393	8930	9703	11973	14417
0:43:40	30.1	2506	3085	3429	4104	4828	5552	6107	7353	8874	9790	12071	14542
0:43:45	30.1	2474	3055	3413	4054	4787	5552	6148	7301	8899	9680	12057	14397
0:43:50	30.1	2522	3069	3456	4061	4820	5502	6117	7417	8960	9733	12086	14395
0:43:55	30.1	2518	3052	3409	4053	4815	5496	6166	7280	8934	9743	12100	14506
0:44:00	30.1	2497	3073	3447	4068	4819	5436	6111	7371	8938	9733	12033	14491
0:44:05	30.1	2488	3048	3438	4055	4802	5471	6110	7377	8893	9675	12012	14348
0:44:10	30.1	2508	3079	3431	4048	4803	5518	6105	7379	8876	9705	11976	14378
0:44:15	30.1	2515	3072	3409	4059	4776	5504	6118	7369	8880	9730	12012	14369
0:44:20	30.1	2493	3083	3422	4059	4803	5478	6149	7306	8854	9718	12038	14499
0:44:25	30.1	2505	3075	3417	4070	4800	5500	6081	7333	8908	9738	11968	14374
0:44:30	30.1	2481	3083	3424	4032	4834	5490	6145	7313	8854	9669	12033	14438
0:44:35	30.1	2521	3063	3439	4096	4843	5496	6119	7362	8795	9634	12121	14591
0:44:40	30.1	2494	3100	3434	4060	4812	5540	6070	7386	8848	9699	11975	14431
0:44:45	30.1	2500	3055	3412	4053	4810	5488	6096	7256	8936	9756	12030	14398
0:44:50	30.1	2514	3054	3446	4074	4839	5516	6142	7384	8849	9675	11983	14378
0:44:55	30.1	2490	3086	3398	4029	4819	5459	6115	7374	8894	9690	11964	14521
0:45:00	30.1	2525	3084	3472	4056	4769	5497	6148	7316	8939	9701	12017	14465
0:45:05	30.1	2495	3068	3431	4098	4811	5501	6106	7372	8915	9709	12020	14425
0:45:10	30.1	2476	3099	3449	4020	4785	5468	6124	7374	8783	9724	12112	14409
0:45:15	30.1	2487	3062	3419	4054	4801	5483	6121	7312	8912	9647	12018	14350
0:45:20	30.1	2509	3051	3439	4067	4780	5456	6089	7331	8884	9674	11946	14445
0:45:25	30.1	2485	3067	3440	4056	4820	5450	6111	7322	8791	9696	11974	14484
0:45:30	30.1	2531	3081	3417	4068	4795	5483	6111	7297	8893	9635	12032	14380
0:45:35	30.1	2518	3052	3407	4021	4772	5449	6136	7324	8877	9695	11871	14309
0:45:40	30.1	2515	3066	3425	4035	4785	5416	6096	7254	8849	9730	12042	14488
0:45:45	30.1	2487	3049	3429	4036	4808	5500	6128	7296	8932	9697	12020	14454
0:45:50	30.1	2495	3067	3410	4064	4762	5479	6067	7316	8796	9715	11969	14421
0:45:55	30.1	2508	3087	3436	4027	4806	5490	6069	7303	8869	9623	12013	14468
0:46:00	30.1	2485	3068	3430	4040	4780	5461	6045	7336	8862	9632	12082	14317
0:46:05	30.1	2483	3064	3434	4054	4788	5475	6070	7274	8865	9657	11956	14274
0:46:10	30.1	2491	3043	3417	4062	4744	5468	6095	7280	8886	9617	11978	14283
0:46:15	30.1	2501	3063	3393	4060	4796	5463	6168	7341	8875	9688	11982	14415
0:46:20	30.1	2487	3069	3416	4048	4777	5444	6142	7335	8850	9700	12056	14428
0:46:25	30.1	2515	3040	3451	4034	4832	5440	6125	7348	8845	9662	12000	14352
0:46:30	30.1	2501	3049	3436	4058	4757	5449	6106	7331	8870	9699	11981	14455
0:46:35	30.1	2506	3069	3404	4047	4793	5518	6070	7334	8867	9646	12023	14341
0:46:40	30.1	2478	3067	3420	4032	4769	5473	6096	7323	8823	9659	12002	14282
0:46:45	30.1	2497	3046	3428	4045	4725	5483	6073	7306	8902	9588	11925	14368
0:46:50	30.1	2510	3010	3415	4092	4794	5471	6152	7269	8927	9590	11920	14410
0:46:55	30.1	2500	3043	3409	4015	4751	5465	6119	7321	8822	9677	11937	14450
0:47:00	30.1	2479	3084	3410	4023	4816	5475	6086	7324	8816	9587	11969	14457
0:47:05	30.1	2459	3062	3454	4053	4799	5433	6131	7339	8868	9577	11890	14300
0:47:10	30.1	2521	3081	3408	4083	4782	5421	6121	7275	8801	9645	11932	14344
0:47:15	30.1	2501	3084	3452	4038	4738	5438	6049	7362	8825	9672	11931	14368
0:47:20	30.1	2499	3063	3432	4055	4781	5451	6137	7285	8810	9719	11969	14308
0:47:25	30.1	2466	3057	3419	4038	4778	5511	6111	7289	8775	9574	11941	14450
0:47:30	30.1	2501	3057	3425	4039	4784	5442	6088	7289	8866	9650	11978	14368
0:47:35	30.1	2472	3055	3402	4034	4800	5484	6035	7274	8933	9668	11919	14410
0:47:40	30.1	2463	3088	3413	4052	4810	5474	6150	7304	8815	9623	11937	14371
0:47:45	30.1	2486	3050	3401	4022	4757	5465	6076	7324	8766	9643	11943	14385
0:47:50	30.1	2492	3044	3439	4004	4761	5460	6087	7346	8852	9626	11926	14308
0:47:55	30.1	2460	3042	3407	4033	4782	5508	6075	7320	8814	9594	11887	14378
0:48:00	30.1	2495	3061	3433	4022	4834	5496	6062	7294	8916	9590	11922	14395
0:48:05	30.1	2490	3033	3409	4037	4788	5445	6066	7331	8847	9618	11902	14525
0:48:10	30.1	2470	3074	3388	4025	4769	5423	6065	7327	8837	9662	11961	14450
0:48:15	30.1	2439	3062	3398	4052	4788	5466	6098	7326	8974	9675	11984	14393
0:48:20	30.1	2464	3071	3454	4034	4763	5444	6023	7345	8872	9573	11909	14230
0:48:25	30.1	2487	3024	3408	4069	4758	5501	6046	7307	8808	9588	11945	14379
0:48:30	30.1	2486	3064	3388	4063	4745	5453	6075	7308	8788	9618	11865	14380
0:48:35	30.1	2473	3076	3449	4061	4767	5460	6076	7274	8861	9642	11969	14428
0:48:40	30.1	2474	3040	3433	4047	4813	5495	6106	7308	8817	9590	11895	14455
0:48:45	30.1	2470	3050	3422	4070	4766	5476	6026	7343	8794	9691	11973	14347
0:48:50	30.1	2503	3048	3430	4006	4803	5443	6129	7296	8842	9633	11960	14308
0:48:55	30.1	2491	3024	3418	4013	4789	5441	6094	7293	8854	9616	11835	14335
0:49:00	30.1	2457	3046	3408	4035	4794	5470	6081	7214	8840	9616	11916	14363
0:49:05	30.1	2496	3041	3393	4006	4766	5467	6090	7245	8876	9630	11938	14453
0:49:10	30.1	2493	3065	3394	4026	4792	5441	6051	7284	8745	9631	11931	14229
0:49:15	30.1	2490	3057	3411	4009	4769	5441	6080	7335	8837	9611	11915	14294
0:49:20	30.1	2492	3026	3420	4034	4751	5470	6076	7287	8804	9684	11954	14356
0:49:25	30.1	2477	3061	3418	3995	4794	5450	6082	7281	8807	9584	11887	14320
0:49:30	30.1	2488	3060	3424	4057	4752	5410	6029	7266	8787	9632	11964	14349
0:49:35	30.1	2489	3036	3378	4016	4721	5459	6071	7292	8859	9627	11855	14275
0:49:40	30.1	2472	3064	3399	4000	4748	5430	6098	7280	8842	9696	11929	14372
0:49:45	30.1	2492	3029	3427	4034	4745	5489	6146	7249	8796	9661	11972	14425
0:49:50	30.1	2458	3045	3432	4088	4772	5474	6090	7267	8870	9600	11869	14301
0:49:55	30.1	2482	3039	3384	4022	4761	5462	6038	7285	8756	9503	11884	14378
0:50:00	30.1	2484	3023	3411	4052	4761	5406	6068	7270	8820	9661	12034	14298
0:50:05	30.1	2470	3012	3381	4020	4768	5451	6014	7246	8793	9675	11993	14325
0:50:10	30.1	2476	3026	3390	3992	4741	5421	6076	7253	8813	9594	11967	14280
0:50:15	30.1	2474	3054	3393	4021	4740	5425	6001	7349	8847	9586	11867	14282
0:50:20	30.1	2457	3044	3389	3982	4794	5511	6051	7223	8785	9588	11865	14352
0:50:25	30.1	2487	3069	3402	4011	4746	5423	6011	7248	8868	9565	11944	14428
0:50:30	30.1	2478	3071	3378	4055	4736	5421	6060	7272	8888	9634	12028	14409
0:50:35	30.1	2503	3033	3430	4033	4787	5417	6010	7305	8807	9627	11954	14283
0:50:40	30.1	2456	3062	3384	4016	4784	5460	6075	7246	8737	9590	11922	14287
0:50:45	30.1	2486	3026	3392	4005	4776	5468	6058	7361	8891	9631	11873	14373
0:50:50	30.1	2480	3062	3385	4019	4736	5419	6089	7269	8840	9605	11940	14376
0:50:55	30.1	2486	3029	3428	4002	4752	5426	6065	7330	8764	9581	11884	14215
0:51:00	30.1	2468	3066	3440	4019	4755	5416	6106	7268	8713	9642	11973	14279
0:51:05	30.1	2490	3026	3396	4009	4741	5416	6080	7317	8842	9571	11929	14241
0:51:10	30.1	2480	3065	3395	3986	4774	5446	6073	7251	8852	9615	11921	14356
0:51:15	30.1	2456	3011	3410	4030	4776	5445	6052	7251	8765	9557	11943	14286
0:51:20	30.1	2477	3042	3382	4049	4722	5440	6087	7235	8858	9635	11950	14230
0:51:25	30.1	2464	3028	3378	4004	4733	5451	6045	7144	8778	9569	11811	14304
0:51:30	30.1	2495	3018	3395	4046	4812	5443	6079	7242	8862	9550	11790	14188
0:51:35	30.1	2483	3058	3426	3998	4729	5483	6039	7283	8695	9560	11903	14278
0:51:40	30.1	2461	3073	3384	3987	4771	5413	6074	7258	8836	9558	11860	14312
0:51:45	30.1	2453	3030	3369	4062	4721	5458	6075	7245	8844	9562	11974	14206
0:51:50	30.1	2464	3062	3361	4013	4743	5409	5994	7236	8879	9608	11859	14279
0:51:55	30.1	2490	3059	3387	4033	4752	5492	6040	7309	8839	9668	11948	14386
0:52:00	30.1	2458	3019	3375	3998	4793	5481	6042	7229	8809	9630	11932	14302
0:52:05	30.1	2478	3067	3377	3977	4745	5445	6029	7267	8764	9662	11844	14274
0:52:10	30.1	2465	3035	3374	4000	4738	5398	6082	7302	8826	9593	11944	14260
0:52:15	30.1	2477	3059	3405	3999	4794	5422	6043	7281	8829	9575	11982	14254
0:52:20	30.1	2446	3037	3377	3957	4770	5477	6046	7338	8794	9651	11870	14287
0:52:25	30.1	2454	3023	3396	4049	4777	5426	6024	7272	8820	9595	11901	14300
0:52:30	30.1	2458	3063	3400	3991	4773	5399	6049	7335	8743	9500	11877	14417
0:52:35	30.1	2476	3018	3395	4000	4695	5403	5996	7289	8830	9687	11955	14303
0:52:40	30.1	2453	3074	3398	4032	4756	5375	6039	7249	8836	9589	11895	14284
0:52:45	30.1	2450	3054	3376	3998	4787	5438	6083	7206	8850	9590	11875	14284
0:52:50	30.1	2506	3017	3409	4039	4716	5446	6029	7274	8800	9592	11918	14280
0:52:55	30.1	2463	3009	3380	4008	4781	5405	6096	7296	8802	9559	11853	14261
0:53:00	30.1	2471	3024	3396	3997	4741	5411	6018	7224	8782	9494	11844	14281
0:53:05	30.1	2453	3015	3388	4012	4770	5422	5997	7253	8802	9611	11771	14402
0:53:10	30.1	2464	3033	3361	3984	4745	5437	6060	7262	8754	9563	11911	14241
0:53:15	30.1	2441	3049	3376	4010	4744	5448	6051	7238	8787	9554	11921	14185
0:53:20	30.1	2485	3038	3406	4016	4724	5408	6092	7251	8862	9546	11843	14367
0:53:25	30.1	2480	3024	3387	4015	4740	5405	6034	7218	8777	9572	11879	14322
0:53:30	30.1	2484	3056	3413	4000	4784	5398	6002	7302	8758	9633	11797	14310
0:53:35	30.1	2457	3020	3421	3997	4777	5429	6085	7232	8723	9555	11862	14119
0:53:40	30.1	2444	3026	3393	4013	4707	5417	6019	7270	8770	9517	11892	14237
0:53:45	30.1	2458	3009	3414	3972	4731	5386	6076	7210	8765	9448	11813	14330
0:53:50	30.1	2463	3012	3384	3977	4765	5416	6067	7282	8806	9552	11888	14176
0:53:55	30.1	2462	3018	3397	4009	4723	5391	6058	7327	8807	9584	11846	14315
0:54:00	30.1	2437	3028	3396	4006	4753	5460	6082	7235	8760	9577	11867	14331
0:54:05	30.1	2460	3025	3380	3987	4728	5455	5991	7232	8810	9558	11839	14250
0:54:10	30.1	2437	3046	3371	3997	4731	5418	6109	7238	8829	9558	11831	14349
0:54:15	30.1	2489	3034	3367	3991	4744	5425	6022	7244	8723	9512	11812	14272
0:54:20	30.1	2440	3041	3355	4014	4713	5417	6020	7194	8778	9637	11795	14214
0:54:25	30.1	2471	3033	3402	4012	4748	5403	6105	7226	8693	9482	11826	14300
0:54:30	30.1	2474	3024	3378	4030	4735	5421	6009	7199	8741	9627	11768	14221
0:54:35	30.1	2458	3014	3393	4016	4735	5428	6032	7266	8866	9552	11878	14274
0:54:40	30.1	2471	3027	3413	3968	4739	5406	6061	7208	8813	9624	11874	14288
0:54:45	30.1	2469	3014	3394	4021	4738	5423	6024	7226	8788	9533	11863	14246
0:54:50	30.1	2448	3040	3370	4008	4744	5414	5987	7242	8789	9530	11861	14286
0:54:55	30.1	2480	3040	3371	3968	4751	5408	6028	7239	8738	9595	11804	14185
0:55:00	30.1	2455	3052	3368	4003	4719	5395	6026	7253	8749	9613	11932	14155
0:55:05	30.1	2474	3034	3372	3990	4722	5439	5989	7173	8760	9523	11871	14363
0:55:10	30.1	2460	3046	3368	3980	4758	5426	6029	7258	8717	9483	11879	14260
0:55:15	30.1	2449	3046	3378	3988	4732	5440	6021	7235	8840	9600	11789	14236
0:55:20	30.1	2449	3028	3381	3974	4705	5365	6079	7249	8824	9523	11839	14279
0:55:25	30.1	2459	3037	3388	4001	4725	5404	5995	7230	8689	9564	11771	14233
0:55:30	30.1	2455	3044	3399	3950	4717	5428	6033	7259	8739	9558	11772	14230
0:55:35	30.1	2460	3045	3373	4017	4712	5404	5970	7191	8754	9519	11766	14279
0:55:40	30.1	2441	3012	3388	3974	4734	5378	6023	7253	8750	9634	11773	14218
0:55:45	30.1	2470	3025	3374	3980	4692	5384	6046	7188	8652	9587	11962	14226
0:55:50	30.1	2454	3018	3359	3956	4753	5386	6019	7207	8708	9451	11902	14202
0:55:55	30.1	2452	3026	3375	3946	4718	5373	6035	7235	8776	9543	11839	14241
0:56:00	30.1	2463	3038	3345	4003	4725	5418	6068	7198	8778	9583	11829	14227
0:56:05	30.1	2463	3009	3369	4000	4704	5417	6020	7286	8783	9651	11741	14257
0:56:10	30.1	2470	3024	3364	4000	4733	5412	5998	7248	8789	9624	11774	14229
0:56:15	30.1	2462	3013	3364	4006	4728	5378	6000	7209	8765	9592	11811	14187
0:56:20	30.1	2474	3010	3348	3999	4709	5378	6002	7179	8798	9608	11819	14228
0:56:25	30.1	2459	3005	3373	4014	4711	5385	6009	7252	8756	9570	11793	14102
0:56:30	30.1	2436	2997	3384	4020	4743	5433	5981	7205	8753	9503	11799	14261
0:56:35	30.1	2480	3012	3370	3968	4709	5411	5992	7163	8731	9501	11861	14155
0:56:40	30.1	2458	3014	3395	3972	4708	5354	6076	7269	8725	9614	11846	14204
0:56:45	30.1	2440	3032	3392	3994	4711	5398	6048	7260	8811	9505	11855	14277
0:56:50	30.1	2451	3022	3391	3969	4742	5402	6030	7220	8720	9503	11808	14247
0:56:55	30.1	2441	2999	3382	4015	4734	5389	5962	7233	8757	9563	11846	14186
0:57:00	30.1	2472	3044	3357	3985	4724	5403	6042	7244	8718	9405	11794	14184
0:57:05	30.1	2458	3021	3388	3997	4704	5369	6005	7268	8914	9454	11821	14262
0:57:10	30.1	2464	3001	3367	3979	4735	5418	6031	7237	8672	9498	11739	14199
0:57:15	30.1	2440	3006	3362	3995	4693	5389	6029	7178	8747	9520	11772	14169
0:57:20	30.1	2450	3057	3356	3991	4685	5362	6029	7247	8743	9493	11769	14231
0:57:25	30.1	2433	2994	3344	4021	4736	5363	5980	7190	8816	9523	11797	14157
0:57:30	30.1	2461	3029	3376	3999	4712	5413	6058	7195	8732	9478	11816	14116
0:57:35	30.1	2439	3006	3387	4021	4732	5384	6049	7228	8844	9499	11794	14163
0:57:40	30.1	2432	3045	3355	3975	4717	5401	6002	7250	8753	9510	11801	14136
0:57:45	30.1	2459	3018	3362	4017	4714	5398	6001	7192	8760	9544	11866	14186
0:57:50	30.1	2462	3023	3352	4008	4726	5410	6003	7236	8712	9467	11775	14166
0:57:55	30.1	2455	3031	3364	3974	4676	5391	6044	7260	8799	9495	11786	14203
0:58:00	30.1	2418	3048	3368	4011	4717	5398	5988	7269	8650	9607	11758	14152
0:58:05	30.1	2455	3018	3383	3996	4707	5383	6032	7199	8713	9561	11810	14116
0:58:10	30.1	2454	3017	3382	4003	4712	5377	5984	7193	8699	9494	11790	14122
0:58:15	30.1	2464	3032	3371	4007	4701	5329	6040	7262	8740	9556	11758	14237
0:58:20	30.1	2469	2998	3384	4019	4721	5416	6014	7243	8722	9482	11773	14178
0:58:25	30.1	2466	2981	3361	3991	4731	5427	6026	7144	8715	9502	11749	14069
0:58:30	30.1	2439	3003	3365	3991	4715	5388	6030	7237	8711	9466	11716	14245
0:58:35	30.1	2450	3044	3380	4016	4688	5407	6043	7175	8744	9476	11761	14166
0:58:40	30.1	2458	3019	3324	3981	4746	5412	6039	7208	8770	9512	11767	14160
0:58:45	30.1	2455	3006	3361	3965	4675	5413	6048	7166	8751	9471	11771	14221
0:58:50	30.1	2422	3012	3394	3999	4678	5368	5990	7165	8734	9516	11832	14172
0:58:55	30.1	2440	3026	3356	3987	4749	5429	5968	7171	8805	9539	11857	14219
0:59:00	30.1	2450	3002	3360	3995	4732	5417	6059	7211	8767	9506	11852	14128
0:59:05	30.1	2431	3011	3347	4003	4729	5417	5973	7169	8764	9516	11832	14238
0:59:10	30.1	2425	3038	3364	3969	4704	5384	5976	7215	8752	9548	11681	14224
0:59:15	30.1	2437	3012	3355	3959	4728	5409	5966	7223	8814	9527	11826	14162
0:59:20	30.1	2434	3005	3333	3938	4729	5398	5971	7167	8735	9521	11755	14090
0:59:25	30.1	2451	3017	3372	4006	4681	5344	6014	7157	8688	9429	11732	14171
0:59:30	30.1	2442	3009	3363	3959	4735	5408	6003	7130	8706	9441	11762	14206
0:59:35	30.1	2435	3033	3363	3976	4693	5347	5982	7130	8764	9527	11774	14145
0:59:40	30.1	2423	3023	3344	3996	4688	5367	5992	7188	8722	9530	11719	14209
0:59:45	30.1	2451	3021	3377	4007	4684	5403	6032	7230	8704	9482	11757	14146
0:59:50	30.1	2445	3027	3355	4019	4757	5411	6005	7212	8735	9384	11868	14056
0:59:55	30.1	2446	3021	3373	3995	4713	5341	5998	7181	8763	9556	11831	14098
1:00:00	30.1	2438	3007	3372	3950	4698	5383	6024	7170	8734	9546	11824	14110
1:00:05	30.1	2442	3021	3318	3974	4773	5380	5997	7203	8704	9513	11807	14139
1:00:10	30.1	2443	2984	3372	3958	4710	5366	6051	7207	8747	9443	11731	14142
1:00:15	30.1	2450	3002	3363	3940	4664	5356	6030	7247	8646	9610	11618	14119
1:00:20	30.1	2450	3026	3369	3984	4716	5376	6001	7208	8696	9458	11735	14087
1:00:25	30.1	2446	3020	3369	4013	4666	5367	6022	7207	8742	9467	11744	14185
1:00:30	30.1	2420	2972	3382	3975	4725	5433	5976	7146	8646	9483	11793	14133
1:00:35	30.1	2433	3001	3353	3954	4723	5381	5980	7158	8795	9427	11809	14109
1:00:40	30.1	2440	2997	3368	3982	4666	5338	5990	7208	8723	9463	11741	14083
1:00:45	30.1	2442	2990	3371	3975	4692	5401	6015	7153	8691	9537	11785	14120
1:00:50	30.1	2422	3004	3350	4011	4693	5392	6032	7183	8658	9520	11816	14217
1:00:55	30.1	2408	3017	3333	3981	4659	5363	6041	7229	8728	9479	11741	14061
1:01:00	30.1	2457	3003	3376	3971	4740	5380	6032	7171	8718	9513	11846	14212
1:01:05	30.1	2448	3007	3378	3950	4743	5345	6004	7208	8666	9380	11769	14100
1:01:10	30.1	2428	2987	3379	3979	4677	5352	6013	7174	8757	9513	11718	14137
1:01:15	30.1	2454	2986	3348	3958	4698	5374	5978	7157	8742	9485	11736	14178
1:01:20	30.1	2431	3009	3352	3998	4708	5417	6006	7217	8749	9544	11740	14102
1:01:25	30.1	2457	3003	3382	3941	4704	5381	6014	7122	8735	9474	11768	14029
1:01:30	30.1	2439	2995	3348	3940	4706	5362	6026	7152	8703	9484	11711	14129
1:01:35	30.1	2436	3004	3366	3927	4692	5341	5970	7175	8706	9485	11748	14123
1:01:40	30.1	2457	3040	3368	3970	4678	5341	5998	7255	8716	9416	11773	14081
1:01:45	30.1	2422	3004	3343	3947	4715	5367	5973	7179	8672	9395	11781	14103
1:01:50	30.1	2453	2990	3361	3976	4693	5330	5981	7209	8639	9476	11825	14174
1:01:55	30.1	2442	2967	3368	3978	4678	5360	5990	7179	8697	9526	11714	14060
1:02:00	30.1	2412	2993	3352	3990	4688	5397	5966	7166	8693	9459	11788	14054
1:02:05	30.1	2426	3003	3376	3946	4707	5415	6015	7233	8677	9473	11822	14085
1:02:10	30.1	2453	2981	3381	3974	4699	5361	5972	7189	8772	9452	11784	14078
1:02:15	30.1	2449	3024	3351	3971	4693	5342	5942	7152	8713	9447	11732	14114
1:02:20	30.1	2431	2976	3366	3934	4709	5367	5935	7197	8749	9486	11722	14161
1:02:25	30.1	2434	2987	3347	3949	4673	5406	6026	7206	8754	9468	11713	14043
1:02:30	30.1	2435	2991	3333	3974	4692	5388	5917	7162	8710	9489	11735	14081
1:02:35	30.1	2455	2997	3352	3995	4709	5337	6007	7156	8691	9380	11731	14276
1:02:40	30.1	2443	2999	3366	3945	4728	5344	5971	7129	8727	9555	11676	14064
1:02:45	30.1	2448	2982	3347	3918	4704	5384	5980	7178	8679	9420	11669	14152
1:02:50	30.1	2418	3019	3365	3975	4745	5313	6004	7115	8674	9442	11791	13958
1:02:55	30.1	2440	2973	3324	3954	4672	5373	5989	7148	8655	9459	11780	13946
1:03:00	30.1	2433	3009	3364	4001	4716	5366	5939	7142	8675	9524	11764	13924
1:03:05	30.1	2427	2996	3336	3972	4672	5388	5962	7196	8708	9482	11796	14063
1:03:10	30.1	2460	2971	3375	3937	4694	5350	6014	7138	8738	9408	11748	14039
1:03:15	30.1	2424	2990	3391	3995	4651	5401	5953	7259	8753	9470	11647	14184
1:03:20	30.1	2437	2984	3360	3979	4737	5403	5978	7145	8621	9483	11583	14022
1:03:25	30.1	2427	2985	3371	3964	4719	5409	6015	7170	8693	9446	11716	14017
1:03:30	30.1	2410	3016	3318	3966	4682	5396	5983	7105	8629	9406	11733	14082
1:03:35	30.1	2452	2986	3347	3957	4711	5396	5971	7193	8693	9465	11705	14037
1:03:40	30.1	2436	3010	3362	3943	4686	5375	5962	7199	8680	9472	11753	14137
1:03:45	30.1	2419	3011	3359	3951	4683	5384	6001	7224	8680	9496	11652	14065
1:03:50	30.1	2416	2984	3321	3958	4707	5389	5942	7173	8701	9464	11789	14069
1:03:55	30.1	2436	3002	3329	3951	4678	5319	5935	7149	8679	9524	11765	14147
1:04:00	30.1	2433	3005	3346	3947	4673	5359	5953	7133	8670	9440	11688	14144
1:04:05	30.1	2421	3005	3340	3935	4652	5387	5947	7154	8713	9432	11684	13967
1:04:10	30.1	2446	2987	3337	3926	4711	5380	5947	7122	8747	9448	11716	14054
1:04:15	30.1	2429	2990	3340	3953	4657	5342	5937	7209	8611	9481	11778	14037
1:04:20	30.1	2444	3001	3318	3972	4723	5334	6005	7165	8585	9442	11672	14073
1:04:25	30.1	2448	2986	3301	3935	4703	5328	5968	7099	8701	9418	11643	13995
1:04:30	30.1	2434	3018	3346	3954	4696	5324	5969	7169	8795	9425	11738	13980
1:04:35	30.1	2416	2996	3360	3978	4664	5354	5987	7181	8701	9497	11709	14015
1:04:40	30.1	2432	2988	3350	3978	4664	5330	5961	7158	8729	9428	11703	14070
1:04:45	30.1	2460	2976	3340	3996	4668	5419	5975	7111	8776	9446	11831	14031
1:04:50	30.1	2421	2964	3315	3913	4712	5309	5958	7169	8698	9465	11706	14007
1:04:55	30.1	2442	3005	3375	3995	4657	5365	5950	7146	8725	9392	11689	14086
1:05:00	30.1	2423	2993	3307	3964	4656	5341	5952	7141	8711	9463	11692	14125
1:05:05	30.1	2417	3006	3358	3956	4684	5375	5979	7206	8750	9438	11741	14133
1:05:10	30.1	2412	2984	3353	3935	4697	5398	5947	7157	8669	9422	11629	13926
1:05:15	30.1	2430	3006	3344	3971	4677	5343	5935	7142	8648	9417	11660	14104
1:05:20	30.1	2438	3002	3333	3934	4685	5375	5958	7179	8651	9400	11764	14147
1:05:25	30.1	2442	3011	3356	3938	4697	5407	6017	7127	8606	9461	11673	14105
1:05:30	30.1	2414	2990	3364	3942	4699	5379	5946	7154	8639	9441	11728	14079
1:05:35	30.1	2446	2982	3338	3913	4689	5394	5923	7110	8657	9392	11655	14060
1:05:40	30.1	2416	2992	3363	3979	4681	5353	5968	7154	8754	9448	11604	14042
1:05:45	30.1	2421	3032	3322	3951	4687	5298	5947	7176	8616	9447	11768	14028
1:05:50	30.1	2436	2980	3331	3959	4678	5396	5979	7166	8603	9444	11704	13972
1:05:55	30.1	2416	2973	3343	3934	4652	5343	5987	7204	8676	9461	11702	14110
1:06:00	30.1	2424	2945	3334	3939	4681	5384	6016	7138	8736	9435	11643	14008
1:06:05	30.1	2423	2985	3312	3963	4686	5349	5976	7155	8669	9371	11660	14039
1:06:10	30.1	2444	2978	3342	3957	4706	5316	5984	7141	8598	9408	11687	14004
1:06:15	30.1	2428	3010	3338	3946	4667	5401	5914	7156	8675	9431	11627	14058
1:06:20	30.1	2432	3004	3360	3927	4659	5312	5995	7178	8628	9508	11632	14021
1:06:25	30.1	2415	2990	3323	3995	4662	5330	5963	7112	8721	9402	11623	13966
1:06:30	30.1	2421	2962	3330	3947	4735	5324	5955	7165	8680	9429	11794	14059
1:06:35	30.1	2446	3002	3351	3942	4640	5318	5960	7120	8719	9449	11713	14014
1:06:40	30.1	2423	2986	3351	3960	4685	5339	5945	7141	8663	9417	11655	14086
1:06:45	30.1	2435	2982	3321	3972	4661	5353	6035	7115	8669	9385	11637	14018
1:06:50	30.1	2426	2997	3347	3965	4698	5335	5987	7113	8630	9446	11704	14084
1:06:55	30.1	2397	2971	3329	3979	4693	5327	5909	7194	8689	9401	11595	14012
1:07:00	30.1	2435	3001	3327	3958	4704	5296	5914	7115	8636	9443	11680	14004
1:07:05	30.1	2418	2968	3325	3969	4666	5373	5927	7184	8578	9420	11660	14114
1:07:10	30.1	2432	3005	3312	3968	4698	5315	5920	7102	8628	9395	11632	14063
1:07:15	30.1	2415	3000	3330	3988	4673	5376	5947	7191	8646	9463	11697	14167
1:07:20	30.1	2401	2978	3306	3964	4694	5347	5924	7077	8666	9441	11705	13922
1:07:25	30.1	2429	2962	3352	3947	4638	5349	5961	7110	8673	9412	11753	14057
1:07:30	30.0	2424	2944	3349	3964	4663	5365	5936	7141	8669	9481	11661	14024
1:07:35	30.1	2419	2975	3314	3944	4667	5307	5932	7141	8724	9368	11661	13918
1:07:40	30.1	2436	2996	3326	3928	4631	5338	5960	7136	8631	9327	11733	14012
1:07:45	30.1	2416	2962	3297	3953	4663	5346	5906	7156	8651	9432	11635	14075
1:07:50	30.1	2400	2982	3316	3932	4650	5398	6040	7164	8631	9498	11645	14011
1:07:55	30.1	2417	3005	3319	3944	4665	5369	5909	7099	8727	9432	11613	14104
1:08:00	30.1	2416	2990	3329	3963	4712	5349	5945	7127	8609	9416	11673	14021
1:08:05	30.1	2419	3036	3314	3942	4696	5387	5951	7167	8606	9465	11666	14016
1:08:10	30.1	2399	2967	3335	3938	4648	5314	5964	7071	8653	9396	11630	13957
1:08:15	30.1	2412	2958	3311	3942	4649	5364	5887	7089	8603	9432	11607	14005
1:08:20	30.1	2418	2989	3295	3980	4671	5341	5991	7149	8653	9328	11503	14035
1:08:25	30.1	2393	2981	3347	3931	4668	5351	5912	7142	8618	9369	11701	14061
1:08:30	30.1	2402	2957	3329	3939	4694	5338	5904	7123	8613	9439	11638	13939
1:08:35	30.1	2421	2978	3300	3941	4680	5318	5909	7156	8650	9432	11644	13931
1:08:40	30.1	2432	2943	3317	3918	4682	5306	5881	7127	8609	9466	11657	14036
1:08:45	30.0	2405	2925	3331	3980	4668	5350	5963	7145	8632	9358	11679	13972
1:08:50	30.1	2398	2946	3297	3958	4680	5302	5937	7064	8642	9394	11654	13987
1:08:55	30.1	2422	2952	3324	3922	4629	5329	5981	7112	8633	9381	11589	14054
1:09:00	30.1	2402	2990	3330	3921	4695	5346	5954	7224	8642	9401	11595	13988
1:09:05	30.1	2430	3009	3284	3963	4641	5341	5954	7126	8667	9430	11631	14066
1:09:10	30.0	2417	2955	3341	3943	4661	5357	5902	7076	8624	9470	11691	13950
1:09:15	30.1	2406	2980	3311	3920	4675	5377	5945	7057	8655	9481	11618	14073
1:09:20	30.1	2422	2958	3295	3941	4646	5335	5945	7118	8703	9379	11539	13917
1:09:25	30.1	2412	2966	3326	3935	4632	5282	5957	7111	8601	9366	11700	14033
1:09:30	30.1	2380	2957	3350	3949	4657	5310	5889	7118	8659	9376	11691	13978
1:09:35	30.0	2416	2951	3311	3928	4648	5334	5904	7094	8558	9418	11669	14030
1:09:40	30.1	2409	2963	3353	3903	4635	5296	5918	7165	8559	9401	11687	14024
1:09:45	30.1	2428	2994	3307	3928	4659	5343	5959	7128	8605	9401	11631	13881
1:09:50	30.1	2395	2964	3353	3927	4660	5342	5938	7079	8647	9356	11558	14042
1:09:55	30.1	2424	2926	3313	3918	4623	5339	5919	7131	8627	9399	11625	14033
1:10:00	30.0	2425	2958	3299	3956	4673	5308	5911	7135	8578	9465	11723	13865
1:10:05	30.1	2410	2937	3333	3923	4685	5327	5988	7073	8591	9405	11715	13948
1:10:10	30.1	2392	2988	3330	3945	4680	5331	5959	7078	8580	9386	11651	13992
1:10:15	30.1	2397	2997	3296	3947	4661	5322	5935	7109	8641	9402	11616	13958
1:10:20	30.1	2395	2988	3302	3905	4654	5308	5945	7089	8665	9441	11642	13986
1:10:25	30.1	2385	2964	3315	3920	4656	5335	5918	7103	8590	9275	11646	13896
1:10:30	30.1	2395	2952	3314	3913	4686	5338	5903	7097	8645	9420	11627	13957
1:10:35	30.1	2418	2971	3300	3955	4661	5326	5956	7075	8619	9393	11492	13931
1:10:40	30.1	2417	2954	3331	3924	4647	5291	5957	7127	8613	9417	11678	13895
1:10:45	30.1	2413	2961	3332	3950	4643	5361	5964	7065	8619	9397	11577	13990
1:10:50	30.0	2403	2976	3349	3941	4613	5316	5966	7131	8581	9395	11654	13910
1:10:55	30.1	2400	2941	3299	3938	4596	5334	5900	7111	8633	9351	11538	14037
1:11:00	30.1	2387	2928	3286	3889	4649	5353	5938	7089	8619	9335	11555	13907
1:11:05	30.1	2413	2968	3288	3913	4660	5317	5960	7162	8688	9422	11552	14048
1:11:10	30.1	2384	2974	3331	3968	4673	5336	5954	7136	8635	9346	11567	13991
1:11:15	30.1	2412	2961	3321	3971	4683	5297	5907	7085	8624	9309	11522	13958
1:11:20	30.1	2422	2982	3334	3937	4733	5324	5908	7075	8585	9354	11593	14057
1:11:25	30.1	2402	2978	3305	3955	4639	5323	5944	7076	8658	9402	11650	13911
1:11:30	30.1	2390	2978	3350	3925	4651	5329	5902	7119	8654	9389	11609	13898
1:11:35	30.1	2392	2964	3343	3927	4667	5331	5959	7069	8582	9479	11566	13893
1:11:40	30.0	2417	2964	3306	3952	4663	5333	5963	7138	8627	9333	11610	14065
1:11:45	30.1	2402	2957	3330	3926	4664	5304	5944	7127	8657	9380	11573	13944
1:11:50	30.1	2398	2970	3318	3952	4625	5355	5933	7083	8625	9316	11596	13967
1:11:55	30.1	2424	2956	3310	3968	4659	5297	5884	7111	8566	9378	11600	13915
1:12:00	30.1	2407	2993	3311	3944	4680	5314	5932	7024	8625	9451	11560	13906
1:12:05	30.1	2401	2964	3326	3884	4652	5314	5937	7149	8652	9349	11537	13966
1:12:10	30.1	2386	2988	3361	3941	4624	5285	5912	7078	8694	9355	11663	13996
1:12:15	30.0	2426	2962	3308	3882	4637	5307	5913	7100	8563	9404	11597	13979
1:12:20	30.1	2404	2982	3362	3944	4663	5291	5957	7103	8601	9305	11608	13951
1:12:25	30.1	2383	2977	3309	3896	4643	5310	5904	7081	8660	9391	11622	14020
1:12:30	30.1	2401	2966	3315	3868	4610	5296	5951	7111	8554	9403	11616	13981
1:12:35	30.1	2395	2933	3291	3946	4648	5346	5901	7094	8614	9419	11597	13953
1:12:40	30.1	2415	2966	3321	3995	4645	5336	5976	7076	8627	9325	11601	14069
1:12:45	30.1	2408	2941	3344	3916	4627	5322	5886	7096	8573	9387	11518	13986
1:12:50	30.1	2409	2961	3296	3943	4649	5344	5922	7066	8553	9385	11703	13931
1:12:55	30.1	2392	2961	3300	3908	4645	5304	5951	7033	8621	9388	11545	13863
1:13:00	30.1	2401	2961	3314	3930	4632	5301	5934	7075	8590	9244	11544	13997
1:13:05	30.0	2400	2928	3320	3914	4656	5296	5912	7074	8560	9378	11650	13914
1:13:10	30.1	2423	2962	3319	3958	4667	5299	5848	7118	8594	9310	11605	13914
1:13:15	30.1	2422	2969	3296	3914	4667	5328	5905	7012	8532	9382	11508	13912
1:13:20	30.1	2383	2979	3289	3896	4668	5298	5932	7147	8605	9300	11574	13927
1:13:25	30.1	2386	2935	3303	3952	4704	5302	5901	7102	8585	9343	11538	13970
1:13:30	30.1	2401	2940	3313	3918	4650	5294	5975	7024	8628	9243	11568	14026
1:13:35	30.1	2404	2961	3326	3900	4650	5329	5917	7093	8608	9376	11647	13975
1:13:40	30.1	2417	2962	3272	3951	4618	5277	5876	7114	8616	9410	11655	13895
1:13:45	30.1	2398	2941	3297	3916	4642	5281	5947	7046	8601	9350	11571	13909
1:13:50	30.0	2399	2954	3292	3877	4655	5312	5950	7113	8614	9432	11626	13927
1:13:55	30.1	2400	2967	3283	3964	4657	5263	5881	7096	8633	9372	11636	13971
1:14:00	30.1	2387	2969	3312	3923	4646	5318	5904	7096	8638	9354	11606	13830
1:14:05	30.1	2393	2954	3337	3921	4650	5324	5919	7163	8534	9309	11571	13931
1:14:10	30.1	2400	2971	3320	3935	4618	5306	5886	7095	8521	9397	11584	13915
1:14:15	30.1	2413	2948	3331	3906	4681	5325	5880	7098	8618	9393	11516	14077
1:14:20	30.1	2427	2962	3362	3930	4647	5309	5897	7071	8548	9278	11610	13919
1:14:25	30.1	2412	2964	3331	3900	4635	5307	5879	7049	8541	9379	11570	13880
1:14:30	30.1	2401	2959	3335	3920	4609	5331	5902	7065	8653	9307	11572	13864
1:14:35	30.0	2381	2974	3294	3910	4620	5284	5883	7010	8587	9343	11673	13889
1:14:40	30.0	2394	2987	3314	3913	4595	5311	5929	7084	8466	9287	11569	13861
1:14:45	30.1	2381	2953	3331	3926	4638	5330	5928	7067	8558	9382	11535	13867
1:14:50	30.1	2421	2943	3333	3893	4586	5296	5879	7088	8598	9400	11542	13751
1:14:55	30.1	2404	2960	3302	3939	4577	5273	5889	7065	8619	9286	11593	13962
1:15:00	30.1	2392	2971	3342	3911	4652	5289	5897	7030	8604	9372	11628	13849

Results
	1	2	3	4	5	6	7	8	9	10	11	12
A	-972000.000	996000.000	1176000.000	2100000.000	-1548000.000	-1536000.000	-2100000.000	-1956000.000	-2904000.000	-3216000.000	-2652000.000	-22104000.000	Max V [295,335]
	1.000	1.000	1.000	1.000	1.000	1.000	1.000	1.000	1.000	1.000	1.000	1.000	R-Squared [295,335]
	0:02:58	0:00:03	0:05:43	0:00:13	0:06:23	0:18:18	0:04:53	0:01:58	0:57:08	0:04:53	0:07:53	0:00:08	t at Max V [295,335]
	0:02:40	0:00:00	0:06:15	0:00:07	0:05:55	0:17:17	0:04:33	0:01:52	0:56:09	0:04:38	0:07:21	0:00:03	Lagtime [295,335]
B													Max V [295,335]
													R-Squared [295,335]
													t at Max V [295,335]
													Lagtime [295,335]
C													Max V [295,335]
													R-Squared [295,335]
													t at Max V [295,335]
													Lagtime [295,335]
D													Max V [295,335]
													R-Squared [295,335]
													t at Max V [295,335]
													Lagtime [295,335]
E													Max V [295,335]
													R-Squared [295,335]
													t at Max V [295,335]
													Lagtime [295,335]
F													Max V [295,335]
													R-Squared [295,335]
													t at Max V [295,335]
													Lagtime [295,335]
G													Max V [295,335]
													R-Squared [295,335]
													t at Max V [295,335]
													Lagtime [295,335]
H													Max V [295,335]
													R-Squared [295,335]
													t at Max V [295,335]
													Lagtime [295,335]

