

Software Version	3.03.14

Procedure Details

Plate Type	96 WELL PLATE
Set Temperature	Setpoint 30°C
	Preheat before moving to next step
Start Kinetic	Runtime 1:20:00 (HH:MM:SS), Interval 0:00:05, 961 Reads
    Read	Fluorescence Endpoint
	C1..C12
	Filter Set 1
	    Excitation: 295,  Emission: 335
	    Optics: Top,  Gain: 80
	Light Source: Xenon Flash,  Lamp Energy: High
	Read Speed: Normal,  Delay: 0 msec,  Measurements/Data Point: 5
	Read Height: 8 mm
End Kinetic	

Layout
	1	2	3	4	5	6	7	8	9	10	11	12
A													Well ID
B													Well ID
C	SPL1	SPL2	SPL3	SPL4	SPL5	SPL6	SPL7	SPL8	SPL9	SPL10	SPL11	SPL12	Well ID
D													Well ID
E													Well ID
F													Well ID
G													Well ID
H													Well ID

295,335

Time	T° 295,335	C1	C2	C3	C4	C5	C6	C7	C8	C9	C10	C11	C12
0:00:00	30.0	15240	17777	20467	23120	14816	16858	17805	21159	14848	16660	17933	20686
0:00:05	30.0	15465	17911	20538	23436	14698	16679	17664	21308	14623	16898	18101	20589
0:00:10	30.0	15607	17868	20759	23309	14750	16687	17623	21023	14607	16611	17787	20530
0:00:15	30.0	15272	18086	20864	23284	14453	16538	17297	20894	14559	16246	17802	20584
0:00:20	30.0	15476	18102	20748	23262	14489	16411	17302	20821	14533	16263	17331	20240
0:00:25	30.0	15424	17688	20910	23031	14318	16330	17293	20625	14296	16125	17458	20348
0:00:30	30.0	15377	18165	20910	23222	14061	15872	17204	20340	14089	16054	17669	20192
0:00:35	30.0	15450	17904	20954	23432	14079	15697	17016	20243	14165	15810	17183	20109
0:00:40	30.0	15506	18157	20838	23650	13875	15730	16900	20093	13941	15899	17068	20023
0:00:45	30.0	15434	18014	21052	23097	13852	15676	16766	19986	13819	15801	16991	20053
0:00:50	30.0	15385	17973	20742	23321	13787	15578	16687	19845	13763	15571	16892	19610
0:00:55	30.0	15527	17844	20753	23440	13549	15472	16266	19735	13700	15521	16857	19468
0:01:00	30.0	15425	17674	20925	23144	13506	15119	16333	19432	13525	15169	16772	19520
0:01:05	30.0	15495	17950	20599	23227	13289	15333	16300	19340	13476	15449	16605	19495
0:01:10	30.0	15374	17931	20677	23198	13258	15059	16171	19274	13389	15073	16636	19248
0:01:15	30.0	15489	17908	20813	22976	13279	14924	15896	19118	13307	15097	16585	19313
0:01:20	30.0	15243	17897	20634	23030	13027	14877	16009	19125	13141	14979	16396	18951
0:01:25	30.0	15201	17904	20663	22932	13050	14770	16024	18803	13163	15003	16178	18945
0:01:30	30.0	15360	17834	20514	23107	12946	14725	15712	18820	12900	14860	16172	19070
0:01:35	30.0	15523	17883	20655	23145	12769	14706	15604	18802	12977	14885	15987	18777
0:01:40	30.0	15426	17853	20733	23146	12661	14652	15782	18736	12857	14536	15915	18555
0:01:45	30.0	15446	17972	20553	23089	12738	14433	15415	18367	12874	14585	15692	18631
0:01:50	30.0	15406	17629	20576	22811	12641	14380	15462	18638	12622	14560	15844	18443
0:01:55	30.0	15251	17711	20541	22928	12671	14429	15290	18677	12688	14332	15627	18539
0:02:00	30.0	15191	17795	20324	23039	12518	14257	15299	18320	12561	14369	15594	18404
0:02:05	30.0	15060	17698	20471	22898	12539	14411	15202	18236	12586	14422	15499	18364
0:02:10	30.0	15134	17508	20613	22680	12432	14155	15016	18248	12445	14305	15523	18202
0:02:15	30.0	15268	17651	20574	22976	12185	14137	14977	18058	12449	13976	15207	18148
0:02:20	30.0	15132	17768	20364	22931	12259	13937	15182	18115	12379	13936	15325	18074
0:02:25	30.0	15045	17709	20425	22835	12333	13721	15010	18249	12503	13864	15259	17999
0:02:30	30.0	15174	17825	20402	22903	12115	13913	14788	17910	12224	14024	15239	17799
0:02:35	30.0	15035	17556	20528	22828	12126	13851	14763	17780	12134	13692	14972	17965
0:02:40	30.0	14964	17597	20345	22708	12141	13917	14559	17796	12186	13747	14978	17766
0:02:45	30.0	15173	17540	20512	22579	12051	13607	14703	17618	12099	13811	14919	17621
0:02:50	30.0	15059	17521	20607	22530	11879	13515	14727	17765	11862	13667	14864	17829
0:02:55	30.0	15026	17447	20383	22584	11927	13525	14647	17565	11921	13628	14950	17681
0:03:00	30.0	15036	17281	20306	22383	11834	13481	14574	17517	12084	13676	14771	17585
0:03:05	30.0	14941	17517	20272	22607	11864	13446	14486	17548	11905	13654	14777	17375
0:03:10	30.0	15025	17389	20207	22404	12002	13377	14394	17346	11656	13460	14774	17404
0:03:15	30.0	15058	17237	20107	22736	11847	13398	14461	17129	11680	13404	14459	17501
0:03:20	30.0	14938	17452	20223	22398	11809	13360	14264	17138	11672	13358	14550	17142
0:03:25	30.0	14859	17361	20319	22309	11851	13318	14175	17435	11641	13372	14572	17350
0:03:30	30.0	14996	17454	19877	22408	11689	13164	14276	17032	11564	13271	14428	17253
0:03:35	30.0	14939	17411	20040	22505	11692	13299	14223	17096	11574	13165	14414	17152
0:03:40	30.0	14688	17362	19857	22509	11595	13353	14176	17156	11460	13307	14451	16872
0:03:45	30.0	14976	17551	20159	22385	11609	13118	14081	16849	11466	13222	14142	17030
0:03:50	30.0	14795	17235	20055	22265	11698	13064	14226	16963	11552	13123	14168	17050
0:03:55	30.0	14797	17373	19948	22177	11629	13137	13991	16894	11377	13067	14372	16839
0:04:00	30.0	14699	17303	19998	22379	11533	12968	14037	17137	11322	13181	14404	16915
0:04:05	30.0	14689	17154	19933	22079	11537	13051	13832	16894	11324	13030	14165	16805
0:04:10	30.0	14631	17342	20230	22488	11527	13046	14134	16917	11425	13027	14043	16660
0:04:15	30.0	14725	17114	20096	22503	11491	13082	13930	16696	11476	12856	14090	16581
0:04:20	30.0	14783	16934	20127	22295	11404	13105	13901	16801	11427	12876	14043	16604
0:04:25	30.0	14833	16974	19823	22455	11421	12926	13886	16599	11287	12908	14129	16716
0:04:30	30.0	14744	17147	19888	22212	11444	13026	13810	16620	11121	12864	14078	16549
0:04:35	30.0	14726	17141	19969	22379	11398	13104	13944	16544	11175	12751	13902	16612
0:04:40	30.0	14699	17288	19802	22347	11502	12912	13771	16567	11151	12709	13915	16591
0:04:45	30.0	14628	17031	19897	22094	11311	13056	13829	16773	11189	12680	13862	16578
0:04:50	30.0	14711	17024	19812	22275	11270	12925	13748	16573	11043	12627	13749	16350
0:04:55	30.0	14625	17151	19627	21978	11378	12993	13634	16214	11331	12607	13936	16473
0:05:00	30.0	14906	17038	19874	22174	11267	12792	13765	16376	11062	12664	14024	16552
0:05:05	30.0	14425	17192	19951	22424	11292	13006	13872	16445	11110	12594	13643	16477
0:05:10	30.0	14435	16829	19759	22217	11207	12890	13599	16345	10968	12637	13774	16123
0:05:15	30.0	14621	17087	19571	21997	11336	12822	13597	16323	11079	12559	13854	16029
0:05:20	30.0	14614	16923	19685	22236	11183	12974	13716	16589	11166	12673	13786	16148
0:05:25	30.0	14546	16985	19788	22016	11242	12953	13615	16348	11042	12588	13779	16194
0:05:30	30.0	14299	16951	19906	22116	11052	12876	13678	16327	11070	12578	13644	16119
0:05:35	30.0	14552	16977	19688	21840	11244	12622	13812	16184	11083	12583	13609	16105
0:05:40	30.0	14384	16808	19700	22085	11329	12877	13724	16424	10964	12336	13606	16054
0:05:45	30.0	14529	16965	19712	22050	11141	12674	13639	16371	10979	12512	13660	16136
0:05:50	30.0	14428	16918	19641	22138	11207	12706	13560	16322	10971	12525	13518	15804
0:05:55	30.0	14563	16980	19697	21923	11084	12746	13474	16234	10958	12386	13396	16041
0:06:00	30.0	14323	16915	19496	22063	11186	12485	13500	16160	10781	12281	13621	16147
0:06:05	30.0	14340	17048	19611	22115	11049	12616	13466	15979	10826	12499	13780	15847
0:06:10	30.0	14265	16880	19314	21811	11036	12513	13582	16079	10845	12402	13550	15949
0:06:15	30.0	14346	16913	19432	21954	10995	12650	13532	16317	10930	12455	13536	15853
0:06:20	30.0	14394	16760	19155	21741	11210	12772	13600	16163	10793	12448	13465	15671
0:06:25	30.0	14350	16609	19462	21805	11134	12544	13632	15971	10818	12357	13298	15682
0:06:30	30.0	14264	16756	19482	21841	11160	12588	13475	15869	10836	12348	13468	15644
0:06:35	30.0	14245	16686	19641	22079	11170	12751	13516	16178	10840	12364	13394	15721
0:06:40	30.0	14357	16714	19590	21726	11033	12383	13609	15999	10738	12323	13443	15512
0:06:45	30.0	14407	16769	19490	21749	11020	12616	13420	15910	10777	12286	13173	15684
0:06:50	30.0	14356	16783	19422	21827	11136	12688	13395	16053	10775	12294	13384	15835
0:06:55	30.0	14177	16537	19466	21708	10923	12565	13106	16048	10705	12385	13338	15721
0:07:00	30.0	14125	16709	19229	21718	11013	12402	13259	15933	10764	12287	13660	15594
0:07:05	30.0	14094	16772	19113	21758	11186	12550	13362	15897	10780	12359	13397	15646
0:07:10	30.0	14105	16671	19475	21431	11052	12548	13456	15965	10648	12235	13318	15566
0:07:15	30.0	14148	16721	19150	21596	11076	12366	13424	15756	10664	12138	13272	15488
0:07:20	30.0	14177	16584	19453	21690	10954	12542	13282	16060	10682	12073	13191	15446
0:07:25	30.0	14103	16876	19213	21688	11083	12602	13353	15851	10721	12180	13140	15389
0:07:30	30.0	14055	16570	19549	21721	10868	12337	13319	15906	10570	12170	13137	15419
0:07:35	30.0	14067	16501	19155	21519	10908	12294	13271	16039	10726	12016	13049	15431
0:07:40	30.0	14037	16432	19176	21642	11197	12592	13117	15814	10706	12045	13073	15497
0:07:45	30.0	14078	16458	19384	21708	11026	12471	13231	15781	10647	12133	13271	15379
0:07:50	30.0	13891	16518	19063	21475	10941	12483	13275	15694	10631	12041	13401	15240
0:07:55	30.0	14033	16440	19400	21506	11078	12534	13265	15798	10649	12133	13196	15337
0:08:00	30.0	13962	16296	19121	21461	10893	12296	13331	15913	10649	12035	13183	15376
0:08:05	30.0	13840	16588	19277	21509	10859	12387	13218	15876	10555	12046	13042	15287
0:08:10	30.0	14011	16452	19196	21599	11038	12504	13351	15868	10677	11969	13296	15370
0:08:15	30.0	13999	16439	19102	21309	10951	12525	13023	15730	10587	12037	13116	15442
0:08:20	30.0	13824	16417	18843	21537	11070	12455	13218	15808	10671	12016	13187	15265
0:08:25	30.0	13865	16337	18782	21464	10713	12575	13154	15647	10612	12021	12992	15224
0:08:30	30.0	13850	16367	19440	21368	10917	12530	13018	15846	10571	12283	12946	15097
0:08:35	30.0	13987	16509	18915	21298	10886	12239	13234	15774	10562	12054	13051	15107
0:08:40	30.0	13926	16521	19113	21486	10981	12481	13210	15845	10589	11967	12974	15197
0:08:45	30.0	13813	16246	18815	21245	11021	12317	13321	15858	10580	12033	13021	15099
0:08:50	30.0	13854	16178	19106	21527	10969	12394	13039	15823	10452	12096	13193	15222
0:08:55	30.0	13843	16180	18965	21187	10894	12448	13150	15765	10549	12052	13213	15325
0:09:00	30.0	13918	16067	18609	21366	10823	12403	13099	15702	10578	11873	12888	15296
0:09:05	30.0	13923	16069	18922	21234	11056	12254	13176	15650	10615	12038	13034	15225
0:09:10	30.0	13785	16344	19045	21431	10837	12402	13319	15771	10476	11783	13113	15130
0:09:15	30.0	13702	16370	18851	21021	11006	12344	13051	15790	10507	12028	12895	15121
0:09:20	30.0	13971	16442	18840	21403	10833	12134	13083	15858	10519	11901	13066	15211
0:09:25	30.0	13777	15984	18801	21378	10898	12331	13353	15662	10469	11974	12899	15201
0:09:30	30.0	13783	16183	18836	21376	10929	12335	13208	15754	10499	11928	12887	15088
0:09:35	30.0	13696	16281	18936	21363	11054	12300	13221	15490	10514	11891	12912	15077
0:09:40	30.0	13889	16306	19027	21089	10922	12281	13267	15576	10611	11875	13025	15120
0:09:45	30.0	13708	15840	18989	21032	10958	12332	13262	15704	10388	12096	12974	15131
0:09:50	30.0	13589	16039	18426	21179	10977	12398	13221	15712	10480	11786	12928	14932
0:09:55	30.0	13692	16091	18868	21240	10907	12237	13054	15755	10477	11769	12952	14950
0:10:00	30.0	13632	16052	18861	20924	11027	12257	13116	15628	10542	11753	12936	15116
0:10:05	30.0	13757	16137	18872	21157	10883	12373	13088	15652	10382	12043	12902	15140
0:10:10	30.0	13735	16078	18879	21200	10753	12327	13149	15739	10445	11964	12821	14971
0:10:15	30.0	13781	16271	18694	20833	10784	12370	13131	15682	10353	11861	12978	15055
0:10:20	30.0	13601	16134	18903	21039	10844	12407	13084	15474	10266	11921	12802	15093
0:10:25	30.0	13730	16024	18693	21008	10772	12322	13121	15575	10465	11838	12833	14783
0:10:30	30.0	13513	15869	18766	20953	10855	12229	13017	15556	10515	11904	12761	15118
0:10:35	30.0	13581	15918	18627	21161	10923	12345	13149	15449	10382	11858	12795	14883
0:10:40	30.0	13737	15985	18771	21103	10936	12246	13029	15802	10385	11744	12890	15030
0:10:45	30.0	13615	16013	18469	20995	10872	12339	13105	15655	10413	11940	12821	14993
0:10:50	30.0	13604	15897	18569	20965	11016	12243	13055	15566	10519	11825	12777	14911
0:10:55	30.0	13313	15947	18583	20823	10858	12388	13061	15549	10484	11791	12825	15034
0:11:00	30.0	13369	15975	18522	20953	10852	12426	12806	15650	10330	11842	12781	14969
0:11:05	30.0	13359	15614	18411	20851	10981	12291	13044	15730	10443	11797	12893	14941
0:11:10	30.0	13493	15950	18434	20842	11015	12163	13053	15699	10347	11970	12690	14676
0:11:15	30.0	13572	15792	18216	20895	10964	12285	13098	15595	10265	11864	12713	14891
0:11:20	30.0	13573	16002	18508	20710	10837	12203	13080	15610	10500	11764	12847	14925
0:11:25	30.0	13524	15899	18549	20916	10730	12207	13287	15457	10352	11776	12785	14997
0:11:30	30.0	13371	15723	18502	20570	10829	12213	13017	15513	10389	11818	12774	14892
0:11:35	30.0	13498	15656	18404	20633	10849	12275	13221	15441	10441	11825	12737	14796
0:11:40	30.0	13381	15854	18465	20871	10971	12354	12989	15589	10439	11802	12861	14835
0:11:45	30.0	13393	15850	18547	20589	10889	12224	13280	15742	10415	11707	12707	14651
0:11:50	30.0	13496	15742	18557	20759	10667	12189	12918	15377	10417	11762	12682	14787
0:11:55	30.0	13327	15522	18471	20786	10845	12167	12898	15606	10349	11867	12615	14718
0:12:00	30.0	13269	15768	18584	20817	10729	12409	12966	15618	10372	11792	12790	14748
0:12:05	30.0	13456	15869	18405	20764	10873	12286	13167	15574	10333	11730	12600	14803
0:12:10	30.0	13437	15895	18584	20851	10796	12257	13060	15468	10338	11655	12943	14865
0:12:15	30.0	13366	15646	18234	20712	10837	12212	13053	15630	10309	11601	12654	14719
0:12:20	30.0	13194	15692	18390	20506	10725	12127	13003	15649	10314	11749	12766	14782
0:12:25	30.0	13253	15657	18522	20574	10822	12298	13126	15522	10426	11656	12775	14778
0:12:30	30.0	13311	15626	18112	20530	10842	12284	13007	15563	10361	11647	12725	14760
0:12:35	30.0	13198	15858	18360	20557	10781	12149	13082	15623	10251	11743	12662	14679
0:12:40	30.0	13204	15679	18241	20473	10778	12123	13245	15662	10326	11771	12812	14759
0:12:45	30.0	13266	15617	18058	20566	10773	12254	12980	15577	10292	11783	12691	14935
0:12:50	30.0	13265	15655	18069	20516	10864	12244	12999	15603	10451	11628	12646	14588
0:12:55	30.0	13254	15612	18217	20665	10809	12154	13026	15478	10391	11804	12750	14580
0:13:00	30.0	13128	15623	18257	20517	10832	12265	12909	15450	10290	11688	12680	14630
0:13:05	30.0	12969	15536	18389	20538	10848	12155	12946	15470	10448	11747	12684	14748
0:13:10	30.0	13167	15385	18043	20689	10636	12194	12913	15457	10268	11882	12628	14711
0:13:15	30.0	13239	15601	18178	20470	10746	12103	12976	15422	10225	11606	12646	14630
0:13:20	30.0	13036	15524	18232	20520	10697	12150	13112	15572	10275	11594	12695	14596
0:13:25	30.0	13166	15286	18049	20426	10673	12265	12967	15478	10321	11608	12697	14719
0:13:30	30.0	12959	15631	18020	20377	10620	12127	13059	15470	10376	11462	12696	14602
0:13:35	30.0	13269	15486	18363	20472	10634	12303	13037	15410	10314	11578	12657	14608
0:13:40	30.0	13243	15256	17733	20389	10745	12143	13123	15502	10359	11793	12509	14681
0:13:45	30.0	12968	15580	18170	20320	10778	12083	12944	15495	10286	11833	12624	14593
0:13:50	30.0	12970	15316	18061	20446	10681	12330	12983	15352	10369	11736	12694	14571
0:13:55	30.0	12978	15408	18084	20569	10733	12225	13097	15483	10151	11699	12549	14640
0:14:00	30.0	13080	15350	18059	20288	10747	12273	12878	15573	10334	11781	12541	14625
0:14:05	30.0	13148	15357	18082	20405	10712	12294	13075	15433	10339	11535	12605	14708
0:14:10	30.0	13048	15338	17872	19964	10705	12222	13001	15474	10378	11541	12633	14642
0:14:15	30.0	12959	15359	18012	20194	10688	12033	12912	15483	10203	11614	12641	14643
0:14:20	30.0	12999	15292	17772	20138	10777	12185	13055	15497	10178	11582	12464	14747
0:14:25	30.0	12913	15296	17994	20149	10760	12099	12961	15237	10203	11712	12488	14436
0:14:30	30.0	12934	15471	17796	20371	10584	12305	12915	15396	10275	11675	12701	14601
0:14:35	30.0	12882	15226	17850	20170	10699	12219	12951	15465	10196	11720	12530	14543
0:14:40	30.0	12978	15236	17904	20197	10705	12163	12856	15330	10222	11622	12613	14595
0:14:45	30.0	12948	15116	17855	20137	10692	12298	12934	15210	10195	11684	12573	14534
0:14:50	30.0	12930	15342	18013	20075	10781	12092	12954	15347	10296	11709	12583	14642
0:14:55	30.0	12871	15152	17735	20089	10715	12249	12910	15471	10292	11607	12580	14545
0:15:00	30.0	12842	15257	17651	20359	10652	12262	12943	15344	10342	11437	12419	14433
0:15:05	30.0	13035	15219	17878	20341	10708	12028	12969	15383	10216	11589	12669	14546
0:15:10	30.0	12770	15273	17825	20193	10614	12170	12969	15512	10358	11463	12642	14586
0:15:15	30.0	12846	15175	18142	20236	10644	12041	12792	15372	10262	11616	12697	14696
0:15:20	30.0	12823	15208	17763	20252	10652	12308	12938	15418	10336	11680	12484	14367
0:15:25	30.0	12757	15058	17812	20037	10707	12111	12976	15553	10118	11385	12523	14545
0:15:30	30.0	12828	15321	17857	19992	10570	12226	12936	15471	10169	11741	12627	14521
0:15:35	30.0	12692	15295	17767	19904	10681	12064	12953	15478	10104	11621	12543	14515
0:15:40	30.0	12721	15217	17579	20004	10617	12128	13071	15510	10205	11686	12569	14521
0:15:45	30.0	12583	15220	17621	20052	10567	12212	12986	15323	10104	11518	12713	14764
0:15:50	30.0	12669	15038	17700	19938	10857	12060	12911	15458	10292	11512	12432	14466
0:15:55	30.0	12916	15018	17681	20028	10780	12201	12842	15319	10130	11608	12588	14492
0:16:00	30.0	12571	15145	17590	20077	10685	12156	12955	15452	10221	11460	12435	14529
0:16:05	30.0	12741	15185	17786	19864	10721	12234	12884	15413	10206	11460	12633	14638
0:16:10	30.0	12743	14955	17667	19677	10533	12156	12823	15353	10197	11652	12440	14588
0:16:15	30.0	12631	15000	17607	19891	10515	12042	12881	15438	10292	11405	12513	14785
0:16:20	30.0	12646	15227	17441	19728	10665	12001	12823	15438	10360	11485	12520	14415
0:16:25	30.0	12634	15039	17467	20034	10733	12014	12905	15426	10181	11569	12392	14506
0:16:30	30.0	12637	14926	17360	19784	10667	12141	12821	15399	10256	11699	12536	14533
0:16:35	30.0	12644	15137	17651	20186	10586	12139	12983	15166	10269	11565	12636	14471
0:16:40	30.0	12779	14979	17811	19956	10633	12172	12798	15388	10179	11579	12618	14426
0:16:45	30.0	12741	14863	17555	19920	10490	12140	12957	15134	10227	11637	12551	14344
0:16:50	30.0	12687	14928	17493	19908	10705	12065	12903	15440	10220	11516	12548	14608
0:16:55	30.0	12627	15028	17571	19826	10740	12040	12877	15393	10002	11594	12562	14422
0:17:00	30.0	12480	14820	17620	19966	10644	12022	12912	15247	10209	11574	12348	14362
0:17:05	30.0	12677	14880	17545	19850	10542	11985	12890	15421	10114	11522	12365	14464
0:17:10	30.0	12491	14848	17508	19694	10768	12208	12843	15091	10255	11494	12457	14348
0:17:15	30.0	12686	14942	17252	19656	10594	11970	12808	15282	10179	11474	12457	14569
0:17:20	30.0	12541	14717	17372	19700	10457	12176	12962	15242	10218	11534	12498	14360
0:17:25	30.0	12557	14909	17470	19753	10551	12006	12806	15275	10151	11591	12312	14229
0:17:30	30.0	12516	14796	17445	19936	10571	12133	12773	15281	10208	11609	12421	14248
0:17:35	30.0	12590	14743	17459	20001	10511	12050	12936	15205	10265	11477	12387	14322
0:17:40	30.0	12542	14665	17360	19692	10585	12123	12702	15194	10170	11563	12566	14477
0:17:45	30.0	12531	14947	17509	19696	10489	12181	13010	15434	10228	11622	12627	14463
0:17:50	30.0	12436	14732	17497	19910	10539	12101	12676	15119	10216	11646	12463	14385
0:17:55	30.0	12529	14792	17639	19650	10517	12033	12758	15362	10014	11518	12508	14524
0:18:00	30.0	12614	14873	17239	19612	10518	12135	12829	15270	10298	11614	12585	14270
0:18:05	30.0	12417	14905	17654	19690	10568	12076	12918	15194	10197	11504	12353	14255
0:18:10	30.0	12507	14754	17263	19734	10530	12132	12847	15355	10092	11424	12337	14378
0:18:15	30.0	12290	14530	17207	19897	10447	12218	12715	14978	10155	11523	12545	14469
0:18:20	30.0	12475	14670	17438	19842	10551	12114	12965	15346	10115	11471	12334	14308
0:18:25	30.0	12500	14813	17082	19639	10538	12186	12935	15229	10161	11482	12524	14229
0:18:30	30.0	12204	14880	17346	19441	10516	11960	12725	15318	10078	11433	12548	14376
0:18:35	30.0	12382	14666	17285	19599	10508	11929	12903	15248	10118	11478	12393	14439
0:18:40	30.0	12311	14736	17244	19519	10531	12014	12811	15279	10218	11503	12522	14453
0:18:45	30.0	12424	14752	17244	19575	10538	11997	12772	15258	10130	11318	12385	14482
0:18:50	30.0	12421	14750	17237	19652	10662	12030	12784	15432	10059	11602	12467	14401
0:18:55	30.0	12318	14658	17491	19515	10497	11940	12947	15273	10023	11537	12475	14403
0:19:00	30.0	12385	14643	17171	19559	10678	11995	12690	15295	10151	11559	12477	14278
0:19:05	30.0	12437	14565	17179	19412	10622	12017	12927	15148	10290	11549	12388	14296
0:19:10	30.0	12307	14732	17411	19712	10554	11978	12772	15148	10215	11480	12477	14177
0:19:15	30.0	12241	14604	17262	19466	10598	12169	12765	15418	10094	11486	12626	14226
0:19:20	30.0	12360	14661	16844	19504	10528	11974	12822	15350	10170	11412	12418	14404
0:19:25	30.0	12529	14545	17187	19799	10497	12048	12816	15122	10066	11633	12403	14326
0:19:30	30.0	12209	14666	17134	19304	10460	12121	12822	15235	10182	11551	12403	14167
0:19:35	30.0	12162	14587	17198	19266	10651	12032	12711	15295	9964	11540	12243	14408
0:19:40	30.0	12348	14535	17280	19159	10665	11898	12755	15288	9994	11579	12392	14372
0:19:45	30.0	12206	14570	17153	19590	10487	12042	12724	15178	10168	11415	12350	14356
0:19:50	30.0	12312	14555	17097	19305	10488	12020	12785	15119	10129	11398	12553	14389
0:19:55	30.0	12202	14416	16957	19324	10540	11859	12714	15235	10176	11459	12473	14196
0:20:00	30.0	12285	14680	17022	19365	10443	12046	12567	15048	10170	11395	12376	14330
0:20:05	30.0	12263	14506	17194	19513	10460	11959	12684	15016	10104	11428	12430	14407
0:20:10	30.0	12238	14414	17083	19617	10497	12050	12819	15069	10068	11537	12405	14319
0:20:15	30.0	12245	14511	16933	19147	10634	12129	12714	15125	9970	11466	12371	14258
0:20:20	30.0	12163	14478	16862	19342	10603	11999	12847	15083	10127	11426	12286	14304
0:20:25	30.0	12206	14283	17102	19325	10670	12011	12821	15215	10080	11419	12555	14424
0:20:30	30.0	12126	14357	17048	19431	10441	11892	12760	15195	10064	11439	12330	14190
0:20:35	30.0	12118	14512	16900	19339	10383	11883	12720	15228	10079	11497	12528	14235
0:20:40	30.0	12036	14438	16861	19353	10463	12074	12595	15186	10078	11386	12299	14250
0:20:45	30.0	12042	14639	17017	19273	10597	12104	12829	15376	10165	11479	12454	14440
0:20:50	30.0	12165	14329	16765	19209	10563	12023	12735	15130	10030	11382	12263	14223
0:20:55	30.0	12155	14474	16749	19125	10539	11958	12854	15387	10169	11427	12410	14215
0:21:00	30.0	12115	14537	16943	19246	10518	11628	12809	15252	10110	11373	12324	14254
0:21:05	30.0	12081	14385	16829	19047	10398	11826	12792	15144	10031	11458	12434	14224
0:21:10	30.0	12182	14428	16745	18934	10498	11942	12749	15156	9971	11549	12375	14426
0:21:15	30.0	12205	14387	16764	19336	10582	11807	12764	15188	10040	11480	12286	14387
0:21:20	30.0	12155	14524	16848	19185	10487	11872	12717	15152	10125	11431	12344	14184
0:21:25	30.0	12200	14354	17049	19366	10546	11757	12744	15177	10153	11459	12196	14405
0:21:30	30.0	12129	14377	16931	19339	10350	11945	12685	15174	10015	11453	12340	14369
0:21:35	30.0	12137	14338	16664	19243	10451	11870	12832	15156	10125	11393	12303	14276
0:21:40	30.0	12146	14484	17037	19071	10455	11958	12646	15053	10184	11502	12388	14150
0:21:45	30.0	12059	14124	16865	19220	10371	11958	12691	15066	10203	11584	12263	14087
0:21:50	30.0	11975	14330	16794	19097	10463	11952	12799	15224	9972	11453	12263	14313
0:21:55	30.0	12031	14209	16904	19042	10478	11908	12724	15287	10101	11430	12453	14260
0:22:00	30.0	12037	14305	16829	19108	10583	11910	12807	15184	10008	11358	12459	14515
0:22:05	30.0	12064	14194	16746	19250	10441	11952	12651	15136	10214	11301	12414	14270
0:22:10	30.0	12051	14322	16819	19163	10494	11897	12662	15000	10121	11415	12398	14213
0:22:15	30.0	12062	14298	16696	18852	10503	11948	12765	14981	10045	11317	12277	14233
0:22:20	30.1	11924	14327	16564	19023	10411	11897	12639	15162	10013	11411	12270	14231
0:22:25	30.0	11917	14346	17116	19063	10364	11958	12750	15236	10058	11374	12458	14330
0:22:30	30.0	12005	14191	16764	19208	10433	11882	12791	15053	10128	11462	12298	14233
0:22:35	30.0	11775	14252	16688	18995	10469	11947	12684	15157	9941	11336	12246	14361
0:22:40	30.0	11962	14031	16636	18917	10317	11805	12760	14960	10004	11372	12444	14251
0:22:45	30.0	11954	14213	16754	18947	10307	11969	12694	14991	10083	11410	12160	14259
0:22:50	30.0	12030	14310	16674	18980	10331	11866	12775	15120	10117	11399	12281	14289
0:22:55	30.0	11918	14160	16646	18758	10554	11960	12668	14882	10096	11457	12373	14158
0:23:00	30.0	11904	14253	16752	18913	10389	11864	12662	15224	10012	11413	12199	14299
0:23:05	30.0	11891	14352	16758	18924	10383	11798	12718	15015	9943	11455	12295	14365
0:23:10	30.1	11941	14319	16609	18792	10561	11982	12825	14979	10048	11398	12308	14403
0:23:15	30.0	11966	14229	16707	18919	10305	11685	12721	15192	10085	11389	12314	14228
0:23:20	30.0	11854	14188	16656	18816	10287	12013	12584	15258	10103	11289	12231	14405
0:23:25	30.0	11884	14105	16568	18814	10455	11873	12764	15267	10085	11523	12245	14189
0:23:30	30.0	11979	14115	16521	18777	10514	11936	12654	15126	10116	11380	12235	14240
0:23:35	30.0	11884	14233	16456	18725	10364	11992	12578	15153	10081	11481	12339	14373
0:23:40	30.0	11819	14170	16624	18758	10364	11846	12667	15368	10062	11312	12311	14368
0:23:45	30.0	11804	14342	16582	18891	10513	11979	12704	14971	10070	11466	12293	14214
0:23:50	30.0	11871	14107	16448	19043	10341	11886	12606	15129	10013	11353	12281	14101
0:23:55	30.0	11820	13978	16529	18798	10427	11894	12552	14943	10010	11398	12375	14085
0:24:00	30.0	11903	14079	16726	18857	10517	11950	12548	15148	9995	11351	12139	14239
0:24:05	30.0	11905	14028	16652	18752	10374	11962	12625	15084	10014	11165	12206	14361
0:24:10	30.0	11781	14166	16313	18694	10390	12018	12395	14896	9946	11461	12391	14376
0:24:15	30.0	11743	14188	16526	18684	10566	11870	12616	15045	9994	11227	12295	14161
0:24:20	30.0	11795	13956	16592	18738	10417	11946	12479	15258	9930	11249	12349	14417
0:24:25	30.0	11781	14039	16359	18853	10451	11923	12704	15148	9991	11220	12190	14282
0:24:30	30.0	11748	13905	16425	18713	10311	11860	12558	15128	10004	11274	12294	14187
0:24:35	30.0	11679	13974	16556	18629	10294	11855	12648	15027	10178	11258	12236	14074
0:24:40	30.0	11819	14023	16586	18692	10467	11840	12688	15117	10045	11405	12321	14154
0:24:45	30.0	11666	13956	16500	18898	10472	11983	12767	15120	10034	11383	12363	14151
0:24:50	30.0	11765	13832	16476	18798	10321	11858	12637	15082	10086	11528	12252	14260
0:24:55	30.0	11761	14038	16649	18611	10350	11883	12676	14998	9970	11427	12228	14249
0:25:00	30.0	11578	14065	16366	18546	10436	11663	12746	15240	9963	11347	12476	14219
0:25:05	30.0	11736	13811	16569	18568	10412	11839	12529	15312	9997	11267	12366	14081
0:25:10	30.0	11792	14006	16350	18480	10362	11800	12608	15076	9965	11335	12159	14323
0:25:15	30.0	11747	13948	16381	18472	10293	11839	12566	15191	10055	11292	12273	14143
0:25:20	30.0	11539	13954	16466	18468	10412	11831	12465	15030	10037	11440	12291	14124
0:25:25	30.0	11731	14033	16379	18493	10460	11756	12672	15165	10022	11167	12410	14204
0:25:30	30.0	11641	13945	16397	18495	10325	11873	12546	14962	9979	11276	12206	14158
0:25:35	30.0	11641	13917	16409	18792	10256	11889	12410	15015	10070	11337	12187	14237
0:25:40	30.0	11485	13977	16408	18375	10230	11805	12568	15062	9964	11244	12152	14050
0:25:45	30.0	11689	13803	16276	18766	10356	11848	12554	14924	9941	11351	12256	14093
0:25:50	30.0	11593	13875	16368	18648	10397	11946	12526	15002	10041	11294	12053	14267
0:25:55	30.0	11631	13984	16343	18506	10364	11814	12665	15069	9896	11269	12314	14061
0:26:00	30.0	11779	13902	16430	18526	10269	11921	12487	14889	10106	11343	12286	14229
0:26:05	30.0	11708	13819	16404	18616	10225	11776	12476	15074	9901	11388	12259	14261
0:26:10	30.0	11629	13842	16207	18704	10341	11851	12523	15040	10038	11324	12184	14117
0:26:15	30.0	11533	13876	16231	18558	10285	11747	12639	15186	9942	11243	12396	14109
0:26:20	30.0	11623	13726	16226	18565	10440	11811	12425	15144	9935	11414	12216	14087
0:26:25	30.0	11753	13841	16040	18509	10242	11786	12574	14868	9995	11281	12278	14174
0:26:30	30.0	11549	13783	16339	18742	10369	11864	12525	14829	9913	11319	12194	14182
0:26:35	30.0	11536	13586	16149	18416	10216	11764	12622	14944	9976	11249	12339	14132
0:26:40	30.0	11474	13786	16362	18402	10257	11852	12530	15120	10118	11430	12198	14328
0:26:45	30.0	11662	13782	16205	18386	10392	11800	12538	15061	9892	11366	12247	14090
0:26:50	30.0	11522	13905	16187	18346	10346	11796	12687	14993	9983	11326	12301	13994
0:26:55	30.0	11622	13882	16033	18477	10256	11829	12723	15057	10030	11238	12271	14205
0:27:00	30.0	11559	13984	16123	18330	10423	11754	12492	14935	10019	11314	12079	14194
0:27:05	30.0	11594	13705	16095	18426	10316	11847	12715	15045	10057	11304	12194	14021
0:27:10	30.0	11500	13726	16084	18287	10506	11752	12577	14928	9967	11274	12250	14233
0:27:15	30.0	11501	13918	16160	18377	10298	11646	12569	14772	9851	11277	12184	14004
0:27:20	30.0	11580	13657	16121	18586	10535	11683	12552	14851	9917	11325	12263	14156
0:27:25	30.0	11551	13979	16227	18222	10269	11707	12661	14958	10062	11320	12275	14215
0:27:30	30.0	11574	13803	16186	18274	10312	11709	12540	15118	9897	11246	12139	14036
0:27:35	30.0	11489	13864	16183	18327	10302	11753	12490	15081	10114	11292	12141	14073
0:27:40	30.1	11544	13743	16264	18402	10328	11747	12461	14832	9792	11284	12270	14216
0:27:45	30.0	11459	13752	15957	18309	10268	11978	12558	15035	9908	11187	12270	14216
0:27:50	30.0	11534	13591	16127	18201	10255	11795	12623	15038	10023	11380	12054	14169
0:27:55	30.0	11507	13797	16049	18379	10273	11823	12561	14947	9987	11291	12212	14149
0:28:00	30.0	11405	13709	16098	18251	10436	11925	12464	14974	9882	11226	12356	14264
0:28:05	30.1	11517	13612	16122	18334	10256	11939	12393	15118	9864	11283	12246	14217
0:28:10	30.0	11230	13599	16144	18159	10353	11706	12533	15047	10014	11359	12201	14231
0:28:15	30.0	11332	13641	16045	18358	10236	11808	12608	14927	9855	11201	12185	14067
0:28:20	30.1	11518	13709	15980	18049	10452	11877	12470	15033	9853	11233	12169	14143
0:28:25	30.1	11401	13759	15655	18432	10288	11891	12579	14932	9945	11235	12046	14145
0:28:30	30.1	11439	13551	16073	18210	10276	11715	12524	14833	9955	11329	12216	14068
0:28:35	30.1	11294	13525	15991	18420	10342	11849	12573	14818	9901	11139	12269	14265
0:28:40	30.1	11412	13533	15911	18241	10340	11705	12508	15008	9939	11168	12013	14022
0:28:45	30.1	11314	13720	15930	17984	10186	11686	12679	14977	9807	11312	12246	14053
0:28:50	30.0	11484	13537	16080	18417	10400	11672	12451	14670	9936	11204	12169	14058
0:28:55	30.1	11457	13584	15798	18347	10354	11829	12494	14779	10004	11271	12038	14091
0:29:00	30.1	11257	13542	16002	18253	10274	11793	12368	15000	9918	11342	12309	14218
0:29:05	30.0	11369	13551	15994	18384	10230	11721	12541	14688	9985	11242	12205	13970
0:29:10	30.1	11516	13555	15987	18120	10244	11658	12369	14875	10051	11326	12098	14119
0:29:15	30.1	11460	13505	15952	18156	10255	11819	12435	14719	9838	11297	12098	14093
0:29:20	30.1	11350	13576	16015	18247	10271	11724	12513	14833	9959	11260	12265	14122
0:29:25	30.1	11399	13716	15703	18151	10243	11708	12557	14669	9932	11325	12136	14050
0:29:30	30.1	11283	13443	15864	18226	10246	11693	12534	14991	9791	11305	12112	14117
0:29:35	30.1	11117	13549	15888	18025	10256	11622	12473	14940	9958	11314	12165	13995
0:29:40	30.0	11413	13523	16102	18494	10191	11671	12432	14925	9998	11203	12154	14159
0:29:45	30.1	11219	13585	15984	18070	10309	11821	12572	14730	10034	11228	12192	14085
0:29:50	30.1	11367	13418	16021	17897	10233	11769	12442	14916	10040	11317	12307	14164
0:29:55	30.1	11172	13475	15783	18071	10206	11708	12581	14836	9883	11301	12190	13979
0:30:00	30.1	11394	13475	15765	18044	10342	11701	12492	14897	10087	11382	12043	14214
0:30:05	30.1	11214	13430	15775	18161	10269	11759	12498	14691	9917	11174	12220	13937
0:30:10	30.1	11244	13554	15767	18105	10265	11490	12387	14925	9972	11285	12170	14061
0:30:15	30.1	11411	13633	15724	17955	10305	11645	12393	14853	9814	11171	12174	14209
0:30:20	30.1	11470	13465	15784	17984	10289	11627	12512	14839	9764	11245	12125	14036
0:30:25	30.0	11237	13584	15739	18132	10238	11680	12765	14676	9945	11019	11976	13964
0:30:30	30.0	11347	13434	15976	17932	10147	11641	12615	14783	9959	11185	12146	14129
0:30:35	30.1	11095	13412	15783	18234	10320	11671	12504	14730	9871	11137	12116	14176
0:30:40	30.1	11172	13335	15897	17971	10166	11676	12454	14852	9877	11234	12033	14045
0:30:45	30.1	11237	13346	15767	17989	10288	11667	12409	14991	9920	11105	11994	14131
0:30:50	30.1	11183	13346	15656	17997	10284	11777	12480	14965	10040	11295	12184	14103
0:30:55	30.1	11224	13165	16015	17985	10295	11553	12501	14870	9883	11214	12174	13961
0:31:00	30.1	11217	13298	15672	17823	10194	11660	12520	14970	9913	11343	12052	14122
0:31:05	30.1	11083	13257	15660	18135	10336	11718	12539	14965	9799	11178	12165	14036
0:31:10	30.0	11181	13370	15803	17955	10308	11567	12512	14933	9894	11202	12121	14084
0:31:15	30.1	11122	13322	16098	17846	10179	11780	12440	14750	9909	11262	11997	13869
0:31:20	30.0	11224	13387	15623	17799	10280	11578	12600	15024	10003	11175	12031	14033
0:31:25	30.1	11056	13237	15763	18014	10260	11593	12360	14808	9961	11112	12199	14154
0:31:30	30.1	11191	13300	15748	17997	10221	11784	12428	14749	9963	11306	12021	13973
0:31:35	30.1	11152	13335	15578	17889	10285	11604	12363	14897	9794	11329	12118	14032
0:31:40	30.1	11274	13293	15706	17822	10339	11658	12366	14757	9792	11270	12218	13950
0:31:45	30.1	11197	13250	15766	17749	10176	11650	12346	14791	9787	11278	12141	13948
0:31:50	30.1	11252	13229	15675	18001	10148	11663	12461	14760	9942	11152	12273	14106
0:31:55	30.1	10966	13397	15663	17896	10158	11624	12438	14763	9806	11374	12093	14011
0:32:00	30.0	11062	13267	15581	17797	10310	11592	12426	14810	9842	11339	12117	14028
0:32:05	30.1	11291	13311	15598	17759	10397	11801	12424	14926	9806	11262	12144	14073
0:32:10	30.0	11022	13201	15633	17794	10270	11711	12428	14666	9968	11209	12221	14052
0:32:15	30.1	11053	13177	15512	17956	10178	11706	12421	14843	10025	11301	12210	14059
0:32:20	30.1	11166	13240	15576	18053	10270	11659	12461	14859	9838	11133	12153	13973
0:32:25	30.1	11106	13262	15527	17916	10337	11673	12376	14743	9895	11243	11945	13917
0:32:30	30.1	11080	13352	15617	17683	10171	11692	12426	14959	9918	11246	11992	14023
0:32:35	30.1	11098	13368	15663	17937	10102	11663	12460	14879	9886	11223	12137	13995
0:32:40	30.0	11160	13350	15460	17753	10143	11643	12337	14745	9827	11177	12098	13948
0:32:45	30.1	10923	13046	15685	17602	10365	11737	12383	14703	9892	11013	12188	14029
0:32:50	30.1	11111	13025	15450	17743	10202	11609	12249	14865	9796	11066	12132	14004
0:32:55	30.1	10953	13229	15597	17629	10190	11705	12239	14740	9898	11119	12244	14044
0:33:00	30.0	11063	13158	15570	17710	10246	11531	12481	14741	9892	11126	12042	14065
0:33:05	30.1	11075	13059	15395	17676	10155	11551	12555	14737	9964	11197	11988	14176
0:33:10	30.1	11193	13051	15541	17874	10163	11613	12464	14765	9926	11191	12137	14121
0:33:15	30.1	11049	13175	15629	17988	10247	11568	12302	14874	10014	11368	12102	13925
0:33:20	30.1	11027	13234	15443	17776	10201	11604	12325	14743	9944	11244	12179	13974
0:33:25	30.0	10912	13138	15684	17798	10269	11760	12367	14724	9881	11224	12291	14024
0:33:30	30.1	10984	13159	15544	17655	10256	11606	12269	14784	9863	11264	12112	14119
0:33:35	30.1	11084	13096	15549	17541	10158	11430	12393	14849	9975	11237	12107	13915
0:33:40	30.1	10878	13060	15454	17731	10204	11500	12306	14705	9863	11169	12148	13934
0:33:45	30.1	11210	13120	15570	17956	10180	11659	12634	14858	9879	11277	12077	13835
0:33:50	30.0	11091	13036	15458	17594	10183	11550	12300	14726	9839	11174	12115	13988
0:33:55	30.1	11084	13341	15631	17714	10059	11577	12364	14674	9821	11148	12091	14026
0:34:00	30.1	10909	13033	15503	17626	10240	11733	12498	14850	9954	11308	12175	13950
0:34:05	30.1	10949	13105	15386	17455	10344	11507	12310	14725	9914	11134	11912	14046
0:34:10	30.1	10890	12884	15427	17786	10263	11576	12352	14755	9811	11179	12031	13823
0:34:15	30.1	10914	13071	15379	17567	10223	11589	12488	14585	9802	11155	12020	13953
0:34:20	30.1	11200	13054	15437	17444	10281	11604	12238	14811	9865	11237	12073	14138
0:34:25	30.1	11170	13068	15392	17692	10078	11641	12427	14647	9918	11161	12023	13970
0:34:30	30.1	11007	13093	15301	17645	10075	11541	12372	14455	9863	11195	12037	14033
0:34:35	30.1	10797	12974	15407	17708	10232	11432	12376	14556	9816	11101	12266	13793
0:34:40	30.1	10895	13048	15544	17683	10207	11580	12422	14853	9917	11220	12004	13867
0:34:45	30.1	10893	13024	15379	17598	10293	11487	12330	14840	9864	11166	11910	14057
0:34:50	30.1	10797	13175	15410	17624	10314	11715	12474	14856	9867	11251	12204	13897
0:34:55	30.1	10894	13129	15442	17633	10194	11724	12473	14685	9810	11145	11950	14091
0:35:00	30.1	10776	13050	15304	17740	10196	11516	12250	14788	9853	11131	12087	14033
0:35:05	30.1	10901	12908	15352	17787	10101	11651	12517	14727	9888	11195	12009	13924
0:35:10	30.1	10862	13065	15231	17391	10237	11559	12490	14710	9868	11151	12144	13972
0:35:15	30.1	10781	13053	15258	17503	10102	11676	12107	14754	9894	11126	11954	13968
0:35:20	30.1	10710	13007	15315	17556	10090	11701	12467	14687	9849	11278	12071	13862
0:35:25	30.1	10855	12897	15454	17359	10159	11535	12394	14775	9875	11091	12154	13767
0:35:30	30.1	10900	12950	15310	17410	10217	11688	12292	14853	9802	11225	12048	13937
0:35:35	30.1	10888	12990	15296	17550	10109	11492	12314	14669	9732	11119	11996	13976
0:35:40	30.1	10997	12906	15336	17455	10133	11471	12288	14585	9828	10998	12161	13951
0:35:45	30.1	10846	13013	15620	17489	10108	11517	12195	14742	9749	11230	11874	13896
0:35:50	30.1	10708	12794	15130	17467	10189	11695	12307	14600	9844	11149	11960	13868
0:35:55	30.1	10969	12835	15314	17350	10207	11391	12179	14805	9804	11253	12106	13675
0:36:00	30.1	10820	12815	15190	17566	10222	11454	12353	14614	9731	11152	12088	13973
0:36:05	30.1	10835	12977	15303	17427	10045	11484	12269	14643	9789	11188	11974	13889
0:36:10	30.1	10714	12845	15060	17364	10051	11412	12351	14572	9876	10988	12117	13812
0:36:15	30.1	10750	12840	15358	17443	10036	11672	12280	14603	9819	11067	11979	13817
0:36:20	30.1	10629	13062	14959	17519	10210	11415	12225	14721	9737	10944	11998	13787
0:36:25	30.1	10884	12833	15247	17480	10128	11617	12391	14755	9917	11135	11995	13920
0:36:30	30.1	10669	12771	15007	17424	10037	11594	12296	14433	9736	11234	11901	13962
0:36:35	30.1	10871	12776	15023	17319	10100	11478	12307	14595	9797	11107	11968	13872
0:36:40	30.1	10706	12906	15184	17290	10072	11493	12348	14592	9657	11166	12037	14082
0:36:45	30.1	10840	12962	15178	17369	10200	11487	12175	14629	9800	11204	12101	13823
0:36:50	30.1	10758	12955	15109	17272	9949	11486	12238	14591	9649	11063	11931	13755
0:36:55	30.1	10620	12964	15123	17380	10075	11421	12422	14552	9626	11005	12034	13839
0:37:00	30.1	10594	12712	15072	17241	10097	11514	12272	14634	9785	11109	11917	13900
0:37:05	30.1	10683	12808	14966	17239	10015	11607	12094	14732	9781	11001	12001	13950
0:37:10	30.1	10729	12776	15143	17266	10010	11445	12263	14569	9913	11193	11900	14026
0:37:15	30.1	10661	12804	15191	17232	10174	11455	12271	14660	9745	10958	11959	13796
0:37:20	30.1	10757	12842	15092	17127	10104	11454	12344	14689	9735	11169	11848	13758
0:37:25	30.1	10563	12753	15283	17416	10115	11534	12187	14705	9880	11093	11962	13844
0:37:30	30.1	10694	12804	15107	17193	10123	11526	12372	14557	9914	11111	11977	13820
0:37:35	30.1	10733	12679	15064	17379	10115	11461	12163	14437	9763	11105	11899	13783
0:37:40	30.1	10623	12773	14985	17167	10018	11409	12140	14632	9726	11053	11992	14053
0:37:45	30.1	10591	12549	15105	17227	10123	11414	12314	14520	9708	11104	11980	13570
0:37:50	30.1	10670	12651	14869	17262	10264	11576	12145	14638	9715	11121	12107	13705
0:37:55	30.1	10655	12930	15157	17216	9985	11501	12282	14502	9712	11107	11827	13799
0:38:00	30.1	10664	12801	15179	17174	10008	11466	12246	14616	9725	11053	11970	13801
0:38:05	30.1	10649	12909	15030	17172	10090	11522	12259	14571	9708	11132	11999	13850
0:38:10	30.1	10821	12770	14990	17074	10084	11394	12218	14540	9846	11083	11907	13789
0:38:15	30.1	10581	12548	15200	17216	10054	11486	12413	14496	9757	11011	11887	13893
0:38:20	30.1	10647	12863	15040	17129	10003	11561	12136	14590	9796	10994	11939	13746
0:38:25	30.1	10581	12674	15106	17048	9860	11508	12310	14627	9752	11027	11949	13969
0:38:30	30.1	10549	12620	15070	17178	10265	11506	12124	14654	9728	11103	12115	13792
0:38:35	30.1	10617	12701	14940	17195	9983	11531	12236	14709	9719	10983	12039	13689
0:38:40	30.1	10722	12855	14950	17085	10023	11449	12174	14565	9637	11024	12013	13730
0:38:45	30.1	10611	12526	14838	17233	10065	11349	12201	14723	9734	10933	11937	13695
0:38:50	30.1	10665	12804	15065	17078	10127	11372	12131	14431	9780	11150	11942	13773
0:38:55	30.1	10525	12699	15006	17306	10047	11469	12185	14561	9730	11029	11876	13708
0:39:00	30.1	10702	12885	14940	17073	9960	11343	12175	14468	9868	10989	11904	13775
0:39:05	30.1	10691	12564	14889	16982	10003	11366	12249	14309	9660	10936	11966	13705
0:39:10	30.1	10519	12574	14983	17189	10029	11412	12211	14615	9827	10890	11892	13804
0:39:15	30.1	10564	12540	14973	16999	10120	11420	12075	14578	9695	10973	11831	13766
0:39:20	30.1	10533	12537	15049	17081	9972	11320	12157	14464	9694	10898	11933	13750
0:39:25	30.1	10690	12629	14889	17129	9915	11448	12100	14428	9743	10939	11881	13836
0:39:30	30.1	10663	12608	14908	16929	9965	11413	12138	14487	9682	11039	11910	13802
0:39:35	30.1	10504	12458	14807	17080	10048	11406	12212	14520	9679	10897	11905	13654
0:39:40	30.1	10501	12610	14760	17118	9996	11370	12305	14638	9663	10996	11852	13761
0:39:45	30.1	10443	12555	14821	17103	9920	11331	12287	14581	9810	11030	11764	13829
0:39:50	30.1	10523	12633	14972	17018	9925	11400	12315	14457	9660	10967	11832	13733
0:39:55	30.1	10516	12753	14916	17173	9873	11313	12147	14395	9551	11118	11919	13734
0:40:00	30.1	10513	12579	14873	16947	9997	11426	12242	14542	9638	10899	11948	13904
0:40:05	30.1	10468	12529	14832	16835	9965	11273	12199	14488	9638	10933	11999	13752
0:40:10	30.1	10522	12508	14970	16895	9998	11414	12163	14530	9758	11025	11886	13819
0:40:15	30.1	10483	12585	14829	17054	9955	11412	12094	14683	9668	11019	11929	13820
0:40:20	30.1	10613	12604	14894	16797	9977	11545	12152	14371	9685	11002	11920	13679
0:40:25	30.1	10497	12639	14912	16840	10025	11551	12078	14451	9629	10895	11818	13868
0:40:30	30.1	10527	12462	14778	17038	9959	11513	12163	14458	9676	11056	11876	13531
0:40:35	30.1	10549	12578	14723	16782	9925	11333	12169	14497	9529	10901	11957	13839
0:40:40	30.1	10559	12635	14630	16836	9970	11367	12141	14545	9674	11031	11737	13810
0:40:45	30.1	10396	12357	14899	16997	10012	11404	12093	14453	9678	10845	11856	13558
0:40:50	30.1	10475	12542	14821	17062	9892	11274	11999	14538	9902	10822	11757	13700
0:40:55	30.1	10584	12300	14747	16741	10089	11414	12048	14547	9683	10953	11835	13805
0:41:00	30.1	10352	12414	14750	16904	9829	11439	12141	14373	9896	10908	11842	13723
0:41:05	30.1	10487	12616	14754	16716	9910	11439	12281	14474	9702	10964	12046	13756
0:41:10	30.1	10379	12564	14767	16755	9957	11351	12130	14505	9629	10922	11869	13565
0:41:15	30.1	10300	12374	15040	16861	10011	11307	12146	14479	9754	10936	11931	13664
0:41:20	30.1	10377	12432	14705	16861	10116	11306	12256	14358	9624	10936	12022	13882
0:41:25	30.1	10477	12472	14704	16638	10064	11330	12185	14365	9642	10945	11864	13781
0:41:30	30.1	10463	12387	14765	16991	9954	11357	12259	14354	9715	10999	11829	13772
0:41:35	30.1	10426	12584	14727	17019	9814	11395	12179	14651	9668	11091	11934	13591
0:41:40	30.1	10437	12392	14792	16836	9997	11246	12046	14536	9668	11000	11757	13774
0:41:45	30.1	10397	12351	14708	16735	9875	11424	12213	14451	9718	10901	11873	13763
0:41:50	30.1	10453	12389	14623	16951	10192	11316	12131	14400	9639	10978	11845	13837
0:41:55	30.1	10363	12462	14674	16669	9982	11332	12108	14407	9589	10867	11971	13691
0:42:00	30.1	10333	12540	14666	16686	9934	11335	12351	14492	9752	11059	11817	13616
0:42:05	30.1	10226	12621	14465	16711	9991	11289	12162	14222	9601	10871	11903	13606
0:42:10	30.1	10391	12429	14729	16849	9934	11335	12124	14590	9811	10968	11896	13761
0:42:15	30.1	10266	12637	14614	16792	9974	11374	12125	14429	9651	10861	11828	13695
0:42:20	30.1	10250	12363	14651	16831	10030	11213	12091	14484	9694	10949	11736	13795
0:42:25	30.1	10362	12275	14750	16717	9891	11438	12181	14325	9589	10884	11896	13651
0:42:30	30.1	10475	12473	14677	16525	9884	11282	12067	14474	9633	10849	11925	13552
0:42:35	30.1	10421	12397	14675	16739	9876	11395	12122	14402	9746	10743	11846	13535
0:42:40	30.1	10301	12427	14732	16758	10056	11388	12119	14452	9609	11167	11856	13879
0:42:45	30.1	10337	12425	14604	16705	9979	11430	12041	14498	9727	11094	11808	13676
0:42:50	30.1	10356	12426	14666	16541	9855	11266	12082	14302	9704	11016	11865	13720
0:42:55	30.1	10243	12263	14660	16839	9896	11346	12013	14483	9540	10909	11789	13789
0:43:00	30.1	10415	12332	14645	16611	9922	11430	12110	14376	9582	10958	11920	13838
0:43:05	30.1	10377	12286	14701	16753	9952	11255	12100	14415	9704	10966	11849	13479
0:43:10	30.1	10359	12326	14581	16745	10013	11282	11975	14380	9581	10827	11778	13712
0:43:15	30.1	10389	12385	14638	16854	10058	11396	12152	14468	9688	10904	11829	13632
0:43:20	30.1	10180	12370	14628	16672	9916	11206	12205	14426	9621	10901	11835	13675
0:43:25	30.1	10286	12437	14695	16685	9763	11265	12085	14440	9654	10953	11924	13672
0:43:30	30.1	10182	12289	14650	16704	9748	11366	12153	14391	9634	10955	11834	13620
0:43:35	30.1	10319	12265	14588	16736	9865	11224	11937	14464	9625	10942	11827	13667
0:43:40	30.1	10179	12216	14576	16490	9953	11283	12045	14359	9604	10985	11827	13673
0:43:45	30.1	10212	12287	14501	16559	9988	11283	12019	14369	9604	10919	11860	13548
0:43:50	30.1	10232	12333	14730	16760	9817	11221	12013	14320	9683	10985	11889	13648
0:43:55	30.1	10308	12273	14627	16478	9978	11263	12094	14228	9605	10914	11736	13725
0:44:00	30.1	10299	12194	14361	16609	10050	11350	12157	14328	9647	10904	11706	13701
0:44:05	30.1	10215	12255	14609	16739	10037	11353	12111	14458	9608	10749	11959	13690
0:44:10	30.1	10242	12339	14560	16418	10070	11324	11971	14380	9652	10827	11730	13594
0:44:15	30.1	10481	12162	14519	16425	9919	11219	12170	14438	9596	11081	11778	13786
0:44:20	30.1	10378	12075	14374	16658	10001	11181	12138	14454	9669	10930	11785	13670
0:44:25	30.1	10314	12187	14488	16521	9928	11283	12082	14322	9583	10863	11775	13580
0:44:30	30.1	10400	12328	14425	16384	9915	11167	12186	14216	9558	10858	11724	13698
0:44:35	30.1	10255	12203	14409	16412	9824	11151	12126	14284	9559	11049	11662	13601
0:44:40	30.1	10274	12265	14403	16435	9958	11431	12178	14334	9762	10962	11835	13495
0:44:45	30.1	10155	12270	14431	16567	9945	11368	12017	14083	9652	10872	11646	13664
0:44:50	30.1	10288	12294	14603	16569	9749	11380	12009	14330	9692	10846	11777	13785
0:44:55	30.1	10164	12220	14431	16785	10099	11334	12077	14372	9649	10826	11767	13884
0:45:00	30.1	10245	12127	14205	16603	9941	11275	11877	14126	9653	10998	11837	13713
0:45:05	30.1	10208	12394	14531	16499	9832	11253	12088	14307	9569	10951	11850	13679
0:45:10	30.1	10325	12422	14641	16501	9853	11224	12071	14338	9699	10837	11729	13641
0:45:15	30.1	10197	12128	14321	16424	9920	11238	11994	14391	9713	10901	11707	13822
0:45:20	30.1	10184	12187	14516	16449	9793	11367	11893	14290	9636	10910	11776	13620
0:45:25	30.1	10158	12203	14651	16352	9893	11217	11987	14302	9574	10991	11863	13559
0:45:30	30.1	10154	12260	14241	16542	9972	11347	12008	14262	9621	10915	11703	13632
0:45:35	30.1	10218	12079	14354	16507	9862	11407	12058	14535	9605	10952	11706	13455
0:45:40	30.1	10263	12085	14448	16398	9905	11287	11928	14341	9753	10823	11781	13647
0:45:45	30.1	10242	12032	14510	16456	9952	11262	12037	14398	9636	10953	11618	13493
0:45:50	30.1	10259	12000	14271	16272	10020	11249	12172	14496	9602	10764	11874	13578
0:45:55	30.1	10254	12144	14599	16379	9927	11358	12042	14313	9547	10698	11674	13605
0:46:00	30.1	10071	12059	14307	16494	9922	11197	12023	14503	9622	10917	11784	13613
0:46:05	30.1	10240	12058	14507	16559	9955	11295	12039	14261	9720	10822	11602	13613
0:46:10	30.1	10187	12199	14212	16507	10009	11262	12095	14199	9547	10935	11751	13842
0:46:15	30.1	10067	12019	14413	16375	9966	11274	11995	14360	9530	10859	11743	13646
0:46:20	30.1	10229	12122	14479	16455	9762	11454	11797	14232	9587	11024	11687	13634
0:46:25	30.1	10182	12163	14567	16260	9795	11039	12012	14378	9709	10762	11786	13636
0:46:30	30.1	10254	12059	14449	16154	9851	11451	11945	14323	9594	10840	11750	13487
0:46:35	30.1	10176	12077	14364	16569	9893	11371	12110	14311	9562	10828	11745	13602
0:46:40	30.1	10034	12213	14466	16429	9815	11155	12010	14272	9649	10853	11624	13667
0:46:45	30.1	10115	12006	14343	16571	9836	11251	12020	14259	9614	10911	11747	13597
0:46:50	30.1	10109	12071	14329	16431	9970	11278	11904	14324	9565	10981	11795	13670
0:46:55	30.1	10090	12112	14297	16328	9874	11173	11934	14311	9437	10809	11645	13721
0:47:00	30.1	10143	12194	14253	16361	9888	11313	12136	14444	9679	10866	11636	13682
0:47:05	30.1	10089	12106	14430	16397	9823	11253	11932	14296	9507	10834	11768	13512
0:47:10	30.1	10091	12187	14400	16380	9924	11214	12060	14117	9500	10771	11795	13687
0:47:15	30.1	10092	12155	14176	16273	9897	11294	11859	14422	9457	10938	11634	13379
0:47:20	30.1	10047	12086	14154	16437	9861	11300	12241	14300	9599	10744	11884	13625
0:47:25	30.1	10103	12027	14301	16386	9872	11136	11970	14244	9482	10858	11731	13527
0:47:30	30.1	10064	12059	14370	16358	9788	11241	12010	14306	9669	10713	11869	13489
0:47:35	30.2	10248	12306	14234	16225	9822	11152	11866	14241	9554	10924	11955	13602
0:47:40	30.1	9951	12044	14180	16425	9853	11351	12118	14201	9588	10921	11747	13634
0:47:45	30.1	10009	12093	14309	16356	9819	11039	11976	14253	9615	10851	11746	13707
0:47:50	30.1	10037	11883	14363	16347	10062	11130	11964	14164	9578	10853	11793	13532
0:47:55	30.1	10058	11962	14285	16359	9924	11189	12053	14276	9619	10680	11720	13612
0:48:00	30.1	10062	12065	14156	16405	9863	11300	12006	14132	9532	10788	11801	13487
0:48:05	30.1	9984	11962	14286	16447	9829	11158	12068	14246	9679	10748	11724	13718
0:48:10	30.1	10066	12061	14218	16240	9765	11140	11986	14202	9523	10838	11790	13486
0:48:15	30.1	10076	12012	14202	16247	9978	11139	11898	14391	9491	10862	11749	13529
0:48:20	30.1	10098	11984	14168	16298	9749	11317	12077	14216	9492	10814	11685	13445
0:48:25	30.1	10063	11811	14197	16341	9993	11176	12085	14329	9577	10999	11680	13592
0:48:30	30.1	10066	11925	14209	16473	9810	11102	12084	14380	9591	10848	11753	13425
0:48:35	30.1	10270	11948	14339	16343	9862	11325	11949	14413	9496	11052	11692	13496
0:48:40	30.1	10060	12055	14283	16168	9938	11131	11832	14403	9675	10766	11892	13635
0:48:45	30.1	10123	11995	14291	16162	9820	11126	12038	14181	9490	10771	11685	13579
0:48:50	30.1	10085	11956	14249	16144	10014	11212	11955	14321	9479	10882	11747	13591
0:48:55	30.1	9911	11986	14311	16432	9867	11195	11934	14188	9650	10891	11750	13531
0:49:00	30.1	10113	12045	14283	16265	9906	11160	12025	14180	9601	10930	11837	13512
0:49:05	30.1	9973	11973	14126	16312	9906	11423	12005	14281	9614	10828	11775	13579
0:49:10	30.1	10052	11979	14319	16227	9896	11282	11888	13996	9540	10851	11685	13646
0:49:15	30.1	9953	11908	14195	16109	9804	11294	11940	14279	9617	10809	11745	13795
0:49:20	30.1	10000	12031	14108	16038	9752	11399	11747	14305	9521	10816	11816	13509
0:49:25	30.1	9999	12123	14251	16159	9863	11153	11867	14447	9585	10710	11586	13417
0:49:30	30.1	10079	11884	14210	16135	9925	11316	12033	14287	9555	10710	11731	13700
0:49:35	30.1	10073	11836	14028	16082	9690	11153	12019	14412	9617	10893	11899	13542
0:49:40	30.1	10056	12017	14169	16172	9861	11179	12057	14309	9604	10934	11854	13467
0:49:45	30.1	10037	12013	14322	16221	9839	11162	11993	14359	9432	10771	11679	13586
0:49:50	30.1	9937	11903	14223	16174	9732	11204	11935	14180	9541	10840	11702	13469
0:49:55	30.1	9977	12034	14053	16188	9671	11248	11991	14186	9494	10931	11633	13511
0:50:00	30.1	10001	11844	14218	16074	9860	11254	11959	14401	9581	10852	11775	13532
0:50:05	30.1	9961	11951	14133	16184	9875	11127	12027	14255	9501	10823	11788	13321
0:50:10	30.1	9896	11989	14355	16187	9736	11130	11880	13992	9545	10834	11614	13500
0:50:15	30.1	9892	11990	14203	16273	9762	11309	12034	14157	9535	10868	11562	13489
0:50:20	30.1	9860	11853	14126	16154	9867	11138	11876	14045	9589	10885	11720	13540
0:50:25	30.1	10023	11912	14030	16186	9896	11027	11974	14361	9503	10809	11681	13522
0:50:30	30.1	10040	11806	14183	16322	9767	11142	11834	14212	9461	10981	11710	13574
0:50:35	30.1	9847	11968	14058	15985	9817	11245	11909	14171	9499	10863	11762	13551
0:50:40	30.1	10002	11948	14174	16192	9827	11197	12112	14193	9462	10798	11642	13503
0:50:45	30.1	9906	11922	14057	16020	9880	11268	11905	14392	9591	10888	11739	13525
0:50:50	30.1	10062	11912	14083	16290	9801	11281	11991	14283	9462	10878	11791	13503
0:50:55	30.1	9836	11933	14111	15981	9798	11182	11955	14193	9707	10811	11729	13489
0:51:00	30.1	9984	11755	14240	16034	9825	11166	11920	14331	9518	10855	11590	13640
0:51:05	30.1	9899	11906	14083	16096	9765	11206	11853	14174	9581	10848	11828	13414
0:51:10	30.1	9942	12038	14028	15982	9768	11053	11892	14207	9533	10846	11728	13559
0:51:15	30.1	10032	11949	13953	16101	9827	11127	12017	14142	9527	10871	11699	13635
0:51:20	30.1	9874	11898	14031	16103	9857	11128	11850	14259	9630	10597	11830	13522
0:51:25	30.1	9909	11920	14185	15974	9781	11120	12087	14062	9592	10756	11780	13624
0:51:30	30.1	9859	11910	14210	16066	9763	11160	11938	14049	9453	10773	11718	13504
0:51:35	30.1	9812	11908	13946	16220	9781	11250	12002	14124	9499	10770	11668	13482
0:51:40	30.1	9900	11995	13846	16058	9738	11255	12182	14180	9505	10843	11624	13525
0:51:45	30.1	9822	11858	14109	16185	9725	11074	12108	14425	9554	10853	11670	13516
0:51:50	30.1	9886	11794	14197	16039	9730	11025	12086	14201	9413	10729	11639	13530
0:51:55	30.1	9795	11885	13993	16114	9764	11215	12028	14225	9663	10808	11833	13483
0:52:00	30.1	9969	11770	13945	15833	9793	11182	11884	14264	9650	10792	11721	13727
0:52:05	30.1	9825	11674	14051	16107	9846	11106	11882	14019	9452	10753	11643	13584
0:52:10	30.1	9881	11800	13969	15966	9705	11090	11922	14342	9613	10922	11673	13407
0:52:15	30.1	9944	11756	14088	16131	9926	11094	11849	14174	9597	10846	11638	13672
0:52:20	30.1	9825	11768	14123	15964	9829	11190	11781	14258	9608	10675	11758	13576
0:52:25	30.1	9842	11935	14018	16284	9758	11241	11913	14148	9536	10812	11582	13484
0:52:30	30.1	9813	11756	14084	16174	9704	11164	11910	14145	9591	10745	11724	13582
0:52:35	30.1	9766	11839	14012	16253	9904	11098	11832	14159	9426	10798	11647	13613
0:52:40	30.1	9800	11783	13918	16199	9769	11170	11732	14272	9520	10790	11515	13409
0:52:45	30.1	10018	12040	14012	16017	9752	11208	11992	13949	9520	10742	11784	13377
0:52:50	30.1	9806	11818	14143	16163	9831	11148	11912	13976	9547	10834	11742	13617
0:52:55	30.1	9900	11654	13955	15968	9718	11219	12000	14087	9562	10830	11567	13397
0:53:00	30.1	9883	11662	13850	15842	9955	11164	12144	14232	9525	10857	11627	13391
0:53:05	30.1	9738	11692	13980	16007	9763	11202	11625	14227	9436	10817	11651	13436
0:53:10	30.1	9769	11912	14010	15851	9742	11151	11917	14049	9546	10770	11769	13421
0:53:15	30.1	9937	11801	14001	16035	9753	11261	11908	14064	9476	10870	11732	13457
0:53:20	30.1	9950	11742	13911	16010	9823	11043	11864	13972	9549	10933	11773	13482
0:53:25	30.1	9833	11797	13803	15755	9841	11276	11816	14290	9557	10729	11754	13459
0:53:30	30.1	9940	11775	13887	16041	9942	11315	11782	14319	9405	10750	11707	13498
0:53:35	30.1	9865	11684	13956	15900	9753	11056	12134	14242	9553	10802	11651	13442
0:53:40	30.1	9843	11848	14049	15945	9727	11152	11983	14024	9557	10630	11715	13475
0:53:45	30.1	9847	11711	13850	15883	9750	11268	11844	13973	9650	10816	11630	13421
0:53:50	30.1	9800	11906	13791	16123	9743	11019	11837	14155	9599	10738	11618	13388
0:53:55	30.1	9793	11814	13842	15720	9872	11185	12079	14225	9541	10550	11544	13509
0:54:00	30.1	9921	11644	14028	15912	9720	11026	11814	14133	9596	10760	11610	13315
0:54:05	30.1	9790	11830	14026	15867	9797	11089	11912	14106	9593	10782	11681	13420
0:54:10	30.1	9783	11724	13830	15950	9831	11115	11737	14243	9405	10744	11685	13402
0:54:15	30.1	9664	11730	13995	16116	9805	11139	11788	14267	9502	10684	11787	13467
0:54:20	30.1	9753	11819	13899	16007	9622	11195	11845	14067	9501	10859	11840	13490
0:54:25	30.1	9843	11689	13839	15825	9832	11126	11866	14316	9404	10759	11587	13575
0:54:30	30.1	9892	11609	13654	15926	9748	11232	11934	14129	9578	10650	11550	13323
0:54:35	30.1	9860	11587	13994	15887	9856	11103	11998	14221	9437	10817	11708	13410
0:54:40	30.1	9904	11577	13913	15904	9843	11218	11694	14041	9575	10838	11731	13513
0:54:45	30.1	9821	11768	13906	15821	9862	11113	12033	14230	9511	10848	11630	13404
0:54:50	30.1	9697	11682	13960	16090	9677	11082	11761	14265	9533	10810	11640	13630
0:54:55	30.1	9793	11845	13785	16096	9727	11120	11779	14095	9519	10736	11587	13527
0:55:00	30.1	9832	11762	13876	15661	9671	11272	11802	14135	9482	10785	11835	13502
0:55:05	30.1	9780	11717	14009	15758	9788	11114	11855	14041	9537	10801	11616	13528
0:55:10	30.1	9808	11686	13837	15992	9770	11178	11969	14179	9535	10705	11674	13447
0:55:15	30.1	9787	11691	13889	15952	9702	11037	11879	14257	9357	10671	11746	13434
0:55:20	30.1	9771	11738	13744	15701	9783	11091	11860	14141	9399	10722	11717	13610
0:55:25	30.1	9776	11712	13886	15907	9923	11209	11813	14171	9430	10796	11585	13529
0:55:30	30.1	9874	11729	13873	15824	9638	11118	11922	14111	9515	10848	11605	13600
0:55:35	30.1	9705	11553	13867	15828	9802	11212	11728	14099	9510	10778	11627	13509
0:55:40	30.1	9755	11602	13902	15937	9717	11077	11794	14102	9517	10780	11597	13327
0:55:45	30.1	9855	11642	13794	15792	9822	11139	11929	14155	9321	10910	11706	13474
0:55:50	30.1	9668	11751	13917	16137	9672	11111	11760	14131	9522	10777	11682	13526
0:55:55	30.1	9736	11718	13738	15764	9700	11268	11759	14221	9550	10839	11613	13375
0:56:00	30.1	9888	11490	13860	15727	9756	11229	11858	14220	9488	10836	11612	13327
0:56:05	30.1	9839	11747	13758	15780	9754	11188	11881	14014	9525	10769	11567	13452
0:56:10	30.1	9794	11666	13738	15637	9776	11044	11847	14245	9343	10752	11665	13484
0:56:15	30.1	9798	11617	13732	15680	9713	11266	11956	13966	9586	10621	11647	13459
0:56:20	30.1	9719	11761	13778	15887	9764	11083	11738	14187	9425	10806	11731	13354
0:56:25	30.1	9697	11704	13942	15998	9727	10944	11875	14181	9530	10659	11803	13374
0:56:30	30.1	9754	11588	13785	15656	9773	11219	11893	14116	9368	10729	11656	13659
0:56:35	30.1	9695	11655	13824	15827	9702	11110	11719	13927	9549	10865	11743	13251
0:56:40	30.1	9862	11554	13691	15677	9859	11139	11759	14249	9594	10786	11767	13379
0:56:45	30.1	9685	11678	13683	15694	9716	11131	11820	14042	9340	10707	11719	13557
0:56:50	30.1	9746	11586	13849	15611	9670	11182	11836	14079	9575	10791	11538	13453
0:56:55	30.1	9642	11499	13778	15716	9756	11227	11873	14221	9543	10974	11484	13442
0:57:00	30.1	9604	11681	13667	15841	9801	11273	11844	14042	9454	10647	11688	13409
0:57:05	30.1	9629	11527	13755	15727	9682	11137	11775	14235	9431	10804	11590	13311
0:57:10	30.1	9696	11573	13853	15731	9553	11250	12093	14132	9421	10712	11548	13449
0:57:15	30.1	9610	11581	13934	15696	9709	11156	11894	14159	9505	10904	11639	13362
0:57:20	30.1	9683	11571	13839	15815	9621	11158	11915	13989	9504	10754	11726	13357
0:57:25	30.1	9581	11609	13796	15740	9641	11076	11821	13953	9547	10835	11705	13414
0:57:30	30.1	9775	11538	13683	15933	9709	11085	11887	14211	9377	10748	11591	13360
0:57:35	30.1	9659	11493	13566	15732	9728	11188	11829	14030	9503	10694	11720	13459
0:57:40	30.1	9687	11606	13657	15592	9650	11097	11810	13955	9403	10760	11732	13539
0:57:45	30.1	9606	11677	13660	15860	9714	11033	11840	14108	9541	10718	11577	13395
0:57:50	30.1	9619	11652	13897	15651	9635	11079	11824	14163	9518	10665	11655	13400
0:57:55	30.1	9635	11568	13752	15663	9711	10978	11757	14185	9405	10761	11653	13482
0:58:00	30.1	9646	11735	13590	15702	9803	11148	11924	14177	9467	10825	11619	13396
0:58:05	30.1	9646	11577	13673	15399	9711	11191	11847	14027	9520	10659	11643	13488
0:58:10	30.1	9709	11563	13638	15719	9732	11026	11874	14084	9456	10721	11572	13428
0:58:15	30.1	9586	11452	13783	15723	9850	11036	11929	14088	9455	10705	11667	13344
0:58:20	30.1	9499	11709	13794	15704	9661	11025	11901	14014	9494	10719	11581	13445
0:58:25	30.1	9590	11532	13542	15788	9777	11236	11981	14007	9349	10742	11773	13568
0:58:30	30.1	9644	11490	13746	15769	9728	11122	11820	14179	9427	10869	11640	13292
0:58:35	30.1	9595	11606	13680	15601	9724	10996	11775	14137	9613	10854	11593	13313
0:58:40	30.1	9619	11545	13664	15586	9704	11136	11723	14077	9422	10698	11629	13578
0:58:45	30.1	9650	11598	13732	15732	9683	11165	11839	13964	9368	10683	11637	13374
0:58:50	30.1	9811	11541	13677	15706	9723	11082	11861	14129	9504	10756	11537	13434
0:58:55	30.1	9644	11519	13627	15601	9773	11205	11752	14124	9416	10688	11658	13446
0:59:00	30.1	9681	11495	13646	15648	9724	11149	11863	14187	9497	10621	11586	13405
0:59:05	30.1	9623	11484	13757	15551	9738	11078	11955	14163	9365	10702	11563	13385
0:59:10	30.1	9646	11626	13622	15571	9667	11261	11775	14037	9415	10866	11721	13374
0:59:15	30.1	9661	11555	13747	15787	9637	11040	11775	14007	9516	10879	11644	13425
0:59:20	30.1	9561	11467	13716	15645	9713	11079	11828	14202	9461	10665	11611	13466
0:59:25	30.1	9666	11528	13697	15590	9689	11026	11794	14098	9544	10809	11531	13291
0:59:30	30.1	9651	11497	13710	15612	9716	11199	11698	14091	9473	10838	11510	13481
0:59:35	30.1	9709	11421	13577	15543	9740	10999	11936	14090	9441	10602	11581	13485
0:59:40	30.1	9613	11501	13825	15542	9779	11106	11774	14173	9418	10662	11717	13471
0:59:45	30.1	9656	11469	13639	15647	9610	10969	11986	14063	9425	10680	11653	13273
0:59:50	30.1	9685	11596	13841	15564	9787	11046	11895	14078	9445	10632	11709	13454
0:59:55	30.1	9605	11404	13579	15509	9655	11085	11747	14242	9418	10763	11613	13319
1:00:00	30.1	9716	11471	13566	15417	9777	11102	11596	14012	9461	10640	11605	13301
1:00:05	30.1	9672	11556	13700	15646	9751	11014	11800	13983	9556	10592	11708	13451
1:00:10	30.1	9568	11411	13647	15667	9721	11194	11911	14024	9470	10677	11625	13362
1:00:15	30.1	9648	11418	13708	15711	9776	11056	11602	14009	9372	10743	11699	13288
1:00:20	30.1	9562	11480	13578	15651	9750	11062	11863	13947	9448	10787	11562	13256
1:00:25	30.1	9633	11488	13749	15744	9694	11059	11854	13925	9433	10876	11559	13349
1:00:30	30.1	9559	11481	13646	15455	9679	11023	11841	14117	9426	10728	11505	13717
1:00:35	30.1	9553	11539	13631	15533	9668	11067	11800	14149	9544	10749	11460	13269
1:00:40	30.1	9637	11474	13601	15434	9602	11142	11734	14194	9434	10713	11651	13413
1:00:45	30.1	9520	11382	13686	15466	9776	10986	11768	14003	9473	10605	11518	13507
1:00:50	30.1	9534	11431	13534	15764	9683	11015	11758	14034	9513	10766	11468	13235
1:00:55	30.1	9498	11435	13573	15562	9840	10999	11727	14088	9425	10703	11618	13403
1:01:00	30.1	9492	11453	13410	15533	9664	11015	11863	14206	9442	10679	11636	13443
1:01:05	30.1	9555	11474	13370	15576	9736	11000	11755	14076	9444	10757	11565	13334
1:01:10	30.1	9522	11362	13466	15465	9715	11009	11801	14053	9377	10757	11583	13285
1:01:15	30.1	9596	11498	13740	15661	9680	11083	11841	14083	9556	10714	11574	13503
1:01:20	30.1	9461	11567	13356	15522	9560	10947	11666	14121	9278	10701	11634	13413
1:01:25	30.1	9511	11410	13629	15552	9580	11100	11709	14095	9523	10733	11480	13479
1:01:30	30.1	9460	11419	13614	15617	9713	10995	11742	13965	9485	10641	11593	13520
1:01:35	30.1	9472	11510	13230	15734	9641	10992	11906	13856	9511	10724	11642	13226
1:01:40	30.1	9579	11419	13496	15657	9749	10898	11683	14109	9381	10723	11603	13428
1:01:45	30.1	9538	11462	13486	15308	9704	10934	11722	14128	9585	10700	11586	13389
1:01:50	30.1	9550	11343	13655	15397	9589	11080	11769	14125	9426	10699	11780	13365
1:01:55	30.1	9506	11541	13429	15442	9752	11088	11743	13985	9478	10555	11670	13449
1:02:00	30.1	9467	11314	13500	15454	9687	11076	11847	14020	9435	10699	11707	13489
1:02:05	30.1	9395	11393	13600	15529	9765	11191	11860	14019	9331	10675	11527	13442
1:02:10	30.1	9610	11306	13582	15487	9681	11077	11890	14084	9510	10640	11521	13447
1:02:15	30.1	9497	11369	13472	15457	9614	11088	11799	13939	9443	10639	11580	13316
1:02:20	30.1	9552	11445	13335	15554	9671	11027	11797	14008	9390	10584	11756	13258
1:02:25	30.1	9503	11514	13579	15521	9740	11207	11747	14019	9434	10839	11448	13289
1:02:30	30.1	9512	11322	13458	15441	9567	11027	11840	14148	9318	10625	11751	13448
1:02:35	30.1	9583	11351	13491	15419	9649	11135	11743	13921	9412	10732	11577	13214
1:02:40	30.1	9483	11355	13481	15486	9612	11051	11828	13900	9414	10769	11345	13315
1:02:45	30.1	9504	11391	13569	15505	9734	11047	11624	14002	9394	10629	11440	13294
1:02:50	30.1	9498	11354	13472	15469	9666	10879	11715	14235	9554	10654	11534	13333
1:02:55	30.1	9461	11384	13614	15573	9623	11163	11915	14042	9485	10729	11524	13373
1:03:00	30.1	9629	11345	13445	15397	9760	11006	11662	14260	9389	10720	11569	13266
1:03:05	30.1	9497	11420	13649	15465	9644	11081	11761	14044	9437	10707	11684	13282
1:03:10	30.1	9475	11378	13292	15416	9693	11042	11777	14015	9546	10710	11681	13366
1:03:15	30.1	9563	11185	13407	15542	9701	11082	11832	14010	9384	10757	11679	13314
1:03:20	30.1	9450	11285	13433	15384	9700	11107	11631	13852	9377	10639	11582	13137
1:03:25	30.1	9621	11420	13570	15522	9702	11106	11703	13996	9506	10708	11591	13334
1:03:30	30.1	9388	11233	13392	15523	9689	10909	11770	14047	9220	10858	11628	13463
1:03:35	30.1	9390	11374	13384	15701	9769	10945	11797	14214	9468	10679	11464	13367
1:03:40	30.1	9483	11223	13445	15571	9490	11120	11673	13914	9450	10613	11431	13466
1:03:45	30.1	9394	11304	13320	15462	9785	11042	11703	14112	9446	10562	11460	13237
1:03:50	30.1	9542	11429	13459	15287	9677	11093	11652	14027	9366	10738	11717	13408
1:03:55	30.1	9484	11247	13412	15310	9530	11026	11853	14062	9410	10644	11450	13396
1:04:00	30.1	9470	11390	13364	15547	9647	11063	11767	13969	9603	10651	11656	13349
1:04:05	30.1	9512	11383	13394	15340	9662	11295	11783	13959	9507	10630	11572	13430
1:04:10	30.1	9435	11475	13494	15300	9729	11111	11599	14126	9425	10678	11509	13412
1:04:15	30.1	9459	11498	13257	15506	9649	11049	11778	14143	9519	10676	11665	13372
1:04:20	30.1	9496	11304	13500	15514	9657	10918	11809	13958	9513	10639	11627	13440
1:04:25	30.1	9321	11226	13401	15478	9631	10916	11817	13997	9429	10637	11638	13401
1:04:30	30.1	9579	11426	13326	15465	9742	10986	11697	13919	9397	10671	11556	13379
1:04:35	30.1	9352	11345	13414	15434	9682	11027	11767	13938	9376	10502	11588	13527
1:04:40	30.1	9496	11229	13342	15369	9715	10926	11571	14013	9358	10688	11623	13323
1:04:45	30.1	9439	11253	13455	15241	9610	11077	11646	13992	9359	10694	11589	13258
1:04:50	30.1	9350	11386	13543	15435	9606	10916	11768	13932	9423	10626	11550	13329
1:04:55	30.1	9296	11321	13419	15488	9558	10994	11951	14011	9495	10754	11581	13307
1:05:00	30.1	9436	11327	13363	15523	9642	11134	11708	14004	9556	10540	11513	13412
1:05:05	30.1	9505	11308	13510	15412	9624	11049	11683	14029	9433	10650	11502	13331
1:05:10	30.1	9472	11235	13491	15323	9566	10970	11841	13961	9384	10718	11635	13511
1:05:15	30.1	9465	11285	13428	15160	9654	10961	11691	14037	9325	10593	11493	13431
1:05:20	30.1	9452	11190	13453	15440	9730	10922	11693	14034	9283	10647	11443	13215
1:05:25	30.1	9332	11365	13365	15332	9637	10958	11753	13855	9330	10724	11640	13089
1:05:30	30.1	9403	11217	13421	15364	9533	10950	11788	13992	9453	10701	11491	13280
1:05:35	30.1	9355	11343	13351	15132	9516	11058	11579	13958	9344	10713	11642	13364
1:05:40	30.1	9457	11284	13430	15477	9689	10854	11686	13980	9179	10440	11565	13212
1:05:45	30.1	9436	11279	13391	15374	9665	10994	11769	14042	9401	10619	11538	13342
1:05:50	30.1	9344	11318	13322	15121	9748	10917	11779	13970	9183	10754	11565	13243
1:05:55	30.1	9400	11215	13402	15420	9859	10956	11797	13912	9398	10617	11555	13442
1:06:00	30.1	9338	11234	13265	15213	9726	10971	11881	13914	9396	10576	11370	13346
1:06:05	30.1	9448	11118	13275	15311	9631	10989	11731	14004	9415	10543	11584	13243
1:06:10	30.1	9362	11265	13511	15346	9586	10956	11769	13758	9405	10725	11560	13306
1:06:15	30.1	9422	11327	13244	15222	9555	10922	11678	13891	9331	10639	11501	13433
1:06:20	30.1	9477	11155	13188	15207	9618	11001	11634	13808	9323	10819	11445	13403
1:06:25	30.1	9462	11206	13351	15456	9578	11012	11630	14038	9425	10582	11532	13323
1:06:30	30.1	9397	11199	13282	15403	9606	10943	11475	14003	9395	10585	11606	13320
1:06:35	30.1	9551	11269	13395	15335	9557	11004	11739	13916	9390	10639	11362	13279
1:06:40	30.1	9334	11185	13237	15344	9439	10917	11563	13933	9394	10609	11424	13331
1:06:45	30.1	9334	11195	13232	15119	9695	11020	11795	13860	9502	10690	11564	13463
1:06:50	30.1	9333	11171	13267	15315	9673	11004	11784	13782	9399	10774	11454	13334
1:06:55	30.1	9318	11195	13459	15249	9737	10900	11729	13915	9468	10697	11442	13282
1:07:00	30.1	9372	11211	13269	15243	9550	11060	11773	13835	9341	10686	11486	13152
1:07:05	30.1	9343	11327	13305	15275	9739	10958	11609	13817	9392	10728	11614	13291
1:07:10	30.1	9339	11329	13303	15321	9658	11047	11607	14078	9369	10745	11552	13458
1:07:15	30.1	9437	11288	13294	15384	9606	10880	11680	13983	9345	10734	11499	13241
1:07:20	30.1	9389	11280	13155	15343	9424	11009	11612	13906	9313	10654	11557	13306
1:07:25	30.1	9359	11169	13315	15220	9580	11089	11596	14057	9503	10681	11435	13271
1:07:30	30.1	9428	11217	13247	15333	9557	11048	11677	13934	9333	10559	11671	13263
1:07:35	30.1	9453	11088	13436	15256	9764	10835	11651	14024	9382	10683	11538	13205
1:07:40	30.1	9318	11149	13255	15208	9520	11087	11756	13983	9322	10592	11390	13408
1:07:45	30.1	9431	11150	13362	15271	9659	11026	11739	13954	9451	10570	11324	13392
1:07:50	30.1	9395	11186	13335	15183	9544	11009	11767	13961	9458	10645	11638	13315
1:07:55	30.1	9323	11127	13356	15155	9660	11015	11655	13868	9356	10616	11541	13382
1:08:00	30.1	9297	11162	13237	15350	9666	10935	11740	14004	9267	10725	11452	13402
1:08:05	30.1	9390	11142	13241	15173	9556	10904	11887	14068	9310	10772	11433	13295
1:08:10	30.1	9378	11140	13288	15335	9594	10939	11614	13884	9301	10732	11400	13253
1:08:15	30.1	9394	11243	13151	15265	9624	10957	11640	13914	9277	10631	11410	13372
1:08:20	30.1	9400	11204	13391	15076	9481	10994	11668	13823	9365	10558	11542	13226
1:08:25	30.1	9308	11120	13197	15149	9575	10988	11678	13974	9471	10595	11425	13378
1:08:30	30.1	9347	11172	13312	15276	9851	10931	11644	13908	9409	10561	11484	13362
1:08:35	30.1	9301	11042	13422	15166	9698	11077	11624	13956	9280	10663	11512	13532
1:08:40	30.1	9283	11109	13278	15277	9619	10910	11578	13862	9356	10661	11629	13262
1:08:45	30.1	9358	11160	13331	15251	9573	10910	11750	14013	9393	10691	11434	13313
1:08:50	30.1	9334	11255	13257	15276	9641	10805	11806	13855	9360	10579	11461	13466
1:08:55	30.1	9263	11291	13490	15122	9534	11067	11554	13982	9262	10675	11418	13119
1:09:00	30.1	9236	11137	13151	15151	9675	10933	11578	14022	9449	10647	11514	13293
1:09:05	30.1	9373	11100	13374	15184	9568	10885	11677	13901	9357	10607	11280	13431
1:09:10	30.1	9270	11176	13087	15189	9599	10810	11703	13928	9318	10619	11403	13184
1:09:15	30.1	9428	11205	13261	15129	9632	10891	11627	13952	9351	10558	11406	13364
1:09:20	30.1	9310	11207	13163	15298	9615	10962	11738	13839	9390	10529	11586	13388
1:09:25	30.1	9240	11061	13133	15186	9589	10942	11594	13911	9399	10690	11470	13281
1:09:30	30.1	9326	11127	13117	15032	9542	10994	11680	14008	9401	10622	11539	13137
1:09:35	30.1	9382	10965	13264	15082	9534	10996	11655	13876	9330	10583	11440	13286
1:09:40	30.1	9452	11154	13381	15134	9634	10886	11735	14031	9403	10681	11554	13164
1:09:45	30.1	9343	11029	13271	15044	9611	10906	11417	13832	9240	10629	11564	13361
1:09:50	30.1	9228	11068	13190	15124	9580	11073	11651	13941	9409	10677	11486	13325
1:09:55	30.1	9254	11042	13254	15112	9589	10916	11595	13980	9311	10621	11666	13378
1:10:00	30.1	9167	11113	13155	15187	9689	10931	11738	13916	9336	10621	11500	13339
1:10:05	30.1	9331	11235	13309	15194	9632	10957	11618	13753	9420	10631	11546	13207
1:10:10	30.1	9250	11174	13294	15089	9633	11104	11711	13879	9453	10661	11436	13259
1:10:15	30.1	9375	11046	13222	15228	9489	11053	11488	13804	9299	10479	11536	13128
1:10:20	30.1	9297	11075	13105	15126	9662	10822	11589	13914	9235	10584	11505	13295
1:10:25	30.1	9179	11148	13221	15399	9555	10990	11723	13827	9359	10685	11435	13236
1:10:30	30.1	9234	11042	13196	15073	9563	10996	11712	13773	9373	10549	11520	13260
1:10:35	30.1	9322	11238	13189	15219	9657	10927	11766	13880	9474	10642	11419	13155
1:10:40	30.1	9251	11084	13031	15151	9540	10958	11556	13920	9435	10693	11475	13431
1:10:45	30.1	9347	11101	13187	15230	9494	10998	11628	13857	9317	10663	11485	13334
1:10:50	30.1	9281	11034	13168	15022	9592	10857	11701	13758	9311	10596	11542	13158
1:10:55	30.1	9273	10910	13252	15099	9586	10910	11734	13857	9391	10579	11419	13251
1:11:00	30.1	9160	11032	13100	15211	9481	10842	11557	13866	9231	10706	11394	13373
1:11:05	30.1	9273	11036	13127	15058	9536	10920	11607	13945	9322	10603	11545	13278
1:11:10	30.1	9240	11003	13249	14948	9530	10963	11775	13902	9406	10595	11539	13270
1:11:15	30.1	9289	11137	13223	14962	9698	11094	11632	13857	9281	10613	11512	13226
1:11:20	30.1	9281	11177	13345	14967	9543	10870	11560	13837	9358	10606	11481	13152
1:11:25	30.1	9202	11122	12948	15181	9669	10995	11671	13858	9388	10791	11460	13253
1:11:30	30.1	9299	11102	13217	15059	9560	11014	11603	13983	9383	10608	11666	13223
1:11:35	30.1	9286	10939	13191	14962	9559	10932	11728	13922	9351	10599	11615	13323
1:11:40	30.1	9200	11039	13145	14996	9556	10918	11673	13868	9456	10569	11364	13253
1:11:45	30.1	9135	11048	13197	15202	9517	10907	11598	13771	9262	10672	11408	13241
1:11:50	30.1	9126	11035	13142	14954	9547	10926	11543	13844	9478	10588	11523	13184
1:11:55	30.1	9139	11056	13155	15032	9661	11039	11613	13821	9355	10608	11502	13281
1:12:00	30.1	9305	11133	13145	15087	9623	10885	11711	13730	9341	10686	11468	13317
1:12:05	30.1	9304	11091	13065	15222	9562	10815	11626	13901	9402	10663	11355	13205
1:12:10	30.1	9240	11007	13172	15057	9594	10917	11624	13732	9358	10595	11389	13315
1:12:15	30.1	9254	11036	13296	15038	9615	10938	11661	14011	9278	10505	11466	13200
1:12:20	30.1	9173	11008	13129	14926	9509	10814	11633	13766	9416	10549	11380	13301
1:12:25	30.1	9300	10877	13238	14967	9593	10898	11715	13842	9422	10641	11453	13289
1:12:30	30.1	9306	10946	13085	14906	9556	10888	11692	13902	9223	10618	11504	13265
1:12:35	30.1	9181	11056	13100	14792	9551	10927	11763	13901	9337	10669	11388	13262
1:12:40	30.1	9176	11003	12925	15029	9542	10878	11607	13735	9362	10541	11402	13162
1:12:45	30.1	9308	11035	13206	15057	9699	10818	11578	13948	9363	10623	11404	13285
1:12:50	30.1	9240	10970	13033	15051	9576	10762	11610	13908	9245	10609	11423	13367
1:12:55	30.1	9199	11114	12963	15020	9609	10871	11676	13855	9208	10560	11545	13196
1:13:00	30.1	9206	11067	13010	15094	9500	11091	11765	13864	9200	10563	11423	13172
1:13:05	30.1	9197	10834	12951	15038	9640	11159	11604	13823	9334	10582	11427	13233
1:13:10	30.1	9281	11031	13047	14970	9561	10921	11767	13921	9317	10789	11419	13231
1:13:15	30.1	9133	11011	13162	14880	9533	10924	11610	13975	9281	10545	11320	13143
1:13:20	30.1	9178	10941	13195	14789	9613	11003	11612	13888	9311	10520	11574	13249
1:13:25	30.1	9260	10961	13044	14995	9497	10930	11685	13864	9305	10631	11575	13245
1:13:30	30.1	9110	10970	13049	14854	9590	10876	11592	13859	9355	10614	11386	13225
1:13:35	30.1	9199	10928	12979	14856	9624	11085	11637	14092	9468	10516	11365	13219
1:13:40	30.1	9223	10814	13166	14840	9636	10886	11591	13737	9254	10662	11493	13209
1:13:45	30.1	9210	10924	13318	14873	9419	10909	11453	13866	9345	10650	11473	13260
1:13:50	30.1	9255	10960	13047	14988	9576	10905	11662	13824	9234	10512	11425	13218
1:13:55	30.1	9204	10924	13099	14781	9544	10813	11733	13719	9364	10534	11524	13209
1:14:00	30.1	9111	11007	13074	14922	9493	10965	11525	13855	9333	10452	11372	13378
1:14:05	30.1	9173	11056	12991	14739	9587	10821	11654	13816	9463	10645	11430	13232
1:14:10	30.1	9241	11070	13140	14867	9490	10745	11682	13703	9430	10598	11573	13264
1:14:15	30.1	9162	11043	13097	15045	9533	10943	11508	13785	9283	10596	11522	13096
1:14:20	30.1	9185	10955	12969	14893	9638	10848	11505	13721	9276	10543	11322	13252
1:14:25	30.1	9221	11005	13000	15035	9459	10786	11638	13885	9338	10613	11469	13127
1:14:30	30.1	9206	10860	12964	14855	9533	10878	11610	13828	9337	10503	11426	13226
1:14:35	30.1	9316	10977	13129	14767	9481	10985	11494	13808	9352	10722	11493	13170
1:14:40	30.1	9042	11007	13060	15114	9567	10935	11611	13881	9311	10652	11441	13249
1:14:45	30.1	9161	11012	12949	14996	9475	10762	11612	13831	9311	10560	11611	13299
1:14:50	30.1	9201	10953	13074	15011	9440	10958	11708	13873	9413	10576	11399	13184
1:14:55	30.1	9204	11115	13016	15045	9706	10980	11712	13893	9232	10620	11358	13422
1:15:00	30.1	9116	10874	12865	14826	9550	10874	11589	13845	9345	10593	11480	13337
1:15:05	30.1	9302	10905	13190	14831	9405	10915	11626	13917	9256	10562	11443	13266
1:15:10	30.1	9166	11049	13056	15000	9528	10844	11629	13795	9378	10479	11444	13277
1:15:15	30.1	9078	11015	13059	14846	9544	10942	11581	13865	9211	10716	11274	13129
1:15:20	30.1	9149	10947	12979	14938	9589	10816	11444	13778	9341	10543	11501	13144
1:15:25	30.1	9075	11107	13038	14759	9597	10875	11486	13718	9258	10621	11462	13196
1:15:30	30.1	9053	10842	13103	14991	9534	10872	11615	13704	9221	10502	11474	13288
1:15:35	30.1	9103	11034	12980	14866	9615	10754	11624	13827	9277	10589	11453	13163
1:15:40	30.1	9154	10899	13112	14904	9416	10869	11560	13679	9248	10630	11367	13214
1:15:45	30.1	9142	10926	12944	14869	9547	10690	11637	13666	9290	10566	11662	13187
1:15:50	30.1	9090	11004	13163	14936	9608	10808	11661	13741	9360	10558	11466	13238
1:15:55	30.1	9078	10894	13180	14979	9499	10781	11586	13714	9304	10395	11399	13225
1:16:00	30.1	9135	10917	13094	15015	9534	10733	11671	13704	9298	10561	11369	13023
1:16:05	30.1	9150	10880	12921	14782	9368	10982	11626	13702	9328	10457	11375	13210
1:16:10	30.1	9200	10926	13001	14758	9627	10905	11587	13647	9367	10509	11339	13198
1:16:15	30.1	9120	10890	12931	14917	9488	10883	11633	13764	9252	10636	11581	13198
1:16:20	30.1	9109	10994	12900	14925	9403	10853	11657	13664	9512	10575	11425	13134
1:16:25	30.1	9130	10918	12950	14823	9497	10879	11496	13699	9401	10603	11394	13142
1:16:30	30.1	9070	10884	12861	14912	9529	10943	11515	13993	9343	10487	11359	13202
1:16:35	30.1	9119	10841	12962	14960	9625	10842	11664	13869	9268	10534	11320	13169
1:16:40	30.1	9168	10828	12924	14809	9490	11016	11431	13874	9361	10510	11300	13276
1:16:45	30.1	9120	11008	12821	14788	9368	11088	11579	13933	9316	10500	11419	13129
1:16:50	30.1	9111	10975	13095	14849	9565	10844	11604	13751	9273	10787	11435	13155
1:16:55	30.1	9125	10859	13033	14784	9515	10807	11533	13838	9306	10468	11559	13182
1:17:00	30.1	9028	10930	13020	14656	9581	10992	11508	13886	9232	10520	11389	13172
1:17:05	30.1	9085	10907	12965	14826	9344	10933	11629	13914	9223	10569	11475	13092
1:17:10	30.1	9056	10960	13051	14839	9389	10772	11511	13763	9207	10563	11362	13110
1:17:15	30.1	9059	11009	12940	14740	9603	10824	11530	13635	9288	10492	11439	13134
1:17:20	30.1	9087	10913	12843	15048	9516	11009	11691	13633	9262	10344	11347	13103
1:17:25	30.1	9195	10979	13031	14874	9506	10858	11557	13791	9332	10562	11442	13157
1:17:30	30.1	9119	10953	12915	14826	9409	10927	11652	13803	9301	10607	11436	13110
1:17:35	30.1	9119	10822	12925	14846	9503	10757	11588	13825	9247	10534	11289	13244
1:17:40	30.1	9089	10866	12913	14970	9487	10828	11445	13886	9349	10442	11475	13083
1:17:45	30.1	9069	10839	12955	14903	9460	10933	11449	13769	9225	10541	11375	13280
1:17:50	30.1	9089	10753	12776	14692	9503	10851	11557	13932	9315	10361	11271	13113
1:17:55	30.1	9101	10851	12906	14806	9434	10883	11621	13763	9220	10499	11332	13191
1:18:00	30.1	9035	10885	12904	14734	9447	10857	11479	13718	9340	10524	11397	13317
1:18:05	30.1	9106	10911	13031	14807	9520	10845	11571	13744	9115	10422	11427	13138
1:18:10	30.1	9049	10866	12891	14657	9618	10778	11579	13872	9225	10502	11315	13123
1:18:15	30.1	9056	10804	13073	14779	9433	10802	11645	13884	9268	10610	11361	13143
1:18:20	30.1	9017	11006	12929	14901	9548	10887	11494	13727	9307	10400	11368	13069
1:18:25	30.1	9071	10908	12914	14735	9365	10992	11449	13908	9375	10440	11424	13095
1:18:30	30.1	9077	10782	12854	14746	9410	10805	11627	13710	9278	10550	11270	13098
1:18:35	30.1	9078	10997	12966	14691	9508	10673	11675	13708	9330	10491	11444	13040
1:18:40	30.1	8982	10859	12860	14771	9432	10859	11572	13832	9298	10396	11448	13073
1:18:45	30.1	9044	10833	13016	14704	9527	10867	11505	13743	9238	10515	11345	13130
1:18:50	30.1	8984	10752	12842	14736	9425	10771	11498	13895	9406	10434	11389	13117
1:18:55	30.1	9019	10879	13015	14728	9492	10922	11442	13864	9262	10525	11354	13160
1:19:00	30.1	9092	10758	12781	14714	9557	10868	11555	13646	9198	10497	11403	13172
1:19:05	30.1	8985	10828	12825	14870	9434	10762	11487	13816	9295	10479	11308	13028
1:19:10	30.1	9053	10894	12871	14638	9462	10778	11588	13723	9252	10639	11440	13159
1:19:15	30.1	9107	10810	12965	14657	9569	10793	11484	13893	9257	10345	11498	13216
1:19:20	30.1	9049	10898	12886	14794	9458	10821	11503	13717	9237	10406	11316	13092
1:19:25	30.1	9012	10740	12851	14654	9540	10946	11514	13603	9313	10613	11377	13122
1:19:30	30.1	8991	10752	12822	14452	9428	10874	11653	13690	9308	10354	11520	13148
1:19:35	30.1	9139	10736	12871	15012	9457	10906	11716	13638	9237	10478	11248	13091
1:19:40	30.1	9018	10889	12882	14688	9481	10853	11637	13628	9285	10510	11329	13328
1:19:45	30.1	8970	10820	12889	14659	9431	10839	11574	13748	9216	10480	11395	13199
1:19:50	30.1	8960	10819	12946	14783	9412	10812	11600	13778	9225	10465	11306	13101
1:19:55	30.1	9019	11030	12882	14535	9534	10806	11700	13652	9342	10636	11396	13047
1:20:00	30.1	9037	10789	12876	14694	9458	10736	11462	13717	9278	10474	11296	13210

Results
	1	2	3	4	5	6	7	8	9	10	11	12
A													Max V [295,335]
													R-Squared [295,335]
													t at Max V [295,335]
													Lagtime [295,335]
B													Max V [295,335]
													R-Squared [295,335]
													t at Max V [295,335]
													Lagtime [295,335]
C	-5772000.000	5724000.000	7896000.000	6720000.000	4860000.000	-5496000.000	-6228000.000	-4836000.000	-3864000.000	5088000.000	-5832000.000	-5796000.000	Max V [295,335]
	1.000	1.000	1.000	1.000	1.000	1.000	1.000	1.000	1.000	1.000	1.000	1.000	R-Squared [295,335]
	0:05:03	0:00:28	0:08:28	1:19:33	0:38:28	0:00:28	0:53:03	0:03:28	0:27:38	0:42:38	0:00:33	0:37:43	t at Max V [295,335]
	0:04:57	0:00:26	0:08:38	?????	0:39:26	0:00:19	0:52:05	0:02:39	0:26:21	0:43:45	0:00:27	0:36:31	Lagtime [295,335]
D													Max V [295,335]
													R-Squared [295,335]
													t at Max V [295,335]
													Lagtime [295,335]
E													Max V [295,335]
													R-Squared [295,335]
													t at Max V [295,335]
													Lagtime [295,335]
F													Max V [295,335]
													R-Squared [295,335]
													t at Max V [295,335]
													Lagtime [295,335]
G													Max V [295,335]
													R-Squared [295,335]
													t at Max V [295,335]
													Lagtime [295,335]
H													Max V [295,335]
													R-Squared [295,335]
													t at Max V [295,335]
													Lagtime [295,335]

