

Software Version	3.03.14

Procedure Details

Plate Type	96 WELL PLATE
Set Temperature	Setpoint 30°C
	Preheat before moving to next step
Start Kinetic	Runtime 1:39:48 (HH:MM:SS), Interval 0:00:06, 999 Reads
    Read	Fluorescence Endpoint
	A1..A12
	Filter Set 1
	    Excitation: 295,  Emission: 335
	    Optics: Top,  Gain: 80
	Light Source: Xenon Flash,  Lamp Energy: High
	Read Speed: Normal,  Delay: 0 msec,  Measurements/Data Point: 5
	Read Height: 8 mm
End Kinetic	

Layout
	1	2	3	4	5	6	7	8	9	10	11	12
A	SPL1	SPL2	SPL3	SPL4	SPL5	SPL6	SPL7	SPL8	SPL9	SPL10	SPL11	SPL12	Well ID
B													Well ID
C													Well ID
D													Well ID
E													Well ID
F													Well ID
G													Well ID
H													Well ID

295,335

Time	T° 295,335	A1	A2	A3	A4	A5	A6	A7	A8	A9	A10	A11	A12
0:00:00	30.0	5104	6273	8036	9409	12775	12541	5309	6502	8253	9577	11380	12368
0:00:06	30.0	5222	6311	8008	9406	12425	12425	5486	6532	8268	9421	11497	12225
0:00:12	30.0	5272	6311	7786	9385	12111	12443	5476	6506	8331	9633	11492	12252
0:00:18	30.0	5175	6167	7795	9313	11734	12432	5418	6458	8223	9421	11421	12206
0:00:24	30.0	5101	6219	7647	9309	11618	12177	5309	6452	8432	9637	11526	12129
0:00:30	30.0	4959	6089	7605	9104	11520	12130	5282	6401	8284	9475	11420	12176
0:00:36	30.0	4862	5871	7461	9074	11461	12052	5308	6425	8237	9536	11382	12226
0:00:42	30.0	4805	5747	7405	8894	11260	11978	5239	6441	8183	9673	11373	12176
0:00:48	30.0	4766	5802	7371	8770	11308	11624	5293	6482	8297	9595	11339	12014
0:00:54	30.0	4633	5757	7141	8769	11219	11546	5243	6340	8213	9390	11372	12190
0:01:00	30.0	4589	5698	7286	8592	10989	11546	5163	6384	8181	9519	11268	12252
0:01:06	30.0	4510	5729	7193	8679	10927	11520	5252	6293	8154	9454	11319	12146
0:01:12	30.0	4457	5555	7024	8504	10850	11216	5184	6176	8168	9280	11323	12046
0:01:18	30.0	4420	5483	7091	8331	10825	11192	5244	6360	8073	9415	11364	12070
0:01:24	30.0	4386	5417	6906	8311	10627	11276	5165	6202	8117	9397	11141	12140
0:01:30	30.0	4322	5490	6818	8301	10538	11113	5205	6244	8115	9410	11266	11910
0:01:36	30.0	4228	5435	6773	8235	10555	11006	5217	6258	8109	9323	11156	11935
0:01:42	30.0	4234	5329	6803	8052	10424	10850	5119	6179	8012	9280	11287	12046
0:01:48	30.0	4218	5234	6654	8063	10315	10759	5104	6207	8063	9317	11243	11915
0:01:54	30.0	4144	5158	6599	8087	10134	10903	5140	6181	7984	9309	11210	11949
0:02:00	30.0	4051	5200	6589	7967	10194	10742	5132	6285	8083	9337	11140	11801
0:02:06	30.0	4002	5213	6505	8031	10103	10621	5139	6215	7970	9282	11249	11933
0:02:12	30.0	3992	5150	6421	7821	10108	10586	5016	6263	7959	9228	11022	11848
0:02:18	30.0	3952	5148	6390	7824	10054	10480	5073	6192	7928	9201	11087	11926
0:02:24	30.0	3998	4999	6250	7766	9957	10504	5059	6277	7925	9197	11051	11924
0:02:30	30.0	3954	5019	6432	7855	10005	10438	5050	6095	7903	9094	11046	11828
0:02:36	30.0	3932	4943	6309	7595	9851	10384	5031	6114	7890	9266	11051	11863
0:02:42	30.0	3812	4918	6325	7611	9836	10274	5035	6078	7938	9068	11050	11882
0:02:48	30.0	3855	4830	6256	7566	9800	10282	5067	6127	7866	9121	11191	11853
0:02:54	30.0	3832	4811	6137	7556	9654	10225	5010	6211	7866	9024	11024	11837
0:03:00	30.0	3809	4962	6103	7466	9618	10199	5077	6151	7905	9192	11053	11660
0:03:06	30.0	3835	4846	6096	7391	9571	10091	5081	6109	7837	9094	11025	11750
0:03:12	30.0	3795	4756	6055	7439	9483	9948	4955	6050	7876	9109	10971	11934
0:03:18	30.0	3782	4747	6078	7316	9573	10032	4946	6073	7964	9024	11109	11827
0:03:24	30.0	3752	4752	5983	7290	9459	9859	4943	6056	7930	9272	10958	11807
0:03:30	30.0	3753	4734	5994	7383	9447	9958	4952	5920	7935	9216	10899	11868
0:03:36	30.0	3725	4694	5974	7197	9375	9799	4979	6064	7852	9179	10819	11775
0:03:42	30.0	3653	4644	5896	7315	9455	9897	4967	6006	7753	9096	10895	11910
0:03:48	30.0	3698	4608	5940	7039	9324	9749	4873	6000	7908	9045	10743	11943
0:03:54	30.0	3562	4633	5808	7120	9324	9724	5030	6020	7781	8974	10921	11728
0:04:00	30.0	3632	4552	5876	7054	9325	9764	4834	6067	7764	9065	10860	11703
0:04:06	30.0	3630	4591	5880	7156	9226	9496	4938	5915	7895	9096	10913	11588
0:04:12	30.0	3634	4523	5826	6959	9219	9576	4925	5988	7786	9008	10976	11675
0:04:18	30.0	3589	4573	5752	7057	9133	9553	4925	5975	7784	9074	10946	11611
0:04:24	30.0	3634	4605	5711	6963	9168	9539	4866	6006	7707	9005	10891	11601
0:04:30	30.0	3527	4508	5781	6842	9052	9496	4903	6016	7686	8988	10802	11729
0:04:36	30.0	3571	4544	5732	6990	9107	9488	4893	6030	7723	9024	10715	11574
0:04:42	30.0	3582	4516	5663	6819	8978	9440	4917	5895	7700	9033	10926	11639
0:04:48	30.0	3526	4471	5707	6871	9007	9413	4850	6011	7725	8952	10706	11689
0:04:54	30.0	3554	4487	5602	6860	8876	9338	4892	6016	7696	8934	10799	11625
0:05:00	30.0	3504	4423	5580	6800	8823	9436	4924	5882	7697	9028	10722	11857
0:05:06	30.0	3533	4367	5586	6848	8808	9330	4895	5922	7744	8909	10845	11566
0:05:12	30.0	3503	4477	5569	6796	8894	9239	4820	5861	7680	8925	10777	11546
0:05:18	30.0	3481	4330	5495	6785	8918	9151	4803	5831	7722	8863	10773	11520
0:05:24	30.0	3478	4339	5588	6776	8737	9146	4806	5831	7670	8857	10755	11484
0:05:30	30.0	3442	4433	5519	6739	8689	9138	4782	5967	7685	8876	10782	11541
0:05:36	30.0	3428	4348	5517	6684	8736	9087	4837	5845	7658	8801	10674	11662
0:05:42	30.0	3446	4314	5614	6757	8777	9114	4779	5879	7697	8797	10589	11485
0:05:48	30.0	3445	4378	5571	6664	8715	9049	4736	5860	7585	8787	10703	11506
0:05:54	30.0	3440	4310	5500	6634	8708	9117	4806	5941	7613	8769	10617	11352
0:06:00	30.0	3469	4341	5476	6618	8574	8981	4782	5870	7428	8863	10650	11460
0:06:06	30.0	3430	4292	5461	6634	8610	9037	4813	5809	7529	8712	10695	11510
0:06:12	30.0	3420	4328	5479	6666	8569	8847	4715	5709	7624	8791	10672	11524
0:06:18	30.0	3404	4337	5445	6557	8572	8930	4828	5772	7535	8792	10518	11445
0:06:24	30.0	3418	4314	5468	6559	8514	8879	4775	5788	7542	8822	10729	11351
0:06:30	30.0	3389	4316	5421	6593	8497	8971	4701	5783	7539	8791	10686	11400
0:06:36	30.0	3463	4333	5409	6501	8465	8948	4764	5764	7536	8838	10582	11489
0:06:42	30.0	3409	4276	5446	6558	8513	8878	4772	5800	7528	8695	10612	11474
0:06:48	30.0	3321	4263	5381	6506	8285	8933	4761	5700	7542	8757	10561	11552
0:06:54	30.0	3369	4202	5408	6549	8488	8889	4716	5794	7557	8762	10626	11266
0:07:00	30.0	3385	4338	5355	6573	8416	8824	4731	5744	7440	8753	10631	11373
0:07:06	30.0	3408	4325	5318	6450	8449	8794	4678	5846	7428	8747	10487	11427
0:07:12	30.0	3368	4259	5401	6496	8388	8847	4653	5675	7416	8712	10477	11426
0:07:18	30.0	3353	4278	5378	6449	8271	8856	4757	5732	7591	8763	10493	11390
0:07:24	30.0	3361	4199	5317	6488	8396	8775	4674	5778	7477	8727	10450	11339
0:07:30	30.0	3354	4231	5379	6402	8309	8784	4675	5688	7522	8641	10663	11284
0:07:36	30.0	3385	4225	5369	6503	8292	8733	4637	5584	7448	8606	10757	11366
0:07:42	30.0	3385	4332	5363	6356	8226	8713	4700	5721	7432	8768	10539	11425
0:07:48	30.0	3335	4289	5212	6483	8298	8791	4627	5690	7429	8610	10424	11416
0:07:54	30.0	3342	4260	5281	6453	8254	8737	4654	5718	7360	8671	10579	11320
0:08:00	30.0	3360	4250	5292	6416	8216	8676	4654	5591	7515	8701	10588	11300
0:08:06	30.0	3298	4255	5253	6377	8147	8661	4651	5708	7457	8675	10409	11285
0:08:12	30.0	3364	4257	5272	6389	8287	8749	4591	5647	7340	8564	10439	11245
0:08:18	30.0	3376	4138	5249	6349	8265	8726	4582	5658	7411	8642	10432	11443
0:08:24	30.0	3317	4277	5266	6459	8172	8675	4710	5577	7354	8613	10449	11220
0:08:30	30.0	3317	4172	5348	6422	8125	8673	4678	5528	7326	8525	10455	11383
0:08:36	30.0	3326	4185	5295	6388	8167	8606	4547	5654	7291	8513	10441	11346
0:08:42	30.0	3381	4196	5215	6342	8185	8543	4660	5686	7344	8658	10385	11180
0:08:48	30.0	3308	4171	5205	6328	8155	8545	4677	5539	7312	8518	10473	11159
0:08:54	30.0	3321	4280	5264	6248	8153	8535	4584	5595	7317	8547	10447	11282
0:09:00	30.0	3298	4194	5236	6278	8243	8578	4534	5586	7281	8602	10336	11301
0:09:06	30.0	3319	4184	5185	6354	8151	8479	4602	5637	7273	8546	10417	11151
0:09:12	30.0	3346	4186	5253	6369	8041	8498	4588	5630	7509	8510	10333	11102
0:09:18	30.0	3322	4201	5265	6293	8143	8518	4513	5668	7334	8461	10494	11112
0:09:24	30.0	3338	4203	5258	6362	8132	8492	4576	5538	7325	8492	10416	11143
0:09:30	30.0	3261	4204	5233	6332	8198	8561	4553	5597	7211	8525	10320	11117
0:09:36	30.0	3290	4132	5232	6307	8142	8520	4615	5605	7256	8459	10370	11237
0:09:42	30.0	3279	4194	5215	6349	8084	8505	4539	5551	7280	8459	10386	11149
0:09:48	30.0	3296	4231	5259	6226	8101	8606	4564	5545	7373	8613	10344	11268
0:09:54	30.0	3303	4096	5277	6300	8106	8500	4527	5579	7231	8395	10376	11198
0:10:00	30.0	3291	4117	5205	6178	7998	8451	4515	5535	7242	8525	10269	11075
0:10:06	30.0	3228	4232	5269	6225	8033	8508	4562	5498	7236	8431	10174	11130
0:10:12	30.0	3326	4171	5243	6243	8102	8442	4463	5520	7240	8478	10414	11078
0:10:18	30.0	3303	4180	5275	6238	8045	8390	4450	5527	7182	8510	10267	11200
0:10:24	30.0	3255	4088	5225	6244	8037	8415	4509	5550	7270	8461	10338	11130
0:10:30	30.0	3312	4142	5281	6185	8060	8505	4484	5446	7178	8449	10134	11145
0:10:36	30.0	3284	4153	5157	6195	8025	8490	4447	5510	7170	8404	10333	11232
0:10:42	30.0	3285	4158	5164	6214	8031	8497	4439	5476	7120	8471	10267	11063
0:10:48	30.0	3246	4178	5162	6302	7989	8364	4461	5450	7191	8542	10285	11063
0:10:54	30.0	3328	4095	5175	6223	7951	8422	4450	5422	7120	8373	10104	11093
0:11:00	30.0	3307	4134	5239	6218	7999	8359	4486	5537	7164	8416	10258	11157
0:11:06	30.0	3357	4230	5131	6181	8036	8385	4419	5573	7191	8488	10167	11110
0:11:12	30.0	3319	4183	5224	6191	7978	8312	4492	5473	7148	8346	10146	11078
0:11:18	30.0	3309	4161	5235	6289	8064	8274	4395	5415	7258	8439	10286	11049
0:11:24	30.0	3277	4170	5135	6163	7991	8405	4391	5436	7090	8364	10031	10981
0:11:30	30.0	3335	4208	5070	6252	7992	8403	4390	5447	7186	8335	10227	11118
0:11:36	30.0	3330	4202	5239	6225	7882	8314	4448	5483	7147	8297	10026	11062
0:11:42	30.0	3326	4181	5171	6184	7948	8293	4442	5493	7160	8314	10290	10976
0:11:48	30.0	3259	4190	5208	6312	7932	8332	4458	5351	7170	8290	10136	11081
0:11:54	30.0	3265	4115	5175	6150	8032	8356	4327	5303	7060	8399	10192	11058
0:12:00	30.0	3306	4222	5125	6119	8013	8397	4446	5420	6943	8359	10062	11032
0:12:06	30.0	3317	4186	5161	6158	7911	8246	4469	5401	7117	8300	10071	10906
0:12:12	30.0	3337	4113	5153	6265	8038	8258	4356	5344	7076	8294	10129	10959
0:12:18	30.0	3326	4168	5161	6172	7894	8329	4440	5381	6992	8288	10023	10899
0:12:24	30.0	3313	4182	5115	6077	7877	8237	4449	5380	7094	8331	10114	10827
0:12:30	30.0	3273	4150	5171	6205	8020	8383	4427	5399	7068	8290	10024	10954
0:12:36	30.0	3285	4194	5172	6182	7868	8340	4408	5308	7025	8297	10162	10992
0:12:42	30.0	3297	4174	5095	6184	7889	8274	4354	5312	7125	8295	10047	10923
0:12:48	30.0	3255	4112	5179	6282	7925	8341	4348	5346	7048	8284	10182	10821
0:12:54	30.0	3352	4144	5187	6150	7889	8279	4363	5315	7092	8246	10020	10866
0:13:00	30.0	3295	4054	5154	6219	7846	8316	4362	5291	7042	8253	9958	10841
0:13:06	30.0	3342	4156	5177	6192	8048	8189	4310	5318	7102	8349	10000	10914
0:13:12	30.0	3259	4138	5147	6132	7909	8115	4288	5240	7104	8224	10022	10820
0:13:18	30.0	3297	4127	5155	6139	7818	8280	4314	5296	7001	8180	10064	10842
0:13:24	30.0	3295	4117	5129	6183	7824	8481	4309	5376	7051	8234	9933	10827
0:13:30	30.0	3287	4202	5141	6191	7827	8232	4335	5363	7026	8213	9921	10955
0:13:36	30.0	3278	4187	5127	6181	7884	8247	4314	5284	6825	8195	10000	10730
0:13:42	30.0	3279	4119	5182	6155	7941	8281	4308	5274	6922	8261	9975	10875
0:13:48	30.0	3269	4140	5123	6254	7872	8218	4282	5315	6978	8049	9899	10843
0:13:54	30.0	3338	4121	5156	6144	7808	8257	4323	5284	6997	8155	10109	10734
0:14:00	30.0	3270	4133	5115	6178	7835	8117	4285	5235	6931	8208	9952	10871
0:14:06	30.0	3296	4151	5100	6119	7896	8231	4283	5305	6938	8171	9930	10809
0:14:12	30.0	3340	4171	5102	6121	7891	8220	4300	5183	6876	8103	9863	10689
0:14:18	30.0	3297	4096	5095	6127	7845	8165	4303	5253	6844	8284	9944	10747
0:14:24	30.0	3287	4202	5214	6129	7837	8244	4276	5189	6863	8151	9995	10675
0:14:30	30.0	3233	4182	5169	6067	7814	8172	4274	5292	6828	8172	9918	10768
0:14:36	30.0	3303	4146	5094	6247	7780	8167	4207	5089	6862	8172	9833	10730
0:14:42	30.0	3273	4088	5184	6166	7842	8290	4244	5250	6873	8055	9974	10851
0:14:48	30.0	3285	4118	5162	6201	7842	8196	4290	5219	6837	8037	9747	10691
0:14:54	30.0	3249	4139	5084	6205	7914	8224	4243	5216	6897	8166	10007	10777
0:15:00	30.0	3250	4167	5205	6113	7886	8239	4225	5222	6976	8139	10011	10804
0:15:06	30.0	3300	4074	5018	6118	7792	8351	4290	5160	6930	8030	9992	10760
0:15:12	30.0	3348	4164	5244	6125	7864	8254	4235	5158	6843	8079	9844	10625
0:15:18	30.0	3332	4105	5104	6221	7904	8246	4239	5153	6795	8056	9789	10755
0:15:24	30.0	3296	4210	5192	6225	7789	8224	4229	5186	6770	8105	9899	10698
0:15:30	30.0	3337	4134	5146	6076	7927	8142	4207	5169	6850	8090	9859	10756
0:15:36	30.0	3321	4096	5117	6160	7803	8235	4300	5136	6718	8056	9917	10718
0:15:42	30.0	3305	4172	5159	6099	7937	8265	4178	5141	6695	8042	9822	10710
0:15:48	30.0	3272	4163	5145	6137	7930	8154	4204	5152	6844	7997	9716	10687
0:15:54	30.0	3332	4092	5176	6034	7830	8245	4232	5127	6829	8044	9806	10721
0:16:00	30.0	3312	4106	5166	6164	7851	8246	4298	5196	6820	8005	9704	10756
0:16:06	30.0	3316	4098	5136	6155	7835	8202	4166	5173	6820	7920	9804	10583
0:16:12	30.0	3258	4142	5074	6179	7903	8175	4216	5160	6811	7988	9830	10618
0:16:18	30.0	3331	4106	5113	6150	7803	8245	4211	5131	6718	8079	9825	10614
0:16:24	30.0	3262	4090	5134	6173	7779	8166	4153	5127	6676	7965	9666	10857
0:16:30	30.0	3258	4120	5222	6164	7845	8249	4205	5044	6664	7971	9735	10612
0:16:36	30.0	3328	4105	5111	6104	7815	8111	4152	5128	6719	8057	9852	10586
0:16:42	30.0	3343	4177	5090	6166	7785	8182	4221	5124	6708	7923	9710	10690
0:16:48	30.0	3280	4152	5157	6135	7784	8169	4189	5106	6644	8091	9691	10603
0:16:54	30.0	3318	4095	5141	6144	7851	8189	4125	5066	6744	7931	9689	10666
0:17:00	30.0	3298	4089	5150	6091	7741	8150	4126	4952	6676	8005	9702	10558
0:17:06	30.0	3271	4187	5158	6186	7940	8157	4198	5041	6713	7810	9622	10578
0:17:12	30.0	3274	4165	5096	6038	7659	8321	4128	5061	6699	7914	9582	10536
0:17:18	30.0	3283	4134	5202	6127	7929	8147	4181	5086	6732	7976	9640	10577
0:17:24	30.0	3286	4144	5177	6191	7812	8250	4172	5061	6711	7880	9668	10610
0:17:30	30.1	3266	4053	5141	6091	7863	8098	4071	4985	6710	7846	9687	10498
0:17:36	30.0	3333	4213	5139	6233	7844	8145	4120	5027	6698	7930	9706	10430
0:17:42	30.1	3375	4100	5198	6087	7782	8191	4167	4991	6654	7922	9666	10441
0:17:48	30.1	3347	4087	5216	6130	7792	8229	4035	5027	6723	7917	9706	10388
0:17:54	30.1	3272	4151	5118	6105	7804	8153	4055	5018	6645	7835	9515	10439
0:18:00	30.1	3288	4119	5203	6102	7853	8100	4075	5053	6567	7829	9544	10523
0:18:06	30.0	3325	4116	5288	6257	7883	8249	4103	5044	6632	7912	9548	10494
0:18:12	30.1	3296	4087	5229	6211	7932	8234	4075	5009	6693	7960	9622	10525
0:18:18	30.1	3403	4149	5131	6089	7876	8147	4090	5068	6697	7824	9550	10372
0:18:24	30.1	3317	4115	5222	6170	8013	8123	4033	5008	6649	7897	9608	10514
0:18:30	30.1	3279	4174	5177	6164	7814	8250	4083	5009	6695	7917	9563	10499
0:18:36	30.1	3293	4188	5120	6195	7874	8201	4115	4935	6621	7844	9526	10430
0:18:42	30.1	3312	4134	5103	6107	7734	8303	4089	5093	6597	7807	9620	10537
0:18:48	30.0	3338	4083	5180	6131	7957	8195	4128	4964	6621	7821	9489	10490
0:18:54	30.1	3255	4149	5208	6223	7889	8213	4104	4976	6611	7760	9493	10447
0:19:00	30.1	3241	4101	5155	6088	7923	8210	4061	4978	6626	7762	9616	10371
0:19:06	30.1	3285	4042	5114	6099	7789	8265	3998	5061	6539	7801	9455	10427
0:19:12	30.1	3319	4092	5133	6118	7831	8095	4049	4958	6589	7808	9567	10514
0:19:18	30.1	3280	4133	5138	6247	7899	8165	4070	4936	6646	7874	9500	10251
0:19:24	30.1	3266	4092	5183	6212	7906	8246	3960	5008	6527	7730	9401	10523
0:19:30	30.1	3354	4139	5184	6245	7793	8109	4045	4915	6552	7794	9526	10242
0:19:36	30.0	3315	4086	5170	6193	7860	8344	4045	5008	6623	7757	9518	10487
0:19:42	30.1	3405	4166	5318	6162	7784	8118	4019	4970	6598	7859	9544	10345
0:19:48	30.1	3389	4158	5080	6165	7831	8239	3966	4951	6553	7791	9521	10455
0:19:54	30.1	3363	4076	5111	6159	8032	8089	3997	4915	6491	7700	9414	10258
0:20:00	30.1	3316	4115	5143	6162	7941	8287	4011	4961	6508	7846	9490	10367
0:20:06	30.1	3373	4166	5132	6189	7939	8142	4041	4928	6512	7758	9479	10289
0:20:12	30.1	3279	4160	5155	6232	7738	8160	3992	4906	6550	7786	9410	10302
0:20:18	30.0	3310	4184	5060	6142	7920	8368	3976	4932	6589	7782	9472	10346
0:20:24	30.1	3355	4107	5168	6247	7868	8172	4040	4932	6582	7638	9402	10371
0:20:30	30.1	3303	4081	5168	6128	7845	8229	3946	4914	6616	7689	9389	10258
0:20:36	30.1	3357	4016	5310	6163	7959	8182	3972	4892	6434	7739	9261	10283
0:20:42	30.1	3349	4119	5142	6209	7835	8239	3987	4857	6588	7826	9405	10410
0:20:48	30.1	3345	4141	5133	6127	7963	8266	3940	4947	6489	7715	9491	10144
0:20:54	30.1	3302	4124	5035	6149	8029	8216	3914	4809	6507	7602	9350	10242
0:21:00	30.1	3357	4180	5077	6293	7940	8312	3859	4901	6494	7663	9448	10396
0:21:06	30.1	3365	4166	5103	6164	7850	8295	3927	4877	6571	7694	9404	10450
0:21:12	30.1	3331	4077	5186	6209	7854	8276	3922	4825	6478	7665	9238	10224
0:21:18	30.1	3356	4047	5090	6195	7864	8272	3980	4924	6554	7759	9496	10275
0:21:24	30.1	3358	4071	5058	6186	7985	8310	3964	4892	6426	7631	9440	10202
0:21:30	30.1	3327	4089	5107	6219	7901	8383	4022	4838	6502	7618	9392	10295
0:21:36	30.1	3385	4114	5107	6275	7975	8218	3947	4870	6493	7573	9389	10239
0:21:42	30.1	3284	4044	5179	6277	8016	8221	3988	4879	6496	7534	9364	10191
0:21:48	30.1	3369	4086	5134	6173	8099	8341	3953	4801	6424	7615	9332	10165
0:21:54	30.1	3346	4109	5107	6258	7876	8105	3981	4874	6381	7677	9379	10290
0:22:00	30.1	3369	4139	5060	6138	7898	8296	3952	4837	6467	7544	9402	10149
0:22:06	30.1	3322	4014	5094	6217	7887	8329	3980	4828	6369	7658	9304	10267
0:22:12	30.1	3325	4122	5108	6174	7994	8354	3919	4849	6410	7613	9286	10155
0:22:18	30.1	3358	4090	5129	6267	8018	8358	3785	4843	6509	7565	9259	10168
0:22:24	30.1	3317	4104	5117	6216	7977	8382	3967	4742	6453	7585	9240	10134
0:22:30	30.1	3387	4068	5258	6201	8003	8246	3962	4781	6521	7507	9275	10276
0:22:36	30.1	3345	4091	5179	6280	7943	8209	3909	4851	6363	7597	9292	10126
0:22:42	30.1	3311	4093	5030	6193	8002	8345	3911	4739	6418	7527	9274	10164
0:22:48	30.1	3298	4065	5187	6223	7968	8314	3871	4749	6376	7518	9264	10214
0:22:54	30.1	3385	4085	5081	6265	7891	8378	3895	4785	6474	7533	9222	10068
0:23:00	30.1	3354	4059	5131	6227	7991	8297	3898	4791	6364	7419	9349	10137
0:23:06	30.1	3389	4122	5133	6153	7956	8341	3866	4715	6485	7560	9151	10113
0:23:12	30.1	3359	4128	5018	6217	7983	8353	3916	4727	6362	7555	9174	10187
0:23:18	30.1	3234	4085	5160	6221	7930	8322	3933	4802	6306	7451	9226	10024
0:23:24	30.1	3359	4123	5139	6194	7924	8309	3878	4712	6438	7450	9158	10108
0:23:30	30.1	3329	4069	5106	6354	7975	8327	3961	4727	6219	7573	9238	10127
0:23:36	30.1	3345	4111	5116	6329	7932	8186	3830	4778	6334	7542	9378	10058
0:23:42	30.1	3370	4073	5091	6253	7985	8265	3843	4832	6278	7480	9119	10142
0:23:48	30.1	3333	4010	5073	6256	7911	8408	3905	4782	6338	7463	9192	9970
0:23:54	30.1	3375	4056	5057	6295	7982	8237	3828	4774	6370	7459	9189	9951
0:24:00	30.1	3318	4096	5179	6289	8090	8356	3920	4787	6276	7498	9102	10130
0:24:06	30.1	3320	4041	5079	6250	7971	8225	3839	4769	6325	7436	9219	10063
0:24:12	30.1	3276	4036	5092	6228	7919	8416	3880	4743	6285	7474	9075	9953
0:24:18	30.1	3367	4059	5095	6425	7911	8343	3869	4734	6339	7375	9195	10095
0:24:24	30.1	3326	4074	5122	6336	7953	8246	3846	4679	6288	7487	9228	10080
0:24:30	30.1	3351	4054	5188	6293	7967	8346	3800	4691	6223	7463	9165	9852
0:24:36	30.1	3342	4030	5075	6201	7925	8360	3820	4800	6263	7408	9107	10121
0:24:42	30.1	3318	4060	5113	6209	7982	8266	3780	4639	6216	7482	9138	9824
0:24:48	30.1	3377	4165	5119	6230	8005	8288	3869	4727	6306	7401	9193	9967
0:24:54	30.1	3383	4063	5095	6224	8000	8346	3839	4659	6249	7455	9117	9922
0:25:00	30.1	3299	4013	5060	6209	8031	8240	3755	4654	6199	7467	9046	10001
0:25:06	30.1	3316	4095	5158	6087	8040	8245	3775	4678	6320	7393	9131	9989
0:25:12	30.1	3284	3984	5072	6243	7968	8344	3801	4779	6193	7460	9066	9992
0:25:18	30.1	3304	4033	5128	6315	7880	8311	3688	4711	6238	7452	9080	9782
0:25:24	30.1	3347	4051	5168	6324	7945	8301	3863	4666	6252	7386	9217	9934
0:25:30	30.1	3309	4014	5144	6293	7973	8310	3741	4767	6244	7328	9042	10030
0:25:36	30.1	3285	4030	5155	6174	7956	8277	3797	4728	6173	7407	9057	9900
0:25:42	30.1	3293	4040	5027	6194	8032	8311	3845	4635	6220	7406	9067	9989
0:25:48	30.1	3318	4041	5082	6302	8001	8292	3810	4710	6203	7444	9075	9899
0:25:54	30.1	3347	4045	5041	6281	7914	8179	3767	4669	6250	7382	8985	9978
0:26:00	30.1	3305	4050	5066	6271	8077	8237	3730	4664	6192	7310	8969	9902
0:26:06	30.1	3313	4024	5053	6219	8009	8268	3809	4615	6173	7497	9011	9858
0:26:12	30.1	3336	4081	5101	6256	8063	8365	3732	4698	6108	7258	9003	9997
0:26:18	30.1	3372	4021	5053	6270	7914	8307	3761	4706	6240	7439	9069	9813
0:26:24	30.1	3315	3996	5060	6286	7916	8295	3681	4663	6234	7326	8976	9776
0:26:30	30.1	3257	4049	5038	6222	7984	8339	3702	4665	6131	7274	8904	9804
0:26:36	30.1	3286	4050	5043	6193	7910	8193	3780	4549	6127	7274	8947	9893
0:26:42	30.1	3241	4035	5054	6172	7961	8237	3740	4614	6167	7312	8948	9865
0:26:48	30.1	3280	4033	5114	6223	8052	8370	3836	4621	6123	7265	9022	9832
0:26:54	30.1	3408	4017	5065	6239	7991	8245	3700	4634	6138	7161	8901	9790
0:27:00	30.1	3291	4036	5043	6324	7983	8229	3700	4682	6149	7213	9004	9850
0:27:06	30.1	3323	4037	5150	6249	8039	8301	3742	4595	6150	7241	8858	9839
0:27:12	30.1	3329	4012	5125	6349	7900	8369	3732	4556	6079	7198	8991	9888
0:27:18	30.1	3304	4086	5093	6263	7937	8285	3795	4595	6128	7292	8893	9702
0:27:24	30.1	3260	4051	5108	6214	7802	8191	3744	4565	6202	7227	8957	9817
0:27:30	30.1	3353	4032	5012	6095	8032	8292	3722	4546	6106	7275	8819	9819
0:27:36	30.1	3289	4023	5069	6271	7837	8219	3648	4599	6223	7262	8956	9887
0:27:42	30.1	3214	4069	4977	6256	7915	8316	3690	4534	6066	7243	8988	9804
0:27:48	30.1	3304	4007	5007	6092	7798	8197	3718	4530	6062	7267	8912	9820
0:27:54	30.1	3318	4083	5110	6240	7912	8089	3715	4574	6075	7185	8903	9808
0:28:00	30.1	3292	4121	4953	6226	7926	8178	3678	4512	6094	7257	8898	9755
0:28:06	30.1	3310	4051	5036	6118	7755	8283	3660	4566	6115	7283	8883	9721
0:28:12	30.1	3274	3967	5064	6257	7899	8153	3618	4626	6055	7267	8860	9733
0:28:18	30.1	3311	4046	5055	6231	7990	8266	3645	4438	6031	7188	8882	9751
0:28:24	30.1	3236	4018	5106	6088	8004	8293	3714	4527	6092	7206	8900	9757
0:28:30	30.1	3278	4037	5024	6127	7884	8211	3704	4538	6006	7133	8827	9735
0:28:36	30.1	3240	4014	5045	6120	7983	8183	3644	4518	6071	7226	8780	9615
0:28:42	30.1	3288	3995	5070	6132	7912	8332	3678	4523	6088	7175	8803	9623
0:28:48	30.1	3290	3979	4915	6303	7923	8215	3637	4576	6029	7208	8759	9660
0:28:54	30.1	3292	4002	5075	6203	7900	8275	3655	4581	6012	7223	8896	9677
0:29:00	30.1	3260	4013	5056	6210	7967	8348	3649	4503	6029	7172	8827	9672
0:29:06	30.1	3262	3959	5081	6267	7958	8284	3667	4474	6013	7180	8769	9649
0:29:12	30.1	3262	4052	5036	6272	7878	8219	3707	4463	6043	7173	8733	9646
0:29:18	30.1	3197	4021	5098	6189	7748	8162	3645	4497	6043	7214	8814	9647
0:29:24	30.1	3308	4072	4947	6183	7759	8288	3700	4570	6000	7214	8735	9779
0:29:30	30.1	3240	4052	5111	6202	7858	8257	3656	4551	6038	7156	8754	9597
0:29:36	30.1	3208	4050	5045	6218	7828	8254	3664	4573	5972	7055	8845	9602
0:29:42	30.1	3283	4067	5113	6185	7857	8296	3629	4579	6044	7130	8834	9711
0:29:48	30.1	3292	3976	5025	6255	7975	8269	3614	4416	6042	7154	8692	9599
0:29:54	30.1	3248	4061	5122	6240	7873	8187	3626	4489	6033	7089	8805	9714
0:30:00	30.1	3271	4079	4993	6173	7944	8314	3634	4580	5956	7212	8735	9624
0:30:06	30.1	3257	3943	5075	6090	7793	8160	3656	4428	6066	7101	8767	9669
0:30:12	30.1	3245	4085	5066	6161	7860	8208	3622	4497	6016	7124	8898	9615
0:30:18	30.1	3258	4024	5002	6234	7867	8212	3608	4543	6022	7077	8654	9583
0:30:24	30.1	3262	3978	5020	6197	7910	8159	3664	4439	5995	7091	8765	9545
0:30:30	30.1	3293	3980	5028	6162	7889	8189	3677	4452	5997	7083	8779	9582
0:30:36	30.1	3232	3973	4989	6204	7913	8174	3650	4466	5908	6957	8725	9793
0:30:42	30.1	3224	4052	5014	6201	7818	8185	3636	4479	5997	7116	8783	9686
0:30:48	30.1	3271	3965	5053	6126	7808	8271	3581	4496	5890	7133	8732	9750
0:30:54	30.1	3217	3966	5058	6167	7862	8232	3575	4468	5924	6928	8738	9848
0:31:00	30.1	3309	3975	5042	6149	7829	8145	3581	4444	5934	7103	8813	9527
0:31:06	30.1	3283	3991	5083	6076	8031	8184	3583	4420	5906	7106	8732	9557
0:31:12	30.1	3296	3996	5006	6132	7855	8240	3619	4439	6019	7028	8732	9586
0:31:18	30.1	3227	3991	5018	6188	7900	8324	3549	4419	5995	7075	8645	9624
0:31:24	30.1	3264	3983	5044	6230	7972	8241	3621	4482	6071	7047	8743	9474
0:31:30	30.1	3288	3998	4991	6081	7809	8093	3578	4419	5919	6984	8582	9565
0:31:36	30.1	3289	4014	5010	6156	7907	8296	3623	4430	5917	7038	8710	9555
0:31:42	30.1	3284	3976	5018	6237	7818	8107	3606	4425	5902	7026	8716	9512
0:31:48	30.1	3215	3958	5086	6236	7973	8298	3596	4362	5950	7133	8680	9509
0:31:54	30.1	3263	4013	4983	6117	7764	8183	3610	4397	5934	7030	8664	9426
0:32:00	30.1	3283	4110	5049	6130	7946	8192	3593	4533	5892	7104	8662	9432
0:32:06	30.1	3239	3999	4978	6123	7774	8202	3604	4427	5916	6987	8663	9498
0:32:12	30.1	3237	3945	5060	6086	7749	8251	3569	4418	5913	6941	8646	9478
0:32:18	30.1	3183	3941	5022	6147	7690	8191	3580	4375	5866	7076	8607	9492
0:32:24	30.1	3204	3969	4972	6133	7895	8239	3532	4412	5918	6998	8727	9461
0:32:30	30.1	3254	4021	5026	6065	7949	8186	3574	4400	5873	7048	8709	9547
0:32:36	30.1	3280	3995	5031	6087	7787	8303	3626	4439	5810	6997	8604	9529
0:32:42	30.1	3269	3928	4963	6117	7823	8278	3639	4439	5918	6930	8629	9588
0:32:48	30.1	3243	4001	4961	6177	7800	8151	3519	4471	5901	6999	8655	9484
0:32:54	30.2	3250	3946	4933	6128	7741	8286	3534	4380	5900	7112	8709	9460
0:33:00	30.1	3282	3939	4990	6227	7847	8194	3553	4402	5780	6884	8628	9443
0:33:06	30.1	3262	3998	4967	6183	7728	8075	3494	4453	5921	6907	8562	9473
0:33:12	30.1	3249	3940	5007	6159	7895	8292	3522	4424	5833	6989	8620	9379
0:33:18	30.1	3248	3978	5027	6145	7904	8134	3546	4426	5814	7011	8571	9572
0:33:24	30.1	3225	3986	5033	6186	7859	8231	3546	4398	5777	6887	8541	9482
0:33:30	30.1	3270	3999	4981	6138	7766	8227	3501	4406	5821	6924	8592	9448
0:33:36	30.1	3190	4001	4941	6231	7839	8204	3513	4407	5871	6893	8580	9472
0:33:42	30.1	3262	3901	4995	6115	7721	8270	3567	4459	5829	7000	8614	9390
0:33:48	30.1	3262	4006	4968	6054	7843	8181	3559	4427	5872	6961	8611	9460
0:33:54	30.1	3232	3988	5001	6168	7866	8300	3579	4354	5888	6958	8633	9417
0:34:00	30.1	3240	3904	4980	6159	7795	8265	3488	4301	5820	6900	8681	9455
0:34:06	30.1	3296	3983	4994	6001	7678	8163	3548	4331	5847	6885	8579	9350
0:34:12	30.1	3167	3966	5001	6075	7762	8234	3576	4318	5757	6892	8513	9553
0:34:18	30.1	3207	4010	5002	6137	7851	8198	3619	4386	5836	6914	8479	9497
0:34:24	30.1	3233	3934	4989	6114	7828	8220	3499	4361	5784	6891	8521	9366
0:34:30	30.1	3248	3904	5040	6098	7756	8156	3558	4405	5832	6948	8620	9465
0:34:36	30.1	3255	4028	5101	6170	7802	8144	3520	4329	5794	6911	8595	9456
0:34:42	30.1	3240	3996	5018	6138	7773	8151	3548	4374	5796	6897	8495	9325
0:34:48	30.1	3199	3964	5068	6121	7690	8230	3456	4399	5793	6937	8567	9492
0:34:54	30.1	3179	4005	4992	6088	7780	8071	3527	4305	5801	6891	8535	9414
0:35:00	30.1	3304	3964	4974	6156	7857	8089	3464	4371	5769	6910	8450	9395
0:35:06	30.1	3209	4007	5111	6207	7809	8182	3528	4310	5807	6840	8567	9281
0:35:12	30.1	3212	4006	4941	6095	7781	8233	3494	4351	5789	6929	8485	9414
0:35:18	30.1	3288	3944	5016	6140	7780	8073	3524	4351	5802	6851	8445	9332
0:35:24	30.1	3221	3950	4954	6146	7742	8207	3573	4331	5731	6921	8432	9391
0:35:30	30.1	3189	3968	4959	6160	7739	8080	3475	4351	5762	6818	8495	9399
0:35:36	30.1	3225	3958	4950	6115	7682	8182	3494	4265	5759	6900	8476	9392
0:35:42	30.1	3248	3956	4986	6194	7761	8069	3484	4291	5823	6862	8426	9326
0:35:48	30.1	3240	4053	4954	6101	7757	8073	3508	4342	5666	6875	8519	9417
0:35:54	30.1	3261	3982	5019	6194	7904	8209	3489	4256	5785	6822	8485	9260
0:36:00	30.1	3246	4005	5016	6042	7766	8113	3492	4343	5704	6738	8513	9363
0:36:06	30.1	3233	3925	5001	6157	7859	8067	3459	4255	5770	6830	8561	9324
0:36:12	30.1	3256	3957	5039	6050	7678	8074	3461	4354	5753	6762	8403	9407
0:36:18	30.1	3215	3939	4970	6148	7768	8049	3507	4251	5813	6846	8460	9431
0:36:24	30.1	3238	3922	4993	6091	7747	8126	3441	4272	5752	6934	8503	9326
0:36:30	30.1	3212	4025	5023	6146	7752	8138	3494	4257	5754	6806	8398	9372
0:36:36	30.1	3187	3945	5040	5995	7777	8104	3461	4298	5809	6794	8432	9287
0:36:42	30.1	3195	3912	5011	6061	7797	8065	3455	4347	5817	6858	8438	9212
0:36:48	30.1	3296	3940	4885	6142	7881	8158	3499	4324	5708	6831	8526	9177
0:36:54	30.1	3249	3902	5011	6052	7772	8106	3439	4236	5696	6823	8477	9272
0:37:00	30.1	3224	3933	4944	6140	7835	8165	3461	4315	5804	6908	8467	9286
0:37:06	30.1	3198	3942	4995	6002	7791	8242	3512	4274	5717	6774	8459	9322
0:37:12	30.1	3204	3894	5068	6163	7717	8055	3424	4227	5697	6806	8419	9303
0:37:18	30.1	3225	3876	4949	6156	7783	8101	3487	4340	5691	6685	8452	9268
0:37:24	30.1	3265	3926	5046	6258	7881	8197	3434	4330	5705	6621	8394	9242
0:37:30	30.1	3240	3974	4969	6094	7830	8158	3453	4285	5636	6780	8393	9263
0:37:36	30.1	3253	3936	4886	6125	7747	8084	3463	4203	5696	6831	8387	9263
0:37:42	30.1	3192	3984	4928	6195	7769	8156	3427	4225	5710	6848	8401	9176
0:37:48	30.1	3253	3995	4950	6011	7679	8092	3450	4299	5668	6786	8383	9257
0:37:54	30.1	3209	3982	4868	6122	7769	8234	3449	4285	5793	6801	8403	9214
0:38:00	30.1	3227	3940	4973	6087	7726	8104	3411	4243	5674	6721	8422	9248
0:38:06	30.1	3302	3989	4941	6005	7810	8087	3413	4237	5662	6760	8394	9255
0:38:12	30.1	3223	4023	4962	6138	7760	8063	3455	4263	5759	6761	8344	9268
0:38:18	30.1	3250	4031	5074	6124	7856	7936	3439	4257	5693	6819	8431	9155
0:38:24	30.1	3218	3937	4995	6120	7818	8142	3461	4280	5660	6866	8286	9270
0:38:30	30.1	3283	3966	4939	6129	7729	8004	3418	4255	5706	6788	8367	9231
0:38:36	30.1	3197	3880	4911	6072	7762	8183	3401	4216	5601	6685	8446	9177
0:38:42	30.1	3241	4006	5007	6096	7764	8087	3414	4235	5678	6768	8388	9131
0:38:48	30.1	3258	3961	4930	6119	7752	8087	3390	4257	5619	6672	8257	9213
0:38:54	30.1	3230	3952	4994	6131	7660	8013	3407	4237	5618	6773	8439	9273
0:39:00	30.1	3262	3959	5003	6044	7773	8202	3423	4210	5692	6758	8329	9172
0:39:06	30.1	3268	3911	5018	6136	7897	8024	3443	4256	5600	6739	8335	9092
0:39:12	30.1	3250	4036	4972	6159	7758	8091	3378	4216	5705	6722	8307	9186
0:39:18	30.1	3211	3992	4836	6043	7751	8119	3460	4182	5578	6798	8276	9236
0:39:24	30.1	3200	3959	4959	6092	7834	8073	3439	4239	5591	6758	8325	9174
0:39:30	30.1	3242	3982	4884	6091	7783	8182	3474	4258	5651	6711	8370	9095
0:39:36	30.1	3212	3913	4956	6097	7836	8102	3447	4251	5659	6597	8366	9139
0:39:42	30.1	3200	3935	5018	6122	7747	8121	3379	4297	5651	6670	8278	9165
0:39:48	30.1	3207	3926	4975	6172	7826	8076	3374	4264	5628	6648	8284	9122
0:39:54	30.1	3249	3920	4951	6065	7745	8033	3403	4136	5629	6658	8279	9170
0:40:00	30.1	3177	3967	4920	6075	7747	8157	3443	4277	5599	6716	8191	9081
0:40:06	30.1	3213	3926	4965	6053	7735	8098	3378	4260	5611	6616	8223	9125
0:40:12	30.1	3187	3929	4997	6119	7711	8196	3364	4177	5610	6812	8236	9136
0:40:18	30.1	3188	3948	4924	6131	7838	8107	3432	4249	5583	6785	8258	9222
0:40:24	30.1	3219	3960	5044	6076	7786	8124	3381	4268	5633	6728	8270	9084
0:40:30	30.1	3164	3936	4993	6073	7812	8105	3420	4231	5594	6714	8318	9053
0:40:36	30.1	3201	3926	4943	6043	7603	8118	3478	4134	5601	6685	8219	9168
0:40:42	30.1	3246	3917	4956	6073	7735	8171	3388	4178	5598	6603	8125	9115
0:40:48	30.1	3196	3894	4957	6114	7750	8065	3370	4175	5578	6691	8332	9153
0:40:54	30.1	3251	3926	4989	6175	7736	8157	3334	4168	5626	6638	8270	9145
0:41:00	30.1	3188	3902	4951	6133	7734	8129	3356	4171	5626	6709	8166	9028
0:41:06	30.1	3239	3979	4919	6096	7686	8114	3387	4181	5586	6683	8314	9038
0:41:12	30.1	3194	3858	4889	6040	7859	8020	3387	4174	5737	6636	8347	9072
0:41:18	30.1	3205	3972	4956	6074	7823	8050	3384	4217	5613	6624	8196	9062
0:41:24	30.1	3188	3953	4954	5966	7673	7939	3416	4170	5588	6657	8183	9004
0:41:30	30.1	3236	3988	4910	6085	7737	8164	3405	4164	5607	6588	8323	8967
0:41:36	30.1	3211	3990	4915	6020	7779	8095	3382	4150	5597	6602	8238	9156
0:41:42	30.1	3225	3964	5032	6135	7701	8008	3371	4223	5548	6684	8171	9198
0:41:48	30.1	3241	3899	4923	6033	7597	7953	3353	4188	5585	6529	8252	8969
0:41:54	30.1	3175	3854	4906	6138	7716	8064	3355	4081	5604	6619	8158	9141
0:42:00	30.1	3180	3981	4930	6042	7833	8081	3393	4123	5516	6638	8317	9000
0:42:06	30.1	3281	3953	4949	6028	7696	8026	3291	4217	5541	6635	8098	9187
0:42:12	30.1	3192	3966	5009	6105	7801	8050	3383	4153	5485	6587	8206	9158
0:42:18	30.1	3208	3879	5014	6074	7771	8193	3314	4168	5537	6671	8126	9037
0:42:24	30.1	3144	3927	4891	6127	7739	8079	3418	4135	5548	6563	8264	9238
0:42:30	30.1	3182	3932	4985	6066	7704	8036	3365	4130	5502	6638	8233	9073
0:42:36	30.1	3200	3905	4985	6010	7651	7989	3322	4145	5613	6699	8193	8923
0:42:42	30.1	3214	3939	5004	5973	7792	8122	3375	4069	5518	6611	8161	8972
0:42:48	30.1	3237	3883	4962	6056	7812	8158	3352	4109	5534	6719	8286	8959
0:42:54	30.1	3172	3954	5038	6004	7689	8131	3376	4234	5586	6648	8239	8982
0:43:00	30.1	3249	3931	4991	5972	7810	7913	3323	4171	5538	6586	8173	9033
0:43:06	30.1	3223	3957	4926	6116	7817	8091	3439	4166	5501	6547	8113	8954
0:43:12	30.1	3230	3907	4947	6102	7709	8057	3353	4207	5584	6585	8151	9046
0:43:18	30.1	3217	3950	4937	6100	7789	8111	3341	4102	5519	6629	8076	8914
0:43:24	30.1	3224	3836	5011	6029	7696	8032	3322	4103	5480	6578	8119	8916
0:43:30	30.1	3197	3926	4903	6120	7723	7975	3393	4202	5520	6600	8065	8890
0:43:36	30.1	3193	3925	4995	6049	7701	7984	3361	4178	5533	6500	8092	8880
0:43:42	30.1	3195	3919	4883	6036	7709	8067	3308	4140	5619	6639	8157	9072
0:43:48	30.1	3204	3833	4953	5943	7803	8110	3365	4127	5497	6582	8110	9092
0:43:54	30.1	3209	3894	4952	6066	7728	8104	3329	4149	5521	6604	8119	8996
0:44:00	30.1	3233	3987	4916	6063	7757	8026	3335	4131	5526	6556	8066	8941
0:44:06	30.1	3273	3856	4997	6085	7643	8181	3351	4177	5491	6537	8156	8927
0:44:12	30.1	3122	3998	4858	6067	7829	8074	3398	4055	5504	6645	8150	8937
0:44:18	30.1	3198	3943	4928	6105	7707	8016	3317	4112	5510	6518	8173	8999
0:44:24	30.1	3179	3931	4908	6019	7636	8011	3297	4067	5576	6522	8095	8932
0:44:30	30.1	3204	3861	4945	5955	7767	8056	3349	4113	5547	6551	8132	8957
0:44:36	30.1	3209	3895	4896	5978	7676	8046	3341	4097	5465	6419	8098	9004
0:44:42	30.1	3198	3875	5003	6131	7604	8116	3344	4160	5500	6557	7958	8997
0:44:48	30.1	3178	3930	4903	6114	7581	8007	3382	4138	5472	6524	8122	9017
0:44:54	30.1	3173	3860	4919	6095	7732	8052	3300	4143	5488	6542	8206	8998
0:45:00	30.1	3161	3918	4913	6025	7658	8003	3345	4141	5392	6541	8068	8929
0:45:06	30.1	3172	3851	4992	6087	7722	8067	3349	4074	5503	6539	8081	8731
0:45:12	30.1	3192	3906	4971	5995	7731	8046	3321	4054	5473	6485	8097	8901
0:45:18	30.1	3178	3885	4923	5990	7687	8047	3326	4066	5478	6464	8016	8921
0:45:24	30.1	3195	3952	4971	6109	7682	8179	3408	4058	5373	6390	8052	9002
0:45:30	30.1	3164	3985	4946	6089	7690	7994	3301	4101	5431	6508	8083	8930
0:45:36	30.1	3237	3855	4879	6070	7721	8007	3287	4113	5444	6471	8190	8893
0:45:42	30.1	3191	3899	4927	6000	7728	8034	3321	4099	5419	6443	8198	8877
0:45:48	30.1	3171	3841	4985	5878	7577	8121	3347	4085	5563	6502	8226	8956
0:45:54	30.1	3173	3880	4967	5991	7832	8154	3287	4096	5565	6545	8056	9026
0:46:00	30.1	3180	3887	4929	6048	7690	8086	3266	4108	5433	6587	8079	8850
0:46:06	30.1	3198	3870	4906	6066	7590	8011	3299	4023	5536	6413	8057	8919
0:46:12	30.1	3184	3961	4869	6063	7636	8027	3325	4075	5462	6500	8066	8795
0:46:18	30.1	3170	3977	4910	5973	7781	8077	3309	4111	5418	6544	8148	8870
0:46:24	30.1	3178	3903	4879	5971	7698	7978	3327	4155	5441	6485	8077	8778
0:46:30	30.1	3192	3920	4838	6007	7685	8008	3203	4075	5383	6587	8092	8833
0:46:36	30.1	3149	3914	4936	5945	7654	8072	3278	4097	5443	6548	8061	9028
0:46:42	30.1	3151	3902	4862	6092	7608	8057	3295	4056	5339	6363	8071	8890
0:46:48	30.1	3167	3861	4938	6026	7506	7974	3282	4055	5406	6452	8046	8831
0:46:54	30.1	3205	3968	4876	6048	7690	7997	3301	4039	5428	6636	8075	8832
0:47:00	30.1	3208	3866	4982	6007	7615	7995	3315	4078	5485	6554	7930	8958
0:47:06	30.1	3180	3873	4994	6096	7670	8141	3322	4090	5399	6491	7925	8982
0:47:12	30.1	3213	3874	4839	6072	7710	8079	3298	4093	5361	6495	8008	8855
0:47:18	30.1	3300	3930	4898	5926	7627	8019	3283	4071	5456	6353	8031	8844
0:47:24	30.1	3196	3843	4903	6080	7648	7978	3276	4089	5428	6468	8052	8693
0:47:30	30.1	3191	3848	4950	5858	7613	8006	3288	4054	5552	6437	8013	8828
0:47:36	30.1	3168	3815	4937	5962	7733	8030	3341	3981	5456	6534	8093	8816
0:47:42	30.1	3148	3932	4914	5910	7708	8006	3372	4067	5403	6387	8030	8764
0:47:48	30.1	3166	3907	4947	6018	7746	7943	3316	4155	5450	6410	7953	8849
0:47:54	30.1	3134	3938	4976	5984	7700	8063	3328	4088	5447	6457	7976	8876
0:48:00	30.1	3177	3915	4923	6012	7690	8054	3270	4003	5450	6437	8020	8857
0:48:06	30.1	3073	3865	4853	6022	7689	7971	3275	4023	5494	6449	7947	8827
0:48:12	30.1	3130	3911	5003	6027	7618	7952	3273	3954	5386	6360	8057	8894
0:48:18	30.1	3201	3852	4908	6079	7674	8071	3278	3947	5402	6488	7832	8838
0:48:24	30.1	3186	3885	4827	6087	7556	8118	3293	4103	5342	6445	7934	8806
0:48:30	30.1	3210	3914	4870	5911	7633	7925	3256	4031	5370	6465	7935	8719
0:48:36	30.1	3226	3918	4889	6045	7522	8050	3207	3983	5473	6482	7956	8837
0:48:42	30.1	3209	3857	4859	6045	7637	7976	3250	4050	5372	6461	8012	8769
0:48:48	30.1	3209	3925	4923	6132	7613	7935	3278	4004	5425	6365	7963	8842
0:48:54	30.1	3117	3884	4871	5993	7605	8136	3277	4032	5395	6488	8086	8719
0:49:00	30.1	3127	3972	4944	5993	7748	8005	3290	3994	5335	6372	8064	8735
0:49:06	30.1	3098	3900	4896	5994	7665	8075	3299	3975	5381	6425	7971	8638
0:49:12	30.1	3196	3921	4934	5981	7687	7991	3286	4028	5400	6375	8054	8700
0:49:18	30.1	3235	3890	4879	6069	7699	8111	3253	4050	5351	6373	7813	8708
0:49:24	30.1	3139	3929	4898	6053	7661	7938	3220	3999	5384	6505	7977	8912
0:49:30	30.1	3185	3901	4818	5989	7700	8025	3264	3932	5326	6412	7870	8739
0:49:36	30.1	3196	3846	4869	5975	7616	8023	3278	3957	5419	6384	7863	8689
0:49:42	30.1	3136	3923	4867	5995	7686	8018	3297	3997	5423	6251	7916	8833
0:49:48	30.1	3232	3950	4913	5947	7674	8084	3262	3992	5470	6446	7930	8669
0:49:54	30.1	3168	3941	4966	6008	7601	8004	3238	4022	5401	6404	7847	8693
0:50:00	30.1	3144	3892	4863	6079	7612	7958	3288	4027	5523	6362	7903	8678
0:50:06	30.1	3157	3850	4852	6079	7549	8003	3256	3947	5242	6331	7990	8684
0:50:12	30.1	3175	3870	4897	6023	7692	8036	3250	3992	5401	6427	7887	8787
0:50:18	30.1	3180	3896	4828	6012	7652	8009	3268	3969	5331	6421	7922	8831
0:50:24	30.1	3162	3914	4880	6120	7633	8005	3269	4004	5399	6442	8011	8728
0:50:30	30.1	3165	3898	4927	6040	7697	8001	3242	4007	5406	6373	7867	8737
0:50:36	30.1	3174	3854	4844	6129	7557	7847	3275	4016	5427	6458	7832	8796
0:50:42	30.1	3108	3934	4858	6042	7674	7961	3333	3953	5317	6377	7993	8749
0:50:48	30.1	3205	3937	4856	6106	7641	7970	3238	4025	5348	6283	7949	8789
0:50:54	30.1	3203	3910	4881	6027	7605	7938	3241	3923	5418	6367	7935	8623
0:51:00	30.1	3155	3927	4891	6065	7636	7914	3282	3919	5325	6395	7845	8743
0:51:06	30.1	3214	3861	4910	6046	7705	7961	3284	4060	5445	6393	7891	8645
0:51:12	30.1	3188	3900	4979	6055	7720	7900	3202	3974	5345	6424	7879	8593
0:51:18	30.1	3125	3896	4892	6096	7613	7928	3242	4057	5243	6452	7892	8723
0:51:24	30.1	3217	3889	4824	6009	7700	8092	3234	3977	5270	6401	7871	8692
0:51:30	30.1	3226	3925	4895	5963	7689	8014	3211	3924	5425	6364	7885	8731
0:51:36	30.1	3163	3862	4891	5885	7641	8154	3240	3977	5420	6422	7846	8766
0:51:42	30.1	3135	3922	4824	6064	7619	7991	3238	3942	5321	6276	7929	8680
0:51:48	30.1	3157	3886	4913	6039	7555	7963	3291	4027	5168	6354	7810	8680
0:51:54	30.1	3121	3889	4887	6092	7725	7997	3166	4051	5349	6303	7841	8711
0:52:00	30.1	3176	3906	4873	6026	7624	7925	3213	3917	5364	6404	7916	8739
0:52:06	30.1	3159	3853	4903	6086	7678	7960	3279	3929	5340	6296	7829	8664
0:52:12	30.1	3133	3863	4906	5989	7720	7984	3171	3974	5345	6300	7849	8706
0:52:18	30.1	3172	3904	4911	6003	7591	8025	3199	3946	5322	6323	7833	8556
0:52:24	30.1	3123	3863	4985	6029	7582	8016	3245	3987	5290	6268	7748	8732
0:52:30	30.1	3109	3968	4862	5962	7680	7882	3216	3966	5305	6294	7945	8553
0:52:36	30.1	3159	3836	4960	5963	7663	7986	3204	3971	5259	6266	7791	8663
0:52:42	30.1	3119	3911	4823	6062	7604	8046	3251	3993	5409	6251	7861	8708
0:52:48	30.1	3158	3905	4844	5962	7543	7962	3154	3999	5392	6309	7826	8701
0:52:54	30.1	3114	3911	4958	6015	7682	7872	3200	3984	5376	6331	7859	8605
0:53:00	30.1	3168	3847	4956	5957	7542	7898	3153	3893	5336	6323	7904	8582
0:53:06	30.1	3131	3891	4831	5985	7649	8016	3205	3998	5339	6228	7723	8581
0:53:12	30.1	3153	3892	4870	6011	7770	7907	3175	3930	5313	6360	7720	8667
0:53:18	30.1	3093	3888	4965	6074	7589	7936	3232	3897	5292	6376	7780	8597
0:53:24	30.1	3145	3982	4894	5901	7586	7959	3230	3931	5350	6324	7729	8521
0:53:30	30.1	3221	3912	4958	5980	7665	8029	3199	3926	5268	6229	7798	8554
0:53:36	30.1	3265	3942	4887	6075	7586	7978	3202	3982	5322	6293	7965	8547
0:53:42	30.1	3165	3799	4859	5899	7598	8036	3220	3935	5285	6372	7839	8630
0:53:48	30.1	3161	3805	4936	5969	7588	7954	3249	3979	5220	6287	7778	8635
0:53:54	30.1	3180	3936	4925	5884	7697	7957	3172	3857	5302	6279	7809	8559
0:54:00	30.1	3108	3901	4837	6031	7357	8049	3218	3909	5257	6259	7862	8632
0:54:06	30.1	3152	3953	4928	5980	7674	7858	3235	3954	5286	6347	7741	8618
0:54:12	30.1	3157	3843	4922	5906	7653	8030	3204	3953	5316	6308	7786	8663
0:54:18	30.1	3142	3912	4870	5956	7608	7957	3202	3935	5254	6249	7868	8700
0:54:24	30.0	3183	3904	4874	6033	7559	7994	3191	3905	5334	6199	7761	8545
0:54:30	30.1	3206	3908	4872	6101	7630	7892	3247	3913	5411	6337	7757	8504
0:54:36	30.1	3168	3869	4923	5967	7636	8076	3259	3958	5283	6257	7808	8542
0:54:42	30.1	3191	3938	4941	5969	7600	7924	3203	3904	5286	6249	7729	8630
0:54:48	30.1	3060	3856	4810	5956	7663	7889	3216	3847	5286	6306	7726	8623
0:54:54	30.0	3122	3825	4839	5944	7651	8038	3209	3864	5291	6245	7757	8564
0:55:00	30.1	3114	3896	4843	6019	7658	7995	3124	3927	5273	6277	7720	8628
0:55:06	30.1	3131	3861	4863	5901	7520	7970	3177	3904	5332	6244	7773	8523
0:55:12	30.1	3090	3853	4892	5934	7633	7984	3130	3953	5203	6205	7792	8599
0:55:18	30.0	3109	3870	4837	6016	7589	7870	3177	3916	5245	6183	7697	8503
0:55:24	30.1	3133	3854	4862	5901	7585	7985	3150	3928	5176	6222	7831	8543
0:55:30	30.1	3136	3839	4876	6052	7599	8004	3194	3962	5253	6270	7676	8596
0:55:36	30.1	3111	3778	4843	6027	7606	7986	3162	3998	5295	6297	7728	8611
0:55:42	30.0	3121	3903	4852	5898	7586	7977	3165	3847	5259	6251	7779	8431
0:55:48	30.1	3128	3864	4884	5896	7533	7863	3181	3903	5178	6162	7694	8496
0:55:54	30.1	3130	3850	4838	6018	7656	7903	3188	3911	5289	6316	7836	8467
0:56:00	30.1	3191	3875	4870	6078	7567	7910	3194	3944	5241	6191	7648	8563
0:56:06	30.0	3177	3851	4818	6045	7627	7938	3192	3951	5201	6256	7721	8515
0:56:12	30.1	3200	3844	4887	5980	7610	8032	3208	3954	5224	6238	7689	8507
0:56:18	30.1	3128	3901	4878	5953	7605	7937	3173	3938	5273	6278	7745	8605
0:56:24	30.1	3102	3875	4851	6001	7626	7978	3174	3915	5198	6257	7758	8483
0:56:30	30.0	3137	3882	4794	6053	7708	7962	3157	3919	5199	6246	7731	8470
0:56:36	30.1	3180	3842	4787	6000	7577	7952	3133	3938	5135	6140	7779	8589
0:56:42	30.1	3201	3824	4815	5994	7694	7900	3183	3873	5206	6211	7735	8573
0:56:48	30.1	3144	3843	4882	5919	7596	8057	3236	3855	5210	6204	7777	8628
0:56:54	30.0	3091	3857	4920	6026	7509	7917	3174	3882	5285	6229	7756	8512
0:57:00	30.1	3086	3853	4853	6011	7648	8082	3228	3944	5134	6177	7737	8558
0:57:06	30.1	3185	3851	4930	5907	7520	7959	3198	3865	5133	6231	7699	8396
0:57:12	30.1	3138	3896	4850	5939	7569	7880	3111	3899	5252	6158	7676	8615
0:57:18	30.0	3143	3884	4729	5930	7667	7979	3158	3947	5166	6098	7605	8524
0:57:24	30.1	3124	3845	4831	5919	7700	7950	3171	3874	5163	6202	7613	8543
0:57:30	30.1	3177	3897	4893	5952	7606	8122	3182	3870	5175	6234	7671	8455
0:57:36	30.1	3101	3895	4775	5897	7588	7787	3207	3868	5201	6152	7709	8481
0:57:42	30.1	3104	3895	4821	5996	7548	7873	3206	3868	5198	6206	7634	8513
0:57:48	30.0	3106	3958	4891	5932	7542	7910	3151	3875	5199	6216	7730	8534
0:57:54	30.1	3085	3880	4878	5946	7643	7863	3166	3968	5233	6221	7686	8421
0:58:00	30.1	3156	3816	4875	6005	7651	7978	3179	3861	5300	6127	7667	8508
0:58:06	30.1	3119	3926	4879	5932	7564	7968	3201	3889	5165	6239	7733	8576
0:58:12	30.0	3057	3839	4836	5955	7592	7916	3174	3957	5278	6200	7742	8436
0:58:18	30.1	3077	3884	4892	6023	7547	7893	3166	3952	5101	6204	7643	8455
0:58:24	30.1	3132	3817	4818	5970	7800	7912	3184	3861	5191	6127	7625	8419
0:58:30	30.0	3188	3832	4875	5921	7518	7985	3158	3851	5165	6267	7707	8278
0:58:36	30.1	3165	3837	4791	6002	7499	7955	3138	3915	5155	6254	7652	8621
0:58:42	30.1	3090	3847	4812	6047	7606	8009	3194	3862	5155	6111	7685	8359
0:58:48	30.1	3146	3850	4837	5919	7551	7843	3216	3885	5246	6164	7630	8611
0:58:54	30.1	3126	3916	4883	5932	7620	7831	3147	3843	5181	6135	7649	8478
0:59:00	30.0	3147	3912	4846	5918	7510	7947	3156	3781	5267	6271	7775	8458
0:59:06	30.1	3112	3865	4822	5975	7571	7891	3213	3846	5153	6110	7740	8318
0:59:12	30.1	3128	3848	4816	5982	7507	7882	3142	3902	5205	6112	7598	8426
0:59:18	30.1	3078	3842	4922	5941	7665	7887	3092	3847	5159	6172	7619	8430
0:59:24	30.1	3131	3874	4839	5870	7541	7843	3120	3908	5168	6146	7610	8470
0:59:30	30.1	3125	3854	4774	5935	7654	7930	3131	3847	5236	6106	7674	8362
0:59:36	30.1	3154	3884	4895	5959	7656	7922	3086	3894	5141	6192	7706	8388
0:59:42	30.1	3104	3802	4824	5917	7619	7889	3127	3835	5220	6115	7657	8424
0:59:48	30.0	3134	3884	4877	5931	7522	7898	3147	3863	5189	6171	7605	8419
0:59:54	30.1	3158	3790	4838	5882	7624	7971	3107	3805	5246	6112	7574	8493
1:00:00	30.0	3098	3846	4802	5907	7573	7866	3151	3859	5208	6096	7633	8493
1:00:06	30.1	3199	3841	4845	5895	7533	7786	3131	3884	5210	6180	7742	8313
1:00:12	30.1	3150	3831	4815	6028	7583	7969	3159	3870	5231	6099	7580	8578
1:00:18	30.1	3100	3807	4842	5909	7653	7938	3197	3822	5162	6120	7614	8381
1:00:24	30.1	3165	3846	4933	5924	7492	7860	3133	3833	5239	6180	7610	8424
1:00:30	30.1	3137	3826	4870	5928	7479	7833	3109	3877	5131	6166	7472	8351
1:00:36	30.0	3126	3818	4752	5965	7638	7916	3114	3829	5130	6115	7645	8306
1:00:42	30.1	3162	3837	4864	5925	7591	7964	3106	3912	5188	6191	7660	8439
1:00:48	30.0	3102	3888	4791	5983	7590	7980	3147	3896	5119	6140	7639	8360
1:00:54	30.1	3085	3786	4859	6003	7615	7879	3095	3833	5055	6094	7489	8467
1:01:00	30.1	3105	3898	4911	6007	7564	7905	3125	3844	5119	6076	7631	8310
1:01:06	30.1	3146	3902	4830	5944	7565	7990	3140	3822	5182	6142	7636	8428
1:01:12	30.1	3170	3817	4870	5895	7601	8013	3196	3871	5203	6163	7669	8387
1:01:18	30.1	3145	3850	4885	5904	7549	8008	3131	3860	5168	6153	7561	8325
1:01:24	30.1	3092	3837	4827	5917	7623	7944	3174	3782	5032	6103	7644	8389
1:01:30	30.0	3127	3817	4747	5922	7706	7923	3114	3842	5201	6151	7545	8361
1:01:36	30.1	3135	3869	4810	5918	7634	7908	3116	3793	5200	6114	7586	8439
1:01:42	30.1	3165	3829	4805	5911	7621	7859	3081	3884	5105	6075	7486	8377
1:01:48	30.1	3109	3854	4797	5917	7510	8033	3151	3875	5052	6082	7614	8355
1:01:54	30.1	3153	3818	4856	5881	7654	7961	3136	3864	5181	6147	7455	8331
1:02:00	30.1	3111	3798	4793	6003	7554	7961	3122	3871	5133	6091	7528	8395
1:02:06	30.0	3112	3860	4770	6018	7580	7882	3177	3829	5164	6079	7478	8313
1:02:12	30.1	3107	3817	4808	5864	7450	7875	3089	3774	5157	6105	7531	8405
1:02:18	30.1	3155	3844	4849	5954	7570	7961	3085	3891	5161	6193	7456	8333
1:02:24	30.0	3054	3746	4801	6036	7543	7945	3153	3836	5137	6089	7572	8322
1:02:30	30.1	3122	3836	4811	5969	7625	7856	3088	3783	5128	6080	7581	8188
1:02:36	30.1	3046	3795	4799	5983	7562	7947	3129	3838	5186	6023	7668	8300
1:02:42	30.1	3095	3870	4772	5940	7667	7934	3136	3852	5064	6039	7632	8262
1:02:48	30.0	3056	3904	4783	5918	7588	7803	3121	3848	5133	6107	7543	8260
1:02:54	30.1	3131	3816	4735	5957	7461	7944	3092	3767	5207	6082	7425	8356
1:03:00	30.1	3093	3816	4814	5983	7509	7860	3151	3850	5173	6112	7514	8205
1:03:06	30.1	3113	3826	4830	5860	7692	7960	3101	3836	5086	6135	7448	8388
1:03:12	30.1	3099	3834	4794	5940	7460	7788	3071	3880	5106	6000	7554	8323
1:03:18	30.1	3084	3864	4754	5964	7561	7969	3065	3797	5061	6112	7475	8319
1:03:24	30.1	3135	3811	4829	5983	7538	7871	3045	3835	5174	6013	7534	8310
1:03:30	30.1	3133	3795	4737	5952	7542	7858	3121	3825	5115	6027	7532	8298
1:03:36	30.1	3110	3782	4839	5859	7523	7925	3128	3829	5092	6119	7551	8295
1:03:42	30.1	3136	3846	4782	5906	7533	7853	3129	3781	5188	6069	7649	8403
1:03:48	30.1	3148	3852	4852	5933	7537	7799	3052	3783	5102	6102	7427	8353
1:03:54	30.0	3142	3798	4763	5811	7468	7856	3135	3840	5068	6091	7472	8314
1:04:00	30.1	3073	3868	4806	5862	7600	7881	3087	3837	5089	6136	7564	8327
1:04:06	30.1	3046	3809	4842	5939	7564	7930	3137	3822	5081	6103	7409	8343
1:04:12	30.1	3094	3871	4861	5925	7495	7815	3117	3834	5042	6083	7490	8268
1:04:18	30.1	3065	3830	4899	5869	7486	7771	3069	3815	5127	6008	7499	8267
1:04:24	30.0	3127	3833	4805	5915	7565	7900	3078	3800	5036	6010	7385	8240
1:04:30	30.1	3105	3840	4766	5879	7528	7782	3141	3784	5136	6072	7526	8317
1:04:36	30.1	3109	3822	4790	5956	7640	7895	3134	3792	5141	6062	7573	8233
1:04:42	30.0	3091	3838	4748	5883	7517	7966	3094	3776	5128	5993	7440	8265
1:04:48	30.1	3099	3839	4800	5905	7655	7848	3110	3807	5041	6031	7489	8197
1:04:54	30.1	3070	3778	4834	5882	7620	7927	3113	3775	5112	5907	7417	8312
1:05:00	30.1	3094	3813	4755	5878	7556	7876	3104	3809	5088	6084	7465	8314
1:05:06	30.1	3115	3837	4828	5897	7517	7879	3071	3822	5027	6112	7555	8281
1:05:12	30.1	3093	3827	4808	5876	7601	7886	3134	3833	5099	6076	7523	8227
1:05:18	30.1	3160	3817	4770	5784	7487	7766	3074	3786	5063	6100	7429	8265
1:05:24	30.1	3083	3837	4798	5988	7390	7882	3114	3776	5067	6070	7456	8164
1:05:30	30.1	3123	3844	4767	5867	7399	7864	3070	3799	5006	6049	7494	8105
1:05:36	30.0	3112	3801	4815	5907	7532	7915	3088	3799	5026	6015	7375	8250
1:05:42	30.1	3064	3776	4831	5871	7602	7853	3114	3783	5045	5977	7500	8249
1:05:48	30.1	3011	3790	4766	5935	7661	7961	3080	3801	5074	5983	7473	8228
1:05:54	30.0	3094	3822	4775	5954	7539	7799	3029	3803	5083	5980	7476	8208
1:06:00	30.1	3105	3784	4732	5926	7591	7965	3145	3766	5131	6069	7479	8188
1:06:06	30.1	3063	3836	4851	5898	7646	7891	3064	3831	5090	5990	7422	8128
1:06:12	30.1	3132	3780	4702	5999	7502	7883	3085	3796	5166	6122	7449	8297
1:06:18	30.1	3087	3868	4842	5927	7503	7791	3124	3796	5095	5962	7428	8357
1:06:24	30.0	3098	3830	4806	5942	7422	7924	3069	3789	5044	5986	7456	8209
1:06:30	30.1	3099	3812	4809	5946	7515	7930	3044	3782	5090	6020	7440	8248
1:06:36	30.0	3108	3812	4791	5817	7444	7936	3107	3799	5023	6030	7425	8179
1:06:42	30.1	3081	3803	4842	5877	7491	7823	3106	3764	5030	5951	7463	8251
1:06:48	30.1	3153	3801	4769	5828	7563	7842	3040	3777	5050	6042	7444	8246
1:06:54	30.1	3100	3766	4757	5933	7540	7810	3079	3749	5020	6019	7485	8302
1:07:00	30.1	3132	3850	4803	5897	7513	7809	3041	3738	5088	5975	7475	8179
1:07:06	30.1	3071	3837	4715	5975	7456	7875	3094	3738	5094	6076	7373	8238
1:07:12	30.0	3066	3780	4817	5929	7492	7857	3089	3745	5027	6046	7557	8193
1:07:18	30.0	3080	3864	4754	5906	7535	7811	3049	3813	4984	6005	7399	8311
1:07:24	30.1	3087	3767	4805	5950	7531	7818	3061	3726	5026	5934	7404	8071
1:07:30	30.1	3064	3832	4740	5960	7423	7901	3139	3782	4963	5979	7407	8225
1:07:36	30.1	3100	3835	4750	5867	7586	7828	3088	3722	5052	6079	7408	8238
1:07:42	30.1	3099	3760	4779	5941	7577	7716	3061	3752	4988	5987	7503	8224
1:07:48	30.1	3140	3828	4822	5858	7467	7820	3030	3805	5060	5980	7506	8264
1:07:54	30.1	3095	3851	4790	5947	7412	7896	3066	3750	5057	5978	7394	8117
1:08:00	30.0	3070	3821	4822	5865	7415	7852	3034	3773	4965	5951	7390	8234
1:08:06	30.1	3084	3778	4860	5837	7455	7879	3118	3744	5038	6032	7393	8166
1:08:12	30.1	3048	3850	4782	5932	7588	7890	3046	3793	5211	6060	7396	8126
1:08:18	30.1	3122	3831	4870	5878	7419	7815	3036	3825	5069	5885	7472	8118
1:08:24	30.1	3141	3785	4826	5916	7587	7927	3070	3728	5088	5963	7338	8201
1:08:30	30.1	3140	3771	4796	5861	7436	7873	3113	3768	5071	6011	7393	8104
1:08:36	30.1	3087	3791	4808	5879	7480	7868	3011	3744	5013	5993	7381	8207
1:08:42	30.1	3082	3792	4804	5854	7457	7826	3137	3718	5056	6033	7379	8104
1:08:48	30.1	3063	3862	4778	5910	7447	7837	3041	3747	5056	5942	7450	8224
1:08:54	30.0	3155	3904	4816	5883	7518	7877	3067	3689	5088	5883	7319	8157
1:09:00	30.1	3075	3811	4757	5911	7540	7874	3066	3739	5084	5988	7428	8097
1:09:06	30.1	3079	3770	4846	5814	7397	7798	3064	3777	4988	6053	7423	8121
1:09:12	30.1	3094	3813	4749	5922	7461	7876	3062	3778	5078	5982	7323	8240
1:09:18	30.1	3060	3848	4788	5795	7525	7820	2998	3713	5072	5842	7395	8224
1:09:24	30.1	3073	3842	4773	5881	7565	7852	3057	3746	5018	6053	7380	8117
1:09:30	30.1	3075	3856	4746	5966	7503	7805	3066	3721	5018	5889	7490	8183
1:09:36	30.0	3084	3775	4775	5915	7530	7845	3070	3749	5021	5903	7411	8123
1:09:42	30.1	3085	3786	4873	5860	7530	7962	3049	3785	5030	5923	7400	8107
1:09:48	30.1	3122	3784	4816	5852	7543	7859	3087	3830	4962	6024	7382	8148
1:09:54	30.1	3091	3833	4828	5900	7516	7708	3093	3741	4955	6001	7352	8141
1:10:00	30.1	3053	3802	4753	5931	7416	7951	3051	3790	5035	5921	7363	8117
1:10:06	30.1	3107	3737	4839	5885	7461	7882	3034	3735	4958	5937	7362	8140
1:10:12	30.1	3029	3805	4894	5946	7461	7773	3039	3718	5009	5966	7465	8141
1:10:18	30.1	3082	3822	4837	5778	7556	7745	3002	3742	5013	5990	7315	8089
1:10:24	30.1	3056	3757	4761	5828	7523	7701	3047	3724	5079	5932	7403	8087
1:10:30	30.1	3080	3823	4777	5897	7530	7825	3084	3744	5023	5912	7375	8090
1:10:36	30.0	3101	3801	4751	5908	7326	7648	3109	3746	5028	5995	7380	8108
1:10:42	30.1	3033	3800	4823	5989	7533	7915	3049	3699	5013	5949	7337	8135
1:10:48	30.1	3088	3761	4829	5879	7482	7666	3000	3718	4956	6019	7393	8136
1:10:54	30.1	3073	3802	4751	5845	7560	7784	3029	3692	4954	5909	7339	8062
1:11:00	30.1	3090	3832	4760	5807	7434	7845	3101	3718	5021	5914	7284	8130
1:11:06	30.1	3078	3781	4736	5853	7417	7836	3054	3799	4958	5919	7376	8041
1:11:12	30.1	3088	3759	4803	5871	7546	7807	3019	3717	4989	5900	7301	8023
1:11:18	30.1	3074	3681	4795	5939	7447	7868	3082	3657	5030	5885	7449	8076
1:11:24	30.0	3137	3909	4891	5861	7460	7819	3074	3738	4954	5916	7252	8174
1:11:30	30.1	3108	3802	4818	5890	7536	7848	2980	3699	4975	5886	7262	8085
1:11:36	30.1	3098	3760	4774	5874	7429	7755	3057	3731	5039	5938	7297	7909
1:11:42	30.1	3117	3750	4769	5842	7499	7915	3019	3715	4887	5919	7341	8092
1:11:48	30.1	3058	3787	4757	5865	7473	7818	3037	3715	4941	5990	7263	7979
1:11:54	30.1	3118	3850	4738	5862	7379	7812	3064	3773	4889	5840	7314	8075
1:12:00	30.1	3063	3796	4773	5813	7376	7814	3044	3693	4959	5898	7245	8103
1:12:06	30.1	3106	3749	4779	5829	7437	7766	3075	3726	5004	5977	7340	8048
1:12:12	30.0	3108	3789	4766	5876	7445	7828	3062	3753	4855	5902	7332	8074
1:12:18	30.1	3123	3746	4870	5838	7354	7770	3000	3688	4946	5985	7331	8013
1:12:24	30.1	3026	3745	4804	5900	7399	7848	3020	3746	4990	5935	7315	8008
1:12:30	30.1	3085	3833	4762	5811	7478	7764	3027	3691	4996	5895	7282	8073
1:12:36	30.1	3079	3851	4706	5818	7435	7898	2991	3686	4926	5911	7301	8055
1:12:42	30.1	3051	3790	4733	5845	7530	7766	3008	3721	5020	5921	7326	7995
1:12:48	30.1	3045	3777	4798	5881	7460	7755	3049	3682	4982	5898	7324	8021
1:12:54	30.0	3109	3850	4711	5862	7442	7828	2987	3764	4937	5912	7359	7929
1:13:00	30.0	3071	3843	4696	5798	7589	7794	3033	3686	4936	5932	7237	8165
1:13:06	30.1	3018	3715	4783	5896	7404	7905	3051	3717	4955	5929	7232	8019
1:13:12	30.1	3080	3775	4738	5800	7472	7844	2985	3701	5017	5890	7193	7970
1:13:18	30.1	3104	3762	4758	5836	7318	7884	3059	3785	4991	5927	7257	8096
1:13:24	30.1	3097	3778	4760	5836	7455	7739	3050	3700	5047	5929	7243	8048
1:13:30	30.1	3117	3745	4887	5807	7470	7788	3058	3835	4945	5906	7324	8016
1:13:36	30.1	3080	3840	4815	5873	7455	7823	3005	3701	4933	5870	7315	8067
1:13:42	30.1	3108	3748	4727	5830	7357	7808	3005	3709	4955	5812	7246	8019
1:13:48	30.0	3036	3743	4736	5854	7321	7770	2974	3628	4931	5819	7266	7953
1:13:54	30.1	3062	3730	4728	5846	7493	7768	3023	3687	4853	5914	7146	8027
1:14:00	30.1	3049	3771	4793	5820	7390	7742	3036	3651	4897	5891	7318	8118
1:14:06	30.1	3016	3723	4740	5800	7401	7753	3011	3674	4945	5858	7266	7983
1:14:12	30.1	3077	3768	4810	5885	7479	7895	3004	3740	4863	5947	7198	7998
1:14:18	30.1	3067	3781	4814	5796	7335	7686	2980	3708	4935	5875	7292	7956
1:14:24	30.1	3080	3735	4719	5898	7408	7693	2997	3668	4972	5926	7350	8056
1:14:30	30.0	3026	3847	4715	5793	7462	7800	2981	3705	4976	5918	7246	8001
1:14:36	30.0	3022	3806	4796	5824	7328	7873	2988	3654	4931	5905	7374	7926
1:14:42	30.1	3109	3751	4726	5938	7459	7896	2975	3750	4870	5767	7268	8014
1:14:48	30.1	3090	3770	4742	5869	7496	7759	2954	3656	4984	5892	7268	7967
1:14:54	30.1	3077	3773	4744	5866	7330	7693	3080	3722	4994	5867	7263	7931
1:15:00	30.1	3042	3819	4810	5752	7403	7728	3045	3697	5034	5879	7309	7955
1:15:06	30.1	3088	3695	4778	5805	7323	7720	3029	3662	4854	5845	7226	7985
1:15:12	30.1	3004	3802	4744	5782	7430	7782	2997	3716	4897	5847	7175	7894
1:15:18	30.0	3073	3748	4766	5855	7484	7738	3029	3714	4963	5807	7155	7953
1:15:24	30.0	3047	3766	4725	5883	7505	7723	3028	3662	4964	5858	7177	8001
1:15:30	30.1	3130	3796	4791	5735	7440	7783	2980	3739	4923	5841	7231	7975
1:15:36	30.1	3060	3733	4762	5748	7365	7786	3026	3674	4865	5865	7213	7936
1:15:42	30.1	3090	3728	4738	5796	7427	7716	3068	3658	4896	5840	7370	7836
1:15:48	30.1	3033	3804	4728	5829	7405	7698	2985	3651	4929	5796	7214	7938
1:15:54	30.1	3073	3783	4809	5801	7507	7784	2963	3674	4944	5826	7337	7982
1:16:00	30.1	3023	3791	4776	5816	7413	7812	2995	3733	4911	5876	7178	7950
1:16:06	30.0	3038	3805	4701	5795	7446	7806	2974	3733	4889	5801	7123	8006
1:16:12	30.0	3070	3741	4692	5916	7439	7745	2972	3592	4976	5909	7224	7931
1:16:18	30.1	3056	3785	4672	5902	7444	7675	2939	3683	4865	5777	7196	7895
1:16:24	30.1	3037	3734	4713	5896	7310	7733	3046	3689	4927	5789	7197	8013
1:16:30	30.1	3078	3704	4677	5762	7400	7792	3010	3703	4910	5808	7229	7915
1:16:36	30.1	3012	3778	4841	5828	7302	7738	2943	3680	4909	5815	7281	7905
1:16:42	30.1	3058	3760	4687	5749	7443	7789	2947	3724	4975	5854	7230	7825
1:16:48	30.1	3022	3816	4741	5834	7299	7692	3003	3689	4955	5776	7208	7950
1:16:54	30.0	3048	3783	4737	5775	7512	7840	3021	3675	4879	5840	7138	7961
1:17:00	30.0	3054	3798	4737	5842	7496	7817	3023	3690	4989	5786	7166	7972
1:17:06	30.1	3021	3783	4714	5833	7305	7712	3067	3634	4851	5909	7178	7992
1:17:12	30.1	3003	3754	4765	5778	7397	7736	3014	3654	4916	5773	7273	7893
1:17:18	30.1	3053	3810	4695	5838	7396	7790	2963	3635	4892	5853	7169	8009
1:17:24	30.1	3084	3791	4765	5775	7367	7641	2980	3685	4902	5843	7241	7958
1:17:30	30.1	3046	3797	4758	5836	7424	7665	2993	3669	4835	5776	7153	7942
1:17:36	30.1	3080	3826	4715	5800	7399	7901	2975	3700	4994	5790	7218	7938
1:17:42	30.0	2998	3782	4684	5847	7396	7687	3038	3646	4900	5873	7084	7996
1:17:48	30.1	3037	3734	4759	5783	7467	7795	3011	3703	4803	5745	7285	7915
1:17:54	30.1	2985	3804	4816	5864	7486	7696	3049	3606	4898	5735	7199	7855
1:18:00	30.1	3041	3727	4784	5824	7428	7790	2932	3652	4885	5831	7208	7999
1:18:06	30.1	3015	3749	4738	5856	7398	7799	3005	3605	4861	5830	7221	7899
1:18:12	30.1	3048	3729	4653	5793	7396	7724	2931	3685	4812	5832	7197	7817
1:18:18	30.1	3074	3745	4676	5792	7285	7735	2993	3659	4970	5728	7190	7906
1:18:24	30.1	3028	3745	4722	5908	7400	7758	3042	3635	4910	5831	7165	7939
1:18:30	30.0	3023	3737	4785	5842	7369	7736	3006	3634	4912	5731	7182	7986
1:18:36	30.1	3061	3725	4747	5857	7350	7776	2959	3695	4893	5810	7119	7975
1:18:42	30.1	3030	3779	4643	5899	7435	7767	2994	3679	4887	5809	7048	7862
1:18:48	30.1	2988	3737	4753	5806	7391	7659	3012	3650	4904	5766	7236	7849
1:18:54	30.1	3012	3662	4673	5833	7398	7723	2930	3636	4893	5756	7184	7896
1:19:00	30.1	3016	3726	4700	5798	7460	7724	3024	3654	4952	5821	7207	7923
1:19:06	30.1	3043	3811	4668	5886	7437	7772	2988	3653	4943	5730	7203	7810
1:19:12	30.0	3030	3694	4722	5783	7425	7728	2986	3629	4905	5806	7172	7893
1:19:18	30.0	3035	3745	4756	5824	7335	7687	2999	3631	4986	5765	7034	7951
1:19:24	30.1	3043	3772	4730	5787	7399	7639	3029	3662	4964	5770	7225	7810
1:19:30	30.1	3009	3779	4645	5857	7368	7721	2992	3676	4872	5846	7112	7919
1:19:36	30.1	3013	3754	4664	5813	7442	7720	2926	3635	4868	5771	7113	7832
1:19:42	30.1	2990	3766	4702	5813	7330	7650	2979	3686	4887	5716	7163	7852
1:19:48	30.1	3047	3762	4747	5816	7304	7759	2881	3617	4942	5831	7187	7744
1:19:54	30.1	2998	3753	4676	5769	7257	7579	2964	3673	4890	5738	7119	7746
1:20:00	30.0	3031	3748	4746	5735	7397	7759	2969	3657	4857	5758	7085	7850
1:20:06	30.0	3082	3788	4631	5795	7313	7630	3009	3616	4879	5808	7066	7814
1:20:12	30.1	2996	3765	4634	5784	7350	7694	2998	3608	4900	5666	7098	7943
1:20:18	30.1	3022	3710	4705	5787	7290	7759	3006	3644	4892	5763	7190	7842
1:20:24	30.1	3038	3688	4653	5786	7422	7734	3026	3683	4927	5806	7154	7875
1:20:30	30.1	3042	3809	4665	5800	7308	7740	2975	3622	4898	5762	7046	7966
1:20:36	30.1	3027	3795	4773	5793	7456	7749	2955	3612	4877	5866	7160	7923
1:20:42	30.0	3011	3689	4741	5838	7354	7829	2993	3618	4846	5758	7115	7907
1:20:48	30.0	3048	3724	4726	5802	7295	7695	2980	3653	4813	5704	7109	7897
1:20:54	30.1	3013	3786	4711	5833	7365	7722	3001	3632	4904	5829	7066	7841
1:21:00	30.1	3013	3785	4709	5783	7330	7652	2982	3621	4825	5707	7150	7918
1:21:06	30.1	3006	3753	4745	5723	7320	7731	2961	3703	4921	5708	7100	7843
1:21:12	30.1	3006	3733	4667	5824	7477	7698	3011	3674	4870	5834	7220	7971
1:21:18	30.1	3043	3748	4668	5814	7408	7649	3009	3602	4883	5707	7032	7921
1:21:24	30.1	3014	3740	4685	5746	7351	7732	2976	3651	4790	5788	7114	7799
1:21:30	30.1	3054	3681	4673	5807	7368	7805	2966	3712	4865	5834	7151	7789
1:21:36	30.0	3064	3683	4711	5783	7374	7644	3013	3666	4877	5744	7142	7788
1:21:42	30.1	3053	3772	4725	5802	7313	7663	2969	3664	4860	5743	7097	7977
1:21:48	30.1	3005	3745	4645	5810	7361	7705	2960	3642	4841	5673	7124	7867
1:21:54	30.1	3049	3710	4673	5742	7369	7737	2954	3649	4775	5737	7106	7863
1:22:00	30.1	3018	3834	4672	5804	7316	7728	2999	3687	4831	5741	7153	7825
1:22:06	30.1	3007	3725	4749	5822	7268	7638	2932	3676	4901	5767	7001	7855
1:22:12	30.0	3030	3756	4662	5844	7347	7659	2948	3640	4855	5725	7058	7824
1:22:18	30.1	3007	3640	4676	5774	7414	7626	3005	3630	4830	5713	7133	7813
1:22:24	30.0	2950	3782	4652	5739	7323	7586	3030	3664	4831	5708	7063	7890
1:22:30	30.1	3041	3726	4695	5745	7411	7600	2973	3636	4807	5723	7068	7854
1:22:36	30.1	3087	3678	4726	5849	7376	7622	2996	3615	4810	5721	7030	7819
1:22:42	30.1	3017	3805	4691	5854	7464	7822	2958	3656	4824	5807	7083	7818
1:22:48	30.1	3047	3696	4704	5852	7337	7767	2961	3661	4790	5774	7058	7729
1:22:54	30.0	3004	3730	4699	5691	7447	7739	3008	3631	4864	5729	7038	7788
1:23:00	30.1	3027	3771	4664	5862	7288	7696	2978	3597	4840	5687	7070	7816
1:23:06	30.1	2977	3801	4711	5793	7306	7758	2919	3607	4912	5698	7017	7785
1:23:12	30.0	3031	3729	4718	5842	7423	7543	2995	3576	4845	5805	7064	7768
1:23:18	30.1	3015	3765	4659	5799	7376	7731	2950	3591	4791	5697	6996	7915
1:23:24	30.1	3079	3802	4666	5711	7333	7659	2977	3656	4786	5749	7186	7790
1:23:30	30.1	3067	3672	4730	5780	7388	7701	2996	3563	4835	5725	7050	7722
1:23:36	30.1	3079	3806	4716	5734	7362	7737	2978	3648	4911	5673	6928	7824
1:23:42	30.0	3049	3763	4685	5747	7292	7658	2913	3626	4873	5618	6976	7820
1:23:48	30.1	3012	3748	4764	5744	7341	7707	2927	3658	4893	5778	7011	7738
1:23:54	30.0	3026	3775	4667	5818	7495	7574	2939	3595	4833	5728	7047	7906
1:24:00	30.1	3037	3734	4666	5743	7317	7665	2952	3594	4874	5711	7015	7772
1:24:06	30.0	2995	3773	4718	5760	7387	7655	2909	3657	4822	5780	7075	7893
1:24:12	30.1	3041	3744	4688	5755	7392	7713	2966	3584	4805	5715	7077	7678
1:24:18	30.1	3030	3714	4760	5817	7317	7737	2976	3613	4837	5704	7117	7761
1:24:24	30.1	3023	3692	4669	5844	7419	7679	2929	3618	4834	5715	7164	7780
1:24:30	30.0	3080	3728	4665	5775	7411	7644	2962	3624	4788	5738	7130	7821
1:24:36	30.1	3013	3763	4724	5776	7343	7720	2970	3687	4740	5669	7092	7827
1:24:42	30.1	3034	3751	4730	5890	7307	7692	2959	3662	4842	5761	6986	7763
1:24:48	30.1	2999	3702	4744	5745	7434	7760	2981	3615	4808	5723	7050	7800
1:24:54	30.1	2964	3767	4710	5821	7339	7640	2976	3651	4802	5614	7102	7730
1:25:00	30.1	3021	3732	4658	5790	7333	7659	2964	3682	4852	5680	7069	7885
1:25:06	30.1	3064	3736	4668	5751	7353	7772	2934	3599	4817	5765	7025	7783
1:25:12	30.1	3029	3664	4679	5730	7261	7625	2910	3579	4894	5692	7130	7772
1:25:18	30.1	2979	3668	4692	5757	7292	7670	2960	3632	4863	5666	6972	7772
1:25:24	30.0	3015	3700	4811	5717	7337	7661	3042	3653	4813	5711	6967	7713
1:25:30	30.1	3024	3739	4750	5822	7381	7620	2971	3631	4834	5741	7040	7811
1:25:36	30.1	3014	3708	4703	5736	7368	7651	3004	3577	4800	5719	7085	7776
1:25:42	30.1	3007	3718	4772	5814	7275	7617	2952	3595	4828	5716	7171	7765
1:25:48	30.1	3053	3707	4731	5819	7408	7704	2968	3604	4871	5687	6967	7775
1:25:54	30.1	3045	3683	4674	5736	7229	7683	2969	3666	4863	5682	7039	7651
1:26:00	30.0	3066	3676	4675	5757	7351	7763	2956	3559	4761	5638	6955	7640
1:26:06	30.1	2983	3759	4643	5758	7241	7695	2951	3615	4733	5599	7045	7738
1:26:12	30.0	3008	3737	4729	5859	7333	7575	2977	3610	4823	5680	7053	7749
1:26:18	30.1	3042	3679	4676	5788	7392	7721	2867	3660	4818	5635	6946	7759
1:26:24	30.1	2967	3698	4775	5759	7402	7732	2910	3590	4769	5712	7061	7706
1:26:30	30.1	2984	3723	4724	5773	7323	7664	2928	3565	4759	5682	6996	7746
1:26:36	30.1	2958	3738	4673	5732	7345	7697	3020	3607	4856	5771	7032	7813
1:26:42	30.1	2971	3765	4733	5797	7349	7786	2962	3623	4830	5622	7034	7606
1:26:48	30.1	3019	3698	4643	5790	7364	7611	2939	3641	4814	5718	7045	7787
1:26:54	30.1	3077	3718	4612	5797	7360	7768	2948	3629	4852	5641	7103	7769
1:27:00	30.1	3007	3753	4669	5795	7373	7645	2997	3574	4795	5666	6946	7795
1:27:06	30.1	3000	3758	4670	5821	7351	7673	2910	3597	4852	5676	6943	7781
1:27:12	30.1	3042	3707	4676	5679	7317	7644	3028	3565	4788	5727	7019	7704
1:27:18	30.1	3008	3748	4655	5773	7323	7703	2944	3564	4774	5676	7048	7838
1:27:24	30.1	3004	3726	4694	5705	7293	7637	2949	3606	4785	5645	7078	7730
1:27:30	30.0	3067	3749	4666	5800	7321	7698	2941	3569	4817	5671	7006	7724
1:27:36	30.1	3056	3768	4748	5713	7381	7862	2951	3649	4779	5600	6992	7715
1:27:42	30.0	3018	3695	4675	5772	7396	7694	2927	3582	4836	5747	7062	7720
1:27:48	30.1	3050	3766	4710	5679	7332	7746	2960	3638	4778	5685	6865	7793
1:27:54	30.1	2970	3739	4722	5792	7268	7679	2996	3633	4781	5693	6971	7647
1:28:00	30.1	3031	3707	4624	5702	7320	7649	2978	3595	4741	5674	6998	7721
1:28:06	30.1	2992	3673	4650	5807	7291	7637	2967	3666	4849	5680	6934	7643
1:28:12	30.0	3068	3735	4745	5743	7339	7636	2947	3610	4754	5661	6978	7651
1:28:18	30.1	3004	3729	4609	5840	7299	7769	2963	3661	4787	5701	6990	7672
1:28:24	30.1	2991	3701	4651	5839	7304	7803	2959	3563	4822	5721	7024	7726
1:28:30	30.0	3085	3751	4710	5734	7459	7683	2945	3638	4784	5640	6919	7675
1:28:36	30.1	2955	3774	4671	5771	7294	7573	2967	3619	4805	5667	6965	7754
1:28:42	30.1	2998	3735	4649	5840	7278	7610	2874	3546	4801	5683	7001	7822
1:28:48	30.1	3058	3761	4687	5824	7319	7702	3000	3601	4787	5663	7033	7665
1:28:54	30.1	3024	3802	4664	5771	7345	7606	2897	3529	4753	5705	7030	7683
1:29:00	30.1	2983	3681	4702	5726	7310	7706	3002	3571	4805	5663	6991	7770
1:29:06	30.1	3062	3723	4665	5744	7371	7597	2946	3592	4872	5635	6943	7702
1:29:12	30.0	3017	3697	4700	5760	7349	7654	2886	3593	4799	5685	6946	7710
1:29:18	30.1	2996	3768	4704	5808	7377	7574	2941	3602	4841	5644	6908	7715
1:29:24	30.1	2984	3731	4673	5799	7368	7597	2937	3562	4811	5721	6954	7712
1:29:30	30.0	3014	3703	4772	5677	7311	7590	2914	3549	4821	5636	7054	7631
1:29:36	30.1	3014	3691	4663	5746	7253	7664	2923	3597	4801	5691	6999	7677
1:29:42	30.1	3041	3743	4686	5756	7211	7807	2943	3605	4842	5616	6951	7701
1:29:48	30.1	2984	3747	4730	5737	7364	7742	2960	3638	4776	5690	7018	7676
1:29:54	30.0	3010	3715	4752	5862	7321	7662	2903	3591	4751	5653	6915	7630
1:30:00	30.0	3011	3700	4684	5753	7310	7730	2919	3493	4781	5639	6962	7694
1:30:06	30.1	2979	3712	4642	5714	7400	7709	2952	3595	4736	5709	6982	7589
1:30:12	30.1	3021	3695	4651	5762	7293	7562	2922	3557	4855	5569	6999	7728
1:30:18	30.0	2995	3676	4728	5773	7407	7625	2951	3541	4794	5640	6978	7629
1:30:24	30.1	2942	3690	4682	5814	7394	7667	2935	3528	4872	5580	6940	7639
1:30:30	30.1	3019	3747	4670	5887	7281	7706	2927	3548	4795	5661	6969	7678
1:30:36	30.1	3029	3767	4683	5832	7312	7654	2924	3599	4793	5590	6963	7682
1:30:42	30.1	2981	3775	4685	5681	7220	7637	2892	3630	4810	5631	7025	7674
1:30:48	30.0	3017	3715	4672	5773	7321	7647	2961	3549	4785	5657	7057	7681
1:30:54	30.1	2982	3671	4665	5641	7247	7678	2933	3646	4764	5699	6995	7642
1:31:00	30.1	3040	3717	4706	5718	7289	7668	2944	3535	4838	5736	6892	7624
1:31:06	30.0	2991	3733	4633	5756	7258	7740	2955	3617	4784	5579	6897	7693
1:31:12	30.1	2982	3701	4709	5799	7377	7642	2924	3606	4822	5711	6869	7748
1:31:18	30.1	3028	3692	4614	5653	7378	7584	2947	3576	4840	5647	6998	7635
1:31:24	30.1	2985	3717	4754	5678	7394	7523	2976	3560	4775	5613	6956	7710
1:31:30	30.1	3038	3631	4700	5776	7388	7650	2918	3585	4781	5591	6946	7656
1:31:36	30.1	2951	3716	4710	5848	7308	7723	2899	3573	4746	5578	6858	7813
1:31:42	30.1	3052	3767	4723	5772	7366	7616	2923	3642	4723	5669	7006	7618
1:31:48	30.1	3018	3694	4604	5600	7341	7626	2923	3590	4747	5638	6880	7677
1:31:54	30.0	3031	3718	4644	5808	7310	7651	2938	3582	4709	5589	6936	7699
1:32:00	30.1	2941	3731	4688	5649	7345	7694	2920	3586	4802	5700	6982	7733
1:32:06	30.1	3007	3713	4675	5740	7289	7571	2915	3565	4820	5702	7028	7621
1:32:12	30.1	3024	3714	4729	5734	7286	7509	2905	3566	4802	5644	6904	7583
1:32:18	30.0	3021	3733	4718	5756	7314	7589	2938	3566	4706	5556	6956	7724
1:32:24	30.1	3034	3741	4686	5653	7224	7562	2918	3590	4714	5651	7028	7677
1:32:30	30.1	2978	3672	4654	5789	7257	7649	2975	3584	4786	5591	6853	7586
1:32:36	30.1	2992	3655	4710	5684	7355	7697	2899	3584	4735	5627	6956	7614
1:32:42	30.1	2922	3677	4640	5680	7266	7616	2939	3517	4831	5587	6895	7660
1:32:48	30.1	2978	3756	4652	5739	7347	7615	2967	3523	4731	5594	6984	7585
1:32:54	30.1	3034	3725	4729	5767	7336	7522	2908	3537	4744	5504	7082	7589
1:33:00	30.1	2988	3744	4577	5742	7248	7634	2912	3599	4733	5556	6975	7637
1:33:06	30.1	2946	3768	4628	5686	7169	7605	2914	3588	4688	5579	6874	7632
1:33:12	30.1	3027	3674	4675	5652	7258	7651	2893	3598	4695	5659	6910	7566
1:33:18	30.1	2972	3717	4636	5748	7352	7638	2931	3589	4731	5616	6842	7551
1:33:24	30.1	2982	3729	4602	5745	7424	7686	2996	3536	4734	5659	6847	7730
1:33:30	30.1	3006	3738	4656	5692	7207	7672	2844	3592	4772	5573	6830	7706
1:33:36	30.1	3001	3811	4672	5704	7332	7717	2894	3544	4828	5663	6847	7612
1:33:42	30.1	2900	3622	4708	5738	7272	7608	2916	3536	4732	5610	6924	7648
1:33:48	30.0	2955	3721	4588	5703	7260	7626	2941	3531	4726	5665	6848	7626
1:33:54	30.1	3056	3719	4722	5693	7300	7610	2868	3575	4739	5542	6887	7605
1:34:00	30.1	2985	3641	4654	5732	7252	7562	2894	3534	4681	5496	6952	7501
1:34:06	30.0	2933	3608	4578	5688	7263	7602	2938	3569	4759	5612	6848	7599
1:34:12	30.1	3036	3714	4621	5667	7269	7644	2949	3597	4788	5640	6909	7670
1:34:18	30.1	2994	3747	4622	5735	7355	7522	2894	3585	4748	5597	6815	7622
1:34:24	30.1	2982	3784	4724	5802	7274	7658	2953	3557	4765	5508	6890	7659
1:34:30	30.1	2996	3707	4616	5685	7244	7635	2888	3524	4693	5629	6919	7635
1:34:36	30.0	2993	3679	4662	5731	7180	7641	2880	3592	4695	5601	6953	7609
1:34:42	30.1	2954	3697	4598	5758	7256	7719	2924	3550	4759	5595	6873	7611
1:34:48	30.1	2995	3724	4618	5782	7281	7578	2864	3521	4757	5612	6893	7528
1:34:54	30.0	2982	3721	4680	5807	7285	7569	2940	3536	4651	5582	6852	7677
1:35:00	30.1	3007	3699	4592	5829	7306	7652	2931	3556	4709	5607	6790	7628
1:35:06	30.1	2957	3659	4689	5814	7268	7558	2948	3485	4875	5596	6790	7647
1:35:12	30.1	2987	3721	4637	5802	7319	7566	2876	3585	4697	5615	6842	7534
1:35:18	30.1	3048	3655	4737	5666	7298	7634	2874	3538	4782	5644	6910	7639
1:35:24	30.1	2977	3749	4644	5694	7380	7560	2941	3507	4693	5574	6998	7520
1:35:30	30.1	2966	3703	4672	5674	7312	7650	2949	3511	4699	5513	6886	7560
1:35:36	30.1	2968	3639	4631	5613	7333	7488	2902	3549	4785	5514	6816	7520
1:35:42	30.0	2955	3690	4616	5753	7287	7576	2910	3489	4716	5606	6898	7499
1:35:48	30.1	2882	3730	4625	5692	7255	7676	2908	3551	4799	5621	6881	7557
1:35:54	30.1	2961	3694	4662	5704	7364	7585	2926	3620	4730	5631	6796	7619
1:36:00	30.1	3020	3685	4548	5702	7291	7541	2897	3567	4715	5548	6863	7468
1:36:06	30.1	3030	3700	4622	5757	7325	7607	2840	3576	4714	5642	6930	7647
1:36:12	30.1	2942	3726	4664	5664	7298	7561	2924	3494	4735	5500	6875	7619
1:36:18	30.1	3029	3670	4693	5714	7300	7692	2865	3508	4715	5564	6815	7544
1:36:24	30.1	3001	3680	4667	5745	7356	7586	2892	3568	4760	5546	6874	7544
1:36:30	30.1	3046	3779	4673	5698	7249	7481	2878	3573	4792	5631	6895	7548
1:36:36	30.1	3007	3699	4585	5695	7304	7590	2893	3523	4663	5558	6819	7460
1:36:42	30.1	2937	3743	4645	5733	7249	7614	2959	3557	4752	5593	6866	7588
1:36:48	30.1	2935	3700	4694	5664	7259	7591	2923	3590	4708	5534	6793	7503
1:36:54	30.1	2971	3674	4640	5687	7247	7557	2870	3503	4758	5619	6811	7437
1:37:00	30.1	2961	3652	4668	5718	7350	7652	2889	3535	4686	5479	6877	7558
1:37:06	30.1	2989	3729	4641	5608	7288	7546	2876	3551	4737	5478	6883	7476
1:37:12	30.1	2994	3680	4592	5745	7268	7486	2878	3520	4672	5579	6834	7463
1:37:18	30.1	2906	3622	4603	5583	7210	7605	2830	3486	4702	5509	6908	7527
1:37:24	30.1	2994	3683	4532	5695	7290	7654	2869	3555	4698	5526	6862	7561
1:37:30	30.1	2968	3633	4667	5705	7299	7550	2911	3578	4664	5586	6888	7549
1:37:36	30.1	2974	3721	4626	5659	7205	7504	2908	3547	4669	5559	6833	7489
1:37:42	30.1	2964	3699	4645	5660	7164	7679	2901	3503	4731	5563	6832	7454
1:37:48	30.1	2948	3666	4624	5687	7285	7641	2913	3532	4687	5525	6836	7597
1:37:54	30.1	2963	3685	4659	5655	7358	7596	2890	3519	4653	5614	6815	7507
1:38:00	30.1	2931	3708	4642	5722	7319	7587	2901	3550	4739	5519	6861	7475
1:38:06	30.1	3015	3714	4604	5802	7244	7739	2877	3479	4675	5515	6932	7522
1:38:12	30.1	3038	3673	4607	5643	7230	7590	2920	3536	4639	5542	6792	7588
1:38:18	30.1	2942	3644	4666	5695	7225	7654	2898	3544	4745	5477	6877	7490
1:38:24	30.1	2918	3738	4643	5710	7187	7470	2849	3492	4679	5598	6874	7424
1:38:30	30.1	2965	3642	4612	5646	7363	7592	2886	3497	4697	5473	6889	7512
1:38:36	30.1	2981	3698	4567	5637	7195	7532	2917	3479	4758	5509	6852	7440
1:38:42	30.1	2991	3630	4551	5716	7224	7554	2898	3502	4666	5550	6897	7442
1:38:48	30.1	2924	3635	4635	5664	7202	7600	2926	3581	4677	5564	6785	7494
1:38:54	30.1	2959	3691	4606	5694	7224	7501	2914	3524	4626	5574	6747	7439
1:39:00	30.1	3006	3644	4631	5779	7260	7603	2907	3535	4690	5506	6903	7497
1:39:06	30.1	2968	3654	4636	5699	7247	7586	2868	3537	4779	5509	6740	7547
1:39:12	30.1	2923	3653	4683	5676	7207	7566	2869	3537	4754	5574	6802	7506
1:39:18	30.1	2938	3649	4631	5740	7213	7563	2826	3503	4762	5476	6785	7473
1:39:24	30.1	3001	3724	4567	5646	7253	7653	2877	3551	4629	5622	6798	7493
1:39:30	30.1	2993	3633	4569	5714	7190	7663	2909	3514	4723	5528	6793	7522
1:39:36	30.1	2995	3687	4658	5670	7313	7567	2844	3546	4649	5594	6847	7535
1:39:42	30.1	2944	3656	4644	5654	7266	7588	2828	3477	4719	5553	6752	7377
1:39:48	30.1	2973	3684	4672	5707	7246	7505	2898	3532	4698	5580	6759	7441

Results
	1	2	3	4	5	6	7	8	9	10	11	12
A	-1510000.000	2280000.000	-2380000.000	-2760000.000	-3770000.000	-3540000.000	-1960000.000	-2030000.000	-2810000.000	2480000.000	2640000.000	3430000.000	Max V [295,335]
	1.000	1.000	1.000	1.000	1.000	1.000	1.000	1.000	1.000	1.000	1.000	1.000	R-Squared [295,335]
	0:44:09	1:11:21	0:19:45	0:03:45	0:00:15	0:00:45	0:03:57	0:14:33	0:50:03	0:03:21	0:11:39	0:58:33	t at Max V [295,335]
	0:42:53	1:12:26	0:18:33	0:02:56	0:00:01	0:00:32	0:03:45	0:13:54	0:49:02	0:03:31	0:12:07	0:59:42	Lagtime [295,335]
B													Max V [295,335]
													R-Squared [295,335]
													t at Max V [295,335]
													Lagtime [295,335]
C													Max V [295,335]
													R-Squared [295,335]
													t at Max V [295,335]
													Lagtime [295,335]
D													Max V [295,335]
													R-Squared [295,335]
													t at Max V [295,335]
													Lagtime [295,335]
E													Max V [295,335]
													R-Squared [295,335]
													t at Max V [295,335]
													Lagtime [295,335]
F													Max V [295,335]
													R-Squared [295,335]
													t at Max V [295,335]
													Lagtime [295,335]
G													Max V [295,335]
													R-Squared [295,335]
													t at Max V [295,335]
													Lagtime [295,335]
H													Max V [295,335]
													R-Squared [295,335]
													t at Max V [295,335]
													Lagtime [295,335]

