

Software Version	3.03.14

Procedure Details

Plate Type	96 WELL PLATE
Set Temperature	Setpoint 30°C
	Preheat before moving to next step
Start Kinetic	Runtime 1:00:00 (HH:MM:SS), Interval 0:00:05, 721 Reads
    Read	Fluorescence Endpoint
	C1..C12
	Filter Set 1
	    Excitation: 295,  Emission: 335
	    Optics: Top,  Gain: 80
	Light Source: Xenon Flash,  Lamp Energy: High
	Read Speed: Normal,  Delay: 0 msec,  Measurements/Data Point: 5
	Read Height: 8 mm
End Kinetic	

Layout
	1	2	3	4	5	6	7	8	9	10	11	12
A													Well ID
B													Well ID
C	SPL1	SPL2	SPL3	SPL4	SPL5	SPL6	SPL7	SPL8	SPL9	SPL10	SPL11	SPL12	Well ID
D													Well ID
E													Well ID
F													Well ID
G													Well ID
H													Well ID

295,335

Time	T° 295,335	C1	C2	C3	C4	C5	C6	C7	C8	C9	C10	C11	C12
0:00:00	30.0	1132	2758	5053	6246	9387	11937	14654	18413	21894	26149	27421	37299
0:00:05	30.0	1115	2696	5039	6201	9540	11890	14741	18246	21891	25760	27913	38004
0:00:10	30.0	1046	2610	4901	6072	9595	11709	14734	17947	21701	25897	27923	38081
0:00:15	30.0	1037	2476	4885	6078	9427	11515	14782	17772	21618	25802	27879	38005
0:00:20	30.0	970	2399	4803	6030	9237	11433	14461	17964	21658	25924	27464	37814
0:00:25	30.0	955	2365	4763	5872	9158	11154	14502	17957	21677	25445	28068	37634
0:00:30	30.0	933	2387	4642	5818	9065	11013	14223	17909	21517	25036	27790	37467
0:00:35	30.0	905	2289	4531	5731	8833	10968	14270	17674	21429	25127	27808	37342
0:00:40	30.0	897	2288	4563	5653	8930	10977	14127	17641	21157	24888	27749	37404
0:00:45	30.0	880	2195	4417	5549	8790	10840	13960	17464	21096	24533	27365	36966
0:00:50	30.0	887	2182	4383	5544	8737	10773	13913	17538	21160	24576	27354	37021
0:00:55	30.0	829	2109	4333	5503	8583	10823	13840	17155	20867	24537	27171	36926
0:01:00	30.0	802	2128	4299	5320	8595	10737	13735	17272	20888	24458	27388	36483
0:01:05	30.0	827	2105	4206	5319	8597	10619	13692	17111	20881	24357	26928	36452
0:01:10	30.0	793	2046	4221	5251	8408	10396	13479	17252	20489	24403	26890	36329
0:01:15	30.0	771	2043	4092	5216	8239	10364	13478	16999	20524	24327	26650	36236
0:01:20	30.0	806	1954	4021	5122	8288	10405	13282	16960	20404	24236	26410	35798
0:01:25	30.0	767	1975	3938	5049	8228	10315	13233	16743	20426	24008	26576	36068
0:01:30	30.0	781	1967	3963	5137	8095	10193	13297	16818	20204	24107	26129	35490
0:01:35	30.0	801	1918	3919	4938	8188	10154	13100	16666	20218	23992	26292	35824
0:01:40	30.0	790	1935	3940	4960	7961	10033	13015	16557	19808	23915	26147	35278
0:01:45	30.0	771	1913	3790	4851	7935	10048	13031	16315	19898	23568	26066	35314
0:01:50	30.0	742	1892	3866	4855	8049	9961	12823	16423	19621	23740	25915	35096
0:01:55	30.0	777	1814	3849	4896	7896	9867	12788	16415	19702	23372	25695	35016
0:02:00	30.0	769	1836	3779	4725	7829	9748	12738	16238	19563	23360	25817	35043
0:02:05	30.1	766	1865	3720	4731	7743	9862	12663	16160	19422	23065	25583	34922
0:02:10	30.1	748	1828	3719	4632	7565	9734	12487	16070	19386	22980	25461	34705
0:02:15	30.0	748	1792	3698	4696	7674	9715	12562	15888	19187	22935	25201	34741
0:02:20	30.0	772	1785	3739	4658	7529	9660	12493	15984	19175	22926	25304	34539
0:02:25	30.0	750	1775	3660	4600	7510	9508	12419	15793	19085	22764	25352	34459
0:02:30	30.0	724	1773	3587	4685	7417	9561	12248	15697	19142	22861	25421	34621
0:02:35	30.0	747	1748	3550	4538	7404	9401	12283	15723	18901	22745	25005	33728
0:02:40	30.0	738	1755	3584	4452	7402	9308	12087	15635	18838	22299	25318	33997
0:02:45	30.0	741	1726	3553	4472	7246	9273	12034	15425	18858	22260	24688	34123
0:02:50	30.0	754	1757	3472	4449	7274	9266	11921	15449	18606	22404	24639	34103
0:02:55	30.0	750	1731	3443	4444	7333	9215	11927	15330	18553	22256	24591	33785
0:03:00	30.0	748	1692	3502	4425	7133	9306	11980	15253	18568	22151	24733	33690
0:03:05	30.0	750	1696	3400	4400	7202	9164	11850	15143	18444	22067	24435	33528
0:03:10	30.0	752	1681	3451	4371	7119	9152	11786	15088	18377	21832	24583	33263
0:03:15	30.0	756	1740	3462	4347	7106	9070	11870	15150	18257	21838	24524	33430
0:03:20	30.0	738	1742	3447	4341	7015	8930	11783	15016	18192	21965	24251	33324
0:03:25	30.0	730	1705	3342	4303	7060	8928	11558	15221	18300	21544	24167	33213
0:03:30	30.0	748	1673	3321	4294	6939	8995	11648	15115	18351	21944	23975	33525
0:03:35	30.0	736	1678	3401	4319	6978	8902	11775	14900	17980	21759	24154	33113
0:03:40	30.0	734	1674	3372	4267	6856	8813	11640	14692	17933	21821	24012	32879
0:03:45	30.0	721	1712	3338	4297	6928	8761	11277	14822	18031	21299	24032	33243
0:03:50	30.0	696	1640	3342	4248	6785	8590	11351	14745	17831	21622	23941	33027
0:03:55	30.0	727	1658	3377	4212	6815	8695	11389	14619	17683	21501	23959	33023
0:04:00	30.0	743	1644	3320	4184	6858	8648	11408	14635	17832	21278	23717	32525
0:04:05	30.0	718	1661	3316	4144	6759	8590	11250	14403	17569	21173	23653	32811
0:04:10	30.0	715	1650	3302	4153	6901	8593	11378	14638	17767	21128	23622	32462
0:04:15	30.0	702	1627	3245	4108	6750	8518	11281	14616	17568	21246	23666	32348
0:04:20	30.0	749	1644	3218	4080	6781	8415	11093	14535	17595	21199	23582	32262
0:04:25	30.0	734	1633	3234	4089	6685	8450	11193	14623	17649	20983	23466	32506
0:04:30	30.0	745	1635	3221	4086	6656	8488	11154	14392	17578	21003	23361	32383
0:04:35	30.0	730	1638	3181	4011	6609	8385	11038	14317	17573	21010	23471	32209
0:04:40	30.0	725	1634	3229	4110	6643	8394	11145	13990	17349	20853	23402	31893
0:04:45	30.0	713	1655	3228	4091	6557	8359	11067	14220	17521	20831	23232	31996
0:04:50	30.0	723	1637	3257	4017	6553	8267	11027	14145	17258	20747	23268	31970
0:04:55	30.0	722	1645	3178	4054	6611	8138	11011	14126	17512	20589	23213	32169
0:05:00	30.0	712	1597	3205	4040	6549	8220	10992	14108	17331	20758	23039	32130
0:05:05	30.0	731	1609	3192	4024	6545	8153	11092	13949	17257	20705	22821	31549
0:05:10	30.0	690	1602	3185	4020	6546	8224	10940	13921	17249	20838	22881	31843
0:05:15	30.0	698	1601	3146	3981	6460	8158	10958	14028	17278	20684	23001	32013
0:05:20	30.0	712	1629	3113	3961	6465	8282	10934	13827	17297	20587	22992	31782
0:05:25	30.0	715	1630	3130	3955	6421	8112	10969	13819	17126	20569	22949	31800
0:05:30	30.0	702	1580	3210	3956	6445	8188	10854	13782	17091	20429	22728	31817
0:05:35	30.0	726	1622	3129	3994	6585	8157	10751	13734	17203	20317	22798	31438
0:05:40	30.0	718	1568	3159	3958	6458	8120	10768	13716	17138	20456	22425	31636
0:05:45	30.0	715	1606	3101	3995	6435	8097	10764	13599	17037	20320	22645	31826
0:05:50	30.0	698	1610	3137	3953	6422	8062	10818	13695	16935	20263	22863	31585
0:05:55	30.0	704	1577	3153	3950	6378	8124	10805	13753	16966	20381	22576	31548
0:06:00	30.0	683	1599	3118	3931	6346	8012	10618	13655	16834	20400	22647	31191
0:06:05	30.0	694	1586	3199	3951	6376	8026	10664	13651	17001	20138	22362	31520
0:06:10	30.0	706	1584	3108	3904	6387	7999	10594	13609	16841	20212	22512	31266
0:06:15	30.0	695	1535	3073	3949	6345	8032	10597	13498	16788	20236	22057	31158
0:06:20	30.0	713	1595	3087	3863	6345	8019	10598	13526	16737	19971	22335	31176
0:06:25	30.0	685	1558	3093	3912	6394	8019	10626	13588	16786	20141	22469	31174
0:06:30	30.0	693	1597	3138	3959	6295	8016	10549	13535	16646	20222	22337	31203
0:06:35	30.0	763	1560	3116	3842	6359	8055	10443	13422	16623	19967	22296	30995
0:06:40	30.0	697	1554	3122	3906	6284	7994	10478	13516	16609	20056	22073	31066
0:06:45	30.0	687	1554	3058	3942	6352	7970	10465	13430	16633	19803	22124	31268
0:06:50	30.0	693	1595	3049	3878	6228	7864	10425	13195	16455	19824	22274	30934
0:06:55	30.0	720	1588	3005	3858	6314	7765	10485	13407	16513	19722	22163	30874
0:07:00	30.0	704	1558	3120	3866	6347	7760	10431	13465	16371	19987	21885	31018
0:07:05	30.0	721	1570	3047	3791	6259	7907	10466	13326	16458	19884	22020	30606
0:07:10	30.0	715	1589	3061	3860	6196	7843	10349	13097	16431	19637	21779	30735
0:07:15	30.0	746	1537	3118	3857	6288	7797	10326	13187	16441	19743	21618	30693
0:07:20	30.0	706	1554	3009	3849	6238	7796	10329	13129	16396	19830	21826	30951
0:07:25	30.0	697	1584	3102	3851	6229	7874	10321	13167	16139	19578	21499	30669
0:07:30	30.0	695	1558	3102	3878	6208	7774	10316	13162	16247	19648	21835	30745
0:07:35	30.0	699	1558	3044	3815	6172	7879	10252	13147	16319	19357	21672	30561
0:07:40	30.0	708	1595	2981	3812	6248	7791	10332	13207	16410	19470	21607	30842
0:07:45	30.0	702	1582	3013	3801	6164	7639	10205	13091	16184	19568	21752	30704
0:07:50	30.0	703	1558	3046	3858	6141	7808	10342	13059	16071	19312	21536	30506
0:07:55	30.0	731	1615	3072	3800	6121	7675	10205	13249	16021	19202	21534	30283
0:08:00	30.0	737	1561	3003	3880	6045	7804	10206	13215	16084	19316	21544	30159
0:08:05	30.0	702	1549	3047	3837	6168	7715	10093	12975	16194	19319	21485	30451
0:08:10	30.0	690	1566	3075	3812	6144	7804	10180	12997	16164	19289	21354	30297
0:08:15	30.0	707	1587	3001	3810	6173	7729	10102	12950	16218	19124	21497	30111
0:08:20	30.0	686	1567	3010	3874	6065	7760	10166	12961	16072	19369	21348	29805
0:08:25	30.0	681	1573	3014	3759	6114	7633	10117	12963	15977	19110	21691	30256
0:08:30	30.0	688	1537	2995	3742	6091	7622	10085	12949	15881	19249	21324	29710
0:08:35	30.0	709	1557	3061	3777	6076	7570	10048	12934	15962	19324	21210	30125
0:08:40	30.0	704	1595	2986	3819	6082	7662	9998	12753	15807	19209	21238	29878
0:08:45	30.0	696	1582	3051	3815	6066	7614	9979	12929	15728	19077	21132	29835
0:08:50	30.0	702	1550	2979	3759	6075	7686	10218	12752	15828	19095	21252	29878
0:08:55	30.0	701	1573	2992	3750	6041	7640	10207	12792	15855	19230	21103	29675
0:09:00	30.0	707	1562	2971	3814	6125	7513	9905	12840	15850	19006	21090	29534
0:09:05	30.0	689	1559	3085	3847	6163	7657	9891	12790	15731	18975	21058	29859
0:09:10	30.0	679	1537	3036	3799	6151	7551	9965	12797	15728	18999	21064	29783
0:09:15	30.0	686	1504	3084	3764	6086	7609	9922	12862	15703	18976	20847	29726
0:09:20	30.0	690	1537	3012	3772	6205	7639	10036	12885	15837	18881	20820	29464
0:09:25	30.0	691	1569	2999	3744	6068	7516	9920	12727	15675	19030	21100	29634
0:09:30	30.0	703	1585	2980	3771	6101	7536	9837	12688	15734	18953	20825	29824
0:09:35	30.0	690	1537	2984	3776	5992	7529	9943	12693	15591	18844	20873	29799
0:09:40	30.0	693	1580	2999	3819	6011	7621	10012	12614	15689	18855	20906	29500
0:09:45	29.9	717	1562	3024	3744	5994	7551	9887	12588	15556	18770	20973	29471
0:09:50	30.0	693	1542	3022	3766	6118	7500	9852	12408	15279	18785	20829	29645
0:09:55	30.0	689	1518	2965	3818	5957	7598	9975	12695	15517	18736	20615	29672
0:10:00	30.0	691	1595	2988	3802	6117	7605	9885	12685	15559	18583	21106	29560
0:10:05	30.0	675	1556	2995	3764	6018	7535	9825	12479	15656	18458	20636	29349
0:10:10	30.0	696	1521	2980	3800	6016	7530	9933	12645	15553	18534	20714	29347
0:10:15	30.0	707	1520	2947	3756	6075	7522	9961	12410	15508	18557	20859	29384
0:10:20	30.0	683	1568	3039	3739	6017	7452	9795	12710	15487	18686	20829	29418
0:10:25	30.0	685	1543	3031	3810	6102	7588	9734	12519	15477	18853	20468	29124
0:10:30	30.0	715	1516	3010	3738	5954	7480	9748	12575	15587	18550	20810	29276
0:10:35	30.0	715	1583	2973	3773	6106	7574	9900	12461	15548	18457	20360	29018
0:10:40	30.0	677	1548	3004	3769	6018	7547	9968	12431	15467	18415	20302	29401
0:10:45	30.0	682	1555	3009	3728	5982	7438	9706	12557	15246	18522	20580	29336
0:10:50	30.0	690	1532	3040	3747	5908	7503	9750	12435	15362	18395	20390	28926
0:10:55	30.0	696	1501	2999	3799	5897	7442	9848	12395	15209	18378	20380	28977
0:11:00	30.0	699	1551	2961	3767	6077	7494	9593	12589	15172	18291	20450	29138
0:11:05	30.0	698	1546	2972	3831	6019	7402	9685	12421	15452	18220	20254	28803
0:11:10	30.0	677	1511	3017	3771	5970	7491	9766	12449	15249	18279	20439	29231
0:11:15	30.0	693	1577	2971	3722	5948	7475	9674	12261	15286	18413	20396	28855
0:11:20	30.0	688	1541	2992	3778	6022	7596	9811	12500	15325	18450	20345	29074
0:11:25	30.0	695	1534	3042	3674	6055	7494	9783	12501	15201	18341	20384	28661
0:11:30	30.0	674	1529	2980	3753	5992	7505	9686	12496	15103	18370	20471	28545
0:11:35	30.0	669	1495	2967	3736	5971	7499	9707	12276	15268	18174	20264	28980
0:11:40	30.0	689	1549	2972	3777	6005	7497	9658	12367	15175	18090	20310	28808
0:11:45	30.0	697	1559	2986	3759	5946	7534	9720	12320	15245	18296	20290	28874
0:11:50	30.0	700	1501	3012	3713	5996	7660	9674	12313	15181	18166	20338	28719
0:11:55	30.0	701	1587	2995	3757	5948	7487	9618	12538	15130	18277	20363	28853
0:12:00	30.0	691	1568	2946	3743	5969	7437	9624	12390	15216	18069	20190	28834
0:12:05	30.0	679	1509	2913	3751	6026	7596	9631	12315	15149	18059	19964	28559
0:12:10	30.0	686	1544	2942	3687	5877	7502	9456	12232	15268	18061	20015	28472
0:12:15	30.0	684	1517	2943	3780	5969	7460	9556	12265	15013	18047	20164	28377
0:12:20	30.0	691	1519	2964	3799	5954	7497	9592	12432	15160	18251	20086	28542
0:12:25	30.0	685	1548	3022	3748	5934	7394	9639	12286	15077	17857	20170	28564
0:12:30	30.0	681	1518	2969	3690	5994	7442	9619	12193	15054	17870	20018	28699
0:12:35	30.0	676	1550	2958	3717	5998	7419	9628	12387	15067	18340	20209	28529
0:12:40	30.0	674	1522	2969	3708	5932	7461	9561	12273	15002	18018	20108	28569
0:12:45	30.0	683	1529	2977	3750	5925	7468	9649	12256	14962	18193	20075	28487
0:12:50	30.0	700	1554	2951	3757	5954	7439	9555	12163	15155	18141	20028	28705
0:12:55	30.0	691	1527	2955	3740	6002	7494	9641	12319	14907	18054	20002	28578
0:13:00	30.0	721	1562	2969	3762	5914	7401	9668	12108	14986	18049	20051	28352
0:13:05	30.0	682	1511	2970	3700	5915	7387	9583	12323	15080	18039	19871	28276
0:13:10	30.0	670	1563	2918	3707	5978	7500	9513	12228	14876	17991	19973	28204
0:13:15	30.0	694	1503	2974	3721	5902	7443	9559	12209	14913	17990	20007	28188
0:13:20	30.0	698	1545	2994	3735	5919	7549	9515	12026	14965	18073	19930	28687
0:13:25	30.0	668	1554	2966	3693	5873	7410	9576	12113	14978	17962	19864	28456
0:13:30	30.0	676	1550	2953	3729	5934	7552	9580	12022	14774	17958	19828	28149
0:13:35	30.0	683	1510	2923	3722	5878	7601	9505	12118	15027	17904	19864	28159
0:13:40	30.0	685	1539	2961	3726	5949	7435	9552	12109	14973	17942	19846	28545
0:13:45	30.0	709	1524	2997	3734	5837	7475	9467	12204	14960	17921	19774	28329
0:13:50	30.0	704	1550	2934	3735	5901	7445	9458	12226	14897	17969	19720	28137
0:13:55	30.0	672	1543	2975	3723	5808	7341	9584	12189	14903	17752	19855	28306
0:14:00	30.0	690	1541	2915	3677	5898	7480	9434	12003	14864	17895	19691	28162
0:14:05	30.0	686	1498	2994	3649	5897	7553	9512	12046	14840	17908	19730	28205
0:14:10	30.0	676	1505	2928	3783	5908	7410	9587	12032	14920	17987	19754	27842
0:14:15	30.0	697	1541	2948	3700	5915	7382	9429	11982	14820	17970	19763	28005
0:14:20	30.0	689	1496	2944	3680	5864	7521	9579	11988	15024	17658	19881	27975
0:14:25	30.0	682	1517	3023	3687	5817	7417	9566	12149	14937	17623	19758	28270
0:14:30	30.0	689	1513	2953	3715	5825	7478	9540	12118	14813	17851	19706	27903
0:14:35	30.0	681	1528	2975	3760	5894	7383	9585	12000	14785	17840	19658	27755
0:14:40	30.0	678	1536	2990	3775	5908	7421	9593	12017	14784	17714	19740	27845
0:14:45	30.0	678	1529	2947	3724	5801	7445	9348	12118	14778	17564	19627	28477
0:14:50	30.0	687	1495	2921	3677	5808	7435	9527	12046	14898	17522	19606	28103
0:14:55	30.0	696	1537	2973	3671	5915	7480	9409	11869	14942	17645	19741	27736
0:15:00	30.0	700	1514	2935	3710	5815	7473	9372	12181	14671	17681	19640	27995
0:15:05	30.0	703	1552	2945	3717	5809	7411	9464	11895	14663	17721	19484	27915
0:15:10	30.0	673	1576	2931	3718	5969	7386	9371	11957	14830	17725	19563	27876
0:15:15	30.0	706	1545	2991	3763	5886	7531	9497	11917	14655	17691	19645	27677
0:15:20	30.0	715	1525	2989	3706	5817	7473	9417	12061	14734	17721	19585	28086
0:15:25	30.0	691	1528	2986	3658	5850	7549	9406	11985	14772	17663	19648	27643
0:15:30	30.0	695	1556	2940	3695	5868	7509	9426	11938	14730	17641	19473	27639
0:15:35	30.0	674	1577	2922	3674	5856	7352	9392	11829	14771	17632	19602	27944
0:15:40	30.0	716	1528	2914	3717	5864	7459	9515	12009	14828	17643	19532	27858
0:15:45	30.0	683	1540	2952	3666	5783	7482	9439	11920	14799	17667	19560	27697
0:15:50	30.0	701	1545	2889	3744	5867	7492	9509	11926	14765	17662	19581	27811
0:15:55	30.0	689	1562	2978	3703	5889	7515	9462	12090	14651	17562	19474	27747
0:16:00	30.0	689	1537	2900	3732	5776	7526	9325	11992	14779	17676	19612	27513
0:16:05	30.0	698	1563	2920	3747	5795	7457	9421	12033	14882	17671	19558	27750
0:16:10	30.0	688	1553	2970	3709	5829	7406	9390	11928	14797	17584	19336	27353
0:16:15	30.0	695	1561	2904	3644	5837	7377	9499	11900	14682	17637	19434	27685
0:16:20	30.0	680	1511	2941	3690	5888	7379	9420	11947	14672	17500	19581	27483
0:16:25	30.0	701	1558	2920	3714	5734	7376	9500	11939	14610	17606	19348	27729
0:16:30	30.0	670	1519	2991	3695	5823	7355	9269	11982	14665	17584	19589	27589
0:16:35	30.0	680	1532	2926	3713	5818	7424	9401	11856	14500	17563	19119	27496
0:16:40	30.0	698	1567	2907	3668	5809	7364	9378	11868	14720	17707	19596	27630
0:16:45	30.0	676	1549	2976	3682	5829	7481	9255	11965	14638	17590	19399	27277
0:16:50	30.0	669	1520	2943	3670	5746	7492	9354	11822	14708	17543	19370	27509
0:16:55	30.0	681	1542	2951	3730	5838	7506	9359	11864	14580	17447	19516	27619
0:17:00	30.0	732	1509	3010	3671	5800	7379	9337	11833	14750	17542	19456	27452
0:17:05	30.1	677	1527	2900	3733	5828	7351	9379	11832	14574	17459	19161	27481
0:17:10	30.1	683	1522	2932	3715	5826	7248	9278	11790	14417	17520	19448	27332
0:17:15	30.1	688	1495	3003	3677	5837	7441	9437	11878	14674	17479	19285	27338
0:17:20	30.0	688	1572	2927	3721	5864	7517	9381	11843	14722	17320	19308	27282
0:17:25	30.0	685	1505	2951	3679	5828	7456	9355	11791	14500	17532	19313	27217
0:17:30	30.0	696	1539	2948	3724	5749	7423	9273	11810	14644	17365	19359	27265
0:17:35	30.0	687	1519	2907	3783	5799	7367	9313	11959	14542	17516	19090	27477
0:17:40	30.0	678	1534	2960	3684	5832	7292	9304	11866	14642	17396	19257	27389
0:17:45	30.0	677	1513	2945	3642	5715	7372	9340	11892	14450	17457	19360	27316
0:17:50	30.0	691	1536	2974	3746	5861	7313	9407	11857	14466	17360	19145	27320
0:17:55	30.0	673	1547	2888	3698	5845	7439	9316	11898	14600	17555	19130	27197
0:18:00	30.0	677	1548	2950	3732	5787	7430	9365	11867	14358	17370	19397	27219
0:18:05	30.0	696	1512	2856	3704	5800	7397	9337	11793	14591	17339	19146	27229
0:18:10	30.0	677	1510	2951	3648	5807	7317	9264	11956	14557	17412	19321	27226
0:18:15	30.0	698	1584	2894	3682	5762	7326	9284	11897	14472	17414	19103	27069
0:18:20	30.0	691	1561	3025	3694	5695	7260	9255	11699	14539	17209	19092	27045
0:18:25	30.0	686	1533	2917	3683	5758	7344	9263	11862	14629	17263	19145	27196
0:18:30	30.0	695	1563	2868	3683	5708	7372	9299	11830	14720	17342	19070	27235
0:18:35	30.0	675	1546	2919	3734	5768	7215	9241	11709	14487	17110	19169	27335
0:18:40	30.0	667	1555	2919	3678	5747	7289	9155	11818	14396	17427	19054	26957
0:18:45	30.0	688	1530	2893	3641	5693	7361	9161	11736	14408	17292	19137	27183
0:18:50	30.0	670	1506	2915	3684	5769	7310	9393	11743	14547	17280	19092	27153
0:18:55	30.0	678	1535	2873	3718	5717	7269	9405	11670	14435	17347	19229	27061
0:19:00	30.0	687	1550	2874	3686	5670	7289	9219	11757	14489	17287	19336	27097
0:19:05	30.0	661	1521	2936	3704	5728	7303	9244	11782	14565	17346	19206	27223
0:19:10	30.0	692	1528	2863	3733	5821	7344	9263	11768	14459	17374	19076	27010
0:19:15	30.0	667	1567	2922	3802	5718	7335	9160	11829	14370	17329	18935	27209
0:19:20	30.0	674	1523	2901	3762	5797	7281	9217	11726	14477	17293	18980	27009
0:19:25	30.0	686	1524	2902	3713	5690	7252	9246	11847	14431	17146	18994	27018
0:19:30	30.0	691	1569	2901	3708	5742	7372	9295	11718	14687	17270	19060	26932
0:19:35	30.0	688	1512	2896	3702	5660	7276	9281	11743	14324	17048	18964	26990
0:19:40	30.0	687	1570	2882	3712	5715	7268	9255	11828	14321	17279	19010	26802
0:19:45	30.0	671	1579	2878	3693	5790	7353	9239	11742	14422	17123	18926	27048
0:19:50	30.0	691	1563	2914	3675	5781	7286	9278	11795	14396	17170	19134	26915
0:19:55	30.0	679	1546	2857	3708	5770	7378	9195	11719	14359	17200	19045	26916
0:20:00	30.0	678	1549	2904	3713	5674	7397	9143	11815	14425	17184	19156	27199
0:20:05	30.0	680	1531	2905	3753	5768	7278	9210	11799	14360	17385	19013	27081
0:20:10	30.0	678	1574	2865	3714	5730	7327	9267	11702	14392	17027	18978	27044
0:20:15	30.0	708	1527	2846	3696	5662	7236	9212	11734	14439	17154	19029	26998
0:20:20	30.0	699	1592	2898	3752	5789	7355	9288	11789	14335	17205	18892	26982
0:20:25	30.0	682	1576	2893	3799	5693	7304	9176	11593	14227	17141	19034	26894
0:20:30	30.0	707	1556	2811	3763	5740	7200	9191	11684	14394	17358	18996	26520
0:20:35	30.0	705	1490	2857	3795	5709	7321	9269	11598	14305	17100	18842	27060
0:20:40	30.0	717	1485	2858	3755	5665	7316	9343	11764	14450	17114	18908	26546
0:20:45	30.0	710	1533	2925	3708	5705	7229	9134	11737	14265	17036	18822	26789
0:20:50	30.0	694	1551	2852	3754	5827	7265	9173	11572	14401	17216	18919	26827
0:20:55	30.0	683	1578	2856	3722	5701	7258	9227	11600	14198	17228	19055	27015
0:21:00	30.0	717	1539	2920	3694	5764	7194	9208	11647	14288	17232	18680	26732
0:21:05	30.0	687	1502	2873	3785	5733	7202	9182	11617	14584	17061	18929	26711
0:21:10	30.0	692	1509	2836	3773	5733	7349	9168	11697	14407	16993	18991	26855
0:21:15	30.0	698	1528	2906	3750	5679	7309	9086	11644	14280	17165	18823	26691
0:21:20	30.0	672	1542	2910	3734	5679	7249	9161	11816	14142	17202	18804	26567
0:21:25	30.0	702	1532	2912	3707	5682	7334	9222	11629	14392	17077	18807	26846
0:21:30	30.0	718	1522	2926	3669	5785	7284	9282	11678	14274	17054	18894	26532
0:21:35	30.0	721	1559	2868	3714	5738	7292	9180	11750	14329	17067	18849	26676
0:21:40	30.0	700	1552	2846	3719	5730	7280	9172	11641	14418	17094	18982	26608
0:21:45	30.0	704	1577	2923	3744	5699	7286	9117	11695	14165	17218	18883	26919
0:21:50	30.0	691	1548	2965	3783	5715	7373	9241	11757	14315	17189	18910	26699
0:21:55	30.0	675	1538	2965	3781	5706	7246	9217	11689	14123	17284	18790	26800
0:22:00	30.0	702	1521	2896	3758	5686	7278	9139	11733	14282	17279	18951	26540
0:22:05	30.0	686	1522	2846	3786	5653	7349	9171	11786	14489	17025	18908	26591
0:22:10	30.0	688	1554	2867	3769	5764	7167	9170	11599	14214	17370	18730	26590
0:22:15	30.0	658	1511	2877	3695	5679	7176	9104	11619	14331	16950	18849	26702
0:22:20	30.0	685	1482	2894	3749	5744	7240	9247	11717	14223	17205	18922	26443
0:22:25	30.0	679	1537	2885	3728	5714	7165	9153	11716	14271	17073	18827	26521
0:22:30	30.0	707	1485	2848	3772	5765	7190	9135	11561	14295	16957	18878	26514
0:22:35	30.0	693	1517	2886	3757	5653	7189	9145	11619	14279	16966	18840	26589
0:22:40	30.0	689	1516	2833	3812	5615	7317	9208	11591	14207	17104	18616	26338
0:22:45	30.0	687	1530	2847	3714	5622	7126	9140	11634	14311	17091	18820	26422
0:22:50	30.0	691	1555	2912	3778	5765	7223	9204	11644	14222	16781	18738	26589
0:22:55	30.0	705	1513	2861	3812	5577	7258	9021	11511	14278	17119	18646	26362
0:23:00	30.0	656	1543	2913	3783	5608	7260	9182	11576	14208	17039	18811	26529
0:23:05	30.0	685	1517	2870	3723	5587	7160	9176	11515	14394	16944	18839	26295
0:23:10	30.0	703	1514	2883	3782	5676	7256	9163	11580	14225	17057	18680	26352
0:23:15	30.0	687	1523	2845	3794	5651	7195	9002	11458	14277	17091	18664	26668
0:23:20	30.0	675	1485	2845	3761	5683	7251	9198	11535	14235	16967	18720	26584
0:23:25	30.0	693	1490	2845	3812	5688	7182	9200	11475	14204	17051	18693	26201
0:23:30	30.0	684	1508	2818	3753	5673	7210	9134	11687	14219	17003	18832	26623
0:23:35	30.0	692	1525	2879	3766	5683	7132	8967	11553	14300	16914	18632	26437
0:23:40	30.0	681	1507	2858	3788	5686	7268	9123	11573	14174	16851	18798	26625
0:23:45	30.0	684	1547	2884	3729	5668	7185	9118	11636	14190	16934	18650	26446
0:23:50	30.0	670	1547	2794	3847	5685	7212	9161	11401	14281	16967	18530	26605
0:23:55	30.0	692	1549	2852	3769	5707	7164	9161	11470	14136	17018	18671	26215
0:24:00	30.0	709	1522	2858	3821	5752	7178	9124	11492	14040	16795	18773	26425
0:24:05	30.0	676	1455	2863	3758	5647	7232	9079	11628	14109	16850	18870	26332
0:24:10	30.0	690	1475	2866	3803	5627	7272	9005	11483	14086	16768	18760	26397
0:24:15	30.0	695	1537	2864	3795	5684	7212	9062	11494	14177	16918	18609	26278
0:24:20	30.0	698	1546	2821	3799	5639	7130	9122	11553	14157	16890	18745	26413
0:24:25	30.0	692	1532	2835	3892	5668	7205	9080	11609	14160	16755	18648	26463
0:24:30	30.0	693	1528	2821	3775	5586	7189	9144	11717	14169	16821	18800	26297
0:24:35	30.0	686	1489	2879	3775	5624	7257	9132	11593	14194	16888	18579	26276
0:24:40	30.0	668	1494	2821	3791	5600	7221	9082	11488	13994	16706	18759	26170
0:24:45	30.0	699	1500	2805	3842	5575	7110	9087	11678	14274	17031	18570	26353
0:24:50	30.0	677	1480	2840	3778	5649	7092	9160	11571	14267	16894	18564	26441
0:24:55	30.0	684	1505	2882	3817	5639	7134	9118	11373	14101	16810	18561	26099
0:25:00	30.0	683	1485	2859	3810	5584	7315	9019	11577	13995	17029	18763	26030
0:25:05	30.0	680	1525	2859	3810	5624	7176	9067	11481	14052	16924	18585	26399
0:25:10	30.0	662	1516	2806	3846	5716	7136	9083	11467	14206	16687	18404	26342
0:25:15	30.0	678	1550	2852	3852	5563	7152	9035	11697	14098	16832	18764	26574
0:25:20	30.0	659	1538	2875	3732	5575	7146	9080	11480	14158	16932	18754	26309
0:25:25	30.0	676	1512	2869	3858	5575	7184	9103	11419	14094	16863	18578	26205
0:25:30	30.0	667	1475	2855	3792	5700	7002	9075	11551	14119	16934	18565	26412
0:25:35	30.0	670	1492	2836	3792	5607	7099	9116	11423	14293	17125	18390	26310
0:25:40	30.0	683	1535	2844	3752	5599	7085	9094	11468	14105	16840	18465	25937
0:25:45	30.0	684	1513	2890	3824	5625	6985	9083	11429	14241	16783	18462	26355
0:25:50	30.0	668	1508	2813	3790	5653	7150	9134	11518	14055	16971	18621	26137
0:25:55	30.0	691	1508	2915	3774	5656	7105	9011	11382	14101	16873	18471	26364
0:26:00	30.0	699	1518	2851	3811	5683	7122	8975	11608	14191	16932	18691	26055
0:26:05	30.0	686	1536	2848	3818	5614	7168	9040	11473	14196	16815	18481	26293
0:26:10	30.0	671	1503	2865	3815	5527	7171	9106	11508	13903	16910	18497	26309
0:26:15	30.0	682	1539	2811	3735	5575	7178	9113	11493	14043	16849	18537	26140
0:26:20	30.0	674	1464	2879	3803	5527	7154	9084	11291	14098	16753	18428	26092
0:26:25	30.0	689	1486	2806	3827	5615	7119	9002	11448	14120	16758	18471	26315
0:26:30	30.0	680	1538	2800	3759	5608	7158	9035	11377	13947	16733	18626	25908
0:26:35	30.0	690	1503	2833	3761	5565	7151	8913	11390	14126	16950	18486	26173
0:26:40	30.0	661	1515	2821	3821	5653	7112	9190	11610	14029	16924	18430	26402
0:26:45	30.0	685	1493	2813	3808	5622	7085	9043	11380	14037	16867	18404	26082
0:26:50	30.0	703	1494	2814	3741	5610	7227	9022	11568	14062	16819	18526	26214
0:26:55	30.0	648	1546	2836	3804	5569	7106	8951	11478	14087	16633	18650	26500
0:27:00	30.0	672	1507	2843	3797	5562	7124	8999	11520	14162	16578	18488	25877
0:27:05	30.0	692	1496	2795	3829	5631	7123	9058	11444	14080	16779	18420	26343
0:27:10	30.0	703	1468	2887	3814	5650	7278	8929	11436	14183	16873	18548	26002
0:27:15	30.0	677	1491	2815	3828	5594	7155	9088	11363	14003	16784	18566	26172
0:27:20	30.0	684	1485	2809	3840	5572	7118	9017	11332	14115	16682	18401	25998
0:27:25	30.0	689	1480	2846	3786	5635	7163	8996	11420	14148	16748	18279	26113
0:27:30	30.0	700	1478	2838	3823	5550	7026	8992	11394	13952	16785	18335	25912
0:27:35	30.0	711	1485	2850	3794	5542	7114	9139	11344	14040	16756	18565	26081
0:27:40	30.0	684	1527	2871	3779	5557	7190	8969	11423	14061	16744	18401	25831
0:27:45	30.0	689	1483	2782	3732	5570	7011	9108	11397	13881	16726	18428	26245
0:27:50	30.0	707	1494	2805	3720	5555	7069	9002	11448	14020	16641	18378	26057
0:27:55	30.0	688	1511	2800	3803	5588	7007	9034	11347	14016	16695	18344	25983
0:28:00	30.0	726	1467	2814	3773	5540	7086	8953	11417	14021	16543	18458	25822
0:28:05	30.0	667	1496	2824	3775	5623	7099	9062	11418	13996	16818	18457	26182
0:28:10	30.0	662	1514	2872	3852	5544	7140	9012	11567	14092	16752	18649	25949
0:28:15	30.0	677	1517	2810	3803	5662	7089	8935	11333	13956	16715	18369	26039
0:28:20	30.0	665	1479	2833	3786	5631	7157	8933	11490	14062	16624	18459	25806
0:28:25	30.0	684	1544	2896	3754	5599	7079	8981	11216	14018	16740	18320	26048
0:28:30	30.0	687	1508	2774	3749	5553	7095	9010	11419	13872	16714	18374	25634
0:28:35	30.0	698	1510	2847	3819	5613	7048	9010	11419	14069	16698	18470	26024
0:28:40	30.0	664	1449	2807	3745	5585	7123	8957	11549	13914	16840	18390	25754
0:28:45	30.0	694	1516	2819	3754	5577	7090	8868	11407	13877	16734	18398	25933
0:28:50	30.0	663	1492	2804	3742	5598	7111	9053	11367	13970	16692	18491	25833
0:28:55	30.0	703	1460	2821	3810	5579	7101	8969	11438	14134	16752	18526	25923
0:29:00	30.0	673	1517	2867	3738	5641	7053	9101	11347	14059	16371	18366	25869
0:29:05	30.0	677	1485	2861	3753	5471	7076	8942	11479	14082	16712	18335	25732
0:29:10	30.0	668	1495	2845	3732	5625	7065	9084	11385	13932	16470	18450	25811
0:29:15	30.0	690	1529	2857	3900	5576	7097	8990	11428	13851	16706	18235	25730
0:29:20	30.0	671	1430	2797	3721	5680	7039	8989	11326	13932	16656	18546	25843
0:29:25	30.0	669	1504	2771	3701	5561	7089	9008	11354	13972	16555	18196	25947
0:29:30	30.0	640	1500	2785	3690	5637	7218	8993	11292	13823	16605	18475	25769
0:29:35	30.0	694	1510	2781	3780	5579	7180	8966	11366	14013	16690	18400	25552
0:29:40	30.0	690	1528	2822	3765	5627	7127	8969	11237	13877	16497	18267	25688
0:29:45	30.0	683	1517	2789	3782	5489	7161	8966	11493	13834	16603	18262	25771
0:29:50	30.0	671	1512	2803	3715	5488	6989	8929	11299	13888	16650	18354	25704
0:29:55	30.0	682	1455	2843	3824	5621	7119	9012	11398	14048	16585	18318	25815
0:30:00	30.0	680	1472	2788	3695	5543	7147	8858	11461	14009	16643	18289	25609
0:30:05	30.0	660	1494	2809	3727	5510	7036	8967	11367	14007	16648	18302	25844
0:30:10	30.0	673	1540	2857	3764	5504	7132	8987	11271	13967	16635	18374	25641
0:30:15	30.0	683	1482	2801	3736	5563	7052	8996	11349	13822	16534	18139	25559
0:30:20	30.0	674	1522	2798	3731	5548	7113	8945	11224	13884	16724	18502	25613
0:30:25	30.0	660	1455	2756	3791	5545	7129	9014	11471	14019	16683	18238	25731
0:30:30	30.0	665	1477	2818	3773	5636	6981	8934	11438	14078	16497	18192	25640
0:30:35	30.0	667	1508	2782	3739	5587	7023	9009	11356	13947	16465	18306	25671
0:30:40	30.0	659	1455	2794	3770	5565	6980	8917	11351	13788	16679	18276	25717
0:30:45	30.0	681	1484	2804	3728	5528	7075	8933	11272	13881	16600	18446	25592
0:30:50	30.0	683	1492	2826	3759	5535	7012	8973	11215	13893	16551	18299	25953
0:30:55	30.0	661	1486	2798	3713	5503	7033	8925	11335	13920	16493	18185	25840
0:31:00	30.0	685	1459	2845	3743	5540	6994	8845	11300	13872	16521	18393	25805
0:31:05	30.0	667	1477	2784	3741	5572	7011	9038	11281	13726	16584	18262	25456
0:31:10	30.0	667	1455	2785	3764	5569	7017	8888	11329	13857	16525	18508	25598
0:31:15	30.0	657	1453	2769	3736	5494	7013	8820	11297	13943	16489	18262	25600
0:31:20	30.0	695	1480	2772	3714	5526	7061	8879	11257	13923	16567	18255	25828
0:31:25	30.0	663	1437	2807	3733	5551	6996	8947	11517	13888	16584	18141	25484
0:31:30	30.0	665	1499	2784	3744	5519	7094	8965	11300	14000	16627	18257	25707
0:31:35	30.0	661	1514	2783	3690	5535	7110	8945	11265	14097	16395	18331	25657
0:31:40	30.0	688	1493	2744	3734	5523	7072	8985	11282	13832	16527	18029	25695
0:31:45	30.0	656	1467	2807	3725	5562	7057	8985	11113	13983	16516	18233	25736
0:31:50	30.0	690	1466	2841	3756	5524	7046	8923	11332	13950	16506	18296	25684
0:31:55	30.0	668	1491	2835	3736	5562	7023	8941	11323	13918	16614	18360	25484
0:32:00	30.0	673	1470	2770	3789	5537	6998	8931	11177	13779	16550	18089	25773
0:32:05	30.0	658	1481	2833	3759	5491	7056	8843	11219	13944	16471	18227	25496
0:32:10	30.0	656	1463	2841	3755	5501	7155	8882	11113	14008	16564	18024	25475
0:32:15	30.0	661	1489	2771	3769	5541	7014	8856	11378	13846	16478	18144	25688
0:32:20	30.0	663	1489	2806	3724	5498	7043	8925	11344	13974	16465	18153	25574
0:32:25	30.0	654	1472	2773	3674	5509	7032	8777	11337	13939	16542	18218	25450
0:32:30	30.0	658	1477	2760	3781	5497	7133	8892	11332	13634	16425	18122	25311
0:32:35	30.0	670	1495	2802	3773	5511	6944	8938	11290	13926	16583	18298	25686
0:32:40	30.0	665	1456	2782	3679	5546	6973	8883	11257	13773	16475	18141	25652
0:32:45	30.0	668	1440	2764	3677	5463	7007	8910	11072	13776	16432	18194	25785
0:32:50	30.0	666	1467	2723	3644	5505	7021	8809	11350	13896	16400	17963	25426
0:32:55	30.0	658	1441	2770	3713	5504	6977	8844	11047	13949	16582	18137	25520
0:33:00	30.0	659	1540	2814	3724	5547	7013	8938	11121	13843	16452	18206	25596
0:33:05	30.0	665	1513	2833	3712	5538	7000	8868	11115	13677	16340	17984	25385
0:33:10	30.0	652	1457	2776	3687	5520	6986	8906	11366	13919	16554	18053	25351
0:33:15	30.0	676	1498	2786	3734	5571	6956	8982	11085	13938	16418	18180	25498
0:33:20	30.0	686	1461	2751	3696	5464	6956	8903	11287	13847	16661	18204	25543
0:33:25	30.0	683	1465	2751	3759	5521	7018	8853	11276	13842	16533	18180	25248
0:33:30	30.0	677	1482	2800	3754	5492	7023	8932	11215	13788	16476	17979	25468
0:33:35	30.0	666	1478	2724	3659	5454	6933	8926	11247	13744	16200	18165	25364
0:33:40	30.0	677	1457	2766	3760	5463	6959	8935	11411	13781	16355	18118	25508
0:33:45	30.0	652	1469	2825	3747	5567	6951	8968	11165	13894	16384	18212	25708
0:33:50	30.0	668	1478	2720	3671	5524	6988	8767	11141	13873	16396	18031	25417
0:33:55	30.0	689	1472	2835	3716	5570	6947	8841	11227	13475	16492	17920	25522
0:34:00	30.0	662	1477	2760	3705	5535	7029	8794	11147	13829	16529	18151	25437
0:34:05	30.0	659	1527	2711	3698	5527	6919	8834	11239	13761	16497	18209	25297
0:34:10	30.0	636	1469	2790	3748	5538	6967	8871	11231	13863	16424	17956	25337
0:34:15	30.0	681	1466	2758	3664	5485	7010	8897	11220	13683	16370	18099	25417
0:34:20	30.0	642	1445	2714	3690	5493	6947	8901	11285	13798	16621	18208	25367
0:34:25	30.0	682	1465	2736	3705	5532	6893	8912	11166	13846	16430	18005	25495
0:34:30	30.0	677	1492	2767	3680	5438	6935	8893	11220	13696	16434	18209	25421
0:34:35	30.0	663	1419	2830	3716	5565	6964	8834	11184	13682	16448	18197	25267
0:34:40	30.0	669	1436	2783	3757	5511	6973	8958	10956	13648	16387	18157	25296
0:34:45	30.0	677	1453	2751	3610	5450	6982	8794	11163	13928	16306	17913	25422
0:34:50	30.0	650	1468	2744	3686	5454	6936	8904	11174	13966	16406	18048	25401
0:34:55	30.0	657	1458	2724	3703	5489	6932	8835	11155	13815	16410	18125	25436
0:35:00	30.0	671	1476	2732	3705	5522	6975	8843	11252	13720	16399	18030	25398
0:35:05	30.0	661	1493	2711	3689	5522	7049	8762	11193	13672	16575	18053	25642
0:35:10	30.0	665	1464	2743	3736	5457	7048	8800	11322	13767	16451	17933	25250
0:35:15	30.0	677	1452	2715	3704	5523	6942	8893	11040	13739	16384	18154	25383
0:35:20	30.0	660	1495	2760	3725	5463	7023	8700	11293	13739	16337	18111	25444
0:35:25	30.0	662	1472	2726	3660	5481	6959	8887	11159	13811	16490	18060	25476
0:35:30	30.0	667	1442	2695	3666	5498	7144	8748	11161	13743	16075	18060	25521
0:35:35	30.0	652	1481	2781	3628	5511	7001	8812	11380	13589	16299	18152	25277
0:35:40	30.0	642	1469	2801	3737	5519	6984	8796	11098	13573	16292	17935	25395
0:35:45	30.0	661	1461	2768	3695	5385	7050	8801	11145	13685	16580	18068	25198
0:35:50	30.0	672	1471	2752	3722	5493	6921	8741	11117	13755	16383	18065	25498
0:35:55	30.0	642	1473	2729	3708	5518	6891	8838	11221	13648	16235	17887	25140
0:36:00	30.0	676	1470	2786	3721	5446	6931	8854	11294	13846	16596	17923	25335
0:36:05	30.0	656	1498	2716	3697	5441	7069	8777	11318	13792	16357	18093	25369
0:36:10	30.0	649	1449	2743	3710	5509	6955	8728	11059	13656	16400	18008	25399
0:36:15	30.0	678	1446	2797	3682	5459	6970	8748	11225	13693	16127	18030	24973
0:36:20	30.0	666	1499	2778	3682	5453	6872	8841	11110	13743	16400	17921	25239
0:36:25	30.0	665	1425	2775	3710	5465	6968	8892	11085	13623	16342	17980	25199
0:36:30	30.0	643	1448	2784	3618	5488	6901	8788	11194	13799	16370	17888	25105
0:36:35	30.0	662	1496	2753	3671	5504	7045	8742	11176	13863	16396	18064	25209
0:36:40	30.0	664	1462	2791	3733	5460	6941	8714	11130	13731	16208	18108	25393
0:36:45	30.0	655	1440	2750	3708	5405	6912	8734	11083	13783	16381	17960	25259
0:36:50	30.0	647	1491	2716	3673	5510	6954	8878	11225	13612	16271	17895	25436
0:36:55	30.0	667	1476	2776	3642	5497	6945	8724	11014	13614	16521	17807	25225
0:37:00	30.0	668	1441	2709	3656	5472	6997	8855	11275	13630	16298	18017	25120
0:37:05	30.0	658	1455	2751	3682	5505	6916	8760	11122	13797	16510	17965	25307
0:37:10	30.0	635	1435	2668	3694	5512	6950	8812	11255	13546	16177	18066	25053
0:37:15	30.0	661	1469	2737	3701	5469	6893	8794	11123	13519	16370	17991	25315
0:37:20	30.0	638	1449	2784	3669	5551	6941	8789	11250	13859	16357	17927	24891
0:37:25	30.0	672	1450	2789	3703	5438	6957	8735	11132	13697	16165	17766	25038
0:37:30	30.0	656	1447	2771	3690	5435	6858	8747	11049	13511	16220	17860	24953
0:37:35	30.0	653	1445	2725	3696	5476	6969	8679	11068	13611	16098	18085	25289
0:37:40	30.0	679	1413	2713	3698	5455	6886	8780	11042	13503	16373	17863	25287
0:37:45	30.0	640	1456	2709	3673	5459	6927	8838	11197	13665	16367	17946	25150
0:37:50	30.0	673	1452	2824	3649	5393	6927	8777	11190	13701	16301	17776	25196
0:37:55	30.0	665	1421	2755	3660	5406	6867	8790	11087	13697	16316	17891	25282
0:38:00	30.0	632	1427	2726	3704	5490	6882	8703	11052	13810	16367	18083	25190
0:38:05	30.0	650	1413	2769	3733	5433	6899	8745	11181	13583	16335	17826	25308
0:38:10	30.0	627	1407	2763	3603	5438	6902	8622	11295	13604	16300	17898	24997
0:38:15	30.0	646	1486	2674	3625	5420	6962	8792	11082	13742	16235	17867	25330
0:38:20	30.0	669	1463	2723	3734	5423	7031	8715	11100	13722	16141	17970	25221
0:38:25	30.0	680	1472	2754	3662	5459	6940	8664	11105	13710	16394	17823	25279
0:38:30	30.0	643	1433	2734	3660	5417	6937	8781	10987	13738	16167	17987	25478
0:38:35	30.0	665	1457	2724	3625	5460	6892	8760	11079	13774	16280	17945	25207
0:38:40	30.0	634	1438	2803	3666	5504	6954	8690	10964	13717	16307	17968	25208
0:38:45	30.0	658	1439	2786	3695	5398	6858	8829	11218	13635	16119	18025	25351
0:38:50	30.0	650	1430	2757	3620	5472	6961	8741	11065	13678	16343	18079	25037
0:38:55	30.0	629	1489	2717	3637	5452	6941	8793	11086	13684	16315	17920	25276
0:39:00	30.0	669	1461	2762	3712	5313	6910	8728	11218	13661	16282	17759	25066
0:39:05	30.0	656	1440	2805	3714	5447	6876	8820	11127	13635	16283	17864	25210
0:39:10	30.0	637	1482	2782	3716	5480	6883	8809	11081	13664	16332	17907	24943
0:39:15	30.0	660	1441	2724	3684	5428	6960	8651	11146	13695	16382	17873	25302
0:39:20	30.0	632	1438	2691	3602	5448	6833	8683	11060	13462	16255	18000	24996
0:39:25	30.0	653	1420	2703	3639	5412	6882	8810	11054	13568	16306	17848	25128
0:39:30	30.0	629	1451	2705	3654	5472	6912	8699	11117	13499	16233	17810	25207
0:39:35	30.0	658	1459	2760	3683	5496	6905	8794	11069	13560	16247	18020	25124
0:39:40	30.0	667	1476	2738	3685	5368	6910	8699	11042	13672	16294	18029	24963
0:39:45	30.0	652	1454	2674	3685	5525	6885	8809	10963	13599	16257	17678	25127
0:39:50	30.0	656	1438	2753	3655	5427	6884	8735	11089	13619	16137	17938	25011
0:39:55	30.0	659	1459	2727	3642	5395	6890	8760	11055	13589	16354	18037	25068
0:40:00	30.0	667	1475	2722	3707	5436	6991	8721	11086	13600	16162	18107	25315
0:40:05	30.0	648	1490	2751	3667	5377	6730	8850	11175	13532	16134	18106	25039
0:40:10	30.0	662	1438	2698	3577	5405	6866	8911	11096	13646	16320	17725	25115
0:40:15	30.0	617	1445	2738	3721	5416	6931	8757	11024	13656	16325	17827	24979
0:40:20	30.0	648	1439	2669	3590	5434	6930	8683	11003	13509	16122	17776	25132
0:40:25	30.0	661	1454	2689	3687	5404	6858	8769	10971	13654	16263	17720	25096
0:40:30	30.0	658	1434	2743	3667	5402	6807	8712	11035	13542	16294	17881	24904
0:40:35	30.0	666	1431	2740	3652	5443	6906	8768	11123	13614	16244	17938	25280
0:40:40	30.0	645	1443	2728	3672	5498	6836	8758	11157	13552	16238	17892	25331
0:40:45	30.0	627	1472	2740	3650	5433	6857	8825	11006	13521	16224	17829	24967
0:40:50	30.0	652	1453	2765	3620	5278	6870	8631	11002	13595	16180	17801	24994
0:40:55	30.0	674	1449	2726	3598	5390	6855	8892	11043	13624	16320	17642	24922
0:41:00	30.0	681	1464	2727	3689	5477	6908	8667	11120	13607	16144	17973	24954
0:41:05	30.0	660	1436	2655	3692	5414	6774	8671	11203	13596	16268	17884	25063
0:41:10	30.0	644	1450	2744	3672	5430	6893	8720	11008	13680	16125	17752	25199
0:41:15	30.0	648	1443	2702	3623	5363	6853	8633	11023	13485	16254	17814	25011
0:41:20	30.0	672	1440	2727	3594	5419	6919	8685	11085	13637	16153	17901	25139
0:41:25	30.0	653	1467	2732	3596	5382	6795	8645	11182	13483	16115	17646	24967
0:41:30	30.0	644	1436	2708	3612	5363	6899	8773	10922	13482	16174	17597	25023
0:41:35	30.0	657	1411	2737	3640	5413	6810	8723	11116	13601	16140	17976	25150
0:41:40	30.0	626	1470	2706	3640	5401	6894	8711	10968	13664	16267	17684	24869
0:41:45	30.0	661	1425	2762	3649	5362	6868	8799	11113	13498	16303	17628	25028
0:41:50	30.0	658	1457	2710	3713	5416	6904	8730	10928	13440	16235	17919	25158
0:41:55	30.0	633	1423	2703	3669	5437	6817	8722	11002	13599	16169	17873	24926
0:42:00	30.0	663	1447	2757	3645	5343	6921	8548	11080	13637	16250	17853	25144
0:42:05	30.0	644	1454	2685	3662	5427	6921	8671	11154	13626	16218	17769	25014
0:42:10	30.0	663	1416	2695	3565	5471	6870	8720	11047	13596	16145	17939	24921
0:42:15	30.0	658	1414	2712	3616	5350	6848	8548	11036	13647	16069	17710	25173
0:42:20	30.0	652	1465	2686	3643	5440	6965	8674	10989	13558	16177	17574	25281
0:42:25	30.0	653	1465	2739	3604	5382	6866	8594	11042	13622	16127	17961	25016
0:42:30	30.0	663	1420	2695	3652	5411	6901	8590	11041	13410	16268	17862	24820
0:42:35	30.0	633	1425	2700	3579	5463	6963	8603	10886	13556	16143	17673	24788
0:42:40	30.0	680	1464	2652	3654	5449	6872	8681	11037	13453	16311	17738	25031
0:42:45	30.0	674	1481	2767	3686	5363	6833	8701	11051	13435	16186	17800	24936
0:42:50	30.0	641	1436	2670	3579	5393	6953	8744	11064	13614	16067	17586	24970
0:42:55	30.0	649	1424	2732	3533	5397	6815	8736	10885	13565	16182	17712	25000
0:43:00	30.0	653	1413	2716	3595	5364	6852	8691	11037	13374	16039	17841	24822
0:43:05	30.0	649	1431	2734	3688	5406	6811	8621	11078	13372	16045	17666	25008
0:43:10	30.0	640	1429	2679	3572	5366	6815	8719	10984	13525	16164	17702	24860
0:43:15	30.0	652	1411	2696	3662	5355	6794	8651	10981	13422	15929	17708	24772
0:43:20	30.0	651	1452	2726	3571	5376	6718	8573	11133	13446	16267	17579	24873
0:43:25	30.0	653	1428	2704	3627	5313	6925	8730	10938	13367	16012	17802	24788
0:43:30	30.0	649	1452	2691	3687	5341	6879	8670	10885	13313	16146	17831	24743
0:43:35	30.0	652	1420	2730	3642	5396	6919	8623	11108	13343	15989	17690	25002
0:43:40	30.0	664	1403	2694	3631	5329	6835	8733	11101	13471	16118	17600	24858
0:43:45	30.0	644	1461	2755	3632	5353	6954	8621	11003	13461	16053	17875	24818
0:43:50	30.0	638	1406	2667	3638	5358	6797	8669	10963	13419	16062	17629	24834
0:43:55	30.0	667	1453	2659	3661	5480	6755	8548	11116	13489	16067	17739	24850
0:44:00	30.0	654	1400	2701	3654	5419	6830	8632	10932	13426	16005	17785	24638
0:44:05	30.0	658	1427	2704	3618	5352	6790	8640	10876	13692	16033	17563	24924
0:44:10	30.0	645	1413	2645	3728	5380	6863	8664	10983	13720	16061	17811	24869
0:44:15	30.0	636	1431	2720	3546	5335	6840	8635	10888	13330	16188	17722	24912
0:44:20	30.0	646	1447	2714	3648	5231	6762	8605	10972	13347	15981	17767	24825
0:44:25	30.0	660	1462	2704	3621	5432	6751	8685	11157	13503	16061	17653	24779
0:44:30	30.0	645	1442	2684	3660	5384	6851	8730	11145	13420	16125	17640	24676
0:44:35	30.0	624	1405	2706	3585	5293	6873	8635	10863	13556	16066	17782	24994
0:44:40	30.0	638	1425	2672	3609	5330	6886	8670	10823	13414	16001	17639	24689
0:44:45	30.0	639	1420	2744	3572	5342	6788	8616	11009	13532	16046	17635	24795
0:44:50	30.0	630	1420	2656	3609	5328	6737	8660	10917	13501	16016	17690	24845
0:44:55	30.0	638	1423	2699	3630	5287	6668	8588	10881	13443	16184	17727	24696
0:45:00	30.0	636	1458	2646	3546	5391	6833	8626	11039	13445	16106	17486	24932
0:45:05	30.1	648	1431	2712	3628	5290	6813	8606	10981	13346	16144	17735	24879
0:45:10	30.1	613	1412	2715	3568	5331	6917	8478	10998	13494	16001	17643	24745
0:45:15	30.0	636	1420	2639	3614	5256	6759	8612	10903	13401	15872	17867	25043
0:45:20	30.0	645	1417	2681	3584	5284	6766	8686	11106	13445	16117	17645	24848
0:45:25	30.0	649	1412	2683	3673	5326	6819	8563	10917	13414	15927	17775	24383
0:45:30	30.0	637	1432	2674	3609	5326	6801	8621	11024	13615	16096	17730	24614
0:45:35	30.0	668	1393	2698	3647	5345	6906	8732	11021	13378	16094	17821	24603
0:45:40	30.0	647	1478	2646	3577	5403	6822	8587	11043	13502	16081	17556	24633
0:45:45	30.0	622	1397	2698	3601	5369	6799	8545	10829	13454	16253	17627	24707
0:45:50	30.0	641	1417	2685	3611	5337	6777	8542	10820	13396	16022	17621	24866
0:45:55	30.0	646	1403	2693	3615	5364	6825	8623	10937	13337	16047	17615	24467
0:46:00	30.0	624	1429	2714	3633	5382	6787	8585	10961	13554	16119	17768	24751
0:46:05	30.0	642	1419	2681	3632	5282	6773	8649	10905	13332	15998	17603	24799
0:46:10	30.0	645	1424	2679	3588	5368	6766	8810	10794	13460	16027	17559	24776
0:46:15	30.0	661	1408	2637	3578	5378	6749	8680	10811	13428	15882	17603	24350
0:46:20	30.0	643	1403	2709	3640	5264	6782	8531	10875	13363	15884	17350	24655
0:46:25	30.0	617	1416	2676	3658	5330	6792	8563	10847	13496	15895	17643	24723
0:46:30	30.0	657	1465	2731	3616	5314	6799	8595	10780	13338	16066	17618	24761
0:46:35	30.0	659	1380	2617	3575	5328	6740	8661	10945	13333	15879	17491	25113
0:46:40	30.0	632	1464	2718	3609	5324	6870	8488	10836	13424	15985	17748	24571
0:46:45	30.0	656	1451	2663	3556	5344	6856	8559	10930	13329	16083	17422	24474
0:46:50	30.0	633	1424	2690	3555	5369	6814	8693	10863	13596	16004	17504	24722
0:46:55	30.0	648	1409	2661	3567	5298	6739	8706	10884	13407	16011	17481	24632
0:47:00	30.0	652	1424	2687	3634	5305	6737	8580	10892	13386	15998	17615	24564
0:47:05	30.0	648	1419	2713	3616	5343	6721	8529	10904	13383	16041	17581	24740
0:47:10	30.0	644	1466	2708	3586	5350	6826	8669	11013	13330	16007	17570	24747
0:47:15	30.0	621	1431	2703	3620	5394	6657	8560	10963	13437	15929	17739	24665
0:47:20	30.0	643	1427	2695	3613	5372	6823	8569	10917	13517	16068	17487	24650
0:47:25	30.0	644	1432	2641	3620	5330	6846	8536	10870	13417	15833	17587	24933
0:47:30	30.0	637	1429	2682	3646	5328	6747	8533	11022	13374	16058	17604	24414
0:47:35	30.0	651	1454	2638	3600	5347	6706	8561	10886	13397	15942	17470	24558
0:47:40	30.0	620	1446	2701	3615	5348	6795	8582	10974	13399	15995	17670	24571
0:47:45	30.0	621	1422	2671	3585	5251	6687	8525	10958	13249	15858	17632	24454
0:47:50	30.0	634	1410	2658	3581	5422	6667	8492	10880	13271	15965	17831	24534
0:47:55	30.0	642	1408	2670	3542	5400	6773	8573	11115	13385	16002	17586	24546
0:48:00	30.0	639	1403	2688	3575	5424	6657	8651	10889	13327	15939	17752	24700
0:48:05	30.0	658	1413	2687	3580	5250	6784	8619	10935	13501	15891	17619	24688
0:48:10	30.0	646	1404	2695	3579	5320	6851	8488	10817	13408	16065	17263	24599
0:48:15	30.0	631	1438	2691	3555	5287	6760	8578	10901	13375	15890	17431	24729
0:48:20	30.0	639	1420	2689	3631	5276	6745	8606	10896	13244	15828	17582	24334
0:48:25	30.0	635	1405	2675	3562	5335	6700	8611	10857	13301	15934	17404	24600
0:48:30	30.0	653	1436	2700	3594	5268	6894	8440	10938	13299	15794	17497	24471
0:48:35	30.0	643	1439	2616	3610	5345	6705	8614	11032	13349	15956	17586	24444
0:48:40	30.0	644	1405	2660	3534	5313	6801	8574	10877	13480	16036	17392	24738
0:48:45	30.0	645	1418	2684	3588	5375	6740	8718	10766	13330	15931	17419	24694
0:48:50	30.0	634	1408	2680	3519	5345	6705	8506	10881	13342	15857	17505	24536
0:48:55	30.0	647	1412	2628	3533	5353	6687	8517	10943	13357	15865	17523	24461
0:49:00	30.0	647	1444	2722	3546	5250	6753	8581	10772	13229	15856	17524	24590
0:49:05	30.0	633	1420	2700	3548	5252	6721	8510	10758	13522	16107	17454	24533
0:49:10	30.0	645	1410	2675	3621	5416	6809	8572	10943	13403	15886	17417	24637
0:49:15	30.0	635	1435	2717	3569	5215	6703	8593	10744	13366	15921	17492	24448
0:49:20	30.0	656	1424	2689	3554	5320	6697	8672	10866	13428	15954	17340	24670
0:49:25	30.0	634	1437	2652	3554	5265	6696	8542	10673	13434	15859	17362	24670
0:49:30	30.0	651	1420	2633	3645	5383	6804	8466	10900	13416	15844	17547	24562
0:49:35	30.1	636	1385	2675	3589	5221	6769	8654	10872	13345	15973	17366	24414
0:49:40	30.0	669	1439	2667	3612	5291	6689	8479	10776	13457	15907	17509	24603
0:49:45	30.1	632	1400	2638	3622	5303	6827	8550	10731	13325	15941	17601	24517
0:49:50	30.1	627	1410	2694	3586	5317	6802	8567	10810	13478	15994	17544	24685
0:49:55	30.1	641	1415	2613	3610	5224	6777	8584	10818	13366	15994	17570	24725
0:50:00	30.1	644	1376	2690	3605	5256	6825	8502	10897	13367	15887	17508	24372
0:50:05	30.0	616	1433	2679	3515	5328	6759	8545	10890	13322	16009	17439	24479
0:50:10	30.0	628	1402	2671	3584	5317	6718	8577	11020	13338	16049	17480	24641
0:50:15	30.1	637	1433	2648	3539	5291	6787	8575	10791	13236	16023	17421	24588
0:50:20	30.1	654	1433	2636	3578	5412	6683	8571	10742	13443	15724	17340	24354
0:50:25	30.1	649	1403	2661	3513	5229	6691	8539	10720	13248	15893	17402	24380
0:50:30	30.1	612	1452	2661	3607	5325	6724	8586	10921	13244	15920	17408	24507
0:50:35	30.1	632	1428	2680	3602	5323	6672	8542	10760	13308	15709	17567	24416
0:50:40	30.1	619	1390	2683	3543	5323	6672	8570	10867	13355	15843	17359	24627
0:50:45	30.1	655	1396	2642	3515	5265	6699	8560	10905	13358	15772	17403	24450
0:50:50	30.1	614	1418	2633	3529	5329	6776	8465	10785	13278	15837	17412	24382
0:50:55	30.1	615	1433	2717	3521	5271	6757	8535	10842	13474	15749	17440	24347
0:51:00	30.1	626	1404	2632	3576	5189	6707	8538	10834	13281	15968	17435	24502
0:51:05	30.1	607	1407	2678	3540	5296	6678	8412	10826	13328	16064	17483	24470
0:51:10	30.1	645	1427	2616	3605	5354	6663	8570	10947	13321	15856	17321	24674
0:51:15	30.1	635	1416	2627	3568	5273	6697	8522	10823	13338	15755	17445	24380
0:51:20	30.1	624	1399	2644	3532	5262	6672	8472	10715	13197	15729	17408	24581
0:51:25	30.1	614	1361	2629	3464	5206	6773	8487	10756	13398	15795	17361	24433
0:51:30	30.1	644	1403	2688	3585	5258	6689	8488	10691	13385	15899	17425	24278
0:51:35	30.0	643	1441	2686	3521	5195	6730	8465	10807	13245	15782	17352	24774
0:51:40	30.1	644	1404	2703	3600	5280	6758	8551	10885	13119	15925	17338	24705
0:51:45	30.0	637	1409	2650	3583	5297	6705	8527	10889	13184	15835	17413	24493
0:51:50	30.1	636	1371	2630	3502	5272	6636	8470	10799	13236	15591	17433	24522
0:51:55	30.1	648	1380	2625	3597	5326	6661	8468	10756	13141	15782	17290	24586
0:52:00	30.1	619	1389	2662	3599	5346	6703	8623	10646	13265	15942	17258	24334
0:52:05	30.1	628	1407	2637	3515	5294	6733	8557	10796	13209	15722	17502	24231
0:52:10	30.1	634	1410	2668	3620	5242	6763	8544	10760	13076	15828	17304	24430
0:52:15	30.1	615	1426	2604	3604	5218	6637	8471	10672	13171	15847	17449	24281
0:52:20	30.0	645	1386	2702	3557	5177	6715	8521	10829	13211	15813	17341	24582
0:52:25	30.1	628	1432	2645	3582	5284	6692	8499	10625	13328	15774	17300	24505
0:52:30	30.1	634	1420	2655	3534	5211	6632	8514	10894	13377	15814	17408	24415
0:52:35	30.1	619	1416	2644	3577	5266	6705	8426	10758	13223	15712	17316	24511
0:52:40	30.1	616	1378	2634	3503	5235	6629	8541	10679	13357	15906	17502	24373
0:52:45	30.1	625	1416	2657	3540	5268	6702	8627	10962	13277	15613	17330	24289
0:52:50	30.1	634	1413	2646	3585	5217	6656	8509	10783	13327	15986	17249	24324
0:52:55	30.1	663	1407	2641	3568	5278	6692	8463	10880	13313	15904	17419	24494
0:53:00	30.1	655	1398	2655	3543	5288	6665	8423	10800	13233	15772	17322	24629
0:53:05	30.0	636	1422	2641	3599	5128	6734	8470	10690	13166	15745	17331	24103
0:53:10	30.1	610	1373	2651	3608	5181	6635	8422	10823	13273	15710	17510	24553
0:53:15	30.1	627	1404	2676	3563	5291	6711	8412	10816	13063	15796	17252	24373
0:53:20	30.0	633	1413	2676	3551	5312	6656	8436	10784	13383	15762	17341	24366
0:53:25	30.1	614	1415	2636	3505	5291	6586	8476	10776	13233	15511	17220	24125
0:53:30	30.1	650	1396	2626	3524	5236	6763	8366	10704	13233	15609	17312	24618
0:53:35	30.1	615	1397	2628	3562	5252	6804	8628	10811	13202	15721	17363	24479
0:53:40	30.1	639	1440	2660	3533	5208	6655	8542	10794	13128	15786	17379	24357
0:53:45	30.1	609	1387	2631	3505	5261	6692	8525	10631	13113	15674	17246	24200
0:53:50	30.0	636	1418	2622	3565	5309	6720	8467	10808	13184	15642	17397	24243
0:53:55	30.1	629	1387	2636	3554	5225	6641	8514	10710	13268	15629	17159	24371
0:54:00	30.1	636	1422	2643	3552	5145	6799	8546	10825	13266	15551	17244	24221
0:54:05	30.1	650	1428	2660	3531	5200	6642	8466	10864	13041	15749	17183	24391
0:54:10	30.1	623	1390	2702	3542	5313	6617	8537	10785	13061	15586	17188	24316
0:54:15	30.1	622	1405	2634	3533	5203	6625	8444	10749	13251	16050	17386	24290
0:54:20	30.1	631	1403	2647	3574	5163	6719	8575	10725	13170	15653	17273	24005
0:54:25	30.1	632	1393	2661	3535	5188	6657	8470	10778	13262	15833	17266	24196
0:54:30	30.1	620	1402	2683	3556	5231	6646	8465	10865	13182	15826	17296	24136
0:54:35	30.0	606	1389	2657	3499	5247	6695	8445	10673	13023	15717	17265	24165
0:54:40	30.1	633	1371	2656	3515	5209	6643	8440	10775	13092	15766	17204	24050
0:54:45	30.1	620	1412	2649	3503	5281	6628	8390	10706	13072	15763	17186	24494
0:54:50	30.1	629	1401	2648	3515	5246	6763	8503	10757	13175	15635	17409	24318
0:54:55	30.1	623	1395	2645	3509	5310	6586	8471	10749	13133	15735	17225	24265
0:55:00	30.1	648	1457	2648	3519	5253	6700	8418	10713	13053	15614	17182	24277
0:55:05	30.1	617	1384	2620	3516	5210	6662	8435	10739	13216	15685	17285	24204
0:55:10	30.1	607	1387	2627	3550	5196	6675	8421	10678	13116	15701	17290	24312
0:55:15	30.0	631	1395	2611	3532	5247	6670	8544	10824	13218	15724	17302	24288
0:55:20	30.1	641	1405	2602	3568	5297	6679	8482	10786	13166	15864	17275	23985
0:55:25	30.1	637	1384	2580	3553	5264	6715	8454	10766	13117	15713	17587	24160
0:55:30	30.1	640	1398	2647	3557	5341	6607	8423	10860	13020	15733	17329	24341
0:55:35	30.1	612	1407	2620	3510	5266	6717	8498	10657	12955	15685	17344	23901
0:55:40	30.0	616	1377	2666	3577	5264	6624	8402	10716	13092	15655	17180	24274
0:55:45	30.1	635	1398	2615	3536	5196	6657	8510	10529	13127	15678	17146	24287
0:55:50	30.1	626	1382	2577	3565	5306	6639	8447	10731	13265	15611	17029	24213
0:55:55	30.0	637	1388	2597	3498	5268	6645	8418	10654	13119	15705	17284	24108
0:56:00	30.1	634	1402	2659	3566	5241	6635	8468	10652	13187	15667	17152	23834
0:56:05	30.1	617	1382	2657	3571	5362	6655	8447	10844	13153	15777	17183	24073
0:56:10	30.1	646	1414	2669	3522	5285	6659	8402	10561	13126	15657	17225	24034
0:56:15	30.1	654	1364	2639	3480	5215	6630	8421	10685	13175	15684	17041	24116
0:56:20	30.1	635	1376	2673	3459	5218	6675	8343	10553	13168	15664	17152	23982
0:56:25	30.0	644	1400	2579	3525	5258	6729	8409	10743	13091	15652	17232	24096
0:56:30	30.1	652	1371	2577	3507	5180	6589	8466	10682	13105	15673	17299	24006
0:56:35	30.0	604	1366	2578	3481	5161	6647	8419	10640	13142	15475	17184	24126
0:56:40	30.1	616	1366	2696	3459	5232	6631	8276	10665	13071	15525	17267	24223
0:56:45	30.1	625	1397	2633	3547	5151	6642	8410	10636	13250	15751	17207	24148
0:56:50	30.1	640	1407	2647	3492	5241	6541	8391	10784	13078	15584	17084	24174
0:56:55	30.1	636	1338	2641	3532	5257	6626	8422	10671	13070	15556	17192	24097
0:57:00	30.1	636	1385	2640	3499	5185	6637	8381	10675	13164	15833	17122	24139
0:57:05	30.1	625	1400	2588	3505	5252	6583	8357	10613	13108	15702	17158	24137
0:57:10	30.1	642	1376	2673	3516	5256	6625	8428	10616	13109	15644	17270	24100
0:57:15	30.1	625	1360	2621	3471	5197	6580	8373	10813	13155	15569	17138	24145
0:57:20	30.1	620	1376	2624	3500	5174	6622	8345	10702	13114	15606	17099	23946
0:57:25	30.1	629	1445	2629	3501	5299	6634	8450	10562	13127	15556	17030	24104
0:57:30	30.1	623	1430	2580	3526	5129	6606	8476	10544	13023	15587	17112	24117
0:57:35	30.1	640	1385	2635	3487	5242	6698	8313	10652	13062	15689	17025	23923
0:57:40	30.1	641	1393	2570	3544	5223	6620	8385	10551	12991	15462	17143	24101
0:57:45	30.1	637	1407	2612	3568	5145	6573	8441	10586	13016	15576	17062	23958
0:57:50	30.1	626	1436	2622	3510	5140	6675	8444	10691	12972	15589	17042	23953
0:57:55	30.1	619	1399	2600	3542	5190	6597	8347	10507	13009	15593	17144	24213
0:58:00	30.1	615	1436	2641	3498	5167	6667	8416	10637	13112	15536	17196	24266
0:58:05	30.1	622	1349	2581	3502	5178	6589	8289	10670	12982	15640	17073	23812
0:58:10	30.1	613	1376	2582	3512	5240	6569	8373	10701	13126	15691	16877	24099
0:58:15	30.1	614	1375	2601	3492	5175	6611	8383	10552	13038	15736	17135	23930
0:58:20	30.1	628	1371	2561	3483	5093	6606	8486	10607	13057	15615	17203	23869
0:58:25	30.1	646	1400	2605	3503	5239	6579	8347	10534	13041	15497	17094	23863
0:58:30	30.1	613	1368	2542	3414	5189	6657	8390	10659	13200	15441	17215	23941
0:58:35	30.1	633	1386	2573	3521	5167	6604	8334	10671	13037	15597	17044	24114
0:58:40	30.1	634	1326	2578	3500	5106	6665	8267	10597	12947	15489	16981	24051
0:58:45	30.1	612	1351	2537	3519	5200	6593	8302	10661	13021	15485	16928	23761
0:58:50	30.1	631	1384	2617	3485	5174	6550	8364	10619	12998	15548	17076	23972
0:58:55	30.1	614	1407	2595	3552	5182	6548	8366	10619	12908	15523	17091	23980
0:59:00	30.1	635	1397	2578	3482	5131	6613	8261	10681	12996	15464	16967	23875
0:59:05	30.1	619	1386	2628	3497	5188	6573	8389	10607	12961	15510	17065	24096
0:59:10	30.1	616	1337	2609	3540	5248	6507	8295	10551	12976	15599	17024	23952
0:59:15	30.1	642	1397	2543	3468	5246	6554	8281	10637	13039	15530	16972	23966
0:59:20	30.1	614	1379	2592	3460	5116	6650	8355	10627	12977	15458	17122	23971
0:59:25	30.1	614	1359	2576	3474	5147	6641	8302	10558	12993	15432	16917	23922
0:59:30	30.1	614	1390	2585	3568	5187	6588	8317	10582	12946	15470	16947	23822
0:59:35	30.1	618	1401	2577	3519	5203	6517	8462	10505	12926	15555	17071	23919
0:59:40	30.1	624	1386	2576	3492	5134	6620	8179	10494	12864	15521	17135	23896
0:59:45	30.1	631	1368	2582	3470	5155	6556	8301	10573	12966	15461	16983	23793
0:59:50	30.1	628	1337	2566	3445	5174	6586	8364	10375	13025	15336	16924	23886
0:59:55	30.1	622	1361	2647	3444	5111	6558	8305	10473	13032	15363	16919	23926
1:00:00	30.1	615	1336	2588	3463	5224	6533	8345	10595	13031	15684	17084	23831

Results
	1	2	3	4	5	6	7	8	9	10	11	12
A													Max V [295,335]
													R-Squared [295,335]
													t at Max V [295,335]
													Lagtime [295,335]
B													Max V [295,335]
													R-Squared [295,335]
													t at Max V [295,335]
													Lagtime [295,335]
C	840000.000	-1608000.000	-1800000.000	-2388000.000	-2784000.000	-3348000.000	-4356000.000	-4596000.000	-4920000.000	-6264000.000	-7560000.000	-10716000.000	Max V [295,335]
	1.000	1.000	1.000	1.000	1.000	1.000	1.000	1.000	1.000	1.000	1.000	1.000	R-Squared [295,335]
	0:06:33	0:00:13	0:01:43	0:01:33	0:00:33	0:00:23	0:03:43	0:00:53	0:01:38	0:03:43	0:02:43	0:02:33	t at Max V [295,335]
	0:07:01	0:00:04	0:01:03	0:01:02	0:00:23	0:00:11	0:02:58	0:00:39	0:01:15	0:02:59	0:02:23	0:02:15	Lagtime [295,335]
D													Max V [295,335]
													R-Squared [295,335]
													t at Max V [295,335]
													Lagtime [295,335]
E													Max V [295,335]
													R-Squared [295,335]
													t at Max V [295,335]
													Lagtime [295,335]
F													Max V [295,335]
													R-Squared [295,335]
													t at Max V [295,335]
													Lagtime [295,335]
G													Max V [295,335]
													R-Squared [295,335]
													t at Max V [295,335]
													Lagtime [295,335]
H													Max V [295,335]
													R-Squared [295,335]
													t at Max V [295,335]
													Lagtime [295,335]

