

Software Version	3.03.14

Procedure Details

Plate Type	96 WELL PLATE
Set Temperature	Setpoint 30°C
	Preheat before moving to next step
Start Kinetic	Runtime 1:00:00 (HH:MM:SS), Interval 0:00:05, 721 Reads
    Read	Fluorescence Endpoint
	E1..E12
	Filter Set 1
	    Excitation: 295,  Emission: 335
	    Optics: Top,  Gain: 80
	Light Source: Xenon Flash,  Lamp Energy: High
	Read Speed: Normal,  Delay: 0 msec,  Measurements/Data Point: 5
	Read Height: 8 mm
End Kinetic	

Layout
	1	2	3	4	5	6	7	8	9	10	11	12
A													Well ID
B													Well ID
C													Well ID
D													Well ID
E	SPL1	SPL2	SPL3	SPL4	SPL5	SPL6	SPL7	SPL8	SPL9	SPL10	SPL11	SPL12	Well ID
F													Well ID
G													Well ID
H													Well ID

295,335

Time	T° 295,335	E1	E2	E3	E4	E5	E6	E7	E8	E9	E10	E11	E12
0:00:00	30.0	6617	7672	8472	9349	10428	10441	11387	12556	14223	16191	17650	18184
0:00:05	30.0	6610	7696	8623	9312	10529	10804	11329	12714	14155	15966	17454	18402
0:00:10	30.0	6627	7658	8535	9303	10444	10750	11470	12589	14305	16076	17530	18236
0:00:15	30.0	6628	7632	8491	9267	10560	10613	11338	12521	14369	15894	17335	18111
0:00:20	30.0	6512	7590	8416	9346	10303	10499	11556	12552	14162	15951	17075	18108
0:00:25	30.0	6481	7531	8427	9303	10165	10387	11338	12479	14314	15848	17168	18101
0:00:30	30.0	6350	7404	8446	9303	10164	10329	11487	12467	14055	15774	17115	17867
0:00:35	30.0	6398	7377	8264	9202	10050	10151	11367	12291	14099	15721	16950	17970
0:00:40	30.0	6405	7272	8245	9068	10011	10120	11326	12084	14137	15561	16834	17926
0:00:45	30.0	6285	7172	8213	9059	9997	10052	11229	12302	14015	15549	16892	17938
0:00:50	30.0	6235	7227	8122	8994	9952	9924	11337	12121	13916	15419	16782	17908
0:00:55	30.0	6146	7251	7974	8938	9963	10002	11093	12021	13935	15346	16652	17862
0:01:00	30.0	6150	7079	8007	8870	9884	9929	11111	12000	13817	15202	16787	18084
0:01:05	30.0	6031	7236	7935	8750	9854	9950	11039	12009	13643	15310	16479	17744
0:01:10	30.0	6113	7010	7958	8810	9810	9855	11076	11966	13729	15209	16524	17640
0:01:15	30.0	6040	6906	7840	8809	9770	9759	10953	11980	13745	15054	16216	17691
0:01:20	30.0	6006	6868	7895	8758	9703	9682	10988	11757	13665	15057	16334	17655
0:01:25	30.0	6016	6850	7778	8663	9587	9741	10812	11886	13687	15069	16317	17542
0:01:30	30.0	5936	6915	7621	8620	9571	9720	10889	11587	13599	14875	16306	17414
0:01:35	30.0	5919	6832	7806	8583	9499	9762	10847	11663	13593	14839	16096	17453
0:01:40	30.0	5881	6791	7538	8392	9568	9548	10667	11628	13516	14871	16096	17555
0:01:45	30.0	5858	6749	7664	8476	9364	9582	10821	11551	13334	14782	16045	17367
0:01:50	30.0	5818	6659	7567	8485	9369	9574	10624	11562	13513	14656	16020	17342
0:01:55	30.0	5774	6654	7435	8569	9421	9403	10792	11492	13387	14656	15833	17099
0:02:00	30.0	5725	6635	7516	8421	9148	9349	10538	11371	13264	14654	15949	17284
0:02:05	30.0	5680	6650	7424	8352	9155	9316	10653	11350	13086	14586	15704	17229
0:02:10	30.0	5606	6538	7425	8217	9186	9376	10473	11279	13188	14397	15877	17098
0:02:15	30.0	5586	6553	7315	8178	9067	9307	10296	11143	13119	14552	15570	17175
0:02:20	30.0	5508	6539	7283	8065	9178	9251	10395	11274	12914	14404	15505	17094
0:02:25	30.0	5528	6412	7346	8233	9083	9148	10332	11174	13064	14444	15596	16930
0:02:30	30.0	5588	6396	7176	8145	8959	9106	10239	11038	13002	14320	15604	16829
0:02:35	30.0	5520	6400	7221	8087	9094	9129	10365	11060	12802	14334	15373	16770
0:02:40	30.0	5409	6416	7183	8062	8895	9008	10182	11141	12926	14278	15404	16699
0:02:45	30.0	5442	6363	7222	8010	8921	9119	10152	10885	12688	14188	15378	16623
0:02:50	30.0	5337	6207	7156	7921	8901	9071	10045	10934	12806	14252	15342	16820
0:02:55	30.0	5384	6303	7165	7911	8806	8930	10035	10935	12716	14135	15282	16530
0:03:00	30.0	5292	6183	7157	7942	8776	9014	10167	10957	12828	14138	15278	16549
0:03:05	30.0	5343	6252	7185	7889	8670	8993	9990	10751	12693	14018	15191	16567
0:03:10	30.0	5316	6154	7084	7831	8683	8911	9934	10850	12574	13978	15346	16469
0:03:15	30.0	5299	6160	6954	7832	8577	8830	9902	10811	12595	13989	15147	16369
0:03:20	30.0	5279	6061	6944	7760	8616	8749	9888	10723	12412	13921	15014	16305
0:03:25	30.0	5277	6207	6908	7806	8746	8837	9802	10719	12429	13839	15154	16415
0:03:30	30.0	5218	6028	6906	7730	8651	8791	9754	10846	12342	13837	14888	16425
0:03:35	30.0	5219	5986	6800	7626	8501	8707	9680	10639	12299	13853	15150	16274
0:03:40	30.0	5220	5954	6803	7714	8503	8569	9795	10607	12317	13852	14898	16282
0:03:45	30.0	5143	5942	6838	7685	8480	8668	9608	10641	12082	13704	14958	16364
0:03:50	30.0	5102	5948	6710	7624	8405	8571	9651	10657	12287	13580	14876	16281
0:03:55	30.0	5157	5943	6739	7625	8366	8576	9465	10444	12218	13620	14894	15881
0:04:00	30.0	5085	5870	6760	7514	8454	8531	9593	10530	12346	13479	14745	16023
0:04:05	30.0	5161	5965	6720	7499	8378	8459	9665	10519	11982	13475	14721	16146
0:04:10	30.0	5055	5879	6741	7508	8242	8343	9516	10487	11986	13393	14703	15956
0:04:15	30.0	5046	5797	6767	7422	8102	8366	9532	10368	11861	13430	14529	16084
0:04:20	30.0	4997	5881	6615	7444	8279	8420	9473	10526	12063	13267	14638	15971
0:04:25	30.0	4931	5799	6504	7341	8164	8424	9433	10312	12059	13527	14756	15950
0:04:30	30.0	4940	5819	6566	7440	8062	8410	9497	10337	11880	13295	14583	15900
0:04:35	30.0	4924	5840	6582	7295	8099	8289	9429	10330	11966	13279	14439	15846
0:04:40	30.0	4912	5773	6585	7370	8093	8311	9315	10219	11932	13288	14374	15743
0:04:45	30.0	4990	5708	6570	7316	8050	8305	9280	10303	11894	13246	14548	15948
0:04:50	30.0	4918	5709	6610	7334	7998	8171	9276	10270	11869	13206	14341	15735
0:04:55	30.0	4945	5733	6508	7330	8049	8199	9209	10243	11893	13103	14385	15714
0:05:00	30.0	4833	5687	6446	7213	7977	8248	9258	10190	11947	13239	14387	15649
0:05:05	30.0	4800	5736	6484	7197	8000	8196	9293	10286	11683	13244	14188	15364
0:05:10	30.0	4812	5664	6517	7280	7841	8019	9177	10098	11789	13118	14406	15544
0:05:15	30.0	4868	5579	6546	7147	8002	8079	9145	10075	11766	13117	14088	15492
0:05:20	30.0	4868	5585	6472	7188	7974	7961	9107	10134	11740	13037	14367	15496
0:05:25	30.0	4727	5521	6488	7187	7908	8108	9107	9950	11764	13119	14114	15516
0:05:30	30.0	4729	5594	6340	7168	7883	8124	9134	9937	11746	13155	14108	15419
0:05:35	30.0	4770	5624	6326	7158	7992	7951	8964	9959	11638	13040	14170	15456
0:05:40	30.0	4809	5565	6390	7121	7876	7953	8999	9892	11623	12982	13871	15495
0:05:45	30.0	4707	5542	6297	7072	7908	7991	9009	9980	11521	12927	14092	15398
0:05:50	30.0	4729	5492	6339	6973	7823	7911	8928	9886	11536	12912	14005	15240
0:05:55	30.0	4743	5530	6279	6995	7736	7965	9004	9783	11537	12826	13992	15287
0:06:00	30.0	4823	5468	6344	7024	7749	7992	8878	9797	11601	13025	13969	15151
0:06:05	30.0	4667	5433	6303	7021	7854	7951	8923	9825	11410	12795	13831	15244
0:06:10	30.0	4773	5408	6245	6978	7646	7843	8911	9814	11475	12712	13997	15209
0:06:15	30.0	4675	5453	6209	7076	7689	7892	9001	9811	11407	12827	13922	15349
0:06:20	30.0	4721	5430	6229	6943	7752	7858	9010	9694	11389	12839	13926	15111
0:06:25	30.0	4658	5410	6168	6982	7703	7686	8816	9872	11384	12777	13700	15302
0:06:30	30.0	4616	5350	6233	7014	7692	7862	8823	9705	11382	12845	13720	15160
0:06:35	30.0	4623	5412	6179	6944	7726	7904	8807	9876	11303	12593	13785	15181
0:06:40	30.0	4614	5346	6230	6990	7602	7764	8742	9621	11298	12714	13738	15135
0:06:45	30.0	4608	5449	6188	6978	7664	7711	8745	9634	11281	12756	13475	15158
0:06:50	30.0	4606	5403	6112	6911	7634	7699	8838	9652	11200	12533	13729	14808
0:06:55	30.0	4636	5357	6169	6810	7552	7839	8723	9716	11172	12577	13544	14968
0:07:00	30.0	4618	5364	6083	6910	7500	7587	8883	9568	11084	12605	13770	15036
0:07:05	30.0	4603	5400	6147	6893	7532	7660	8745	9585	11223	12549	13676	14950
0:07:10	30.0	4585	5262	6108	6787	7481	7747	8561	9614	11038	12603	13657	14870
0:07:15	30.0	4595	5312	6248	6818	7462	7726	8637	9490	11173	12488	13542	15107
0:07:20	30.0	4538	5286	6089	6768	7524	7653	8708	9606	11043	12548	13667	14768
0:07:25	30.0	4618	5286	6080	6757	7483	7578	8601	9566	11307	12491	13532	14859
0:07:30	30.0	4679	5350	6055	6914	7436	7642	8651	9542	11104	12372	13348	14877
0:07:35	30.0	4673	5283	6067	6714	7509	7556	8597	9405	10879	12623	13528	14759
0:07:40	30.0	4559	5234	6057	6869	7368	7465	8501	9418	11072	12455	13540	14558
0:07:45	30.0	4624	5242	6014	6790	7428	7633	8427	9398	11017	12457	13497	14772
0:07:50	30.0	4563	5176	6042	6678	7382	7601	8582	9500	11124	12470	13299	14655
0:07:55	30.0	4532	5203	5947	6735	7520	7595	8523	9445	11058	12463	13362	14822
0:08:00	30.0	4634	5162	6075	6734	7388	7513	8560	9458	11063	12449	13525	14664
0:08:05	30.0	4494	5200	6022	6746	7433	7442	8549	9327	10879	12410	13161	14745
0:08:10	30.0	4491	5192	5849	6738	7332	7497	8522	9396	11004	12399	13299	14592
0:08:15	30.0	4459	5236	6073	6720	7405	7559	8577	9335	10973	12240	13363	14615
0:08:20	30.0	4493	5207	5948	6653	7353	7534	8485	9312	10786	12403	13172	14635
0:08:25	30.0	4497	5112	5977	6634	7222	7421	8511	9317	11070	12257	13298	14646
0:08:30	30.0	4492	5187	5913	6776	7331	7335	8456	9334	10932	12199	13364	14658
0:08:35	30.0	4530	5116	5898	6741	7358	7508	8500	9355	10890	12261	13325	14366
0:08:40	30.0	4503	5140	5917	6600	7336	7448	8474	9237	10863	12043	13150	14436
0:08:45	30.0	4462	5095	5999	6625	7298	7391	8376	9297	10834	12134	13151	14457
0:08:50	30.0	4486	5174	6000	6633	7224	7468	8353	9269	10824	12163	13244	14523
0:08:55	30.0	4512	5044	5929	6494	7358	7338	8297	9167	10761	12270	13125	14338
0:09:00	30.0	4477	5082	5790	6615	7240	7360	8345	9164	10840	12089	13010	14504
0:09:05	30.0	4544	5101	5871	6617	7361	7343	8331	9422	10757	12263	13245	14419
0:09:10	30.0	4490	5144	5918	6623	7343	7466	8425	9165	10777	12177	13038	14307
0:09:15	30.0	4461	5064	5895	6625	7305	7317	8221	9113	10925	12166	13114	14315
0:09:20	30.0	4457	5091	5858	6481	7146	7404	8405	9130	10816	12081	12999	14237
0:09:25	30.0	4428	5167	5796	6571	7167	7314	8359	9108	10711	12059	12924	14244
0:09:30	30.0	4470	5094	5874	6667	7252	7377	8303	9102	10670	12049	13077	14463
0:09:35	30.0	4466	5064	5810	6550	7242	7339	8267	9212	10647	12114	13024	14322
0:09:40	30.0	4437	5127	5898	6514	7230	7375	8279	9055	10749	12169	12861	14381
0:09:45	30.0	4452	5135	5811	6456	7290	7186	8255	9153	10616	11961	12844	14447
0:09:50	30.0	4545	5084	5922	6513	7234	7236	8350	9212	10600	12146	12964	14273
0:09:55	30.0	4472	5011	5952	6637	7273	7334	8152	9075	10669	12211	13029	14337
0:10:00	30.0	4481	5122	5829	6544	7209	7284	8287	9172	10637	12017	12846	14227
0:10:05	30.0	4464	5080	5854	6447	7074	7249	8108	9187	10634	11922	12923	14070
0:10:10	30.0	4412	5193	5927	6462	7134	7298	8198	9028	10645	11944	12924	14215
0:10:15	30.0	4461	5028	5877	6449	7156	7260	8265	9035	10633	12048	12857	14151
0:10:20	30.0	4421	5051	5853	6520	7202	7328	8241	9058	10441	11875	12771	14134
0:10:25	30.0	4519	5194	5790	6473	7206	7287	8130	9098	10410	11976	12905	14212
0:10:30	30.0	4513	4982	5827	6432	7128	7327	8157	9005	10541	11980	12690	14103
0:10:35	30.0	4378	5100	5743	6489	7131	7243	8198	9008	10738	11861	12807	14082
0:10:40	30.0	4443	5000	5747	6407	7140	7240	8189	8902	10695	11835	12940	14065
0:10:45	30.0	4422	5035	5769	6542	7161	7228	8131	8973	10593	11912	12681	14270
0:10:50	30.0	4430	5036	5823	6528	7248	7289	8145	9091	10497	11881	12883	14001
0:10:55	30.0	4404	5030	5781	6426	7151	7237	8098	8859	10490	11858	12762	14169
0:11:00	30.0	4448	4982	5829	6465	7179	7142	8183	9028	10423	11772	12807	14101
0:11:05	30.0	4431	5060	5767	6428	7020	7064	8137	8952	10476	11875	12837	14167
0:11:10	30.0	4445	4989	5800	6518	7158	7254	8115	8957	10572	12066	12785	14072
0:11:15	30.0	4408	4992	5776	6413	7118	7116	8067	9062	10522	11955	12758	13965
0:11:20	30.0	4444	5010	5812	6429	7171	7204	8137	8918	10493	11766	12728	14068
0:11:25	30.0	4378	5012	5786	6429	7089	7239	8138	8926	10454	11844	12708	14064
0:11:30	30.0	4383	5046	5754	6516	7142	7090	8058	8960	10366	11991	12674	13976
0:11:35	30.0	4440	5059	5815	6455	7148	7170	8209	8916	10504	11740	12771	14092
0:11:40	30.0	4415	4997	5742	6415	7129	7180	8169	8838	10355	11757	12521	14047
0:11:45	30.0	4396	5087	5771	6349	7087	7192	8110	8782	10435	11825	12607	13877
0:11:50	30.0	4424	4997	5791	6411	7118	7202	8177	8831	10390	11841	12641	13988
0:11:55	30.0	4342	4988	5757	6459	7109	7272	8191	8908	10430	11742	12529	13943
0:12:00	30.0	4482	5084	5755	6442	7066	7103	8072	8853	10359	11700	12698	14063
0:12:05	30.0	4447	5102	5727	6459	7064	7200	8169	8824	10348	11713	12534	14077
0:12:10	30.0	4417	5038	5784	6416	7168	7103	8086	8897	10256	11711	12717	13945
0:12:15	30.0	4405	5036	5782	6386	6980	7049	8058	8876	10494	11703	12632	13740
0:12:20	30.0	4336	5006	5751	6479	7093	7070	8059	8925	10246	11531	12687	13744
0:12:25	30.0	4473	5043	5818	6310	7036	7112	8013	8820	10339	11791	12562	13735
0:12:30	30.0	4441	5020	5713	6442	6969	7177	7999	8888	10285	11696	12444	13803
0:12:35	30.0	4444	5068	5715	6504	7149	7208	8052	8762	10285	11754	12470	13755
0:12:40	30.0	4361	4902	5807	6474	7098	6985	7983	8858	10236	11512	12435	13725
0:12:45	30.0	4489	5048	5762	6373	7053	7203	8101	8873	10169	11691	12435	13858
0:12:50	30.0	4446	5026	5742	6283	6987	7195	8051	8899	10189	11452	12504	13712
0:12:55	30.0	4341	5028	5714	6283	6995	7063	8025	8679	10394	11635	12601	13838
0:13:00	30.0	4407	5060	5768	6386	7050	7023	8028	8849	10249	11449	12536	13751
0:13:05	30.0	4374	5049	5696	6369	7148	7142	7962	8812	10190	11541	12502	13723
0:13:10	30.0	4432	5009	5777	6366	6948	7014	7935	8764	10265	11586	12262	13687
0:13:15	30.0	4408	5012	5729	6413	7124	7080	8026	8834	10370	11623	12383	13687
0:13:20	30.0	4355	4999	5718	6405	7036	7085	8114	8855	10130	11553	12529	13678
0:13:25	30.0	4437	4959	5673	6357	6980	7156	7979	8718	10188	11403	12414	13627
0:13:30	30.0	4328	4955	5784	6284	7001	7109	8066	8714	10340	11701	12390	13581
0:13:35	30.0	4437	5019	5756	6380	7032	7093	8064	8801	10190	11539	12514	13746
0:13:40	30.0	4391	4999	5810	6292	6971	7030	7778	8806	10146	11701	12363	13622
0:13:45	30.1	4444	4992	5757	6400	7003	7053	8009	8871	10217	11547	12409	13569
0:13:50	30.0	4494	5032	5787	6280	6973	7044	8043	8734	10159	11572	12454	13575
0:13:55	30.0	4396	5039	5730	6382	6992	6969	8019	8632	10244	11447	12470	13640
0:14:00	30.0	4443	5073	5707	6352	6964	7151	7877	8597	10206	11630	12362	13617
0:14:05	30.0	4273	5009	5726	6263	6944	7072	7956	8733	10151	11643	12401	13729
0:14:10	30.0	4441	4973	5769	6414	7043	7024	7980	8667	10267	11350	12374	13619
0:14:15	30.0	4343	5006	5759	6301	7050	7094	8004	8804	10032	11657	12357	13594
0:14:20	30.0	4452	5038	5722	6282	7017	6948	7999	8710	10229	11448	12513	13609
0:14:25	30.0	4372	5061	5701	6338	7042	7085	8025	8693	10199	11559	12240	13763
0:14:30	30.0	4405	5020	5703	6455	6997	7086	7892	8770	10209	11397	12495	13642
0:14:35	30.0	4367	4994	5772	6341	7101	7087	7939	8615	10184	11425	12366	13540
0:14:40	30.0	4411	5041	5719	6421	6951	7003	7893	8734	10247	11465	12389	13813
0:14:45	30.0	4417	4966	5736	6345	6997	7019	8043	8614	10224	11543	12252	13652
0:14:50	30.0	4467	4989	5673	6352	7062	6993	7908	8757	10150	11452	12440	13663
0:14:55	30.0	4431	5007	5724	6310	7054	7130	7913	8797	10167	11343	12465	13636
0:15:00	30.0	4469	4955	5717	6283	7169	7005	7917	8739	10225	11345	12435	13511
0:15:05	30.0	4416	5035	5751	6300	6966	6973	8030	8590	10097	11349	12339	13563
0:15:10	30.0	4379	4961	5756	6281	7035	7009	7990	8738	10101	11442	12344	13506
0:15:15	30.0	4364	5028	5754	6374	6932	6958	7922	8683	10108	11477	12134	13524
0:15:20	30.0	4342	5034	5699	6284	7026	7041	7890	8843	10201	11358	12492	13578
0:15:25	30.0	4433	5095	5615	6247	7031	7012	7898	8851	10188	11319	12262	13498
0:15:30	30.0	4393	5108	5739	6354	6952	6989	8024	8755	10057	11389	12275	13664
0:15:35	30.0	4453	4963	5656	6209	6948	7015	7936	8723	10226	11338	12208	13532
0:15:40	30.0	4431	5032	5744	6387	7048	6975	7921	8614	10156	11401	12341	13453
0:15:45	30.0	4333	5084	5724	6261	6990	7058	7860	8633	10060	11405	12259	13392
0:15:50	30.0	4493	4991	5710	6271	7015	7108	8032	8586	10070	11397	12383	13467
0:15:55	30.0	4449	4937	5734	6271	6983	6996	7936	8636	10048	11373	12386	13454
0:16:00	30.0	4403	4979	5726	6358	7032	7004	8032	8665	10073	11207	12248	13667
0:16:05	30.0	4363	5020	5690	6309	6991	6894	8038	8682	10102	11400	12367	13326
0:16:10	30.0	4512	4983	5679	6330	6954	7052	7910	8617	10048	11150	12254	13342
0:16:15	30.0	4335	4997	5746	6281	7092	7030	7926	8715	10058	11307	12281	13395
0:16:20	30.0	4354	5048	5750	6234	6885	7076	7964	8718	10079	11231	12199	13483
0:16:25	30.0	4418	5000	5800	6275	6975	7007	8086	8722	10041	11445	12338	13448
0:16:30	30.0	4407	5047	5743	6287	6899	7003	7889	8683	10088	11349	12234	13447
0:16:35	30.0	4385	4987	5705	6244	7023	7070	7922	8514	10027	11235	12209	13411
0:16:40	30.0	4391	5032	5728	6315	7066	7049	8050	8604	9940	11386	12101	13252
0:16:45	30.0	4364	5029	5699	6313	7004	7038	7827	8585	10127	11308	12395	13294
0:16:50	30.0	4412	4967	5802	6373	6904	7011	7813	8666	9971	11162	12235	13283
0:16:55	30.0	4359	5041	5761	6228	7006	6919	7947	8617	10087	11118	12280	13263
0:17:00	30.0	4329	5000	5761	6340	7016	7008	7936	8648	10003	11157	12249	13431
0:17:05	30.0	4449	5033	5741	6284	7006	7132	7839	8579	10033	11374	12173	13499
0:17:10	30.0	4424	4990	5775	6358	6970	7058	7949	8599	10075	11226	12169	13409
0:17:15	30.0	4435	5086	5650	6397	6913	7024	7924	8549	10075	11203	11928	13231
0:17:20	30.0	4414	5058	5629	6367	6914	6981	7810	8714	10019	11197	12283	13302
0:17:25	30.0	4454	4965	5654	6257	7021	7061	7939	8678	10058	11145	12246	13330
0:17:30	30.0	4398	4978	5745	6335	6941	6996	7882	8596	9964	11050	12125	13224
0:17:35	30.0	4343	4972	5739	6284	6926	6969	7862	8632	9960	11197	12131	13450
0:17:40	30.1	4372	4951	5725	6368	6949	7021	7972	8683	9996	11184	12338	13427
0:17:45	30.1	4386	4970	5739	6373	7029	7051	7927	8675	10095	11287	12212	13331
0:17:50	30.0	4398	4987	5743	6376	6940	7049	7916	8552	9920	11147	12138	13297
0:17:55	30.1	4364	5003	5790	6295	6930	6979	7909	8594	9935	11103	12281	13168
0:18:00	30.1	4354	4980	5813	6426	6942	6958	7981	8591	10161	11150	12223	13284
0:18:05	30.0	4526	4884	5686	6298	6891	6959	7969	8663	9938	11083	12106	13236
0:18:10	30.1	4374	5000	5843	6326	7052	7027	7937	8497	9926	11034	12181	13346
0:18:15	30.1	4303	4968	5758	6361	7023	6997	8036	8699	9839	11147	12259	13132
0:18:20	30.1	4419	4979	5689	6387	7042	6961	7936	8700	9895	11220	12235	13353
0:18:25	30.1	4365	4953	5708	6299	6880	7024	7794	8626	10053	11043	12325	13206
0:18:30	30.0	4320	4939	5681	6336	6955	6916	8011	8597	9879	11054	12097	13197
0:18:35	30.1	4444	4936	5759	6263	6983	7018	7827	8715	9897	11207	12013	13134
0:18:40	30.1	4387	5054	5674	6239	6878	6958	7869	8569	9890	11110	12128	13260
0:18:45	30.1	4408	4936	5672	6312	6917	7016	7919	8716	9909	10990	12008	13169
0:18:50	30.0	4448	4955	5520	6348	7003	6945	7896	8650	9911	10964	12029	13285
0:18:55	30.1	4366	4990	5715	6291	6964	7022	7938	8635	9867	11117	12058	13239
0:19:00	30.1	4339	4984	5669	6265	6990	7069	7887	8553	9817	11174	12074	13420
0:19:05	30.1	4296	4933	5628	6440	6933	7022	7965	8701	9759	11078	12109	13195
0:19:10	30.1	4358	4957	5745	6355	6851	6937	7878	8700	9914	10996	12049	13251
0:19:15	30.0	4349	4969	5655	6278	6909	6937	7812	8688	9935	11131	12018	13144
0:19:20	30.1	4379	4927	5651	6363	6805	7041	7843	8480	10013	11011	12167	13205
0:19:25	30.1	4360	5035	5652	6293	6943	6974	7944	8699	9793	11010	12164	13032
0:19:30	30.1	4425	4976	5705	6193	6827	6904	8048	8722	9969	11064	12006	13062
0:19:35	30.1	4369	4907	5606	6403	6838	7042	7853	8698	10045	11033	12080	13088
0:19:40	30.0	4306	4954	5691	6255	6862	7046	7958	8642	9980	10944	11996	13112
0:19:45	30.1	4263	4949	5652	6264	6883	7097	7947	8620	9932	10937	12054	13122
0:19:50	30.1	4361	4867	5690	6430	6913	7020	7914	8631	9763	11071	11943	13172
0:19:55	30.0	4405	4960	5667	6372	6989	7094	7940	8596	9819	11183	11981	13112
0:20:00	30.0	4357	4959	5732	6406	6888	6995	7947	8673	9862	11121	11927	13147
0:20:05	30.1	4396	4948	5639	6316	6906	7041	7927	8544	9782	10966	11952	13118
0:20:10	30.1	4349	4980	5707	6270	6800	6974	7874	8673	9734	10892	11865	13219
0:20:15	30.1	4408	4959	5586	6321	7005	7004	7930	8623	9931	10878	11858	12930
0:20:20	30.1	4369	4913	5627	6302	6827	6909	7905	8688	9907	11000	11887	12992
0:20:25	30.0	4376	4964	5711	6306	6864	6955	7861	8735	9859	10914	12040	13111
0:20:30	30.1	4344	5010	5705	6338	6796	6911	7917	8748	9802	10937	11978	12935
0:20:35	30.1	4321	4933	5633	6293	6981	7005	7934	8738	9716	11050	12064	13138
0:20:40	30.1	4371	4892	5663	6254	6982	6981	7822	8696	9950	10923	11942	12988
0:20:45	30.0	4319	4931	5615	6389	6903	7020	7965	8829	9816	10972	11910	13087
0:20:50	30.1	4391	4963	5698	6319	6955	7017	7810	8679	9752	10959	12020	12931
0:20:55	30.1	4307	4988	5735	6337	6927	6962	7876	8642	9785	10974	11919	13096
0:21:00	30.1	4343	4955	5650	6308	6932	7103	7943	8645	9827	10945	11727	13007
0:21:05	30.1	4322	5042	5677	6432	6900	7068	8018	8592	9813	11043	11752	12931
0:21:10	30.1	4339	4968	5707	6374	6804	7075	7893	8565	9779	10955	11916	12911
0:21:15	30.1	4303	4955	5640	6368	6860	7034	7868	8688	9729	11010	11790	13071
0:21:20	30.1	4354	4935	5653	6378	6939	7067	7920	8579	9796	11005	11816	12985
0:21:25	30.1	4332	4993	5625	6339	6808	7154	7858	8678	9774	10871	11907	13029
0:21:30	30.0	4308	4901	5682	6378	6804	7031	7857	8616	9767	10912	11845	13035
0:21:35	30.1	4353	4983	5675	6400	6864	7108	7875	8691	9682	10802	11740	12827
0:21:40	30.1	4374	4935	5664	6276	6863	7260	7874	8792	9861	11052	11860	12936
0:21:45	30.1	4339	4920	5661	6324	6841	7039	7880	8551	9852	10927	11930	13008
0:21:50	30.1	4361	4930	5684	6308	6831	7163	7919	8627	9771	10974	11868	12996
0:21:55	30.1	4342	4913	5609	6323	6866	7057	7935	8694	9609	10874	11982	13027
0:22:00	30.0	4363	5000	5665	6243	6786	7128	7842	8653	9805	10848	11818	12931
0:22:05	30.1	4348	4882	5604	6328	6734	7185	7847	8707	9724	11002	11745	12708
0:22:10	30.1	4391	4908	5642	6356	6925	7061	7824	8771	9884	10783	11704	12801
0:22:15	30.1	4316	4922	5648	6300	6945	7008	7789	8741	9774	10831	11692	13034
0:22:20	30.0	4322	4877	5578	6444	6906	7110	7911	8641	9590	10858	11652	12799
0:22:25	30.1	4386	4943	5656	6321	6878	7212	7885	8639	9839	10825	11796	12754
0:22:30	30.1	4324	4958	5650	6368	6906	7200	7894	8630	9890	10887	11817	12846
0:22:35	30.1	4327	4908	5716	6305	6797	7117	7896	8753	9706	10883	11888	12883
0:22:40	30.1	4357	4860	5576	6328	6880	7112	7841	8551	9700	10814	11732	12910
0:22:45	30.1	4295	4907	5641	6380	6768	7114	7866	8599	9728	11023	11771	12770
0:22:50	30.1	4325	5002	5752	6283	6729	7052	7851	8707	9811	10829	11753	12892
0:22:55	30.1	4370	4909	5679	6350	6965	7136	7878	8742	9743	10835	11868	12972
0:23:00	30.1	4415	4850	5624	6328	6913	7137	7875	8615	9566	11013	11818	12869
0:23:05	30.0	4347	4980	5652	6256	6803	7061	7805	8713	9739	10931	11748	12957
0:23:10	30.1	4308	4925	5544	6293	6834	7127	7862	8658	9879	10719	11818	12727
0:23:15	30.1	4377	4972	5612	6276	6965	7086	7901	8604	9719	10875	11739	12914
0:23:20	30.0	4327	4900	5628	6395	6811	7146	7770	8635	9753	10692	11863	12891
0:23:25	30.1	4360	4847	5661	6376	6888	7206	7834	8693	9623	10791	11919	12665
0:23:30	30.1	4342	4993	5623	6305	6771	7148	7831	8552	9712	10877	11674	12645
0:23:35	30.1	4379	4921	5748	6289	6852	7153	7853	8753	9604	10805	11788	12773
0:23:40	30.0	4320	4961	5685	6331	6814	7113	7784	8643	9794	10729	11739	12834
0:23:45	30.1	4313	4980	5651	6281	6739	7103	7774	8749	9674	10746	11699	12848
0:23:50	30.1	4247	4976	5623	6272	6815	7061	7881	8686	9778	10833	11569	12811
0:23:55	30.1	4323	4993	5705	6306	6775	7075	7883	8696	9759	10849	11702	12815
0:24:00	30.1	4286	4962	5638	6293	6814	7010	7795	8689	9760	10719	11748	12818
0:24:05	30.1	4345	4937	5632	6387	6834	7076	7786	8683	9623	10741	11678	12727
0:24:10	30.1	4317	5007	5639	6276	6876	7138	7879	8572	9622	10832	11709	12581
0:24:15	30.1	4356	4987	5612	6328	6762	7204	7903	8812	9730	10697	11717	12829
0:24:20	30.1	4282	4888	5683	6316	6795	7070	7845	8632	9768	10775	11790	12747
0:24:25	30.1	4324	4954	5704	6298	6750	7222	7876	8533	9590	10814	11627	12810
0:24:30	30.1	4315	4947	5548	6260	6742	7039	7801	8567	9635	10721	11821	12765
0:24:35	30.1	4328	4909	5742	6303	6851	7068	7701	8612	9547	10781	11637	12735
0:24:40	30.1	4438	4918	5683	6292	6823	7170	7810	8621	9678	10726	11771	12774
0:24:45	30.1	4385	4924	5619	6272	6838	7097	7861	8579	9644	10777	11538	12576
0:24:50	30.1	4318	4976	5589	6305	6871	7232	7802	8608	9537	10783	11776	12823
0:24:55	30.1	4275	4962	5511	6246	6848	7097	7833	8638	9531	10513	11678	12735
0:25:00	30.1	4275	4867	5634	6237	6869	7087	7674	8613	9586	10489	11629	12597
0:25:05	30.1	4330	4952	5511	6388	6717	7077	7858	8609	9585	10750	11696	12561
0:25:10	30.1	4343	4886	5632	6280	6702	7153	7790	8579	9616	10815	11602	12644
0:25:15	30.1	4262	4899	5622	6212	6847	7204	7841	8572	9681	10703	11635	12696
0:25:20	30.1	4317	4877	5623	6278	6744	7104	7792	8601	9629	10777	11689	12624
0:25:25	30.1	4220	4943	5712	6230	6833	7198	7871	8517	9655	10815	11585	12630
0:25:30	30.1	4346	4932	5612	6278	6824	7126	7821	8587	9723	10742	11722	12695
0:25:35	30.1	4324	4915	5580	6311	6823	7144	7793	8572	9633	10628	11610	12696
0:25:40	30.1	4328	4886	5598	6250	6877	7112	7685	8561	9613	10591	11618	12714
0:25:45	30.1	4321	4906	5645	6418	6835	7027	7750	8637	9633	10679	11641	12586
0:25:50	30.1	4321	4893	5671	6160	6739	7157	7704	8541	9523	10762	11589	12502
0:25:55	30.1	4302	4894	5621	6293	6757	7140	7687	8524	9553	10748	11563	12555
0:26:00	30.1	4338	4908	5635	6270	6807	7232	7915	8592	9692	10790	11528	12630
0:26:05	30.1	4297	4937	5565	6269	6809	7160	7808	8617	9627	10713	11600	12547
0:26:10	30.1	4280	4902	5590	6281	6727	7166	7758	8614	9706	10657	11642	12351
0:26:15	30.1	4313	4795	5597	6286	6778	7183	7719	8512	9502	10510	11593	12509
0:26:20	30.1	4295	4851	5650	6227	6808	7173	7715	8561	9548	10701	11469	12446
0:26:25	30.1	4355	4841	5626	6210	6764	7112	7713	8668	9451	10569	11431	12472
0:26:30	30.1	4422	4866	5587	6235	6789	7046	7707	8567	9514	10521	11491	12575
0:26:35	30.1	4349	4846	5545	6197	6802	7078	7764	8448	9516	10633	11535	12500
0:26:40	30.1	4261	4907	5605	6281	6803	7101	7792	8592	9441	10583	11489	12526
0:26:45	30.1	4273	4977	5584	6291	6677	7142	7688	8433	9647	10595	11522	12419
0:26:50	30.1	4311	4870	5536	6332	6877	7188	7720	8466	9507	10578	11472	12614
0:26:55	30.1	4334	4863	5550	6277	6767	7135	7809	8598	9606	10620	11495	12464
0:27:00	30.1	4309	4959	5603	6309	6735	7080	7668	8505	9599	10534	11630	12445
0:27:05	30.1	4303	4911	5569	6251	6778	7068	7768	8410	9561	10675	11521	12657
0:27:10	30.1	4303	4849	5567	6161	6730	7160	7723	8461	9521	10590	11554	12485
0:27:15	30.1	4256	4962	5612	6197	6695	7166	7736	8565	9539	10614	11656	12482
0:27:20	30.1	4191	4864	5601	6301	6709	7164	7688	8553	9431	10504	11526	12520
0:27:25	30.1	4251	4864	5551	6268	6755	7140	7683	8460	9497	10531	11628	12537
0:27:30	30.1	4274	4848	5543	6212	6819	7169	7765	8457	9612	10690	11509	12497
0:27:35	30.1	4273	4866	5584	6185	6778	7092	7671	8481	9547	10556	11440	12608
0:27:40	30.1	4334	4818	5498	6238	6774	7099	7663	8425	9571	10523	11424	12488
0:27:45	30.1	4268	4892	5509	6276	6790	7119	7765	8555	9479	10539	11475	12446
0:27:50	30.1	4273	4914	5531	6284	6752	7117	7716	8360	9418	10680	11383	12487
0:27:55	30.1	4294	4932	5577	6293	6756	7189	7681	8516	9598	10498	11708	12503
0:28:00	30.1	4288	4920	5498	6183	6753	7006	7643	8510	9446	10716	11531	12591
0:28:05	30.1	4220	4867	5633	6301	6733	7104	7738	8389	9560	10481	11459	12542
0:28:10	30.1	4299	4851	5599	6302	6729	7151	7728	8389	9517	10512	11575	12443
0:28:15	30.1	4293	4853	5565	6250	6832	7126	7729	8595	9440	10536	11432	12342
0:28:20	30.1	4267	4963	5600	6242	6753	7101	7650	8533	9412	10583	11606	12226
0:28:25	30.1	4231	4891	5548	6210	6770	7025	7693	8522	9605	10578	11603	12426
0:28:30	30.1	4279	4769	5456	6209	6753	7075	7700	8431	9480	10492	11322	12457
0:28:35	30.1	4330	4902	5506	6306	6642	7072	7674	8605	9522	10537	11370	12404
0:28:40	30.1	4278	4803	5561	6226	6722	7089	7713	8443	9452	10686	11404	12404
0:28:45	30.1	4243	4907	5459	6264	6787	7047	7742	8514	9505	10519	11396	12417
0:28:50	30.1	4280	4797	5626	6084	6762	7145	7757	8485	9465	10571	11620	12283
0:28:55	30.1	4258	4886	5542	6310	6690	7082	7517	8426	9501	10409	11459	12399
0:29:00	30.1	4244	4924	5577	6129	6846	7090	7731	8472	9570	10542	11625	12455
0:29:05	30.1	4213	4829	5560	6190	6641	7019	7720	8461	9354	10420	11423	12561
0:29:10	30.1	4256	4799	5604	6289	6755	7021	7693	8392	9637	10545	11345	12377
0:29:15	30.1	4306	4849	5565	6287	6793	7033	7805	8471	9530	10399	11393	12420
0:29:20	30.1	4274	4839	5565	6233	6741	7111	7721	8424	9493	10497	11282	12357
0:29:25	30.1	4359	4846	5567	6255	6779	7100	7611	8539	9417	10490	11456	12310
0:29:30	30.1	4335	4816	5541	6125	6680	7095	7673	8582	9463	10509	11323	12324
0:29:35	30.1	4197	4857	5489	6176	6788	7114	7642	8448	9414	10497	11347	12234
0:29:40	30.1	4238	4873	5502	6205	6779	7129	7653	8407	9403	10397	11459	12329
0:29:45	30.1	4306	4864	5554	6287	6630	7083	7689	8420	9488	10475	11452	12375
0:29:50	30.1	4250	4788	5550	6244	6700	7172	7644	8411	9465	10455	11470	12336
0:29:55	30.1	4243	4849	5666	6199	6777	7171	7708	8370	9321	10455	11389	12272
0:30:00	30.1	4209	4834	5543	6246	6756	7021	7577	8338	9595	10479	11446	12275
0:30:05	30.1	4260	4802	5552	6201	6739	7031	7610	8473	9485	10524	11375	12318
0:30:10	30.1	4258	4806	5506	6211	6760	7000	7715	8439	9547	10602	11417	12255
0:30:15	30.1	4305	4833	5535	6126	6724	7109	7541	8559	9318	10442	11333	12374
0:30:20	30.1	4258	4815	5568	6206	6657	6987	7639	8535	9535	10409	11347	12431
0:30:25	30.1	4283	4887	5528	6261	6720	7126	7588	8594	9436	10480	11387	12341
0:30:30	30.1	4208	4804	5655	6213	6632	7122	7667	8461	9405	10503	11239	12292
0:30:35	30.1	4229	4898	5561	6114	6628	7075	7719	8394	9407	10536	11420	12196
0:30:40	30.1	4232	4847	5551	6154	6715	7169	7653	8354	9392	10431	11386	12340
0:30:45	30.1	4286	4849	5519	6250	6825	7046	7753	8496	9419	10546	11392	12261
0:30:50	30.1	4248	4889	5510	6123	6708	7097	7687	8483	9423	10532	11483	12365
0:30:55	30.1	4263	4870	5476	6145	6789	7130	7708	8460	9506	10484	11251	12278
0:31:00	30.1	4224	4868	5462	6185	6748	6959	7744	8538	9392	10402	11358	12260
0:31:05	30.1	4234	4791	5572	6192	6771	7096	7690	8381	9395	10412	11370	12242
0:31:10	30.1	4196	4925	5512	6242	6650	6948	7642	8489	9461	10503	11410	12253
0:31:15	30.1	4276	4871	5435	6253	6707	6993	7580	8529	9394	10391	11324	12317
0:31:20	30.1	4262	4818	5495	6170	6742	7062	7688	8513	9433	10524	11381	12257
0:31:25	30.1	4317	4846	5512	6167	6686	7106	7675	8536	9437	10400	11363	12230
0:31:30	30.1	4215	4810	5499	6210	6728	6997	7593	8449	9448	10612	11402	12102
0:31:35	30.1	4217	4908	5498	6158	6735	7031	7515	8520	9408	10272	11517	12276
0:31:40	30.1	4276	4793	5507	6122	6642	7098	7699	8395	9521	10514	11220	12264
0:31:45	30.1	4328	4758	5468	6204	6774	7002	7554	8442	9449	10354	11301	12194
0:31:50	30.1	4319	4829	5513	6158	6699	7100	7647	8368	9440	10438	11269	12196
0:31:55	30.1	4258	4802	5550	6155	6721	7040	7629	8365	9317	10608	11415	12305
0:32:00	30.1	4262	4901	5518	6179	6700	7064	7611	8464	9415	10468	11471	12360
0:32:05	30.1	4234	4887	5504	6248	6772	6948	7670	8431	9355	10291	11335	12232
0:32:10	30.1	4204	4702	5469	6137	6661	7004	7652	8436	9472	10307	11388	12259
0:32:15	30.1	4255	4819	5588	6170	6570	7045	7708	8387	9398	10411	11330	12285
0:32:20	30.1	4222	4874	5617	6065	6616	6947	7778	8462	9294	10423	11282	12341
0:32:25	30.1	4229	4854	5501	6188	6707	6999	7684	8412	9425	10358	11266	12323
0:32:30	30.1	4258	4801	5464	6208	6629	6925	7615	8448	9370	10389	11180	12319
0:32:35	30.1	4249	4783	5559	6220	6730	6998	7592	8395	9483	10508	11189	12351
0:32:40	30.1	4215	4769	5619	6224	6717	7053	7671	8347	9390	10381	11342	12229
0:32:45	30.1	4210	4814	5588	6242	6725	7000	7720	8412	9277	10357	11370	12273
0:32:50	30.1	4275	4800	5457	6210	6681	7017	7626	8271	9423	10516	11130	12157
0:32:55	30.1	4140	4792	5577	6116	6727	7092	7691	8415	9351	10433	11319	12150
0:33:00	30.1	4193	4895	5523	6165	6667	7122	7666	8451	9377	10358	11216	12180
0:33:05	30.1	4225	4765	5511	6166	6723	7058	7557	8466	9386	10370	11201	12204
0:33:10	30.1	4249	4827	5515	6112	6661	7125	7752	8410	9355	10459	11394	12149
0:33:15	30.1	4209	4871	5538	6084	6781	7047	7599	8400	9258	10501	11370	12178
0:33:20	30.1	4182	4817	5504	6151	6745	6989	7548	8525	9397	10553	11549	12162
0:33:25	30.1	4290	4845	5402	6179	6704	7101	7490	8338	9318	10460	11335	12213
0:33:30	30.1	4255	4757	5634	6161	6687	6972	7507	8440	9321	10504	11377	12210
0:33:35	30.1	4242	4822	5536	6146	6669	7098	7669	8408	9426	10420	11278	12289
0:33:40	30.1	4304	4807	5499	6188	6725	7074	7587	8470	9330	10342	11388	12028
0:33:45	30.1	4221	4840	5633	6143	6623	6990	7640	8316	9284	10526	11376	12170
0:33:50	30.1	4227	4832	5532	6224	6734	7055	7632	8550	9436	10388	11449	12171
0:33:55	30.1	4224	4749	5582	6168	6686	7089	7538	8465	9377	10479	11188	12262
0:34:00	30.1	4228	4793	5568	6185	6640	6955	7584	8337	9408	10321	11226	12178
0:34:05	30.1	4210	4823	5540	6089	6690	7061	7628	8431	9322	10275	11244	12234
0:34:10	30.1	4173	4827	5522	6177	6675	7007	7637	8388	9479	10396	11309	12121
0:34:15	30.1	4185	4717	5494	6133	6793	7033	7609	8396	9340	10383	11372	12113
0:34:20	30.1	4253	4812	5472	6225	6761	6988	7721	8421	9321	10369	11203	12197
0:34:25	30.1	4282	4901	5563	6153	6740	6953	7667	8456	9431	10483	11186	12119
0:34:30	30.1	4241	4879	5472	6179	6644	7011	7616	8452	9435	10362	11418	12154
0:34:35	30.1	4225	4834	5445	6146	6754	7058	7530	8359	9370	10430	11350	12181
0:34:40	30.1	4203	4858	5540	6123	6720	7097	7608	8354	9345	10337	11184	12192
0:34:45	30.1	4218	4796	5565	6080	6728	7008	7635	8444	9422	10406	11128	12272
0:34:50	30.1	4156	4822	5456	6144	6577	7030	7567	8413	9300	10410	11271	12064
0:34:55	30.1	4169	4824	5500	6156	6621	6967	7581	8416	9387	10292	11273	12144
0:35:00	30.1	4281	4835	5508	6140	6660	7072	7585	8315	9416	10371	11249	12087
0:35:05	30.1	4251	4704	5499	6226	6760	7096	7692	8361	9488	10367	11353	12227
0:35:10	30.1	4198	4723	5469	6212	6659	7036	7707	8440	9400	10270	11340	12112
0:35:15	30.1	4182	4800	5479	6130	6759	7058	7606	8317	9342	10424	11223	12102
0:35:20	30.1	4217	4919	5512	6223	6626	6900	7664	8338	9438	10389	11160	11953
0:35:25	30.1	4211	4819	5574	6230	6771	6978	7669	8315	9358	10263	11186	12116
0:35:30	30.1	4230	4871	5501	6159	6609	7036	7655	8284	9392	10357	11262	12067
0:35:35	30.1	4298	4808	5560	6175	6749	6966	7566	8299	9442	10362	11293	12071
0:35:40	30.1	4196	4801	5459	6291	6653	7037	7565	8453	9296	10342	11165	12052
0:35:45	30.1	4230	4784	5591	6129	6603	7053	7669	8351	9541	10461	11234	12129
0:35:50	30.1	4238	4762	5507	6104	6690	7094	7680	8439	9484	10248	11272	11995
0:35:55	30.1	4220	4790	5484	6103	6699	6989	7588	8327	9438	10448	11407	12127
0:36:00	30.1	4265	4794	5521	6130	6603	7005	7643	8427	9325	10399	11240	12136
0:36:05	30.1	4215	4813	5435	6069	6570	6910	7603	8356	9407	10290	11325	12025
0:36:10	30.1	4274	4732	5524	6145	6668	7008	7536	8374	9304	10431	11221	12052
0:36:15	30.1	4174	4829	5519	6134	6649	6920	7572	8309	9383	10218	11250	12093
0:36:20	30.1	4294	4773	5437	6045	6773	7001	7591	8352	9449	10294	11197	11989
0:36:25	30.1	4205	4876	5438	6174	6701	6997	7657	8459	9364	10334	11191	12079
0:36:30	30.1	4265	4835	5382	6137	6572	6984	7540	8268	9371	10356	11210	11937
0:36:35	30.1	4220	4763	5525	6161	6703	7043	7541	8506	9339	10252	11413	12102
0:36:40	30.1	4264	4807	5503	6050	6707	7019	7573	8386	9330	10301	11240	12150
0:36:45	30.1	4176	4789	5517	6166	6725	6938	7571	8388	9424	10265	11217	12118
0:36:50	30.1	4214	4850	5545	6199	6813	7049	7608	8331	9390	10320	11188	12044
0:36:55	30.1	4184	4729	5570	6145	6679	7015	7560	8398	9361	10492	11172	12124
0:37:00	30.1	4183	4785	5446	6151	6666	7014	7563	8286	9339	10296	11179	12202
0:37:05	30.1	4181	4806	5428	6128	6658	7060	7637	8425	9394	10336	11326	12070
0:37:10	30.1	4258	4763	5419	6070	6599	6976	7664	8428	9346	10341	11308	12132
0:37:15	30.1	4303	4772	5433	6157	6625	7054	7539	8431	9503	10301	11120	11990
0:37:20	30.1	4151	4872	5469	6102	6681	6971	7555	8392	9406	10476	11258	11907
0:37:25	30.1	4257	4801	5463	6129	6596	7042	7606	8342	9390	10348	11191	11942
0:37:30	30.1	4176	4876	5469	6060	6580	6927	7619	8451	9320	10311	11287	12102
0:37:35	30.1	4250	4854	5484	6141	6663	6848	7626	8436	9394	10295	11230	12190
0:37:40	30.1	4244	4802	5470	6163	6706	6907	7606	8387	9408	10440	11197	12000
0:37:45	30.1	4153	4780	5656	6157	6668	6986	7610	8349	9510	10413	11201	12003
0:37:50	30.1	4141	4748	5536	6101	6688	6948	7598	8299	9361	10440	11207	12201
0:37:55	30.1	4242	4765	5560	6147	6802	7021	7571	8421	9206	10344	11256	11965
0:38:00	30.1	4183	4784	5419	6146	6725	7005	7541	8465	9329	10347	11160	12107
0:38:05	30.1	4180	4780	5544	6172	6656	6900	7559	8333	9424	10268	11273	11950
0:38:10	30.1	4267	4795	5499	6112	6642	6991	7615	8296	9285	10173	11176	11994
0:38:15	30.1	4221	4737	5469	6163	6632	7005	7577	8434	9272	10360	11194	12050
0:38:20	30.1	4220	4837	5484	6095	6720	6952	7618	8296	9414	10254	11156	12125
0:38:25	30.1	4281	4834	5456	6207	6723	7079	7551	8579	9389	10302	11195	12059
0:38:30	30.1	4146	4798	5532	6147	6632	6971	7604	8319	9422	10445	11291	12147
0:38:35	30.1	4259	4805	5487	6031	6701	6960	7652	8264	9254	10275	11137	12136
0:38:40	30.1	4226	4826	5553	6161	6647	6993	7612	8368	9289	10288	11184	12005
0:38:45	30.1	4264	4795	5439	6158	6649	6880	7620	8405	9461	10304	11177	12093
0:38:50	30.1	4152	4808	5433	6041	6701	6977	7557	8364	9339	10377	11185	12065
0:38:55	30.1	4205	4826	5538	6114	6668	7041	7521	8385	9242	10556	11356	12092
0:39:00	30.1	4218	4802	5544	6147	6608	7060	7609	8275	9335	10367	11231	12030
0:39:05	30.1	4175	4830	5476	6090	6589	6972	7578	8356	9411	10279	11121	12052
0:39:10	30.1	4201	4798	5455	6074	6606	6985	7440	8363	9386	10289	11143	12029
0:39:15	30.1	4235	4769	5535	6061	6672	6952	7563	8353	9324	10292	11136	12047
0:39:20	30.1	4172	4767	5528	6112	6640	7003	7608	8421	9251	10316	11217	11882
0:39:25	30.1	4234	4904	5475	6166	6677	6906	7576	8338	9370	10468	11293	11932
0:39:30	30.1	4171	4785	5487	6156	6680	6929	7609	8308	9406	10425	11123	12047
0:39:35	30.1	4207	4819	5507	6110	6621	6950	7513	8369	9401	10320	11145	12098
0:39:40	30.1	4191	4805	5549	6090	6551	6987	7569	8348	9389	10300	11030	12175
0:39:45	30.1	4249	4856	5551	6164	6663	7143	7637	8291	9322	10315	11241	12021
0:39:50	30.1	4253	4811	5554	6186	6672	6912	7511	8365	9324	10184	11094	11917
0:39:55	30.1	4241	4846	5527	6179	6694	7023	7711	8348	9317	10196	11094	11911
0:40:00	30.1	4232	4819	5382	6089	6529	6987	7636	8357	9333	10258	11186	11875
0:40:05	30.1	4184	4746	5488	6158	6704	7000	7614	8388	9251	10307	11181	12148
0:40:10	30.1	4166	4740	5439	6210	6614	6967	7593	8392	9428	10388	11304	11972
0:40:15	30.1	4201	4816	5449	6143	6656	6972	7456	8385	9359	10276	11074	11943
0:40:20	30.1	4189	4714	5484	6074	6651	6947	7553	8428	9290	10244	11288	12022
0:40:25	30.1	4301	4716	5423	6137	6701	6937	7609	8348	9384	10280	11228	11948
0:40:30	30.1	4245	4770	5521	6092	6597	6961	7523	8327	9305	10210	11021	11894
0:40:35	30.1	4192	4819	5481	6208	6643	6970	7675	8276	9315	10342	11128	12030
0:40:40	30.1	4151	4818	5595	6057	6621	7032	7578	8297	9300	10366	11231	12003
0:40:45	30.1	4282	4758	5448	6257	6647	6970	7584	8362	9359	10359	11250	11997
0:40:50	30.1	4223	4697	5459	6061	6627	7022	7575	8451	9451	10303	11225	11933
0:40:55	30.1	4219	4787	5410	6179	6595	7036	7711	8376	9363	10305	11176	12113
0:41:00	30.1	4209	4824	5447	6067	6655	6986	7555	8352	9347	10210	11101	12070
0:41:05	30.1	4192	4848	5462	6180	6590	6997	7529	8441	9366	10205	11057	12135
0:41:10	30.1	4230	4822	5462	6044	6607	6949	7518	8349	9323	10282	11315	11883
0:41:15	30.1	4203	4750	5434	6217	6615	6905	7573	8310	9300	10314	11080	12018
0:41:20	30.1	4234	4824	5444	6192	6603	6975	7591	8420	9406	10320	11135	12030
0:41:25	30.1	4179	4752	5487	6064	6573	7054	7519	8276	9358	10234	11114	11850
0:41:30	30.1	4179	4827	5503	6163	6694	7041	7618	8281	9297	10284	11084	12002
0:41:35	30.1	4249	4838	5502	6204	6651	6938	7720	8333	9353	10250	11236	12061
0:41:40	30.1	4153	4756	5515	6030	6597	7064	7502	8367	9349	10278	11101	12004
0:41:45	30.1	4243	4715	5477	6148	6725	6926	7585	8404	9275	10244	11207	11922
0:41:50	30.1	4136	4826	5445	6044	6661	7011	7604	8287	9326	10232	11117	11922
0:41:55	30.1	4225	4791	5437	6071	6624	6921	7507	8353	9313	10161	11152	11792
0:42:00	30.1	4148	4828	5591	6099	6650	6854	7607	8439	9364	10303	11195	12027
0:42:05	30.1	4150	4754	5440	6016	6674	6998	7553	8309	9341	10149	11171	11873
0:42:10	30.1	4145	4700	5469	6126	6666	6911	7476	8351	9283	10414	11213	12004
0:42:15	30.1	4161	4806	5446	6115	6695	7021	7514	8415	9219	10309	11121	12011
0:42:20	30.1	4208	4791	5380	6027	6593	6924	7647	8293	9258	10406	11060	11938
0:42:25	30.1	4291	4757	5489	6226	6602	7026	7554	8360	9275	10208	11081	11857
0:42:30	30.1	4172	4721	5448	6147	6634	6979	7530	8303	9272	10230	11287	11946
0:42:35	30.1	4208	4813	5487	6154	6555	6959	7573	8314	9304	10291	11146	12031
0:42:40	30.1	4159	4779	5374	6135	6675	6891	7549	8350	9269	10278	11059	12144
0:42:45	30.1	4185	4798	5395	6050	6690	7002	7475	8433	9361	10259	11036	11911
0:42:50	30.1	4113	4758	5547	6030	6647	7006	7485	8388	9368	10288	11177	12041
0:42:55	30.1	4193	4734	5565	6187	6740	6921	7540	8283	9295	10377	11098	12007
0:43:00	30.1	4201	4741	5484	6076	6674	6979	7536	8491	9306	10432	11204	11922
0:43:05	30.1	4116	4794	5456	6075	6601	6934	7672	8317	9324	10322	11137	12146
0:43:10	30.1	4196	4743	5529	6137	6618	6957	7554	8317	9303	10183	11154	11920
0:43:15	30.1	4182	4725	5412	6001	6779	7051	7480	8332	9355	10170	11197	11940
0:43:20	30.1	4191	4812	5413	6175	6709	6960	7620	8299	9222	10277	11003	11985
0:43:25	30.1	4227	4774	5536	6084	6652	6923	7594	8336	9284	10253	11231	11874
0:43:30	30.1	4135	4832	5515	6065	6588	6980	7467	8334	9158	10267	11100	11906
0:43:35	30.1	4174	4705	5351	6067	6670	6904	7458	8255	9263	10220	11101	11901
0:43:40	30.1	4162	4707	5455	6062	6537	6982	7622	8268	9287	10329	11102	11872
0:43:45	30.1	4288	4843	5462	6146	6590	6921	7606	8341	9381	10278	11180	12052
0:43:50	30.1	4145	4705	5470	6175	6616	6903	7506	8364	9256	10249	11102	11977
0:43:55	30.1	4139	4856	5480	6029	6539	6925	7595	8366	9260	10130	11214	11765
0:44:00	30.1	4102	4678	5499	6129	6699	7000	7518	8344	9287	10241	11126	11928
0:44:05	30.1	4176	4726	5509	6106	6558	7003	7501	8270	9299	10240	11192	11987
0:44:10	30.1	4142	4777	5537	6094	6652	6907	7491	8475	9367	10332	11222	11820
0:44:15	30.1	4143	4758	5407	6147	6693	6943	7516	8318	9282	10283	11043	11840
0:44:20	30.1	4243	4766	5507	6052	6682	6987	7581	8379	9235	10292	11090	11851
0:44:25	30.1	4161	4805	5429	6009	6628	6999	7594	8463	9326	10296	11136	11945
0:44:30	30.1	4154	4768	5395	6122	6649	6918	7617	8411	9315	10203	11081	11855
0:44:35	30.1	4143	4800	5454	6122	6613	7015	7511	8297	9089	10386	11105	12023
0:44:40	30.1	4211	4691	5593	6120	6477	6881	7361	8286	9264	10222	11071	11907
0:44:45	30.1	4126	4733	5466	6067	6565	6922	7523	8381	9244	10185	11090	11863
0:44:50	30.1	4223	4775	5486	6123	6509	6844	7559	8290	9434	10282	11097	11903
0:44:55	30.1	4249	4773	5463	6103	6716	6927	7552	8318	9314	10352	11048	11905
0:45:00	30.1	4181	4778	5462	6063	6635	6989	7580	8340	9298	10165	11091	11891
0:45:05	30.1	4130	4779	5441	6040	6653	7038	7618	8338	9332	10177	11160	11877
0:45:10	30.1	4168	4733	5388	6136	6633	6913	7502	8270	9220	10199	11118	11858
0:45:15	30.1	4209	4748	5478	6139	6624	6876	7567	8372	9344	10190	11112	11959
0:45:20	30.1	4210	4753	5386	6080	6561	6908	7563	8410	9250	10327	11204	11938
0:45:25	30.1	4156	4750	5418	6037	6636	6930	7548	8396	9234	10099	10998	11861
0:45:30	30.1	4169	4751	5425	6040	6640	7009	7514	8349	9336	10290	11005	11983
0:45:35	30.1	4145	4699	5477	6147	6521	6949	7559	8390	9447	10176	11105	11881
0:45:40	30.1	4190	4709	5501	6061	6602	7025	7473	8336	9334	10170	11108	11870
0:45:45	30.1	4174	4675	5475	6067	6617	7060	7489	8197	9218	10274	11183	11764
0:45:50	30.1	4149	4767	5456	6111	6541	6965	7482	8279	9201	10288	11168	11959
0:45:55	30.1	4129	4832	5471	6058	6625	6994	7470	8384	9320	10333	11222	11845
0:46:00	30.1	4146	4799	5410	6120	6543	6946	7484	8367	9294	10259	11149	12002
0:46:05	30.1	4142	4739	5536	6112	6503	7038	7606	8251	9361	10196	11162	11907
0:46:10	30.1	4164	4758	5425	6111	6633	7022	7535	8324	9414	10126	11141	11920
0:46:15	30.1	4187	4708	5389	6094	6586	6977	7640	8286	9419	10162	11042	11891
0:46:20	30.1	4095	4838	5393	6158	6591	6948	7627	8284	9391	10200	11164	11904
0:46:25	30.1	4154	4731	5384	6057	6578	6942	7584	8315	9234	10252	11178	11860
0:46:30	30.1	4180	4788	5464	6216	6613	6944	7509	8455	9319	10313	11148	11881
0:46:35	30.1	4152	4738	5489	6080	6603	6918	7554	8262	9336	10300	11133	11802
0:46:40	30.1	4081	4742	5532	6085	6654	6959	7605	8256	9379	10140	11032	11929
0:46:45	30.1	4148	4784	5543	5980	6676	6983	7569	8377	9267	10212	10980	11854
0:46:50	30.1	4169	4804	5413	6172	6631	6996	7489	8339	9292	10334	11164	11909
0:46:55	30.1	4151	4811	5435	6157	6666	7014	7500	8289	9175	10264	11083	11882
0:47:00	30.1	4179	4766	5476	6015	6534	6881	7488	8274	9353	10121	11064	11824
0:47:05	30.1	4166	4734	5547	6133	6576	6898	7630	8282	9353	10351	11130	11896
0:47:10	30.1	4160	4724	5438	6039	6652	7041	7543	8252	9244	10319	11057	11848
0:47:15	30.1	4101	4736	5418	6096	6581	6894	7562	8289	9378	10367	10985	11929
0:47:20	30.1	4161	4813	5462	6167	6642	6904	7445	8229	9171	10330	11054	11837
0:47:25	30.1	4184	4738	5483	6027	6639	6980	7561	8324	9232	10159	11047	11840
0:47:30	30.1	4164	4786	5414	6076	6708	6969	7451	8245	9161	10135	11062	11763
0:47:35	30.1	4206	4738	5464	6108	6622	6919	7529	8343	9298	10265	11055	11962
0:47:40	30.1	4149	4653	5470	6129	6681	6916	7518	8197	9286	10222	10979	11907
0:47:45	30.1	4140	4767	5451	6050	6534	6889	7487	8334	9150	10161	11118	11932
0:47:50	30.1	4161	4785	5476	6090	6611	6967	7495	8302	9356	10272	11140	11792
0:47:55	30.1	4094	4763	5469	5959	6716	6893	7504	8280	9197	10255	11014	11822
0:48:00	30.1	4068	4701	5480	6228	6579	6895	7584	8287	9173	10240	11177	11891
0:48:05	30.1	4122	4768	5441	6034	6542	6890	7558	8287	9364	10321	11172	11810
0:48:10	30.1	4176	4736	5404	6062	6579	6894	7506	8232	9300	10347	11013	11720
0:48:15	30.1	4170	4693	5473	6046	6614	7088	7488	8195	9276	10351	11057	11799
0:48:20	30.1	4139	4709	5515	6016	6576	6948	7522	8259	9246	10163	11075	11795
0:48:25	30.1	4176	4795	5536	6106	6653	6960	7577	8372	9302	10036	11015	11867
0:48:30	30.1	4130	4735	5490	5944	6566	6983	7509	8237	9284	10188	11180	11790
0:48:35	30.1	4210	4778	5446	6030	6615	6880	7627	8304	9312	10229	11160	11795
0:48:40	30.1	4190	4709	5344	6067	6653	6955	7405	8206	9320	10178	11166	11774
0:48:45	30.1	4112	4747	5431	6121	6681	7022	7459	8260	9267	10185	11015	11834
0:48:50	30.1	4169	4811	5442	6016	6633	7083	7399	8252	9204	10257	11021	11877
0:48:55	30.1	4162	4748	5427	6195	6618	6942	7584	8378	9219	10280	11251	11866
0:49:00	30.1	4214	4792	5404	5939	6604	7031	7479	8384	9369	10318	11158	11893
0:49:05	30.1	4236	4758	5384	6108	6601	6960	7518	8307	9196	10120	10903	11928
0:49:10	30.1	4101	4708	5302	6078	6621	6953	7396	8275	9191	10223	10950	11957
0:49:15	30.1	4140	4795	5426	6059	6566	6992	7459	8236	9287	10229	10908	11734
0:49:20	30.1	4099	4764	5416	5974	6549	6939	7583	8253	9293	10304	11052	11922
0:49:25	30.1	4220	4783	5390	6014	6619	6873	7586	8285	9235	10089	11092	11773
0:49:30	30.1	4161	4764	5436	6063	6574	6942	7522	8267	9316	10190	11132	11742
0:49:35	30.1	4184	4693	5474	5979	6573	6916	7476	8239	9170	10063	11122	11760
0:49:40	30.1	4144	4789	5446	6103	6596	6856	7540	8311	9338	10178	10969	11814
0:49:45	30.1	4173	4675	5370	6027	6565	6917	7593	8291	9199	10168	11131	11868
0:49:50	30.1	4139	4742	5494	6015	6514	6877	7485	8266	9260	10120	11123	11839
0:49:55	30.1	4121	4694	5430	6055	6632	6924	7453	8294	9237	10134	11029	11845
0:50:00	30.1	4200	4760	5336	6073	6542	6876	7508	8203	9151	10236	11149	11743
0:50:05	30.1	4214	4724	5521	6091	6545	6944	7592	8274	9272	10195	11010	11716
0:50:10	30.1	4179	4732	5488	6025	6635	6924	7611	8254	9317	10137	11010	11812
0:50:15	30.1	4113	4811	5477	6056	6577	6870	7531	8321	9187	10202	10929	11831
0:50:20	30.1	4162	4676	5378	6059	6583	6904	7508	8281	9384	10139	11180	11689
0:50:25	30.1	4189	4729	5472	5988	6527	6913	7540	8168	9163	10160	10970	11671
0:50:30	30.1	4133	4732	5445	6110	6520	6882	7451	8290	9199	10185	11044	11823
0:50:35	30.1	4122	4765	5396	6146	6664	7034	7482	8290	9306	10075	11111	11859
0:50:40	30.1	4139	4760	5299	6070	6607	6840	7519	8197	9100	10207	11098	11729
0:50:45	30.1	4216	4780	5376	6076	6572	6950	7468	8321	9248	10332	11069	11749
0:50:50	30.1	4099	4723	5434	6101	6585	6917	7538	8144	9168	10220	11147	11801
0:50:55	30.1	4120	4607	5367	6047	6692	6932	7470	8225	9153	10155	10963	11811
0:51:00	30.1	4142	4761	5448	6101	6513	6908	7456	8186	9220	10163	11136	11849
0:51:05	30.1	4166	4661	5445	5988	6666	6904	7608	8201	9289	10236	11059	11772
0:51:10	30.1	4194	4755	5398	6055	6513	6973	7577	8295	9250	10201	10974	11738
0:51:15	30.1	4148	4709	5410	6048	6538	6852	7381	8308	9158	10210	11001	11929
0:51:20	30.1	4090	4761	5417	6018	6642	6938	7473	8323	9206	10302	11084	11718
0:51:25	30.1	4138	4739	5412	6089	6689	6933	7479	8277	9213	10175	11082	11812
0:51:30	30.1	4090	4737	5393	6020	6557	6907	7573	8332	9276	10322	10997	11864
0:51:35	30.1	4123	4746	5432	6054	6560	6923	7516	8226	9175	10196	11059	11847
0:51:40	30.1	4129	4681	5406	5936	6601	6917	7606	8293	9230	10131	10910	11743
0:51:45	30.1	4164	4785	5449	6068	6553	6990	7554	8304	9192	10185	11021	11841
0:51:50	30.1	4229	4707	5390	6079	6503	6828	7521	8247	9235	10137	11073	11931
0:51:55	30.1	4096	4765	5363	6003	6561	6895	7445	8096	9230	10282	11090	11639
0:52:00	30.1	4192	4722	5476	6071	6572	6841	7413	8223	9273	10191	10906	11993
0:52:05	30.1	4100	4705	5461	6080	6558	6911	7592	8281	9256	10253	10995	11734
0:52:10	30.1	4111	4665	5443	5991	6582	6945	7477	8112	9162	10247	11091	11790
0:52:15	30.1	4183	4755	5389	6114	6540	6952	7516	8112	9177	10066	10942	11794
0:52:20	30.1	4125	4652	5432	6061	6578	6810	7409	8243	9211	10197	11134	11799
0:52:25	30.1	4124	4781	5389	6072	6532	6847	7513	8240	9245	10407	10988	11710
0:52:30	30.1	4189	4779	5327	6051	6577	6843	7431	8227	9230	10141	10915	11779
0:52:35	30.1	4104	4758	5390	6026	6540	6945	7568	8276	9206	10131	11063	11781
0:52:40	30.1	4150	4753	5381	6009	6587	6878	7436	8303	9312	10294	11089	11769
0:52:45	30.1	4132	4709	5474	5989	6568	6945	7458	8354	9274	10339	11000	11690
0:52:50	30.1	4165	4790	5378	5956	6640	6956	7518	8277	9171	10134	11010	11829
0:52:55	30.1	4181	4633	5417	6033	6495	6902	7425	8226	9225	10179	10969	11805
0:53:00	30.1	4134	4732	5392	5994	6515	6984	7511	8170	9219	10155	11103	11864
0:53:05	30.1	4116	4652	5401	6020	6582	6959	7492	8304	9158	10304	10971	11691
0:53:10	30.1	4154	4694	5391	6095	6547	6820	7484	8180	9228	10185	11139	11857
0:53:15	30.1	4216	4697	5377	5977	6470	6905	7496	8249	9235	10232	11172	11803
0:53:20	30.1	4093	4765	5355	6089	6616	6891	7495	8290	9218	10326	10984	11747
0:53:25	30.1	4115	4751	5408	6057	6603	6912	7418	8256	9176	10088	10981	11765
0:53:30	30.1	4090	4776	5372	5990	6523	6940	7499	8345	9251	10260	11128	11840
0:53:35	30.1	4196	4753	5378	6082	6582	6901	7599	8152	9060	10099	10985	11700
0:53:40	30.1	4110	4689	5376	6050	6523	6820	7570	8336	9255	10041	10990	11721
0:53:45	30.1	4171	4742	5478	5989	6461	6947	7422	8294	9353	10344	10935	11774
0:53:50	30.1	4154	4701	5433	6076	6561	6869	7469	8302	9223	10066	10900	11865
0:53:55	30.1	4145	4707	5455	6036	6520	6948	7457	8122	9211	10097	11016	11820
0:54:00	30.1	4108	4732	5398	5997	6571	6785	7506	8286	9124	10255	11035	11667
0:54:05	30.1	4110	4681	5383	5955	6485	6905	7517	8343	9253	10148	11066	11745
0:54:10	30.1	4187	4656	5455	6045	6567	6816	7505	8161	9344	10053	11091	11830
0:54:15	30.1	4101	4701	5379	5982	6517	6903	7548	8289	9241	10180	11016	11806
0:54:20	30.1	4167	4719	5439	6049	6578	6922	7439	8332	9252	10120	11040	11787
0:54:25	30.1	4165	4720	5423	6131	6547	6959	7534	8151	9141	10079	11070	11664
0:54:30	30.1	4116	4719	5435	6064	6493	6864	7435	8164	9180	10136	11015	11674
0:54:35	30.1	4077	4677	5429	6065	6463	6875	7496	8210	9292	10039	10838	11774
0:54:40	30.1	4062	4726	5413	6069	6545	6877	7446	8118	9256	10177	10995	11608
0:54:45	30.1	4144	4737	5386	6064	6633	6899	7550	8325	9081	10089	11083	11756
0:54:50	30.1	4102	4737	5351	5978	6491	6836	7475	8177	9138	10056	10897	11871
0:54:55	30.0	4133	4676	5351	6036	6485	6812	7385	8341	9240	10121	10938	11758
0:55:00	30.1	4133	4701	5332	6033	6514	6846	7494	8275	9262	10184	11017	11676
0:55:05	30.1	4105	4713	5339	6066	6552	6867	7458	8266	9198	10091	11075	11808
0:55:10	30.1	4133	4735	5349	5922	6541	6806	7444	8156	9210	10158	11167	11617
0:55:15	30.1	4123	4654	5435	5980	6569	6948	7421	8245	9140	10201	10920	11884
0:55:20	30.1	4183	4723	5428	6018	6575	6819	7438	8257	9188	10158	11027	11682
0:55:25	30.1	4112	4733	5412	6080	6584	6917	7520	8232	9175	10136	11110	11688
0:55:30	30.1	4096	4694	5324	5967	6577	6865	7363	8155	9175	10122	10968	11782
0:55:35	30.1	4162	4722	5402	6053	6560	6868	7473	8153	9231	10195	10864	11745
0:55:40	30.1	4104	4670	5392	6098	6673	6816	7445	8196	9124	10187	11031	11792
0:55:45	30.1	4129	4740	5385	5967	6561	6852	7441	8194	9173	10090	10987	11693
0:55:50	30.1	4130	4670	5284	5985	6488	6685	7326	8218	9239	10181	10881	11830
0:55:55	30.1	4046	4659	5421	5930	6591	6797	7517	8266	9156	10143	10991	11612
0:56:00	30.1	4145	4633	5442	5982	6547	6851	7557	8281	9148	10133	10965	11723
0:56:05	30.1	4100	4698	5367	5979	6554	6763	7483	8194	9265	10157	11014	11750
0:56:10	30.1	4100	4655	5330	6064	6515	6870	7441	8188	9104	10168	11091	11803
0:56:15	30.1	4125	4648	5398	5944	6410	6880	7554	8299	9093	10084	10903	11781
0:56:20	30.1	4114	4762	5395	6039	6518	6860	7450	8137	9264	10220	10953	11739
0:56:25	30.0	4153	4738	5469	6038	6522	6883	7363	8294	9146	10109	11039	11751
0:56:30	30.0	4113	4696	5409	6003	6453	6763	7431	8278	9053	10138	11007	11699
0:56:35	30.1	4079	4678	5367	5993	6489	6964	7499	8225	9182	10093	10993	11733
0:56:40	30.1	4041	4683	5394	5976	6586	6900	7469	8212	9134	10055	10860	11613
0:56:45	30.1	4061	4695	5330	5961	6475	6951	7432	8244	9217	10188	10945	11722
0:56:50	30.1	4182	4711	5427	6097	6482	6822	7412	8293	9166	10017	10953	11816
0:56:55	30.1	4032	4673	5365	6052	6444	6908	7475	8148	9182	10054	10954	11687
0:57:00	30.1	4108	4674	5395	5969	6465	6845	7532	8198	9194	10125	10958	11741
0:57:05	30.1	4086	4691	5391	5989	6484	6898	7460	8175	9145	10061	10918	11625
0:57:10	30.0	4035	4708	5371	5990	6586	6807	7589	8122	9197	10160	10923	11797
0:57:15	30.1	4127	4761	5292	5870	6610	6909	7547	8265	9085	10115	11165	11726
0:57:20	30.1	4105	4699	5305	5979	6450	6898	7474	8195	9180	10122	10937	11841
0:57:25	30.1	4117	4665	5371	6020	6509	6887	7358	8161	9143	10215	10956	11664
0:57:30	30.1	4107	4679	5451	6087	6480	6955	7469	8239	9244	10103	10950	11702
0:57:35	30.1	4117	4607	5383	6042	6545	6884	7488	8224	9191	10124	10906	11819
0:57:40	30.1	4072	4767	5307	6019	6572	6786	7477	8303	9084	10135	10973	11736
0:57:45	30.1	4141	4708	5410	6018	6508	6844	7585	8207	9137	10164	10879	11680
0:57:50	30.1	4185	4702	5396	5930	6555	6849	7499	8174	9028	9919	10917	11754
0:57:55	30.1	4076	4673	5384	6068	6438	6951	7459	8266	9212	10162	10912	11608
0:58:00	30.0	4066	4595	5302	5991	6453	6806	7567	8223	9248	10049	11075	11509
0:58:05	30.0	4101	4677	5334	5987	6606	6863	7424	8278	9302	10042	10932	11589
0:58:10	30.1	4187	4698	5350	5966	6503	6893	7487	8111	9215	10004	10872	11799
0:58:15	30.1	4121	4638	5414	6038	6522	6934	7410	8210	9238	9956	11017	11650
0:58:20	30.1	4132	4692	5432	5945	6527	6864	7331	8222	9194	9958	10972	11821
0:58:25	30.1	4160	4692	5367	5972	6590	6906	7513	8268	9252	10108	11095	11681
0:58:30	30.1	4088	4694	5375	5940	6605	6830	7533	8199	9159	10093	11012	11653
0:58:35	30.1	4072	4685	5297	5916	6601	6869	7465	8292	9119	10232	10923	11652
0:58:40	30.1	4107	4723	5314	5938	6506	6925	7566	8273	9213	10043	11012	11690
0:58:45	30.1	4070	4622	5423	5939	6560	6837	7434	8134	9184	10080	10840	11687
0:58:50	30.0	4144	4706	5363	6000	6575	6924	7440	8114	9144	10002	10988	11702
0:58:55	30.1	4106	4669	5412	5972	6524	6897	7354	8193	9243	10135	11070	11581
0:59:00	30.0	4087	4765	5437	5994	6526	6931	7361	8113	9138	10078	11060	11646
0:59:05	30.1	4128	4718	5414	5974	6461	6778	7527	8326	9187	10087	10943	11572
0:59:10	30.1	4067	4655	5314	5938	6520	6852	7440	8231	9086	10163	10947	11799
0:59:15	30.1	4113	4728	5419	6059	6403	6869	7492	8217	9126	10032	10995	11781
0:59:20	30.1	4051	4665	5349	5992	6492	6896	7558	8231	9134	10111	10887	11612
0:59:25	30.1	4155	4737	5412	5957	6587	6836	7453	8272	9060	10079	10875	11691
0:59:30	30.1	4096	4757	5404	6005	6480	6835	7343	8115	9157	10080	10965	11662
0:59:35	30.0	4072	4693	5299	6005	6538	6852	7341	8174	9322	10137	11030	11857
0:59:40	30.1	4087	4703	5432	5946	6533	6764	7476	8169	9260	10113	11033	11600
0:59:45	30.1	4058	4668	5292	5954	6565	6777	7433	8143	9231	10155	10982	11732
0:59:50	30.0	4048	4706	5240	6087	6615	6803	7425	8290	9254	10063	10856	11575
0:59:55	30.0	4103	4684	5376	5946	6478	6845	7485	8280	9098	10087	10912	11657
1:00:00	30.1	4132	4662	5419	5980	6552	6843	7404	8183	9181	10131	10962	11651

Results
	1	2	3	4	5	6	7	8	9	10	11	12
A													Max V [295,335]
													R-Squared [295,335]
													t at Max V [295,335]
													Lagtime [295,335]
B													Max V [295,335]
													R-Squared [295,335]
													t at Max V [295,335]
													Lagtime [295,335]
C													Max V [295,335]
													R-Squared [295,335]
													t at Max V [295,335]
													Lagtime [295,335]
D													Max V [295,335]
													R-Squared [295,335]
													t at Max V [295,335]
													Lagtime [295,335]
E	-2124000.000	-2712000.000	-3216000.000	3228000.000	-3276000.000	4356000.000	-3432000.000	-3588000.000	-4368000.000	-4080000.000	-4368000.000	-4800000.000	Max V [295,335]
	1.000	1.000	1.000	1.000	1.000	1.000	1.000	1.000	1.000	1.000	1.000	1.000	R-Squared [295,335]
	0:16:13	0:01:08	0:01:38	0:47:58	0:01:58	0:00:03	0:13:38	0:01:28	0:04:03	0:31:33	0:08:03	0:03:53	t at Max V [295,335]
	0:15:11	0:00:55	0:01:23	0:48:58	0:01:37	0:00:00	0:12:37	0:01:14	0:03:34	0:30:08	0:07:03	0:03:26	Lagtime [295,335]
F													Max V [295,335]
													R-Squared [295,335]
													t at Max V [295,335]
													Lagtime [295,335]
G													Max V [295,335]
													R-Squared [295,335]
													t at Max V [295,335]
													Lagtime [295,335]
H													Max V [295,335]
													R-Squared [295,335]
													t at Max V [295,335]
													Lagtime [295,335]

