

Software Version	3.03.14

Procedure Details

Plate Type	96 WELL PLATE
Set Temperature	Setpoint 30°C
	Preheat before moving to next step
Start Kinetic	Runtime 1:23:00 (HH:MM:SS), Interval 0:00:05, 997 Reads
    Read	Fluorescence Endpoint
	G1..G12
	Filter Set 1
	    Excitation: 295,  Emission: 335
	    Optics: Top,  Gain: 80
	Light Source: Xenon Flash,  Lamp Energy: High
	Read Speed: Normal,  Delay: 0 msec,  Measurements/Data Point: 5
	Read Height: 8 mm
End Kinetic	

Layout
	1	2	3	4	5	6	7	8	9	10	11	12
A													Well ID
B													Well ID
C													Well ID
D													Well ID
E													Well ID
F													Well ID
G	SPL1	SPL2	SPL3	SPL4	SPL5	SPL6	SPL7	SPL8	SPL9	SPL10	SPL11	SPL12	Well ID
H													Well ID

295,335

Time	T° 295,335	G1	G2	G3	G4	G5	G6	G7	G8	G9	G10	G11	G12
0:00:00	30.0	5237	6527	7392	8797	10201	11819	5075	6464	7365	8734	9946	11212
0:00:05	30.1	5037	6526	7130	8545	10142	11684	4946	6515	7468	8734	9878	11123
0:00:10	30.1	4972	6308	7044	8441	10110	11653	4993	6617	7343	8857	9940	11204
0:00:15	30.0	4873	6203	6949	8403	9977	11414	4924	6521	7320	8839	9809	11082
0:00:20	30.1	4715	6140	6781	8314	9829	11499	4924	6547	7283	8755	10053	11074
0:00:25	30.1	4610	5895	6661	8315	9701	11141	4887	6563	7302	8707	9767	11093
0:00:30	30.1	4494	5769	6653	8113	9770	11178	4879	6576	7263	8779	9868	11119
0:00:35	30.1	4370	5773	6462	7919	9509	10922	4869	6558	7311	8790	9920	11207
0:00:40	30.1	4360	5653	6385	7896	9291	10810	4906	6535	7327	8780	9718	11321
0:00:45	30.1	4288	5571	6334	7733	9208	10614	4904	6481	7291	8695	9843	11202
0:00:50	30.0	4197	5484	6178	7593	9169	10640	4877	6471	7323	8673	9739	11167
0:00:55	30.1	4142	5404	6217	7700	9101	10388	4911	6513	7371	8602	9757	11135
0:01:00	30.1	4120	5305	6101	7513	9089	10406	4777	6421	7237	8506	9767	11139
0:01:05	30.1	4056	5250	6023	7420	8857	10270	4865	6533	7232	8696	9696	11041
0:01:10	30.1	3957	5174	5941	7305	8761	10215	4822	6405	7263	8644	9704	11142
0:01:15	30.1	3978	5152	5872	7175	8710	10087	4737	6507	7230	8555	9748	11004
0:01:20	30.1	3981	5099	5928	7227	8776	9947	4784	6419	7265	8527	9734	10985
0:01:25	30.0	3934	5045	5849	7137	8689	9874	4900	6510	7168	8590	9706	11055
0:01:30	30.0	3798	4980	5759	7049	8531	9867	4823	6433	7127	8528	9603	11034
0:01:35	30.0	3888	4895	5706	6913	8389	9722	4790	6437	7184	8464	9581	10916
0:01:40	30.1	3790	4961	5630	6858	8329	9684	4701	6409	7102	8576	9629	10982
0:01:45	30.1	3784	4831	5623	6840	8353	9645	4699	6360	7084	8513	9636	10882
0:01:50	30.1	3711	4726	5574	6772	8302	9606	4715	6408	7023	8485	9531	10840
0:01:55	30.1	3731	4731	5416	6775	8264	9503	4676	6300	7071	8417	9501	10720
0:02:00	30.1	3635	4659	5437	6759	8229	9410	4724	6333	7046	8411	9511	10880
0:02:05	30.0	3651	4648	5403	6570	8173	9408	4661	6431	7052	8377	9612	10752
0:02:10	30.1	3628	4689	5410	6661	8137	9307	4794	6283	7086	8508	9433	10882
0:02:15	30.0	3543	4725	5229	6633	8090	9197	4676	6299	7052	8383	9342	10830
0:02:20	30.1	3525	4597	5342	6490	7998	9314	4690	6323	6992	8365	9435	10714
0:02:25	30.1	3530	4603	5283	6447	7928	9197	4744	6317	7030	8357	9466	10657
0:02:30	30.0	3551	4521	5260	6465	7937	9101	4670	6261	7036	8348	9415	10555
0:02:35	30.0	3554	4601	5199	6376	7883	9110	4743	6239	7023	8421	9537	10619
0:02:40	30.0	3530	4531	5186	6424	7795	9077	4607	6321	7004	8217	9559	10715
0:02:45	30.0	3560	4468	5114	6351	7789	8959	4746	6218	6926	8373	9455	10729
0:02:50	30.0	3470	4496	5127	6291	7748	8930	4622	6279	6951	8204	9491	10595
0:02:55	30.0	3446	4476	5177	6336	7778	9030	4609	6206	7010	8252	9425	10541
0:03:00	30.0	3463	4401	5058	6388	7712	8939	4630	6267	6903	8206	9342	10331
0:03:05	30.0	3456	4470	5093	6279	7613	8852	4625	6333	6811	8060	9427	10417
0:03:10	30.0	3398	4396	5024	6331	7595	8791	4599	6138	6859	8216	9311	10421
0:03:15	30.0	3407	4431	5010	6159	7488	8694	4533	6117	6915	8226	9243	10438
0:03:20	30.0	3404	4384	4952	6142	7529	8705	4541	6165	6803	8236	9386	10526
0:03:25	30.0	3398	4369	4999	6158	7542	8715	4584	6115	6834	8091	9192	10351
0:03:30	30.0	3428	4454	4983	6101	7501	8639	4617	6095	6724	8141	9251	10449
0:03:35	30.0	3364	4301	4963	6041	7464	8665	4528	5961	6759	8089	9272	10356
0:03:40	30.0	3377	4318	4900	6072	7475	8627	4552	6028	6817	8169	9445	10445
0:03:45	30.0	3438	4310	4912	6065	7484	8504	4492	6092	6763	8050	9268	10358
0:03:50	30.0	3373	4234	4862	6042	7564	8538	4542	6035	6748	8088	9247	10534
0:03:55	30.0	3410	4278	4886	6076	7328	8491	4522	6084	6791	7967	9264	10361
0:04:00	30.0	3380	4282	4816	6019	7471	8468	4536	6032	6813	8094	9190	10311
0:04:05	30.0	3410	4306	4804	6056	7436	8439	4519	6176	6779	7902	9110	10302
0:04:10	30.0	3341	4344	4893	6061	7319	8434	4499	6098	6769	7967	9265	10322
0:04:15	30.0	3370	4353	4814	5897	7311	8431	4532	6034	6785	8018	9091	10269
0:04:20	30.0	3347	4260	4853	5943	7264	8338	4510	5929	6770	8020	9178	10257
0:04:25	30.0	3326	4245	4812	5994	7263	8300	4434	5954	6651	8075	9199	10251
0:04:30	30.0	3310	4285	4827	6003	7229	8356	4403	6060	6722	8057	9184	10251
0:04:35	30.0	3374	4307	4794	5855	7192	8359	4432	5937	6682	7937	9111	10226
0:04:40	30.0	3354	4239	4744	5912	7212	8420	4396	5960	6711	7872	9074	10235
0:04:45	30.0	3320	4296	4824	6002	7258	8337	4453	6045	6612	7912	9142	10183
0:04:50	30.0	3366	4188	4768	5905	7267	8319	4412	5975	6716	7919	9086	10131
0:04:55	30.0	3366	4268	4786	5929	7236	8267	4428	5882	6700	7854	9032	10259
0:05:00	30.0	3349	4252	4790	5852	7245	8235	4425	5971	6633	7896	9076	10168
0:05:05	30.0	3317	4218	4739	5895	7160	8322	4463	6049	6603	7873	9127	10142
0:05:10	30.0	3336	4235	4799	5866	7242	8219	4451	5971	6619	7900	9095	10038
0:05:15	30.0	3347	4206	4823	5891	7107	8285	4391	5881	6577	7800	8947	10121
0:05:20	30.0	3280	4210	4715	5891	7149	8096	4394	5877	6487	7864	9052	10145
0:05:25	30.0	3309	4224	4778	5903	7081	8349	4367	5875	6590	7867	9044	10139
0:05:30	30.0	3354	4247	4779	5811	7075	8171	4353	5884	6562	7804	9025	10095
0:05:35	30.0	3309	4162	4846	5868	7070	8138	4347	5885	6609	7792	9040	10084
0:05:40	30.0	3313	4266	4746	5837	7091	8298	4324	5778	6547	7841	8929	10092
0:05:45	30.0	3312	4266	4748	5859	7102	8165	4382	5720	6514	7952	8953	9963
0:05:50	30.0	3281	4202	4738	5886	7064	8126	4416	5931	6629	7851	8855	10004
0:05:55	30.0	3275	4243	4645	5799	7094	8221	4368	5943	6645	7856	8845	9950
0:06:00	30.1	3324	4264	4720	5859	7103	8275	4325	5762	6422	7792	8864	10011
0:06:05	30.0	3286	4157	4711	5873	6991	8127	4376	5846	6449	7756	8805	9914
0:06:10	30.0	3306	4205	4667	5829	7020	8089	4302	5807	6529	7770	8909	9929
0:06:15	30.0	3339	4229	4706	5816	7080	8065	4365	5780	6469	7699	8856	9888
0:06:20	30.0	3325	4158	4765	5788	7030	8200	4266	5810	6488	7777	8839	9935
0:06:25	30.0	3347	4207	4678	5773	7086	8137	4358	5781	6412	7708	8826	9932
0:06:30	30.0	3328	4152	4707	5762	6986	8075	4351	5772	6478	7729	8955	9889
0:06:35	30.0	3322	4155	4648	5841	6994	8006	4293	5780	6474	7719	8881	9946
0:06:40	30.0	3260	4161	4872	5872	7046	7918	4237	5721	6570	7779	8792	9782
0:06:45	30.0	3249	4188	4718	5901	6988	7965	4343	5688	6443	7656	8803	9930
0:06:50	30.0	3334	4225	4677	5801	7111	8111	4271	5668	6379	7618	8736	9873
0:06:55	30.0	3247	4162	4660	5746	6964	8001	4262	5736	6405	7684	8749	9840
0:07:00	30.0	3304	4136	4755	5762	7005	8094	4215	5798	6445	7644	8875	9768
0:07:05	30.0	3297	4171	4627	5761	7007	7965	4267	5739	6458	7599	8865	9928
0:07:10	30.0	3275	4139	4710	5885	7003	8063	4249	5698	6359	7650	8688	9735
0:07:15	30.0	3250	4229	4651	5738	7059	8063	4231	5728	6426	7632	8737	9824
0:07:20	30.0	3282	4193	4669	5832	7075	8060	4224	5697	6396	7592	8748	9786
0:07:25	30.0	3309	4154	4729	5772	6941	7943	4256	5698	6433	7488	8720	9789
0:07:30	30.0	3300	4210	4691	5854	6949	7952	4180	5741	6427	7668	8703	9804
0:07:35	30.0	3301	4209	4673	5858	6962	8120	4222	5636	6362	7570	8591	9664
0:07:40	30.0	3260	4239	4652	5698	6982	7945	4141	5686	6317	7503	8564	9708
0:07:45	30.0	3293	4161	4717	5749	6963	8033	4118	5580	6266	7568	8748	9706
0:07:50	30.0	3307	4151	4735	5876	6936	7990	4219	5586	6406	7561	8584	9723
0:07:55	30.0	3249	4177	4676	5804	7030	7965	4160	5540	6337	7467	8591	9717
0:08:00	30.0	3236	4152	4649	5654	6834	7946	4167	5660	6409	7576	8599	9629
0:08:05	30.0	3311	4140	4607	5720	6907	7868	4141	5611	6295	7467	8650	9683
0:08:10	30.0	3304	4155	4741	5697	6934	7964	4129	5567	6348	7416	8552	9614
0:08:15	30.0	3328	4164	4657	5746	6930	7975	4216	5589	6244	7591	8752	9516
0:08:20	30.0	3271	4170	4688	5719	7013	8002	4140	5562	6361	7486	8634	9634
0:08:25	30.0	3276	4133	4676	5733	6939	7957	4212	5650	6217	7563	8590	9730
0:08:30	30.0	3288	4134	4607	5740	6985	7928	4115	5521	6284	7335	8531	9571
0:08:35	30.0	3310	4200	4736	5780	6806	7959	4114	5483	6255	7429	8584	9475
0:08:40	30.0	3254	4123	4680	5735	6953	8113	4147	5462	6234	7438	8571	9545
0:08:45	30.0	3286	4117	4580	5734	6888	7982	4121	5616	6299	7489	8528	9553
0:08:50	30.0	3294	4165	4682	5736	7047	8016	4117	5396	6160	7463	8444	9646
0:08:55	30.0	3265	4138	4789	5748	6934	7997	4092	5527	6246	7477	8533	9676
0:09:00	30.0	3252	4159	4665	5683	6881	7956	4101	5511	6108	7443	8471	9646
0:09:05	30.0	3294	4149	4685	5748	6878	7876	4066	5531	6171	7451	8631	9586
0:09:10	30.0	3306	4197	4692	5688	6914	8057	4054	5488	6198	7243	8495	9530
0:09:15	30.0	3273	4148	4674	5756	6933	7911	4050	5525	6174	7460	8545	9537
0:09:20	30.0	3292	4167	4636	5724	6793	7917	4088	5505	6189	7335	8410	9659
0:09:25	30.0	3269	4123	4702	5767	6877	7963	4050	5507	6184	7385	8459	9531
0:09:30	30.0	3329	4158	4708	5639	6867	8002	4127	5476	6140	7281	8567	9484
0:09:35	30.0	3224	4091	4647	5691	6819	7927	4087	5454	6122	7355	8491	9564
0:09:40	30.0	3305	4178	4589	5712	6896	7997	4027	5497	6152	7439	8471	9567
0:09:45	30.0	3364	4117	4647	5753	6858	8108	4128	5456	6124	7358	8481	9596
0:09:50	30.0	3331	4105	4638	5737	6771	7890	4078	5423	6172	7300	8474	9441
0:09:55	30.0	3208	4235	4645	5718	6861	7949	3979	5385	6068	7271	8420	9537
0:10:00	30.0	3332	4123	4701	5709	6886	7985	4016	5474	6179	7276	8453	9496
0:10:05	30.1	3264	4117	4672	5758	6973	8032	4018	5438	6086	7264	8413	9485
0:10:10	30.0	3303	4238	4697	5791	6854	8025	4042	5413	6077	7203	8356	9311
0:10:15	30.0	3260	4191	4668	5717	6912	7917	3989	5373	6118	7254	8328	9453
0:10:20	30.0	3353	4121	4654	5736	6759	7939	3964	5276	6122	7310	8462	9565
0:10:25	30.0	3243	4219	4596	5627	6959	7955	4026	5362	6061	7163	8396	9521
0:10:30	30.0	3220	4147	4672	5680	6830	7841	4003	5415	6060	7239	8414	9525
0:10:35	30.0	3313	4139	4673	5836	6892	7913	4021	5369	6068	7296	8383	9424
0:10:40	30.0	3282	4114	4686	5831	6868	7865	4049	5402	6074	7198	8277	9421
0:10:45	30.0	3247	4148	4649	5727	6876	7843	3995	5290	6025	7184	8408	9500
0:10:50	30.0	3240	4150	4720	5701	6925	8008	3982	5342	5959	7206	8312	9433
0:10:55	30.0	3232	4208	4680	5726	6832	7885	3999	5381	6003	7209	8231	9362
0:11:00	30.0	3241	4215	4763	5753	6861	7930	4029	5292	6014	7135	8272	9214
0:11:05	30.0	3317	4099	4669	5676	6857	7830	3977	5334	5985	7160	8253	9363
0:11:10	30.0	3292	4120	4707	5678	6910	7914	3934	5288	6034	7136	8286	9410
0:11:15	30.0	3255	4121	4596	5703	6905	7960	3933	5343	6032	7196	8237	9175
0:11:20	30.0	3307	4200	4620	5697	6838	7813	3958	5242	5935	7129	8286	9348
0:11:25	30.0	3288	4194	4665	5687	6882	7844	3885	5285	5922	7084	8216	9391
0:11:30	30.0	3283	4162	4716	5733	6864	7976	3868	5283	5965	7152	8217	9341
0:11:35	30.0	3304	4084	4670	5755	6808	7936	3921	5274	6043	7206	8216	9365
0:11:40	30.0	3323	4136	4663	5741	6911	7967	3951	5222	5910	7214	8233	9327
0:11:45	30.0	3311	4182	4694	5657	6888	7892	3964	5260	5880	7130	8185	9280
0:11:50	30.0	3331	4176	4647	5715	6791	7782	3906	5332	5997	7146	8201	9293
0:11:55	30.0	3308	4181	4692	5720	6865	7985	3851	5233	5952	7085	8099	9357
0:12:00	30.0	3335	4139	4724	5682	6957	7898	3910	5224	5914	7055	8140	9272
0:12:05	30.0	3274	4135	4649	5754	6895	7821	3937	5244	5935	7090	8296	9160
0:12:10	30.0	3293	4063	4618	5735	6831	7743	3886	5240	6002	7158	8208	9082
0:12:15	30.0	3312	4168	4558	5826	6768	7925	3862	5243	5775	7123	8172	9385
0:12:20	30.0	3273	4174	4711	5732	6833	7949	3862	5279	6028	7148	8095	9173
0:12:25	30.0	3283	4171	4666	5708	6846	7912	3922	5220	5950	7114	8071	9040
0:12:30	30.0	3294	4093	4709	5720	6929	7929	3870	5125	5890	7140	8153	9134
0:12:35	30.0	3229	4065	4678	5664	6859	7864	3795	5189	5926	7041	8077	9253
0:12:40	30.1	3255	4130	4671	5651	6857	7947	3901	5166	5809	6970	8042	9198
0:12:45	30.0	3263	4158	4733	5774	6778	7886	3919	5207	5840	6999	8222	9180
0:12:50	30.0	3262	4119	4693	5670	6822	7907	3814	5094	5820	7001	8037	9109
0:12:55	30.0	3234	4164	4673	5762	7032	7918	3905	5287	5829	6973	8071	9170
0:13:00	30.0	3227	4159	4601	5689	6919	7900	3807	5256	5810	7057	8219	9147
0:13:05	30.0	3239	4142	4610	5670	6961	7852	3857	5235	5818	7063	8035	9199
0:13:10	30.0	3298	4145	4694	5686	6920	7863	3849	5228	5765	6847	8079	9194
0:13:15	30.0	3297	4117	4659	5710	6801	7936	3828	5186	5798	7017	8018	9230
0:13:20	30.0	3297	4166	4635	5697	6916	7947	3744	5240	5910	6952	8117	9226
0:13:25	30.0	3276	4148	4651	5761	6972	7863	3792	5124	5759	7104	7901	8994
0:13:30	30.0	3247	4167	4655	5725	6909	7944	3815	5112	5738	6962	7985	9090
0:13:35	30.0	3216	4026	4645	5671	6848	7806	3798	5124	5795	7014	8022	9042
0:13:40	30.0	3239	4134	4733	5656	6891	7971	3762	5096	5739	6896	8055	9054
0:13:45	30.1	3292	4160	4697	5715	6864	7863	3817	5123	5724	6920	8145	9070
0:13:50	30.1	3292	4109	4653	5720	6887	7939	3819	5104	5768	6976	8054	9049
0:13:55	30.0	3278	4152	4624	5775	6885	7871	3839	5134	5732	6904	7998	9109
0:14:00	30.0	3239	4070	4635	5710	6932	7855	3820	5049	5803	6887	8100	9049
0:14:05	30.0	3286	4194	4690	5631	6956	7987	3785	5058	5782	6983	7981	8961
0:14:10	30.0	3224	4191	4737	5679	6892	7848	3860	5091	5668	6986	8006	9073
0:14:15	30.0	3273	4167	4686	5701	6873	7923	3741	5125	5793	6926	8006	9057
0:14:20	30.0	3298	4159	4627	5722	6932	7927	3772	5096	5754	6883	7952	9144
0:14:25	30.0	3285	4213	4685	5669	6908	7866	3767	5095	5651	6863	7946	8977
0:14:30	30.0	3284	4092	4567	5712	6858	7911	3769	5082	5828	6889	8008	8983
0:14:35	30.0	3296	4195	4646	5760	6928	7958	3754	5151	5744	6890	7875	8981
0:14:40	30.0	3292	4112	4619	5622	6899	7884	3745	5033	5702	6942	7902	9087
0:14:45	30.0	3254	4134	4689	5741	6819	7910	3782	5065	5727	6940	7964	8997
0:14:50	30.0	3298	4127	4632	5683	6960	7952	3815	5041	5783	6809	7909	8993
0:14:55	30.0	3289	4132	4634	5710	6879	7971	3773	5028	5716	6874	7850	8978
0:15:00	30.0	3235	4104	4648	5694	6810	7920	3703	5029	5667	6800	7965	9034
0:15:05	30.0	3219	4168	4648	5781	6939	7923	3774	5054	5708	6874	7898	8977
0:15:10	30.0	3237	4178	4706	5674	6880	7896	3732	5053	5688	6818	7822	8947
0:15:15	30.0	3281	4172	4663	5748	6885	7872	3741	4968	5689	6831	7951	9122
0:15:20	30.0	3274	4167	4671	5813	6987	7822	3755	5053	5716	6788	7877	8871
0:15:25	30.0	3272	4080	4591	5760	6891	7959	3761	5007	5645	6827	7881	8993
0:15:30	30.0	3284	4182	4622	5773	6864	7982	3736	4940	5745	6998	7930	8956
0:15:35	30.0	3252	4147	4625	5746	6860	7876	3681	4965	5601	6813	7857	8893
0:15:40	30.1	3276	4175	4669	5696	6789	7900	3684	4956	5697	6857	7792	8873
0:15:45	30.1	3257	4118	4665	5692	6850	7978	3710	5114	5621	6767	7837	8836
0:15:50	30.1	3281	4097	4638	5651	6784	7872	3753	4985	5632	6878	7905	9002
0:15:55	30.0	3322	4095	4646	5693	6859	7888	3683	5000	5673	6743	7837	8887
0:16:00	30.1	3305	4161	4658	5758	6707	7923	3703	4997	5691	6707	7829	8840
0:16:05	30.1	3296	4172	4636	5766	6811	7811	3699	5006	5646	6808	7896	8958
0:16:10	30.1	3286	4171	4724	5722	6861	7938	3664	4996	5619	6757	7819	8842
0:16:15	30.0	3218	4166	4678	5734	6832	7840	3700	4972	5643	6754	7798	8781
0:16:20	30.1	3323	4110	4707	5688	6919	8034	3716	5003	5632	6732	7795	8909
0:16:25	30.1	3291	4173	4697	5718	6812	7914	3674	4930	5675	6725	7745	8836
0:16:30	30.1	3289	4160	4705	5653	6800	7949	3699	5029	5604	6788	7902	8874
0:16:35	30.1	3293	4227	4664	5677	6904	7838	3657	4891	5615	6781	7724	8971
0:16:40	30.0	3263	4091	4670	5667	6850	7942	3647	4987	5652	6783	7728	8828
0:16:45	30.1	3264	4195	4677	5607	6821	7925	3614	4912	5676	6708	7861	8772
0:16:50	30.1	3186	4160	4646	5667	6890	7882	3736	4982	5677	6755	7841	8872
0:16:55	30.1	3280	4171	4650	5699	6875	7823	3637	4977	5582	6783	7675	8835
0:17:00	30.1	3293	4143	4704	5773	6915	7860	3646	4956	5531	6773	7739	8832
0:17:05	30.1	3307	4114	4619	5696	6804	7847	3719	4989	5599	6826	7754	8954
0:17:10	30.1	3237	4117	4668	5650	6885	7935	3715	4817	5525	6777	7725	8803
0:17:15	30.1	3298	4117	4654	5701	6873	7906	3664	4934	5565	6618	7712	8790
0:17:20	30.1	3302	4142	4696	5810	6849	7991	3601	4951	5515	6679	7701	8904
0:17:25	30.1	3266	4117	4655	5681	6908	7830	3708	4909	5544	6770	7837	8763
0:17:30	30.0	3256	4122	4651	5751	6894	7880	3653	4859	5540	6749	7814	8800
0:17:35	30.1	3281	4202	4756	5767	6804	7943	3630	4925	5596	6778	7752	8894
0:17:40	30.1	3304	4144	4678	5781	6839	7986	3652	4895	5544	6604	7820	8745
0:17:45	30.1	3214	4142	4675	5682	6874	7991	3641	5002	5545	6717	7703	8809
0:17:50	30.0	3173	4133	4694	5724	6859	7864	3601	4943	5517	6712	7786	8704
0:17:55	30.1	3263	4175	4674	5742	6746	7886	3663	4875	5533	6677	7661	8807
0:18:00	30.1	3228	4157	4698	5659	6949	7918	3643	4921	5556	6675	7793	8732
0:18:05	30.1	3288	4150	4629	5775	6801	7992	3691	4858	5425	6676	7712	8831
0:18:10	30.1	3235	4144	4653	5755	6817	7892	3622	4864	5509	6776	7636	8779
0:18:15	30.1	3238	4178	4638	5790	6862	7926	3581	4945	5524	6713	7692	8724
0:18:20	30.0	3286	4112	4634	5717	6937	7939	3566	4914	5566	6557	7784	8682
0:18:25	30.1	3231	4162	4704	5764	6907	7901	3568	4903	5515	6746	7618	8721
0:18:30	30.1	3264	4179	4671	5634	6920	7889	3660	4853	5564	6663	7533	8780
0:18:35	30.0	3208	4120	4689	5737	6919	7929	3597	4883	5567	6656	7690	8747
0:18:40	30.1	3276	4169	4656	5752	6846	7903	3639	4899	5523	6634	7611	8693
0:18:45	30.1	3226	4144	4597	5727	6770	7957	3576	4881	5578	6609	7601	8766
0:18:50	30.1	3216	4187	4686	5804	6933	7903	3573	4918	5539	6603	7677	8751
0:18:55	30.1	3289	4178	4664	5719	6853	8001	3581	4894	5524	6713	7709	8782
0:19:00	30.1	3241	4134	4688	5665	6880	7927	3566	4858	5492	6605	7580	8654
0:19:05	30.0	3318	4081	4675	5753	6813	7810	3525	4829	5503	6575	7641	8686
0:19:10	30.1	3229	4192	4737	5741	6876	7886	3554	4880	5453	6676	7611	8675
0:19:15	30.1	3254	4196	4742	5765	6870	7926	3555	4748	5483	6655	7624	8688
0:19:20	30.0	3212	4108	4643	5737	6875	7877	3521	4904	5465	6567	7523	8637
0:19:25	30.0	3235	4149	4718	5751	6835	7900	3584	4905	5467	6592	7608	8717
0:19:30	30.1	3231	4117	4627	5742	6793	7903	3558	4842	5489	6652	7612	8679
0:19:35	30.1	3230	4151	4657	5720	6854	7875	3542	4911	5411	6534	7534	8622
0:19:40	30.1	3207	4137	4665	5732	6814	7975	3583	4811	5455	6593	7605	8648
0:19:45	30.1	3276	4105	4670	5677	6922	7960	3529	4908	5543	6576	7515	8682
0:19:50	30.0	3189	4162	4619	5632	6789	7881	3583	4863	5481	6582	7566	8611
0:19:55	30.1	3217	4150	4614	5694	6880	8003	3604	4830	5491	6647	7637	8620
0:20:00	30.1	3225	4170	4680	5691	6862	7914	3578	4903	5359	6580	7544	8497
0:20:05	30.1	3190	4119	4644	5708	6866	7868	3562	4853	5381	6506	7616	8696
0:20:10	30.0	3206	4178	4670	5633	6775	7946	3574	4862	5479	6540	7648	8577
0:20:15	30.1	3211	4115	4634	5794	6705	7886	3579	4764	5453	6589	7547	8613
0:20:20	30.1	3275	4111	4648	5685	6899	7930	3532	4836	5472	6507	7631	8551
0:20:25	30.1	3239	4154	4656	5747	6802	7815	3588	4810	5433	6553	7587	8525
0:20:30	30.1	3169	4114	4680	5718	6807	7938	3532	4895	5451	6538	7474	8632
0:20:35	30.0	3184	4122	4618	5600	6842	7847	3559	4853	5498	6485	7576	8505
0:20:40	30.1	3149	4149	4661	5754	6779	7860	3580	4736	5425	6529	7435	8683
0:20:45	30.1	3236	4139	4670	5664	6824	7824	3542	4847	5402	6470	7455	8521
0:20:50	30.1	3256	4104	4647	5653	6769	7887	3571	4794	5505	6580	7398	8662
0:20:55	30.1	3257	4191	4655	5653	6881	7877	3556	4807	5446	6481	7495	8473
0:21:00	30.0	3257	4206	4617	5700	6734	7894	3552	4781	5421	6484	7451	8440
0:21:05	30.1	3220	4095	4682	5702	6876	7932	3524	4800	5561	6467	7552	8595
0:21:10	30.1	3245	4139	4588	5732	6768	7901	3532	4847	5430	6549	7496	8563
0:21:15	30.1	3225	4108	4653	5670	6918	7833	3528	4842	5468	6531	7527	8567
0:21:20	30.1	3234	4109	4701	5698	6926	7843	3496	4810	5382	6536	7510	8576
0:21:25	30.1	3219	4146	4674	5733	6753	7863	3540	4781	5406	6432	7362	8426
0:21:30	30.1	3242	4110	4626	5638	6849	7841	3551	4780	5439	6477	7456	8517
0:21:35	30.1	3249	4084	4665	5665	6720	7761	3512	4734	5483	6471	7467	8516
0:21:40	30.1	3239	4067	4672	5715	6863	7900	3566	4787	5407	6510	7429	8489
0:21:45	30.0	3213	4136	4754	5667	6828	7801	3506	4755	5445	6419	7429	8540
0:21:50	30.1	3227	4080	4582	5714	6830	7831	3527	4831	5473	6327	7392	8509
0:21:55	30.1	3245	4123	4670	5675	6736	7822	3513	4786	5436	6446	7329	8509
0:22:00	30.1	3222	4119	4619	5735	6841	7808	3568	4759	5389	6498	7512	8421
0:22:05	30.0	3258	4077	4594	5669	6852	7841	3512	4721	5445	6469	7373	8532
0:22:10	30.1	3229	4175	4608	5817	6804	7844	3518	4712	5410	6492	7358	8476
0:22:15	30.1	3221	4162	4653	5665	6794	7769	3508	4750	5393	6437	7379	8519
0:22:20	30.1	3242	4126	4736	5780	6837	7881	3534	4771	5356	6415	7429	8404
0:22:25	30.1	3225	4138	4631	5673	6785	7769	3510	4801	5369	6440	7318	8522
0:22:30	30.1	3187	4169	4572	5677	6773	7937	3558	4788	5392	6492	7395	8433
0:22:35	30.0	3154	4056	4705	5657	6809	7781	3578	4700	5460	6432	7453	8490
0:22:40	30.1	3188	4061	4652	5620	6776	7865	3492	4767	5362	6398	7357	8400
0:22:45	30.1	3229	4143	4643	5659	6687	7852	3517	4753	5369	6444	7328	8367
0:22:50	30.1	3256	4144	4641	5751	6790	7797	3568	4779	5367	6391	7356	8402
0:22:55	30.1	3213	4157	4676	5659	6796	7804	3517	4833	5402	6350	7387	8452
0:23:00	30.1	3226	4146	4670	5733	6864	7890	3475	4700	5363	6435	7401	8354
0:23:05	30.1	3224	4123	4627	5672	6759	7772	3512	4710	5363	6422	7329	8441
0:23:10	30.1	3169	4040	4643	5656	6828	7851	3548	4725	5366	6377	7350	8314
0:23:15	30.1	3274	4063	4643	5647	6887	7751	3511	4834	5359	6338	7281	8283
0:23:20	30.0	3239	4099	4669	5598	6896	7789	3449	4700	5427	6383	7304	8422
0:23:25	30.1	3246	4132	4635	5674	6804	7939	3454	4744	5450	6347	7205	8354
0:23:30	30.1	3191	4148	4644	5677	6806	7978	3473	4696	5419	6364	7363	8388
0:23:35	30.1	3235	4029	4654	5696	6729	7924	3535	4775	5368	6387	7377	8399
0:23:40	30.0	3176	4110	4645	5719	6785	7746	3451	4791	5428	6286	7328	8331
0:23:45	30.1	3180	4085	4656	5656	6720	7877	3547	4739	5435	6363	7252	8278
0:23:50	30.1	3237	4105	4703	5636	6746	7828	3486	4749	5433	6367	7222	8437
0:23:55	30.1	3182	4105	4640	5708	6780	7832	3505	4729	5392	6344	7283	8228
0:24:00	30.1	3212	4071	4603	5659	6790	7857	3491	4790	5292	6235	7269	8363
0:24:05	30.0	3236	4091	4664	5665	6853	7835	3408	4810	5389	6307	7240	8334
0:24:10	30.1	3222	4056	4695	5691	6895	7894	3488	4730	5382	6309	7232	8347
0:24:15	30.1	3234	4080	4575	5862	6790	7894	3540	4696	5419	6317	7309	8212
0:24:20	30.1	3224	4124	4634	5609	6734	7844	3497	4730	5321	6252	7306	8263
0:24:25	30.0	3198	4060	4592	5730	6766	7778	3540	4704	5412	6293	7286	8291
0:24:30	30.1	3171	4103	4583	5773	6790	7867	3516	4714	5363	6377	7324	8271
0:24:35	30.1	3217	4073	4630	5765	6785	7814	3500	4745	5434	6306	7268	8374
0:24:40	30.1	3219	4170	4680	5641	6839	7837	3467	4772	5298	6342	7391	8321
0:24:45	30.1	3195	4109	4663	5735	6690	7778	3526	4778	5290	6402	7333	8333
0:24:50	30.1	3162	4057	4689	5727	6779	7806	3472	4758	5343	6378	7237	8325
0:24:55	30.0	3195	4115	4669	5609	6722	7941	3426	4729	5272	6221	7266	8349
0:25:00	30.1	3234	4095	4543	5643	6674	7842	3491	4672	5370	6248	7196	8258
0:25:05	30.1	3188	4107	4637	5617	6730	7874	3440	4865	5347	6268	7168	8232
0:25:10	30.0	3170	4068	4560	5706	6730	7905	3523	4724	5327	6254	7205	8228
0:25:15	30.1	3186	4118	4647	5612	6701	7794	3527	4761	5305	6283	7190	8350
0:25:20	30.1	3216	4132	4605	5695	6746	7771	3503	4689	5335	6249	7217	8358
0:25:25	30.1	3270	4078	4581	5628	6769	7868	3446	4711	5289	6261	7177	8284
0:25:30	30.1	3254	4111	4632	5725	6827	7882	3491	4717	5263	6207	7178	8408
0:25:35	30.1	3141	4153	4633	5617	6756	7784	3500	4685	5372	6300	7163	8223
0:25:40	30.0	3214	4121	4743	5702	6714	7855	3501	4666	5264	6250	7294	8340
0:25:45	30.1	3141	4111	4615	5639	6770	7822	3451	4726	5206	6226	7196	8268
0:25:50	30.1	3230	4084	4672	5691	6767	7742	3521	4739	5291	6299	7178	8220
0:25:55	30.0	3199	4054	4583	5612	6832	7812	3476	4712	5209	6288	7265	8399
0:26:00	30.1	3207	4092	4612	5522	6799	7836	3489	4748	5252	6258	7288	8119
0:26:05	30.1	3201	4079	4628	5587	6779	7909	3464	4625	5262	6286	7197	8173
0:26:10	30.1	3183	4124	4675	5611	6812	7815	3442	4775	5240	6187	7123	8173
0:26:15	30.1	3243	4100	4528	5769	6829	7769	3504	4704	5291	6246	7150	8212
0:26:20	30.1	3125	4047	4655	5574	6786	7790	3441	4690	5309	6223	7170	8198
0:26:25	30.0	3227	4083	4562	5734	6734	7839	3486	4650	5295	6263	7168	8164
0:26:30	30.1	3213	4081	4666	5686	6815	7889	3442	4663	5300	6171	7179	8194
0:26:35	30.1	3235	4081	4592	5592	6782	7858	3434	4611	5208	6184	7092	8155
0:26:40	30.1	3186	4085	4676	5719	6783	7846	3428	4629	5350	6253	7227	8056
0:26:45	30.1	3202	4102	4693	5641	6757	7854	3457	4621	5240	6190	7141	8228
0:26:50	30.1	3195	4054	4610	5741	6777	7803	3459	4695	5281	6208	7161	8338
0:26:55	30.1	3263	4063	4626	5551	6718	7816	3485	4660	5295	6232	7180	8251
0:27:00	30.1	3199	4098	4619	5637	6896	7865	3446	4644	5249	6198	7164	8171
0:27:05	30.1	3184	4173	4542	5647	6680	7831	3442	4651	5177	6219	7153	8180
0:27:10	30.0	3255	4135	4633	5654	6801	7798	3390	4627	5206	6064	7164	8241
0:27:15	30.1	3200	4034	4650	5710	6729	7802	3414	4637	5180	6199	7165	8172
0:27:20	30.1	3238	4065	4629	5686	6809	7795	3430	4648	5177	6189	7121	8303
0:27:25	30.0	3196	4120	4539	5650	6789	7850	3489	4645	5207	6169	7220	8192
0:27:30	30.1	3179	4099	4682	5587	6821	7860	3419	4693	5306	6138	7107	8214
0:27:35	30.1	3227	4117	4603	5654	6705	7820	3449	4622	5242	6134	7173	8165
0:27:40	30.1	3204	4109	4564	5593	6767	7876	3441	4605	5188	6098	7141	8160
0:27:45	30.1	3256	4139	4623	5676	6795	7889	3377	4709	5247	6199	7127	8067
0:27:50	30.1	3190	4168	4608	5726	6801	7875	3435	4661	5275	6133	7108	8064
0:27:55	30.0	3196	4090	4656	5598	6702	7916	3467	4672	5205	6163	7073	8093
0:28:00	30.1	3192	4093	4571	5654	6710	7861	3408	4696	5230	6189	7122	8135
0:28:05	30.1	3173	4061	4638	5654	6852	7880	3428	4559	5225	6105	7079	8105
0:28:10	30.1	3218	4021	4582	5684	6757	7738	3443	4605	5264	6210	7088	8246
0:28:15	30.0	3250	4129	4564	5630	6782	7856	3433	4662	5242	6128	7048	8101
0:28:20	30.1	3215	4065	4592	5698	6758	7822	3432	4665	5185	6099	6984	8191
0:28:25	30.1	3238	4056	4634	5592	6768	7615	3423	4616	5195	6181	7116	8052
0:28:30	30.1	3275	4089	4653	5655	6703	7707	3372	4665	5217	6190	7163	8174
0:28:35	30.1	3213	4115	4590	5687	6746	7895	3410	4606	5205	6177	7067	8179
0:28:40	30.0	3208	4143	4645	5743	6762	7852	3417	4669	5230	6112	7015	8087
0:28:45	30.1	3204	4111	4601	5586	6730	7795	3354	4682	5180	6128	7080	8103
0:28:50	30.1	3226	4162	4624	5610	6664	7776	3377	4625	5220	6141	7111	8089
0:28:55	30.1	3159	4052	4610	5639	6683	7884	3447	4598	5227	6154	7016	8037
0:29:00	30.1	3226	4114	4555	5590	6771	7761	3355	4637	5164	6215	7024	7950
0:29:05	30.0	3138	4073	4577	5596	6675	7717	3437	4616	5211	6210	7075	8186
0:29:10	30.1	3175	4199	4652	5692	6739	7912	3400	4625	5196	6165	7094	8100
0:29:15	30.1	3252	4136	4621	5691	6770	7785	3464	4693	5209	6089	7106	8095
0:29:20	30.1	3169	4151	4553	5672	6656	7755	3434	4585	5113	6139	7021	8075
0:29:25	30.1	3194	4013	4631	5728	6832	7829	3381	4580	5094	6040	7047	8000
0:29:30	30.0	3276	4046	4565	5701	6727	7806	3371	4560	5188	6088	7020	8069
0:29:35	30.1	3155	4053	4620	5632	6730	7791	3383	4591	5148	6227	7009	8042
0:29:40	30.1	3241	4119	4619	5655	6859	7805	3339	4569	5175	6219	7035	7999
0:29:45	30.1	3275	4045	4668	5686	6815	7811	3356	4562	5225	6138	7002	8028
0:29:50	30.1	3221	4090	4551	5711	6775	7735	3373	4627	5218	6047	7045	7961
0:29:55	30.0	3171	4109	4668	5697	6766	7771	3366	4577	5170	6078	7033	8067
0:30:00	30.1	3199	4053	4568	5652	6824	7857	3390	4578	5106	6046	6949	8041
0:30:05	30.1	3216	4078	4620	5590	6684	7826	3437	4629	5135	6133	6980	8008
0:30:10	30.1	3212	4084	4601	5600	6753	7854	3336	4601	5109	6065	6993	7995
0:30:15	30.0	3212	4058	4639	5684	6771	7826	3360	4621	5081	6059	7036	7921
0:30:20	30.1	3175	4076	4602	5626	6726	7780	3363	4573	5152	6065	7048	8012
0:30:25	30.1	3194	4086	4662	5606	6738	7802	3391	4660	5173	5980	7027	8169
0:30:30	30.1	3235	4116	4667	5724	6776	7780	3364	4601	5184	5995	6920	8027
0:30:35	30.1	3181	4040	4501	5686	6777	7703	3326	4622	5131	6170	6956	7960
0:30:40	30.0	3229	4015	4668	5649	6750	7823	3387	4499	5113	6026	7024	7886
0:30:45	30.1	3210	4069	4590	5577	6749	7765	3393	4641	5153	6043	6991	7986
0:30:50	30.1	3249	4097	4589	5715	6750	7775	3376	4595	5212	6073	6903	8000
0:30:55	30.1	3196	4032	4620	5700	6751	7824	3402	4599	5150	6111	6963	8015
0:31:00	30.1	3230	4078	4499	5670	6661	7739	3387	4539	5158	6106	7010	8044
0:31:05	30.1	3179	4064	4620	5673	6776	7798	3402	4555	5179	6060	6988	7996
0:31:10	30.1	3198	4063	4613	5662	6750	7810	3369	4576	5101	6021	6999	8020
0:31:15	30.1	3207	4025	4586	5654	6797	7890	3314	4571	5022	6066	6937	7947
0:31:20	30.1	3196	4031	4617	5677	6641	7741	3348	4556	5092	6104	7038	7944
0:31:25	30.0	3107	4047	4579	5578	6730	7775	3291	4540	5102	6077	6956	7881
0:31:30	30.1	3251	4057	4591	5626	6661	7727	3367	4568	5105	6043	6994	7919
0:31:35	30.1	3178	4070	4548	5635	6703	7848	3342	4588	5135	6047	7056	7992
0:31:40	30.1	3182	4123	4640	5652	6705	7819	3382	4516	5026	6136	7104	8033
0:31:45	30.0	3185	4068	4577	5578	6707	7757	3391	4566	5039	6061	6868	7933
0:31:50	30.1	3157	4111	4634	5660	6757	7768	3330	4545	5144	6100	6926	7888
0:31:55	30.1	3179	4009	4579	5678	6746	7781	3355	4549	5104	6121	7016	8034
0:32:00	30.1	3167	4033	4602	5595	6826	7841	3394	4535	5117	6080	7033	7964
0:32:05	30.1	3178	4099	4625	5614	6829	7726	3345	4534	5071	6045	6992	7915
0:32:10	30.0	3204	4077	4642	5588	6750	7767	3325	4551	5144	6052	7016	7912
0:32:15	30.1	3153	4081	4647	5653	6801	7780	3302	4548	5128	6123	6888	7890
0:32:20	30.1	3137	4042	4607	5587	6705	7740	3376	4574	5168	5998	6929	7896
0:32:25	30.1	3225	4096	4653	5623	6718	7780	3378	4490	5131	5937	7048	7847
0:32:30	30.0	3239	4065	4529	5601	6731	7756	3299	4539	5100	6046	6902	7921
0:32:35	30.1	3171	4013	4640	5613	6739	7775	3328	4499	5074	5994	6883	7895
0:32:40	30.1	3170	4112	4648	5655	6739	7714	3391	4482	5065	5939	7001	7951
0:32:45	30.1	3179	4106	4615	5562	6709	7821	3302	4526	5097	5947	6866	7815
0:32:50	30.1	3201	4047	4650	5608	6680	7707	3351	4551	5064	5942	6976	7866
0:32:55	30.0	3209	4113	4615	5612	6805	7709	3358	4453	5127	5986	6910	7951
0:33:00	30.1	3173	4081	4582	5672	6749	7742	3267	4455	5129	5985	6948	7812
0:33:05	30.1	3167	4084	4628	5651	6747	7788	3284	4542	5019	6010	6869	7915
0:33:10	30.1	3215	4024	4595	5678	6854	7797	3309	4516	5069	5960	6875	7938
0:33:15	30.1	3134	4091	4593	5544	6691	7759	3300	4520	5063	6029	6970	7905
0:33:20	30.0	3216	4033	4606	5670	6689	7730	3283	4493	5089	5953	6815	7918
0:33:25	30.1	3194	4093	4669	5626	6695	7764	3329	4460	5051	5984	6856	7873
0:33:30	30.1	3167	4062	4623	5626	6732	7821	3330	4524	5075	6009	6871	7869
0:33:35	30.1	3192	4088	4595	5590	6717	7761	3359	4532	5084	5943	6924	7922
0:33:40	30.0	3195	4029	4581	5639	6704	7732	3359	4533	5075	5983	6948	7895
0:33:45	30.1	3130	4025	4603	5644	6705	7803	3333	4519	5085	5953	6961	7904
0:33:50	30.1	3230	4085	4629	5758	6752	7793	3329	4507	5065	6038	6846	7961
0:33:55	30.1	3249	4041	4609	5573	6776	7732	3366	4447	5063	5915	6923	7876
0:34:00	30.1	3217	4080	4513	5661	6704	7793	3348	4428	5005	5963	6849	7869
0:34:05	30.1	3139	4074	4604	5625	6719	7727	3337	4541	5124	5924	6833	7953
0:34:10	30.0	3205	4124	4598	5616	6684	7879	3248	4507	5031	5882	6878	7839
0:34:15	30.1	3171	4079	4598	5653	6727	7592	3312	4500	5124	6042	6851	7821
0:34:20	30.1	3178	4043	4628	5658	6729	7976	3267	4514	5002	5937	6932	7871
0:34:25	30.1	3199	4087	4511	5625	6736	7737	3319	4530	5010	5972	6851	7801
0:34:30	30.0	3155	4115	4714	5639	6697	7759	3321	4447	5060	5938	6915	7860
0:34:35	30.1	3157	4018	4635	5618	6764	7881	3292	4511	5060	5995	6932	7847
0:34:40	30.1	3151	4059	4573	5675	6641	7703	3349	4478	5068	5932	6806	7749
0:34:45	30.1	3122	4074	4583	5567	6855	7703	3259	4511	5085	5898	6944	7781
0:34:50	30.1	3165	4041	4610	5494	6638	7714	3331	4508	4942	5895	6865	7834
0:34:55	30.1	3195	4074	4565	5706	6772	7749	3331	4452	5010	5977	6864	7889
0:35:00	30.1	3243	4044	4535	5552	6695	7785	3337	4480	5082	5973	6882	7876
0:35:05	30.1	3203	4051	4571	5645	6698	7635	3240	4421	5052	5957	6754	7832
0:35:10	30.1	3168	4072	4590	5618	6669	7775	3318	4462	4971	5921	6893	7913
0:35:15	30.1	3151	4085	4679	5640	6732	7781	3210	4487	5050	5979	6888	7880
0:35:20	30.0	3168	4046	4554	5583	6724	7734	3302	4431	4946	5991	6963	7862
0:35:25	30.1	3222	4071	4653	5690	6628	7784	3266	4432	5013	5965	6850	7935
0:35:30	30.1	3163	4063	4587	5533	6754	7716	3311	4492	4975	5993	6902	7795
0:35:35	30.1	3137	4100	4583	5549	6791	7860	3309	4446	4956	5853	6932	7839
0:35:40	30.1	3144	4058	4626	5556	6713	7810	3313	4450	4956	5988	6863	7841
0:35:45	30.1	3186	4084	4591	5638	6707	7799	3284	4462	5004	5931	6788	7689
0:35:50	30.1	3150	4063	4569	5646	6674	7640	3266	4565	4971	5850	6828	7779
0:35:55	30.1	3111	4056	4541	5670	6673	7810	3373	4431	5021	5896	6868	7805
0:36:00	30.1	3220	4023	4647	5634	6661	7730	3246	4438	5026	5857	6868	7791
0:36:05	30.0	3235	4132	4567	5603	6696	7682	3282	4511	4984	5981	6835	7737
0:36:10	30.0	3216	4078	4522	5626	6753	7723	3265	4478	5078	5881	6807	7770
0:36:15	30.1	3217	4037	4574	5584	6595	7738	3290	4479	4952	5902	6806	7796
0:36:20	30.1	3176	4035	4615	5608	6724	7758	3257	4424	4970	5854	6886	7689
0:36:25	30.1	3153	4024	4581	5538	6700	7805	3309	4423	4975	5841	6748	7887
0:36:30	30.0	3166	4021	4647	5604	6743	7871	3344	4429	5011	5889	6870	7762
0:36:35	30.1	3185	4020	4510	5616	6649	7623	3249	4441	4955	5905	6786	7792
0:36:40	30.1	3177	4065	4565	5604	6734	7736	3259	4422	4936	5836	6814	7890
0:36:45	30.1	3144	4097	4541	5621	6654	7686	3289	4412	5021	5889	6759	7750
0:36:50	30.1	3176	4076	4530	5562	6716	7698	3267	4386	4910	5780	6873	7853
0:36:55	30.1	3146	4041	4573	5537	6789	7674	3185	4469	5006	5969	6827	7738
0:37:00	30.1	3139	4006	4568	5680	6695	7712	3284	4488	4912	5967	6847	7784
0:37:05	30.1	3163	4027	4567	5588	6685	7752	3259	4388	5002	5890	6746	7804
0:37:10	30.1	3150	4084	4550	5603	6712	7722	3279	4456	4950	5930	6821	7671
0:37:15	30.1	3161	4022	4540	5623	6717	7735	3281	4455	4930	5887	6847	7810
0:37:20	30.1	3167	4042	4551	5555	6814	7680	3334	4395	5009	5864	6764	7718
0:37:25	30.1	3179	4068	4585	5544	6692	7884	3210	4365	4899	5988	6713	7725
0:37:30	30.1	3125	3999	4575	5552	6734	7777	3282	4423	4971	5827	6731	7774
0:37:35	30.1	3174	4047	4598	5594	6749	7900	3300	4436	4885	5873	6731	7805
0:37:40	30.1	3226	4016	4593	5631	6773	7700	3197	4490	4919	5873	6802	7771
0:37:45	30.1	3179	4031	4528	5582	6662	7748	3253	4377	5050	5849	6739	7836
0:37:50	30.1	3152	4064	4600	5584	6643	7683	3294	4357	4930	5902	6710	7776
0:37:55	30.1	3200	4082	4583	5588	6681	7610	3261	4371	4946	5796	6837	7816
0:38:00	30.1	3124	4083	4594	5633	6642	7732	3287	4410	4981	5882	6764	7792
0:38:05	30.1	3140	4023	4598	5531	6706	7719	3270	4361	4922	5857	6761	7755
0:38:10	30.1	3152	4027	4507	5620	6662	7753	3204	4400	4959	5859	6816	7758
0:38:15	30.1	3174	4038	4537	5647	6697	7835	3262	4394	4954	5883	6748	7694
0:38:20	30.1	3190	4073	4541	5525	6713	7794	3250	4382	4904	5868	6802	7658
0:38:25	30.1	3215	4000	4579	5518	6726	7720	3176	4431	4929	5848	6759	7727
0:38:30	30.1	3102	4022	4581	5607	6688	7712	3270	4383	4908	5848	6870	7738
0:38:35	30.1	3144	4085	4578	5661	6624	7761	3205	4419	5024	5895	6700	7738
0:38:40	30.1	3243	3996	4585	5500	6687	7721	3222	4491	4908	5861	6733	7639
0:38:45	30.1	3160	4039	4604	5557	6686	7803	3274	4303	4981	5844	6798	7690
0:38:50	30.1	3180	4114	4515	5525	6691	7735	3214	4400	4945	5852	6733	7714
0:38:55	30.1	3143	4040	4525	5518	6654	7695	3290	4368	4930	5828	6673	7783
0:39:00	30.1	3165	4044	4538	5545	6612	7805	3246	4335	4869	5838	6717	7617
0:39:05	30.1	3158	4119	4559	5627	6713	7733	3196	4422	4951	5868	6832	7769
0:39:10	30.1	3116	4081	4536	5574	6612	7707	3235	4424	4983	5945	6827	7668
0:39:15	30.1	3154	4061	4629	5490	6731	7724	3230	4351	5000	5797	6719	7700
0:39:20	30.1	3138	4054	4551	5588	6656	7678	3176	4396	4956	5785	6671	7742
0:39:25	30.1	3131	4078	4596	5577	6580	7667	3203	4389	4939	5886	6703	7608
0:39:30	30.1	3125	4024	4578	5613	6744	7762	3212	4376	4910	5717	6726	7676
0:39:35	30.1	3133	4032	4614	5605	6661	7699	3263	4350	4945	5839	6697	7705
0:39:40	30.1	3171	4053	4571	5544	6774	7660	3200	4441	4897	5842	6708	7682
0:39:45	30.1	3201	4094	4580	5664	6636	7696	3197	4399	4915	5783	6736	7757
0:39:50	30.1	3179	4067	4570	5585	6741	7731	3223	4404	4896	5766	6657	7640
0:39:55	30.1	3120	4120	4515	5638	6670	7658	3249	4356	4895	5905	6738	7730
0:40:00	30.1	3160	4043	4534	5525	6709	7768	3156	4384	4883	5799	6681	7655
0:40:05	30.1	3127	4036	4477	5614	6702	7743	3257	4296	4874	5859	6734	7677
0:40:10	30.1	3190	4039	4551	5589	6622	7745	3242	4361	4984	5798	6654	7705
0:40:15	30.1	3163	4001	4527	5588	6652	7740	3255	4339	4914	5756	6735	7523
0:40:20	30.1	3135	4028	4588	5564	6751	7852	3192	4346	4928	5790	6763	7717
0:40:25	30.1	3185	4015	4522	5620	6636	7651	3198	4332	4962	5834	6682	7556
0:40:30	30.1	3184	4062	4481	5553	6672	7696	3240	4306	4865	5839	6680	7634
0:40:35	30.1	3119	4075	4548	5541	6709	7702	3265	4379	4875	5752	6765	7621
0:40:40	30.1	3150	4060	4500	5533	6566	7744	3294	4374	4958	5825	6673	7610
0:40:45	30.1	3147	3987	4509	5531	6654	7699	3210	4383	4974	5772	6714	7634
0:40:50	30.1	3120	4072	4584	5520	6638	7623	3215	4337	4795	5809	6694	7632
0:40:55	30.1	3139	3998	4546	5565	6672	7788	3182	4370	4886	5785	6608	7518
0:41:00	30.1	3145	3982	4502	5628	6620	7636	3164	4368	4823	5765	6678	7543
0:41:05	30.1	3134	4024	4563	5572	6551	7659	3216	4327	4866	5813	6652	7626
0:41:10	30.1	3155	4040	4569	5573	6659	7852	3227	4360	4936	5797	6624	7527
0:41:15	30.1	3146	4051	4544	5603	6641	7743	3179	4351	4882	5801	6776	7515
0:41:20	30.1	3101	3995	4589	5585	6660	7651	3281	4310	4864	5832	6702	7600
0:41:25	30.1	3120	4030	4533	5555	6706	7647	3215	4373	4835	5794	6602	7632
0:41:30	30.1	3160	4020	4598	5577	6609	7694	3194	4378	4861	5750	6641	7677
0:41:35	30.1	3156	4065	4530	5556	6656	7661	3172	4370	4900	5785	6678	7580
0:41:40	30.1	3165	4000	4591	5639	6580	7689	3184	4322	4911	5837	6724	7542
0:41:45	30.1	3131	4084	4464	5467	6581	7777	3154	4354	4928	5753	6724	7612
0:41:50	30.1	3138	4039	4533	5582	6643	7580	3165	4329	4808	5874	6679	7621
0:41:55	30.1	3130	3965	4553	5567	6658	7687	3173	4340	4875	5797	6661	7603
0:42:00	30.1	3163	4022	4518	5524	6667	7665	3223	4366	4936	5773	6689	7667
0:42:05	30.1	3098	4027	4562	5533	6623	7646	3189	4280	4823	5732	6720	7534
0:42:10	30.1	3188	3983	4571	5652	6645	7655	3173	4273	4880	5760	6622	7540
0:42:15	30.1	3129	4080	4534	5520	6608	7657	3126	4341	4899	5731	6663	7540
0:42:20	30.1	3154	3997	4512	5570	6629	7655	3165	4361	4853	5733	6654	7550
0:42:25	30.1	3160	4020	4484	5616	6638	7630	3171	4332	4825	5812	6609	7552
0:42:30	30.1	3180	3994	4529	5557	6633	7716	3200	4322	4833	5758	6618	7492
0:42:35	30.1	3148	3998	4593	5543	6687	7687	3233	4341	4899	5795	6601	7517
0:42:40	30.1	3147	4058	4573	5479	6644	7607	3119	4241	4852	5719	6582	7499
0:42:45	30.1	3136	4039	4495	5563	6675	7654	3198	4323	4868	5719	6653	7480
0:42:50	30.1	3106	4006	4512	5617	6625	7667	3157	4331	4907	5780	6714	7572
0:42:55	30.1	3130	4047	4545	5677	6678	7604	3256	4302	4899	5750	6678	7495
0:43:00	30.1	3138	4036	4528	5570	6745	7735	3219	4349	4776	5693	6565	7500
0:43:05	30.1	3116	4024	4470	5523	6681	7586	3191	4319	4861	5662	6598	7647
0:43:10	30.1	3163	3993	4541	5458	6631	7646	3167	4276	4791	5769	6636	7508
0:43:15	30.1	3154	3976	4513	5610	6607	7674	3147	4382	4898	5729	6654	7665
0:43:20	30.1	3159	4005	4526	5551	6554	7571	3191	4297	4810	5740	6666	7582
0:43:25	30.1	3141	4018	4494	5546	6690	7692	3191	4247	4867	5725	6694	7614
0:43:30	30.1	3150	3953	4551	5469	6659	7643	3212	4388	4810	5704	6555	7501
0:43:35	30.1	3136	3994	4540	5517	6716	7671	3169	4319	4880	5711	6606	7538
0:43:40	30.1	3132	4019	4549	5577	6651	7770	3180	4334	4867	5685	6588	7571
0:43:45	30.1	3181	4031	4584	5568	6616	7710	3162	4337	4870	5741	6596	7553
0:43:50	30.1	3101	4017	4485	5454	6614	7584	3194	4382	4816	5685	6593	7557
0:43:55	30.1	3094	4028	4484	5601	6638	7649	3216	4307	4814	5722	6539	7524
0:44:00	30.1	3165	3966	4532	5537	6607	7613	3117	4362	4846	5666	6516	7552
0:44:05	30.1	3142	4009	4489	5570	6592	7655	3203	4300	4767	5636	6570	7533
0:44:10	30.1	3135	4002	4563	5482	6642	7762	3183	4308	4841	5691	6583	7475
0:44:15	30.1	3159	4034	4524	5448	6556	7644	3126	4263	4757	5705	6555	7603
0:44:20	30.1	3130	4038	4503	5534	6666	7576	3162	4275	4823	5725	6583	7527
0:44:25	30.1	3169	4005	4498	5512	6636	7640	3128	4332	4816	5707	6527	7572
0:44:30	30.1	3107	3952	4542	5486	6558	7636	3170	4220	4754	5686	6624	7558
0:44:35	30.1	3173	3976	4475	5483	6544	7698	3143	4238	4816	5667	6568	7585
0:44:40	30.1	3122	3946	4506	5479	6579	7586	3107	4261	4822	5757	6576	7469
0:44:45	30.1	3123	3989	4505	5438	6568	7629	3170	4324	4759	5735	6607	7499
0:44:50	30.1	3162	3986	4545	5522	6596	7685	3183	4230	4780	5696	6552	7501
0:44:55	30.1	3153	3977	4447	5600	6586	7588	3109	4358	4792	5718	6517	7410
0:45:00	30.1	3162	3994	4578	5584	6632	7637	3142	4255	4754	5657	6470	7373
0:45:05	30.1	3054	3988	4469	5521	6560	7679	3176	4292	4793	5698	6630	7426
0:45:10	30.1	3082	3992	4423	5586	6561	7646	3179	4239	4732	5675	6523	7437
0:45:15	30.1	3081	3994	4504	5532	6651	7563	3138	4277	4870	5676	6518	7498
0:45:20	30.1	3156	3972	4590	5502	6591	7588	3149	4216	4817	5723	6601	7476
0:45:25	30.1	3108	3982	4436	5576	6476	7557	3175	4261	4771	5714	6557	7443
0:45:30	30.1	3112	4028	4538	5436	6549	7600	3096	4257	4824	5684	6462	7402
0:45:35	30.1	3143	4019	4485	5356	6469	7689	3073	4290	4820	5597	6518	7463
0:45:40	30.1	3104	3968	4478	5525	6715	7698	3169	4311	4804	5660	6516	7462
0:45:45	30.1	3159	3938	4453	5468	6528	7564	3097	4193	4752	5621	6588	7451
0:45:50	30.1	3116	3951	4495	5561	6693	7652	3184	4236	4796	5711	6607	7415
0:45:55	30.1	3108	4028	4499	5527	6611	7563	3111	4245	4818	5604	6591	7449
0:46:00	30.1	3121	3977	4435	5470	6572	7599	3211	4257	4812	5676	6494	7378
0:46:05	30.1	3122	3982	4478	5528	6559	7543	3127	4250	4784	5630	6470	7394
0:46:10	30.1	3101	3988	4502	5454	6693	7604	3177	4185	4731	5546	6532	7460
0:46:15	30.1	3133	4034	4503	5471	6470	7622	3129	4240	4800	5674	6480	7419
0:46:20	30.1	3091	3961	4486	5520	6537	7544	3205	4361	4783	5596	6657	7450
0:46:25	30.1	3135	3989	4524	5474	6616	7695	3066	4219	4841	5691	6519	7511
0:46:30	30.1	3108	3919	4454	5487	6544	7600	3115	4296	4881	5677	6643	7431
0:46:35	30.1	3132	3952	4473	5508	6629	7578	3150	4255	4725	5652	6500	7371
0:46:40	30.1	3082	3926	4517	5445	6490	7544	3130	4262	4776	5575	6557	7377
0:46:45	30.1	3146	4011	4418	5498	6523	7535	3130	4287	4747	5682	6483	7479
0:46:50	30.1	3137	3894	4468	5428	6511	7550	3104	4218	4736	5698	6544	7441
0:46:55	30.1	3156	3987	4451	5447	6582	7600	3107	4245	4760	5641	6536	7436
0:47:00	30.1	3187	3930	4397	5455	6588	7599	3077	4278	4784	5637	6551	7316
0:47:05	30.1	3064	3964	4501	5496	6466	7575	3098	4225	4756	5622	6549	7379
0:47:10	30.1	3097	3988	4434	5362	6581	7514	3154	4203	4815	5689	6487	7508
0:47:15	30.1	3071	3985	4507	5508	6589	7497	3123	4336	4733	5667	6465	7411
0:47:20	30.1	3137	3972	4518	5483	6744	7708	3129	4247	4771	5574	6510	7412
0:47:25	30.1	3083	3880	4473	5548	6562	7522	3087	4262	4778	5705	6513	7511
0:47:30	30.1	3100	4023	4523	5443	6599	7508	3124	4285	4715	5637	6565	7426
0:47:35	30.1	3098	3875	4435	5472	6594	7643	3120	4237	4750	5692	6495	7435
0:47:40	30.1	3104	4025	4512	5484	6541	7597	3113	4252	4694	5640	6367	7361
0:47:45	30.1	3107	3911	4483	5483	6606	7677	3137	4187	4730	5582	6541	7370
0:47:50	30.1	3077	3954	4366	5463	6551	7609	3100	4233	4756	5551	6487	7432
0:47:55	30.1	3117	3965	4487	5486	6506	7608	3149	4250	4786	5586	6421	7406
0:48:00	30.1	3122	3913	4435	5449	6685	7508	3109	4208	4744	5648	6464	7400
0:48:05	30.1	3063	3968	4435	5445	6552	7508	3117	4179	4811	5638	6404	7317
0:48:10	30.1	3129	3897	4560	5468	6529	7595	3099	4198	4720	5621	6449	7423
0:48:15	30.1	3075	4026	4428	5445	6598	7517	3127	4273	4733	5600	6506	7381
0:48:20	30.1	3096	3954	4493	5449	6493	7514	3065	4240	4791	5660	6515	7447
0:48:25	30.1	3166	3940	4452	5466	6562	7557	3092	4201	4765	5641	6547	7318
0:48:30	30.1	3092	3949	4441	5477	6521	7555	3063	4193	4729	5534	6474	7332
0:48:35	30.1	3085	3923	4541	5469	6557	7712	3101	4209	4725	5668	6444	7449
0:48:40	30.1	3084	3957	4441	5556	6594	7528	3103	4263	4657	5576	6478	7345
0:48:45	30.1	3064	3951	4501	5489	6560	7591	3188	4193	4750	5668	6497	7433
0:48:50	30.1	3046	3916	4484	5510	6590	7390	3121	4212	4728	5607	6512	7309
0:48:55	30.1	3114	3882	4432	5408	6534	7503	3120	4120	4761	5622	6408	7392
0:49:00	30.1	3091	3897	4457	5402	6474	7535	3100	4163	4664	5592	6412	7370
0:49:05	30.1	3085	3884	4454	5404	6579	7623	3056	4162	4730	5606	6527	7429
0:49:10	30.1	3074	3943	4452	5441	6553	7536	3096	4283	4696	5647	6511	7269
0:49:15	30.1	3062	3976	4484	5513	6582	7540	3098	4166	4649	5620	6381	7289
0:49:20	30.1	3058	3935	4504	5524	6477	7540	3099	4256	4732	5557	6458	7410
0:49:25	30.1	3100	4002	4471	5475	6537	7480	3041	4192	4711	5642	6352	7439
0:49:30	30.1	3097	3999	4489	5519	6539	7509	3114	4136	4685	5574	6431	7264
0:49:35	30.1	3066	3889	4433	5455	6558	7588	3100	4208	4746	5630	6420	7301
0:49:40	30.1	3075	3939	4448	5456	6552	7534	3068	4243	4720	5545	6447	7330
0:49:45	30.1	3103	3925	4483	5553	6546	7494	3103	4190	4704	5553	6499	7308
0:49:50	30.1	3055	3977	4476	5455	6511	7494	3102	4207	4756	5553	6487	7344
0:49:55	30.1	3071	3985	4485	5429	6563	7551	3099	4189	4767	5575	6347	7324
0:50:00	30.1	3081	3928	4401	5423	6487	7545	3085	4176	4791	5657	6463	7364
0:50:05	30.1	3055	3992	4388	5415	6442	7521	3062	4152	4806	5609	6455	7328
0:50:10	30.1	3061	3936	4481	5467	6523	7551	3132	4157	4748	5635	6529	7312
0:50:15	30.1	3114	3962	4474	5476	6507	7491	3081	4094	4766	5545	6439	7343
0:50:20	30.1	3096	3879	4476	5454	6584	7482	3092	4102	4722	5638	6448	7331
0:50:25	30.1	3052	3960	4420	5440	6546	7477	3068	4202	4697	5579	6486	7352
0:50:30	30.1	3107	3841	4415	5351	6575	7609	3014	4150	4789	5524	6382	7360
0:50:35	30.1	3039	3917	4470	5537	6616	7612	3107	4120	4667	5591	6501	7318
0:50:40	30.1	3077	3962	4363	5419	6431	7516	3095	4196	4738	5577	6372	7358
0:50:45	30.1	3030	3884	4418	5421	6599	7579	3053	4189	4718	5585	6449	7234
0:50:50	30.1	3076	3904	4432	5436	6649	7667	3114	4167	4728	5562	6365	7284
0:50:55	30.1	3000	3943	4467	5444	6395	7478	3151	4182	4726	5575	6501	7365
0:51:00	30.1	3057	3906	4414	5439	6479	7558	3076	4184	4663	5543	6447	7382
0:51:05	30.1	3026	3974	4397	5416	6509	7500	3096	4175	4681	5569	6398	7383
0:51:10	30.1	3039	3931	4433	5489	6493	7622	3066	4139	4680	5597	6445	7398
0:51:15	30.1	3055	3909	4367	5479	6501	7534	3063	4148	4653	5610	6357	7313
0:51:20	30.1	3109	3932	4450	5457	6576	7490	3066	4174	4609	5553	6457	7243
0:51:25	30.1	3064	3975	4447	5442	6561	7543	3043	4205	4749	5594	6328	7320
0:51:30	30.1	3137	3908	4444	5406	6520	7516	3109	4146	4659	5540	6450	7357
0:51:35	30.1	3088	3923	4436	5389	6545	7491	3135	4168	4713	5545	6489	7356
0:51:40	30.1	3061	3890	4402	5440	6548	7639	3092	4168	4700	5517	6449	7314
0:51:45	30.1	3082	3894	4379	5388	6491	7452	3077	4158	4681	5542	6490	7367
0:51:50	30.1	3075	3998	4527	5425	6624	7524	3073	4125	4686	5498	6484	7349
0:51:55	30.1	3075	3950	4516	5389	6491	7501	3054	4181	4684	5498	6383	7327
0:52:00	30.1	3108	3943	4457	5441	6528	7570	3108	4260	4757	5514	6286	7316
0:52:05	30.1	3109	3979	4456	5457	6421	7606	3016	4208	4760	5561	6356	7342
0:52:10	30.1	3091	3867	4400	5365	6501	7558	3068	4222	4709	5565	6421	7359
0:52:15	30.1	3151	3950	4390	5457	6495	7580	3111	4176	4630	5622	6435	7357
0:52:20	30.1	3079	3887	4454	5392	6436	7532	3096	4148	4663	5669	6432	7261
0:52:25	30.1	3137	3921	4423	5392	6532	7425	3049	4187	4748	5568	6417	7195
0:52:30	30.1	3077	3956	4427	5435	6507	7425	3107	4163	4688	5475	6470	7226
0:52:35	30.1	3019	3906	4373	5498	6524	7507	3027	4167	4662	5554	6457	7272
0:52:40	30.1	3042	3935	4425	5430	6557	7459	3003	4151	4733	5612	6393	7242
0:52:45	30.1	3068	3901	4506	5428	6525	7581	3058	4158	4680	5579	6380	7305
0:52:50	30.1	3090	3922	4365	5464	6520	7533	3061	4231	4709	5639	6414	7211
0:52:55	30.1	3063	3851	4338	5360	6510	7540	3058	4196	4583	5548	6385	7275
0:53:00	30.1	3053	3891	4416	5415	6505	7575	3044	4204	4716	5601	6409	7223
0:53:05	30.1	3109	3872	4404	5447	6510	7478	3096	4168	4676	5537	6337	7252
0:53:10	30.1	3050	3922	4412	5399	6544	7582	3029	4197	4741	5571	6311	7309
0:53:15	30.1	3052	3932	4413	5409	6576	7504	3071	4198	4727	5568	6374	7199
0:53:20	30.1	3078	3920	4448	5474	6461	7480	3089	4158	4687	5475	6348	7319
0:53:25	30.1	3041	3915	4389	5541	6576	7457	3067	4104	4738	5489	6384	7269
0:53:30	30.1	3006	3915	4453	5339	6440	7537	3044	4236	4580	5529	6417	7261
0:53:35	30.1	3079	3892	4401	5379	6567	7528	3054	4128	4619	5554	6422	7316
0:53:40	30.1	3075	3933	4389	5411	6521	7536	3053	4094	4607	5518	6346	7256
0:53:45	30.1	3048	3977	4396	5438	6488	7493	3054	4218	4730	5520	6353	7223
0:53:50	30.1	3085	3885	4443	5426	6576	7519	3034	4121	4665	5491	6319	7291
0:53:55	30.1	3102	3945	4422	5376	6497	7438	2992	4133	4634	5598	6351	7221
0:54:00	30.1	3100	3943	4466	5488	6525	7552	3065	4184	4655	5493	6341	7085
0:54:05	30.1	3102	3951	4421	5447	6518	7459	3112	4168	4612	5554	6387	7238
0:54:10	30.1	3178	3945	4467	5431	6494	7454	3127	4146	4699	5504	6376	7188
0:54:15	30.1	2994	3907	4467	5409	6464	7464	3037	4174	4596	5509	6357	7196
0:54:20	30.1	3076	3927	4430	5393	6533	7560	3006	4199	4633	5484	6352	7217
0:54:25	30.1	3081	3892	4485	5506	6525	7531	3054	4097	4696	5513	6476	7218
0:54:30	30.1	3096	3910	4419	5361	6432	7547	3057	4168	4565	5556	6429	7238
0:54:35	30.1	3087	3930	4366	5410	6487	7389	3071	4165	4679	5478	6386	7243
0:54:40	30.1	3062	3900	4414	5393	6529	7558	3125	4140	4601	5522	6372	7161
0:54:45	30.1	3053	3869	4445	5308	6468	7452	3052	4086	4608	5535	6455	7259
0:54:50	30.1	2988	3898	4462	5425	6522	7564	3038	4130	4659	5595	6294	7224
0:54:55	30.1	3102	3910	4423	5432	6407	7520	3067	4155	4752	5571	6358	7277
0:55:00	30.1	3055	3845	4446	5387	6498	7410	2997	4065	4654	5450	6413	7238
0:55:05	30.1	3091	3890	4409	5348	6442	7522	3051	4119	4622	5476	6345	7286
0:55:10	30.1	3042	3922	4455	5385	6528	7575	3034	4121	4704	5551	6360	7163
0:55:15	30.1	3040	3917	4456	5369	6553	7402	3048	4163	4661	5509	6332	7247
0:55:20	30.1	3125	3956	4418	5359	6397	7521	3066	4139	4628	5480	6334	7201
0:55:25	30.1	3047	3902	4403	5414	6429	7524	3077	4136	4638	5518	6318	7293
0:55:30	30.1	3048	3978	4432	5550	6510	7593	3099	4178	4654	5527	6431	7210
0:55:35	30.1	3036	3897	4378	5407	6475	7506	3071	4132	4645	5474	6274	7144
0:55:40	30.1	3049	3858	4396	5391	6533	7494	3028	4146	4684	5553	6332	7236
0:55:45	30.1	3023	3879	4451	5480	6543	7341	3017	4107	4560	5545	6321	7206
0:55:50	30.1	3072	3910	4494	5388	6475	7461	3089	4148	4606	5455	6332	7122
0:55:55	30.1	3048	3887	4371	5422	6526	7503	3007	4189	4634	5419	6274	7328
0:56:00	30.1	3089	3868	4475	5448	6418	7532	3098	4114	4642	5504	6309	7248
0:56:05	30.1	3083	3917	4465	5432	6539	7426	3033	4096	4612	5537	6357	7205
0:56:10	30.1	3089	3859	4423	5377	6473	7535	2998	4051	4608	5460	6375	7216
0:56:15	30.1	3133	3977	4454	5370	6376	7488	3075	4176	4639	5415	6365	7269
0:56:20	30.1	3059	3954	4432	5374	6408	7442	2996	4164	4608	5438	6347	7233
0:56:25	30.1	3029	3912	4379	5413	6447	7417	3038	4071	4679	5520	6304	7196
0:56:30	30.1	3046	3952	4427	5427	6388	7531	2997	4143	4652	5527	6299	7404
0:56:35	30.1	3006	3895	4369	5416	6469	7585	3056	4148	4631	5466	6340	7150
0:56:40	30.1	3074	3933	4398	5309	6519	7440	3019	4133	4607	5467	6345	7268
0:56:45	30.1	3023	3883	4402	5372	6469	7521	3111	4147	4645	5497	6291	7154
0:56:50	30.1	3098	3897	4341	5428	6448	7435	3005	4101	4632	5470	6295	7214
0:56:55	30.1	3067	3900	4448	5426	6431	7506	3033	4135	4608	5446	6319	7222
0:57:00	30.1	3033	3894	4370	5402	6533	7356	3060	4171	4686	5596	6331	7173
0:57:05	30.1	3064	3900	4398	5422	6462	7491	2987	4146	4691	5464	6309	7223
0:57:10	30.1	2998	3905	4393	5452	6365	7449	3039	4014	4615	5561	6300	7232
0:57:15	30.1	3051	3822	4394	5430	6521	7549	3026	4126	4567	5471	6246	7198
0:57:20	30.1	3069	3879	4392	5434	6434	7501	3034	4122	4617	5536	6329	7138
0:57:25	30.1	2982	3858	4442	5397	6504	7517	3039	4150	4618	5496	6323	7330
0:57:30	30.1	3043	3817	4412	5409	6540	7435	2964	4096	4684	5427	6280	7219
0:57:35	30.1	3036	3852	4302	5395	6456	7435	3047	4087	4636	5480	6324	7331
0:57:40	30.1	3035	3892	4419	5446	6444	7529	3073	4078	4678	5524	6306	7220
0:57:45	30.1	3064	3859	4356	5357	6575	7508	3052	4152	4631	5481	6251	7219
0:57:50	30.1	3030	3890	4437	5497	6439	7385	3027	4066	4634	5427	6283	7201
0:57:55	30.1	3050	3835	4442	5381	6488	7342	3053	4145	4621	5455	6356	7210
0:58:00	30.1	2990	3892	4399	5414	6498	7512	3082	4113	4601	5542	6308	7264
0:58:05	30.1	3067	3858	4452	5342	6509	7447	3032	4089	4665	5465	6322	7207
0:58:10	30.1	3059	3891	4398	5413	6374	7440	3018	4098	4663	5582	6349	7208
0:58:15	30.1	3018	3899	4409	5367	6406	7403	3080	4133	4648	5408	6227	7146
0:58:20	30.1	3057	3844	4411	5425	6453	7616	3016	4105	4664	5484	6291	7201
0:58:25	30.1	3049	3903	4379	5427	6428	7443	3007	4085	4659	5525	6340	7183
0:58:30	30.1	3013	3937	4430	5356	6313	7390	3045	4047	4625	5444	6330	7161
0:58:35	30.1	3106	3914	4358	5351	6424	7488	2982	4122	4592	5484	6269	7114
0:58:40	30.1	3042	3891	4386	5426	6480	7448	3025	4189	4571	5476	6307	7194
0:58:45	30.1	3102	3864	4370	5363	6423	7431	3005	4134	4595	5451	6284	7125
0:58:50	30.1	2998	3837	4402	5340	6401	7451	2985	4027	4634	5458	6336	7070
0:58:55	30.1	3033	3938	4331	5353	6527	7468	2999	4117	4634	5468	6301	7114
0:59:00	30.1	3034	3917	4360	5393	6482	7427	3041	4116	4534	5516	6252	7195
0:59:05	30.1	3072	3923	4321	5344	6426	7442	2996	4139	4641	5462	6382	7079
0:59:10	30.1	2998	3917	4374	5439	6420	7413	2987	4178	4599	5414	6312	7155
0:59:15	30.1	3026	3858	4361	5381	6447	7428	3043	4126	4635	5516	6285	7339
0:59:20	30.1	3003	3834	4414	5352	6404	7412	3072	4056	4657	5473	6345	7192
0:59:25	30.1	2991	3866	4456	5377	6411	7502	3015	4111	4625	5514	6354	7060
0:59:30	30.1	3020	3920	4470	5368	6488	7395	3091	4033	4629	5451	6306	7224
0:59:35	30.1	3060	3944	4405	5400	6380	7446	3087	4125	4631	5422	6275	7214
0:59:40	30.1	3018	3886	4362	5381	6380	7548	3051	4160	4550	5485	6204	7091
0:59:45	30.1	3044	3850	4398	5323	6455	7449	3014	4074	4514	5460	6239	7130
0:59:50	30.1	3048	3897	4380	5323	6427	7448	3050	4054	4620	5425	6351	7052
0:59:55	30.1	3032	3876	4345	5392	6350	7478	3090	4107	4585	5520	6244	7074
1:00:00	30.1	3056	3839	4394	5427	6510	7486	2941	4082	4622	5393	6206	7142
1:00:05	30.1	3011	3866	4394	5338	6433	7354	3026	4082	4589	5489	6309	7182
1:00:10	30.1	2991	3901	4371	5351	6348	7370	3023	4076	4674	5465	6319	7231
1:00:15	30.1	3021	3863	4348	5336	6393	7472	3033	4130	4624	5398	6335	7129
1:00:20	30.1	3048	3873	4445	5433	6502	7412	3067	4090	4553	5505	6311	7163
1:00:25	30.1	3039	3903	4408	5429	6434	7425	3055	4129	4567	5439	6343	7143
1:00:30	30.1	3051	3904	4302	5358	6447	7453	3023	4058	4573	5438	6273	7068
1:00:35	30.1	3079	3861	4439	5363	6468	7450	2977	4119	4602	5392	6250	7273
1:00:40	30.1	3045	3842	4421	5410	6400	7458	3059	4131	4627	5533	6299	7206
1:00:45	30.1	3007	3853	4364	5343	6498	7503	3036	4156	4576	5438	6266	7155
1:00:50	30.1	2987	3860	4416	5433	6388	7383	3001	4083	4549	5432	6294	7146
1:00:55	30.1	3050	3908	4386	5314	6391	7434	3003	4140	4582	5449	6328	7087
1:01:00	30.1	3064	3828	4363	5449	6414	7533	3011	4067	4634	5451	6262	7092
1:01:05	30.1	3044	3837	4325	5391	6435	7320	3048	4162	4615	5490	6195	7150
1:01:10	30.1	3029	3896	4363	5408	6487	7473	2986	4091	4581	5458	6272	7069
1:01:15	30.1	3032	3903	4362	5341	6483	7476	3005	4167	4572	5447	6301	7155
1:01:20	30.1	3027	3841	4374	5344	6485	7541	2979	4091	4509	5499	6221	7125
1:01:25	30.1	2997	3843	4408	5397	6417	7352	3033	4197	4588	5449	6345	7092
1:01:30	30.1	3066	3931	4383	5311	6378	7409	3022	4117	4570	5366	6349	7126
1:01:35	30.1	3037	3886	4385	5322	6416	7443	3025	4072	4509	5377	6214	7179
1:01:40	30.1	3016	3825	4413	5378	6389	7364	3057	4080	4611	5388	6315	7204
1:01:45	30.1	3035	3929	4374	5344	6484	7372	3028	4086	4649	5508	6282	7029
1:01:50	30.1	3054	3865	4349	5342	6430	7433	2972	4083	4646	5438	6273	7138
1:01:55	30.1	3019	3886	4355	5374	6454	7366	2999	4161	4581	5479	6275	7166
1:02:00	30.1	3004	3896	4381	5411	6495	7420	3048	4116	4644	5391	6221	7091
1:02:05	30.1	3063	3893	4305	5456	6467	7384	3037	4083	4568	5403	6270	7118
1:02:10	30.1	2978	3858	4404	5395	6427	7415	2973	4068	4593	5464	6319	7153
1:02:15	30.1	3072	3931	4409	5407	6431	7463	3053	4120	4612	5436	6356	7083
1:02:20	30.1	3024	3865	4395	5376	6469	7388	3012	4107	4594	5413	6179	7050
1:02:25	30.1	3012	3902	4308	5314	6419	7394	3054	4059	4654	5440	6239	7084
1:02:30	30.1	3046	3820	4337	5351	6358	7433	3027	4208	4521	5409	6342	7040
1:02:35	30.1	3068	3844	4360	5340	6476	7487	2946	4021	4632	5437	6180	6999
1:02:40	30.1	2993	3865	4361	5431	6516	7400	3002	4028	4608	5480	6379	7157
1:02:45	30.1	2984	3835	4392	5324	6360	7514	3002	4071	4584	5374	6240	7087
1:02:50	30.1	2985	3948	4359	5368	6428	7461	3023	4150	4657	5368	6284	7202
1:02:55	30.1	3009	3865	4327	5400	6494	7435	3052	4147	4627	5398	6210	7109
1:03:00	30.1	3034	3861	4387	5355	6429	7520	3026	4089	4539	5421	6278	7078
1:03:05	30.1	3044	3850	4415	5350	6463	7567	2961	4094	4581	5370	6261	7026
1:03:10	30.1	3009	3903	4246	5355	6467	7483	2989	4057	4579	5479	6243	7192
1:03:15	30.1	3066	3834	4384	5324	6452	7483	2981	4049	4535	5473	6227	7109
1:03:20	30.1	3005	3857	4393	5350	6452	7435	3007	4109	4574	5421	6287	7142
1:03:25	30.1	3028	3887	4374	5361	6398	7435	3003	4081	4485	5459	6325	7139
1:03:30	30.1	3006	3845	4404	5270	6437	7376	3028	4071	4594	5446	6378	7170
1:03:35	30.1	3023	3862	4356	5317	6422	7327	2993	4082	4629	5406	6356	7144
1:03:40	30.1	3030	3826	4284	5419	6440	7392	2988	4101	4515	5398	6230	7090
1:03:45	30.1	3019	3872	4320	5361	6372	7459	3008	4054	4538	5403	6233	7149
1:03:50	30.1	3013	3873	4376	5352	6408	7444	3004	4070	4551	5413	6233	7154
1:03:55	30.1	3000	3973	4344	5345	6379	7438	2969	4016	4585	5424	6219	7200
1:04:00	30.1	3003	3899	4378	5346	6384	7495	3012	4099	4597	5368	6271	7152
1:04:05	30.1	3006	3796	4343	5326	6403	7398	2973	4043	4573	5450	6195	6966
1:04:10	30.1	2994	3866	4420	5309	6418	7320	3020	4058	4553	5444	6199	7153
1:04:15	30.1	3069	3887	4332	5300	6366	7384	2991	4049	4549	5443	6292	7086
1:04:20	30.1	3033	3859	4281	5337	6313	7407	2974	4100	4568	5444	6232	7041
1:04:25	30.1	3031	3865	4407	5289	6403	7443	2973	4059	4579	5423	6239	7139
1:04:30	30.1	3000	3907	4386	5321	6412	7458	2984	4097	4510	5347	6300	7108
1:04:35	30.1	3012	3889	4408	5258	6406	7409	2997	4097	4610	5400	6323	7006
1:04:40	30.1	2993	3836	4304	5350	6466	7514	2953	4025	4567	5421	6186	7131
1:04:45	30.1	3050	3915	4333	5302	6523	7375	3023	4083	4638	5450	6202	7098
1:04:50	30.1	2994	3842	4338	5340	6394	7425	3010	4074	4518	5373	6164	7027
1:04:55	30.1	3092	3868	4388	5339	6430	7354	3051	4113	4566	5440	6216	7036
1:05:00	30.1	3023	3871	4430	5353	6389	7452	3015	4112	4602	5474	6217	7152
1:05:05	30.1	3015	3832	4393	5328	6383	7359	3040	3981	4585	5411	6288	7035
1:05:10	30.1	2973	3873	4387	5381	6422	7310	2957	4101	4585	5439	6197	7136
1:05:15	30.1	2972	3857	4271	5381	6291	7335	2953	4057	4503	5431	6225	7085
1:05:20	30.1	3035	3823	4284	5330	6425	7398	2991	4064	4562	5399	6253	7041
1:05:25	30.1	3033	3899	4335	5281	6431	7428	3033	4038	4593	5377	6230	7125
1:05:30	30.1	2937	3846	4342	5410	6415	7418	2940	4100	4532	5492	6197	7135
1:05:35	30.1	3045	3863	4362	5376	6483	7380	2965	4100	4544	5413	6139	7075
1:05:40	30.1	3024	3894	4378	5363	6345	7408	2937	4065	4502	5406	6294	7114
1:05:45	30.1	3017	3939	4397	5353	6557	7434	3006	4043	4616	5405	6189	7156
1:05:50	30.1	3021	3860	4445	5324	6383	7337	3015	4110	4486	5391	6260	7038
1:05:55	30.1	3018	3837	4316	5400	6499	7385	2970	4032	4598	5378	6252	7079
1:06:00	30.1	3073	3919	4327	5383	6360	7445	3002	4136	4576	5321	6175	7054
1:06:05	30.1	3010	3897	4417	5352	6333	7413	3013	4012	4524	5421	6267	7204
1:06:10	30.1	3003	3884	4375	5432	6331	7383	3003	4052	4537	5433	6293	7023
1:06:15	30.1	2961	3845	4402	5402	6472	7374	3015	4104	4608	5414	6244	7015
1:06:20	30.1	3055	3776	4401	5334	6426	7368	2948	4099	4547	5475	6264	7073
1:06:25	30.1	2987	3851	4358	5279	6387	7400	2993	4116	4602	5430	6237	7015
1:06:30	30.1	2974	3828	4335	5371	6345	7414	3045	4066	4569	5367	6220	6976
1:06:35	30.1	3050	3816	4364	5350	6382	7350	2959	4107	4553	5408	6165	6996
1:06:40	30.1	2992	3874	4369	5301	6417	7368	2968	4073	4596	5408	6204	7067
1:06:45	30.1	2987	3811	4258	5306	6407	7435	3020	4101	4583	5387	6270	7011
1:06:50	30.1	2958	3928	4370	5304	6363	7386	2967	4121	4545	5379	6192	7116
1:06:55	30.1	2983	3903	4420	5370	6437	7491	3031	4082	4521	5397	6190	7072
1:07:00	30.1	2984	3857	4320	5349	6409	7371	2956	4013	4526	5424	6350	7022
1:07:05	30.1	3019	3837	4344	5300	6452	7364	2925	4084	4609	5427	6235	7027
1:07:10	30.1	3019	3805	4378	5370	6313	7430	2941	4075	4586	5324	6156	6992
1:07:15	30.1	2930	3854	4329	5338	6443	7351	2989	3970	4555	5304	6260	7040
1:07:20	30.1	3020	3803	4327	5313	6364	7292	2990	3971	4540	5440	6258	6989
1:07:25	30.1	3078	3817	4394	5352	6353	7325	2977	4042	4598	5327	6091	7019
1:07:30	30.1	3019	3810	4326	5321	6313	7425	2989	4006	4539	5378	6118	7003
1:07:35	30.1	2976	3794	4346	5353	6421	7329	2963	4082	4579	5403	6195	7068
1:07:40	30.1	2908	3872	4309	5427	6300	7310	3015	4081	4524	5361	6288	7045
1:07:45	30.1	2959	3807	4315	5355	6330	7384	2932	4010	4550	5382	6248	6990
1:07:50	30.1	2977	3803	4340	5400	6389	7475	2967	4044	4539	5467	6179	7153
1:07:55	30.1	2998	3882	4373	5299	6426	7306	2972	4035	4548	5335	6189	7089
1:08:00	30.1	2999	3838	4395	5279	6382	7422	3024	4088	4507	5364	6233	7077
1:08:05	30.1	3005	3892	4357	5349	6435	7379	2983	4088	4558	5392	6236	7070
1:08:10	30.1	3007	3874	4332	5353	6390	7499	2922	4037	4550	5331	6209	7056
1:08:15	30.1	3008	3849	4326	5322	6363	7429	3029	4003	4546	5376	6159	7070
1:08:20	30.1	2925	3800	4328	5321	6356	7277	2988	4009	4541	5291	6158	6938
1:08:25	30.1	3015	3860	4319	5342	6385	7344	2984	3993	4561	5372	6202	7079
1:08:30	30.1	2968	3867	4281	5314	6464	7347	2945	4058	4565	5398	6161	6976
1:08:35	30.1	2957	3937	4313	5298	6359	7488	3053	4040	4608	5367	6078	7024
1:08:40	30.1	2971	3845	4320	5377	6377	7397	2929	3991	4605	5380	6212	7021
1:08:45	30.1	3006	3897	4356	5302	6360	7379	2959	4044	4559	5407	6122	6971
1:08:50	30.1	3005	3863	4404	5246	6359	7265	3010	4046	4587	5375	6075	7029
1:08:55	30.1	2977	3844	4323	5281	6288	7374	3015	4036	4618	5437	6221	6985
1:09:00	30.1	3003	3775	4227	5258	6347	7312	2965	4073	4605	5256	6213	7126
1:09:05	30.1	3013	3894	4298	5326	6402	7228	3001	4046	4506	5414	6190	7089
1:09:10	30.1	2949	3844	4315	5237	6330	7386	2983	4051	4556	5413	6115	7099
1:09:15	30.1	3015	3816	4338	5372	6404	7375	2960	4012	4599	5431	6177	7024
1:09:20	30.1	2924	3833	4358	5257	6339	7266	2974	4044	4544	5351	6273	6943
1:09:25	30.1	3005	3877	4338	5309	6381	7382	3010	4028	4531	5327	6273	7072
1:09:30	30.1	2976	3870	4322	5328	6263	7408	2980	4020	4536	5342	6188	6999
1:09:35	30.1	3028	3826	4362	5317	6436	7270	3008	4012	4543	5367	6181	6969
1:09:40	30.1	2952	3873	4347	5369	6377	7386	2935	4029	4547	5388	6262	7123
1:09:45	30.1	3008	3856	4395	5348	6356	7335	3014	4044	4611	5404	6131	7057
1:09:50	30.1	2976	3785	4325	5244	6449	7377	3002	4017	4530	5389	6155	7037
1:09:55	30.1	3014	3868	4316	5288	6334	7379	2993	3966	4508	5349	6188	7022
1:10:00	30.1	3024	3801	4343	5320	6392	7412	2924	4045	4504	5345	6150	7071
1:10:05	30.1	3040	3863	4348	5366	6397	7316	3004	4020	4589	5323	6156	7102
1:10:10	30.1	2996	3835	4320	5293	6328	7334	2964	4070	4493	5345	6159	7046
1:10:15	30.1	3016	3928	4325	5344	6437	7424	3006	4052	4418	5400	6157	7109
1:10:20	30.1	3013	3776	4318	5382	6254	7272	2946	4006	4567	5412	6126	7039
1:10:25	30.1	2992	3793	4363	5273	6389	7348	2983	3976	4531	5365	6083	7001
1:10:30	30.1	2904	3833	4307	5287	6270	7370	3030	4028	4477	5374	6100	7070
1:10:35	30.1	2973	3831	4378	5341	6378	7337	2942	3990	4532	5461	6165	7070
1:10:40	30.1	3049	3848	4379	5305	6359	7285	2967	4046	4481	5367	6219	6990
1:10:45	30.1	3012	3883	4365	5388	6282	7268	2954	3995	4497	5380	6117	7017
1:10:50	30.1	3084	3842	4343	5312	6403	7342	2989	4042	4531	5379	6235	7016
1:10:55	30.1	2985	3817	4377	5300	6387	7392	2978	4005	4530	5420	6069	7044
1:11:00	30.1	2964	3856	4389	5208	6407	7360	2999	3940	4528	5337	6103	6996
1:11:05	30.1	2949	3780	4374	5241	6477	7350	2955	4031	4488	5359	6168	7020
1:11:10	30.1	2999	3891	4408	5335	6386	7397	2957	4079	4460	5460	6241	6996
1:11:15	30.1	2938	3879	4401	5249	6293	7456	3011	4003	4563	5301	6261	6888
1:11:20	30.1	2992	3832	4298	5307	6386	7325	2950	4018	4497	5342	6164	6985
1:11:25	30.1	3029	3834	4353	5305	6325	7244	2943	4066	4543	5392	6095	7038
1:11:30	30.1	2977	3815	4328	5346	6325	7305	3016	4087	4474	5311	6144	6983
1:11:35	30.1	2960	3836	4303	5393	6294	7459	2997	3985	4520	5341	6231	6942
1:11:40	30.1	2952	3792	4350	5317	6278	7311	2899	3985	4505	5282	6154	6925
1:11:45	30.1	2964	3838	4352	5382	6358	7361	2887	3996	4479	5323	6143	6990
1:11:50	30.1	3013	3845	4307	5240	6307	7345	2953	4009	4520	5350	6088	7052
1:11:55	30.1	2962	3772	4277	5305	6336	7356	2969	4016	4544	5320	6211	7010
1:12:00	30.1	3023	3835	4301	5316	6286	7336	2946	3996	4540	5322	6174	7050
1:12:05	30.1	2985	3904	4311	5315	6348	7406	2960	3992	4504	5353	6213	7004
1:12:10	30.1	2953	3882	4280	5378	6270	7318	2988	4017	4484	5386	6154	6985
1:12:15	30.1	2945	3800	4348	5304	6344	7378	2972	4064	4445	5257	6215	7010
1:12:20	30.1	2958	3845	4388	5329	6352	7321	2976	4042	4465	5388	6205	6927
1:12:25	30.1	2946	3791	4273	5314	6345	7435	3017	4025	4488	5377	6248	7066
1:12:30	30.1	2941	3801	4379	5266	6322	7404	2989	3996	4459	5412	6186	6961
1:12:35	30.1	2974	3831	4379	5246	6345	7383	2964	4019	4444	5321	6114	7040
1:12:40	30.1	2983	3762	4350	5364	6327	7438	2996	4030	4477	5377	6132	6983
1:12:45	30.1	2959	3785	4338	5301	6450	7332	3001	4051	4614	5329	6172	6986
1:12:50	30.1	2972	3835	4319	5300	6388	7343	2900	4052	4549	5351	6205	6994
1:12:55	30.1	2999	3843	4356	5371	6326	7324	3020	4001	4485	5343	6226	6973
1:13:00	30.1	2937	3815	4305	5347	6286	7375	2927	4008	4596	5347	6131	7054
1:13:05	30.1	2954	3795	4302	5395	6285	7333	3000	4102	4512	5357	6090	7019
1:13:10	30.1	2998	3843	4295	5284	6331	7325	2976	4002	4510	5356	6170	6989
1:13:15	30.1	2948	3825	4334	5260	6383	7375	2947	3993	4502	5368	6162	6959
1:13:20	30.1	3008	3761	4340	5341	6353	7333	3048	4038	4604	5396	6198	6982
1:13:25	30.1	2949	3794	4288	5285	6310	7250	2883	3976	4460	5363	6134	6957
1:13:30	30.1	2961	3773	4304	5308	6330	7365	2917	4002	4483	5384	6159	7151
1:13:35	30.1	3017	3845	4343	5379	6328	7275	2966	4016	4545	5296	6157	6945
1:13:40	30.1	2927	3809	4337	5224	6316	7366	2994	3994	4470	5327	6154	6919
1:13:45	30.1	2977	3831	4381	5295	6404	7316	2904	4042	4495	5361	6071	6990
1:13:50	30.1	2971	3787	4312	5230	6368	7352	2952	3974	4506	5324	6111	7057
1:13:55	30.1	2945	3821	4339	5373	6369	7305	2942	3901	4524	5407	6109	7015
1:14:00	30.1	3021	3838	4324	5298	6234	7403	2888	3977	4436	5326	6150	7042
1:14:05	30.1	2967	3837	4281	5307	6285	7373	2935	3989	4444	5346	6206	6972
1:14:10	30.1	2926	3756	4313	5287	6382	7335	2963	4013	4486	5346	6119	6971
1:14:15	30.1	3012	3769	4303	5246	6292	7375	2949	3991	4469	5350	6106	6966
1:14:20	30.1	2947	3835	4314	5339	6357	7347	2998	4086	4499	5315	6066	6898
1:14:25	30.1	2952	3793	4362	5289	6316	7271	2964	4068	4536	5406	6242	6987
1:14:30	30.0	2984	3836	4278	5334	6447	7292	2976	4002	4465	5366	6121	6895
1:14:35	30.1	2984	3823	4291	5318	6348	7461	2950	3937	4451	5363	6187	6934
1:14:40	30.0	2946	3869	4288	5302	6292	7410	2958	4059	4483	5312	6071	7005
1:14:45	30.1	2943	3819	4311	5360	6282	7312	3007	3997	4504	5285	6147	6998
1:14:50	30.1	2962	3831	4306	5368	6327	7244	2932	4058	4503	5423	6176	6995
1:14:55	30.1	2927	3811	4342	5316	6247	7278	2938	4039	4467	5334	6059	7009
1:15:00	30.1	2964	3835	4270	5276	6355	7383	2972	3992	4528	5361	6091	6882
1:15:05	30.1	2939	3813	4370	5278	6284	7422	2930	4037	4453	5335	6127	6946
1:15:10	30.1	2944	3807	4269	5333	6308	7318	2925	4005	4427	5318	6172	7003
1:15:15	30.1	2975	3842	4288	5304	6337	7382	2940	3965	4510	5264	6109	7067
1:15:20	30.0	2931	3891	4300	5302	6293	7327	2866	3929	4504	5333	6134	7029
1:15:25	30.1	2949	3825	4289	5326	6394	7366	2939	4029	4565	5340	6113	6960
1:15:30	30.1	2962	3875	4238	5268	6328	7406	3024	3961	4495	5402	6184	7018
1:15:35	30.1	2974	3772	4342	5321	6291	7264	2977	4006	4508	5376	6104	7006
1:15:40	30.1	2931	3832	4324	5239	6346	7302	2974	4033	4481	5448	6144	6990
1:15:45	30.1	2990	3809	4283	5309	6267	7339	2933	4015	4482	5345	6106	6880
1:15:50	30.1	2988	3787	4298	5235	6335	7279	2897	3937	4510	5422	6175	6938
1:15:55	30.1	3002	3805	4231	5251	6289	7365	2959	3953	4498	5280	6043	6995
1:16:00	30.1	2948	3870	4333	5276	6289	7394	2961	4052	4549	5243	6107	6922
1:16:05	30.1	3029	3825	4279	5295	6343	7436	2938	3967	4477	5311	6102	6974
1:16:10	30.1	3009	3801	4341	5286	6316	7236	2911	3942	4528	5310	6256	6963
1:16:15	30.1	2973	3856	4337	5281	6313	7216	2891	4015	4486	5325	6230	6949
1:16:20	30.0	2963	3824	4220	5310	6328	7203	2908	4012	4515	5394	6104	6904
1:16:25	30.1	2948	3791	4335	5306	6425	7280	2959	4031	4500	5415	6163	6896
1:16:30	30.1	3012	3804	4237	5231	6287	7185	2951	4033	4489	5368	6193	6954
1:16:35	30.1	2940	3787	4265	5285	6345	7350	2968	3947	4493	5363	6114	6952
1:16:40	30.1	2912	3793	4308	5244	6314	7281	2950	3951	4508	5343	6174	6939
1:16:45	30.1	3010	3819	4300	5254	6433	7262	2925	4061	4486	5231	6174	6980
1:16:50	30.1	2926	3818	4362	5259	6246	7176	2976	4014	4480	5261	6102	6965
1:16:55	30.1	2965	3801	4342	5245	6244	7305	2920	3981	4448	5302	6070	6966
1:17:00	30.0	2977	3789	4298	5233	6286	7427	2914	4022	4538	5291	6162	6891
1:17:05	30.1	2929	3772	4342	5263	6277	7314	2937	4002	4505	5239	6105	6932
1:17:10	30.1	2960	3832	4323	5276	6238	7255	2940	4016	4540	5358	6098	6929
1:17:15	30.0	2978	3807	4300	5256	6202	7233	2959	4060	4497	5301	6068	6886
1:17:20	30.1	2953	3761	4395	5352	6364	7264	2954	3918	4494	5297	6165	6927
1:17:25	30.1	3012	3811	4373	5288	6270	7231	2959	4032	4556	5263	6115	6953
1:17:30	30.1	2970	3779	4338	5270	6344	7336	2936	3959	4477	5404	6208	6951
1:17:35	30.1	2954	3767	4302	5256	6333	7317	2936	4082	4521	5214	6096	6968
1:17:40	30.1	2992	3866	4322	5273	6348	7209	2908	4034	4531	5309	6038	7029
1:17:45	30.1	2983	3747	4294	5301	6278	7372	2925	3984	4521	5324	6189	6936
1:17:50	30.0	2989	3803	4363	5257	6272	7312	2915	4104	4506	5222	6186	6818
1:17:55	30.1	2997	3810	4365	5330	6263	7333	2904	4041	4466	5304	6119	6924
1:18:00	30.1	2936	3813	4364	5234	6326	7296	2954	3975	4434	5341	6158	6902
1:18:05	30.0	3030	3791	4299	5329	6242	7322	2932	3937	4483	5351	6113	6970
1:18:10	30.1	2939	3771	4282	5236	6324	7289	2919	3949	4548	5294	6035	7009
1:18:15	30.1	2932	3876	4254	5333	6318	7271	2940	4038	4580	5333	6131	6879
1:18:20	30.1	2993	3812	4328	5238	6255	7262	2980	3972	4426	5338	6090	7006
1:18:25	30.1	2938	3818	4292	5266	6290	7313	2953	3941	4461	5275	6164	6923
1:18:30	30.1	2952	3762	4295	5243	6389	7308	2930	4010	4461	5220	6053	6983
1:18:35	30.1	2995	3791	4236	5226	6364	7306	2912	3990	4476	5392	6078	6920
1:18:40	30.0	2990	3857	4189	5233	6328	7375	2916	3943	4501	5288	6145	6951
1:18:45	30.1	2989	3801	4217	5339	6356	7313	2921	4037	4527	5368	6095	6971
1:18:50	30.1	2923	3874	4332	5259	6336	7315	2938	3903	4503	5424	6125	6950
1:18:55	30.1	2937	3873	4341	5235	6307	7152	2913	4015	4488	5272	6103	6964
1:19:00	30.1	2933	3774	4253	5266	6183	7386	2894	4006	4461	5291	6120	6879
1:19:05	30.1	2911	3772	4308	5231	6318	7316	2966	3970	4500	5340	6089	6938
1:19:10	30.1	2925	3798	4235	5328	6268	7417	3011	4009	4480	5311	6096	6914
1:19:15	30.1	2961	3826	4340	5238	6380	7228	2957	4004	4502	5328	6090	6809
1:19:20	30.1	2929	3794	4307	5327	6326	7354	2898	3927	4496	5295	6046	6914
1:19:25	30.1	2907	3805	4252	5191	6371	7298	2922	3994	4364	5256	6095	6919
1:19:30	30.1	3018	3747	4283	5172	6356	7272	2932	3963	4402	5237	6126	6960
1:19:35	30.1	2975	3735	4294	5287	6337	7367	2891	3948	4471	5271	6097	6915
1:19:40	30.0	3027	3801	4311	5328	6239	7329	2870	4042	4474	5364	6169	6863
1:19:45	30.1	2967	3807	4267	5210	6319	7287	2929	3933	4482	5195	6041	6941
1:19:50	30.1	2980	3767	4403	5317	6291	7252	2954	3961	4461	5382	6105	6850
1:19:55	30.1	2963	3750	4270	5265	6401	7350	2926	3998	4500	5271	6104	6925
1:20:00	30.1	2944	3809	4334	5377	6306	7384	2876	3920	4420	5325	6104	6934
1:20:05	30.1	2945	3808	4325	5384	6409	7353	2911	3938	4462	5365	6097	6884
1:20:10	30.1	2931	3812	4336	5311	6248	7239	2918	4037	4408	5187	6147	6923
1:20:15	30.1	2959	3810	4341	5380	6270	7260	2911	3978	4465	5334	6039	6847
1:20:20	30.0	2973	3864	4284	5279	6404	7218	2933	3962	4426	5337	6097	6872
1:20:25	30.0	2914	3769	4260	5235	6339	7303	2949	3973	4461	5206	6071	6969
1:20:30	30.1	2935	3792	4281	5312	6184	7249	2893	3986	4406	5321	6052	6827
1:20:35	30.1	2923	3806	4309	5221	6284	7266	2941	3982	4425	5334	6030	6944
1:20:40	30.1	2899	3811	4283	5265	6285	7340	2914	3967	4494	5367	6065	6874
1:20:45	30.1	2965	3794	4253	5274	6285	7256	2940	4022	4430	5328	6019	6849
1:20:50	30.1	2977	3786	4247	5259	6347	7348	2965	3950	4495	5254	6128	6986
1:20:55	30.1	2954	3734	4360	5310	6392	7295	2977	3931	4476	5285	6224	6908
1:21:00	30.1	2963	3748	4308	5297	6261	7321	2931	4008	4467	5301	6042	6966
1:21:05	30.0	3024	3790	4291	5204	6243	7191	2944	3917	4515	5383	6091	6928
1:21:10	30.1	2975	3723	4301	5283	6313	7304	2960	3962	4480	5338	6145	6923
1:21:15	30.1	3018	3741	4267	5251	6285	7255	2959	3995	4480	5328	6038	6944
1:21:20	30.1	2949	3860	4214	5334	6297	7229	2889	4025	4437	5310	6064	6896
1:21:25	30.1	2945	3788	4245	5208	6206	7311	2955	3971	4537	5278	6098	6871
1:21:30	30.1	2980	3856	4250	5246	6278	7367	2940	3969	4537	5243	6008	6902
1:21:35	30.1	2948	3816	4241	5190	6244	7315	2968	3869	4501	5307	6053	6980
1:21:40	30.1	2979	3792	4309	5217	6202	7302	2926	4024	4409	5255	6058	6899
1:21:45	30.1	2929	3814	4305	5236	6366	7326	2910	3927	4486	5253	6076	6829
1:21:50	30.1	3006	3828	4296	5196	6330	7256	2965	3956	4425	5210	6048	6913
1:21:55	30.1	2915	3699	4313	5214	6310	7170	2944	3990	4414	5258	6147	6830
1:22:00	30.1	2942	3762	4286	5212	6241	7277	2939	3950	4409	5263	6065	6858
1:22:05	30.0	2946	3788	4290	5270	6232	7301	2883	3967	4399	5225	6107	6924
1:22:10	30.1	2995	3860	4174	5214	6296	7148	2909	3987	4422	5251	6031	6915
1:22:15	30.1	2968	3798	4293	5282	6348	7306	2935	3919	4486	5309	6110	6887
1:22:20	30.1	2933	3816	4307	5242	6349	7303	2995	3953	4463	5231	6092	6976
1:22:25	30.1	2943	3787	4225	5272	6303	7184	2921	3927	4517	5287	6178	6859
1:22:30	30.1	2965	3849	4344	5192	6222	7124	2917	3966	4517	5312	6011	6815
1:22:35	30.1	2996	3799	4221	5236	6282	7370	2920	3959	4386	5288	6032	6911
1:22:40	30.1	2951	3762	4211	5303	6276	7313	2932	3948	4425	5319	6121	6900
1:22:45	30.1	2958	3850	4256	5272	6247	7304	2930	3989	4396	5292	5989	6889
1:22:50	30.0	2924	3716	4268	5290	6260	7174	2928	3873	4409	5291	6078	6885
1:22:55	30.1	2969	3783	4240	5203	6264	7160	2966	4017	4425	5286	6044	6932
1:23:00	30.1	2920	3760	4290	5168	6265	7353	2934	3980	4495	5265	6090	6896

Results
	1	2	3	4	5	6	7	8	9	10	11	12
A													Max V [295,335]
													R-Squared [295,335]
													t at Max V [295,335]
													Lagtime [295,335]
B													Max V [295,335]
													R-Squared [295,335]
													t at Max V [295,335]
													Lagtime [295,335]
C													Max V [295,335]
													R-Squared [295,335]
													t at Max V [295,335]
													Lagtime [295,335]
D													Max V [295,335]
													R-Squared [295,335]
													t at Max V [295,335]
													Lagtime [295,335]
E													Max V [295,335]
													R-Squared [295,335]
													t at Max V [295,335]
													Lagtime [295,335]
F													Max V [295,335]
													R-Squared [295,335]
													t at Max V [295,335]
													Lagtime [295,335]
G	-2400000.000	-2940000.000	-3144000.000	-3036000.000	-3132000.000	4608000.000	-1980000.000	-2640000.000	3036000.000	-2736000.000	-3432000.000	3636000.000	Max V [295,335]
	1.000	1.000	1.000	1.000	1.000	1.000	1.000	1.000	1.000	1.000	1.000	1.000	R-Squared [295,335]
	0:00:03	0:00:23	0:00:03	0:24:18	0:00:33	0:34:18	1:13:23	0:08:48	0:12:18	0:08:28	0:00:23	0:12:13	t at Max V [295,335]
	0:00:00	0:00:12	0:00:00	0:23:17	0:00:22	0:35:10	1:12:19	0:08:26	0:12:46	0:07:59	0:00:22	0:12:45	Lagtime [295,335]
H													Max V [295,335]
													R-Squared [295,335]
													t at Max V [295,335]
													Lagtime [295,335]

