

Software Version	3.03.14

Procedure Details

Plate Type	96 WELL PLATE
Set Temperature	Setpoint 30°C
	Preheat before moving to next step
Start Kinetic	Runtime 1:56:28 (HH:MM:SS), Interval 0:00:07, 999 Reads
    Read	Fluorescence Endpoint
	A1..A12
	Filter Set 1
	    Excitation: 295,  Emission: 335
	    Optics: Top,  Gain: 80
	Light Source: Xenon Flash,  Lamp Energy: High
	Read Speed: Normal,  Delay: 0 msec,  Measurements/Data Point: 5
	Read Height: 8 mm
End Kinetic	

Layout
	1	2	3	4	5	6	7	8	9	10	11	12
A	SPL1	SPL2	SPL3	SPL4	SPL5	SPL6	SPL7	SPL8	SPL9	SPL10	SPL11	SPL12	Well ID
B													Well ID
C													Well ID
D													Well ID
E													Well ID
F													Well ID
G													Well ID
H													Well ID

295,335

Time	T° 295,335	A1	A2	A3	A4	A5	A6	A7	A8	A9	A10	A11	A12
0:00:00	30.0	21587	25118	28200	33947	21997	24093	26687	32631	22312	26164	28323	32284
0:00:07	30.0	22004	25059	28155	33661	22118	24422	27048	32054	22824	26271	28001	32362
0:00:14	30.0	21770	25207	28003	33692	21509	23882	27306	32030	22894	25991	27661	32106
0:00:21	30.0	21366	24934	27809	33414	20727	23643	27056	31514	22939	25911	27827	31954
0:00:28	30.0	21259	24433	27706	33512	20965	23656	27003	31349	22828	25931	27779	32040
0:00:35	30.0	20932	24239	27193	32958	20793	23216	26695	31171	22866	25811	27972	31954
0:00:42	30.0	20807	24219	27004	32805	20710	22782	26630	31200	22737	25584	27703	31948
0:00:49	30.0	20433	23815	26751	32398	20321	22638	25981	30781	22530	25397	27661	32034
0:00:56	30.0	20144	23821	26384	32418	20408	22815	25941	30693	22698	25191	27559	31945
0:01:03	30.0	20157	23550	25992	31876	20125	22749	25475	30352	22739	25091	27422	31624
0:01:10	30.0	19940	23483	25802	31454	20117	22404	25464	29697	22763	24861	27330	31582
0:01:17	30.0	19783	23255	25844	31350	19925	22182	25286	29615	22419	24573	27271	31652
0:01:24	30.0	19771	22985	25839	31174	19993	22169	24977	29897	22848	24699	27016	31456
0:01:31	30.0	19481	23067	25534	30584	19414	22149	25051	29271	22264	25078	27190	31453
0:01:38	30.0	19444	22584	25569	30630	19613	22183	24721	29751	22266	24741	27061	31375
0:01:45	30.0	19255	22504	25205	30541	19437	21720	24793	29034	22346	24418	26912	31375
0:01:52	30.0	19292	22404	25158	30402	19296	21405	24630	29062	22230	24527	27149	31354
0:01:59	30.0	19131	22040	24949	30268	19073	21472	24088	28542	22030	24354	26353	31378
0:02:06	30.0	19018	21954	24570	29683	19196	21207	24050	28503	21968	24774	26831	31526
0:02:13	30.0	18636	21942	24445	30064	18968	21337	23940	28502	22071	24281	26735	31215
0:02:20	30.1	18675	21812	24616	29598	18687	21159	23915	28545	21705	24148	26490	31468
0:02:27	30.0	18598	21700	24541	29510	18604	20797	23875	28428	21774	23643	26503	31126
0:02:34	30.0	18506	21570	24201	29361	18445	20824	23669	28067	21662	23791	26411	30725
0:02:41	30.0	18439	21352	24404	29200	18716	20749	23685	28032	21741	23833	26374	30986
0:02:48	30.0	18279	21259	24057	29017	18599	20607	23662	27718	21460	23803	26268	30769
0:02:55	30.0	18196	21161	24060	28964	18327	20746	23550	27690	21757	23762	26237	30936
0:03:02	30.0	17966	21092	23728	28636	18219	20403	23387	27714	21402	23764	26394	30829
0:03:09	30.0	17707	21099	23839	28982	18111	20403	23118	27610	21472	23506	26172	30788
0:03:16	30.0	17829	21110	23361	28651	18185	20240	23339	27255	21330	23625	26258	30768
0:03:23	30.0	17793	21162	23552	28580	17984	20237	22935	27247	21316	23599	26304	31075
0:03:30	30.0	17486	20849	23732	28496	17874	20033	23073	27014	21654	23425	26198	30822
0:03:37	30.0	17560	20889	23380	28177	17742	20141	22850	26466	21400	23741	25855	30812
0:03:44	30.0	17328	20797	23570	28085	17795	19765	22812	26829	21182	23370	26240	30657
0:03:51	30.0	17732	20614	23069	27987	17693	19753	22722	26589	21158	23223	25974	30570
0:03:58	30.0	17431	20426	23131	27976	17542	19774	22513	26530	21270	23146	25871	30691
0:04:05	30.0	17274	20361	23149	28190	17342	19780	22539	26306	21295	23200	25975	30503
0:04:12	30.0	17272	20451	22701	27803	17429	19607	22528	26529	21129	23206	25914	30757
0:04:19	30.0	17199	20594	22814	27718	17473	19546	22539	26634	21291	23447	25900	30303
0:04:26	30.0	17361	20149	22624	27666	17289	19417	22262	26424	21050	23231	26003	30590
0:04:33	30.0	16955	20201	22822	27713	17281	19509	22372	26365	20986	23105	25531	30157
0:04:40	30.0	17056	20099	22809	27522	17144	19147	21918	26051	21067	22970	25754	30456
0:04:47	30.0	16891	20030	22610	27484	16992	19141	22032	26149	21075	22981	25319	30384
0:04:54	30.0	16918	20083	22589	27148	17075	19120	21880	25914	20744	23003	25604	30289
0:05:01	30.0	16731	20031	22442	27223	16885	19385	22184	25750	21039	22774	25598	30568
0:05:08	30.0	16738	19739	22536	27265	16957	18969	21955	25854	20710	22758	25485	29985
0:05:15	30.0	16732	19739	22267	27050	16763	19391	21765	25756	20835	22891	25413	30313
0:05:22	30.0	16624	19760	22137	26962	16927	19016	21780	25559	20591	22956	25395	30184
0:05:29	30.0	16822	19730	22337	26815	16742	18717	21693	25708	20739	22935	25524	30184
0:05:36	30.0	16466	19748	22328	26991	16581	18963	21725	25580	20806	22824	25514	29947
0:05:43	30.0	16550	19538	22107	26947	16676	18651	21846	25273	20761	22576	25134	30024
0:05:50	30.0	16724	19515	22007	26627	16771	18920	21800	25578	20733	22465	25346	29661
0:05:57	30.0	16622	19494	22068	26824	16540	18863	21512	25377	20620	22464	25129	29678
0:06:04	30.1	16704	19464	21962	26636	16546	18513	21298	25285	20661	22404	25252	29713
0:06:11	30.0	16541	19161	21845	26521	16446	18715	21534	25531	20563	22566	25562	29445
0:06:18	30.0	16547	19492	22050	26431	16595	18532	21075	25197	20576	22648	25208	29816
0:06:25	30.0	16319	19269	22092	26383	16527	18454	21320	25275	20402	22270	25302	29480
0:06:32	30.0	16238	19427	21698	26524	16493	18419	21250	25200	20516	22450	25191	30083
0:06:39	30.0	16349	19164	21808	26433	16263	18489	21002	24982	20202	22662	25035	29939
0:06:46	30.0	16272	19483	21979	26453	16459	18357	21199	25088	20396	22749	25123	29761
0:06:53	30.0	16412	18961	21904	26619	16159	18467	21162	25018	20168	22442	25029	29980
0:07:00	30.0	16178	19163	21933	26216	16242	18393	21189	24803	20340	22612	24961	29608
0:07:07	30.0	16177	18970	21568	26244	16351	18113	21335	24604	20260	22608	24982	29918
0:07:14	30.0	16202	19240	21850	26176	16192	18111	20909	24959	20311	22393	24926	29701
0:07:21	30.0	16244	18999	21640	25935	16150	18224	20944	24627	20284	22186	24836	29676
0:07:28	30.0	16025	19005	21339	25970	16106	18205	20765	24518	20412	22223	25232	29675
0:07:35	30.0	16315	18769	21335	25839	16198	18279	20801	24689	20194	22394	24897	29196
0:07:42	30.0	15987	19021	21451	25925	16064	18128	20767	24750	19965	22023	24814	29585
0:07:49	30.0	16008	18858	21632	25803	16043	18041	20771	24673	19983	22170	24904	29572
0:07:56	30.0	16058	18869	21041	25687	16066	17993	20845	24573	19976	22076	24778	29521
0:08:03	30.0	15986	18806	21186	26010	16086	17843	20824	24514	20176	21950	24760	29737
0:08:10	30.0	15902	18906	21353	25764	16087	17944	20779	24640	20012	22056	24567	29498
0:08:17	30.0	16203	18676	21468	25645	16079	17978	20570	24489	20095	22018	24637	29423
0:08:24	30.0	15930	18835	21369	25987	15760	17919	20432	24418	20239	22011	24636	29371
0:08:31	30.0	15823	18600	21324	25481	15830	17776	20630	24648	20058	21906	24751	29420
0:08:38	30.0	15890	18752	21222	25594	15776	17629	20682	24598	19872	21835	24472	29440
0:08:45	30.0	15832	18696	21274	25680	15774	17721	20555	24298	19864	21972	24518	29345
0:08:52	30.0	15914	18641	21042	25652	16047	17733	20607	24681	19827	21768	24374	29012
0:08:59	30.0	15844	18688	20919	25493	15896	17650	20426	24273	20096	21769	24585	29190
0:09:06	30.0	15787	18708	21219	25613	15927	17885	20499	24181	19955	21803	24370	29001
0:09:13	30.0	15769	18574	20990	25488	15711	17981	20405	24391	19663	21696	24773	29154
0:09:20	30.0	15927	18816	21084	25509	15874	18020	20520	24082	19793	21699	24805	29044
0:09:27	30.0	15893	18588	21128	25571	15885	17742	20240	24166	19800	21694	24264	29546
0:09:34	30.0	15698	18717	20944	25239	15646	17610	20470	24252	19525	21636	24320	29287
0:09:41	30.0	15733	18586	21123	25685	15784	17752	20350	24147	19705	21607	24444	29277
0:09:48	30.0	15836	18487	20896	25658	15718	17688	20221	23972	19877	21748	24262	29142
0:09:55	30.0	15645	18584	21015	25204	15592	17705	20351	23833	19754	21726	24222	29103
0:10:02	30.0	16046	18479	20977	25215	15753	17617	20128	24104	19618	21631	24217	29173
0:10:09	30.0	15732	18635	20887	25000	15565	17743	20361	24073	19496	21588	24236	28760
0:10:16	30.0	15771	18300	21147	25242	15663	17580	20387	23863	19641	21565	24240	28639
0:10:23	30.0	15742	18630	21071	25386	15586	17570	20337	23916	19657	21456	24096	29018
0:10:30	30.0	15789	18594	20791	25271	15669	17783	20399	24002	19481	21301	24142	29072
0:10:37	30.0	15692	18487	21200	25316	15526	17640	20220	23940	19614	21495	24310	29132
0:10:44	30.0	15829	18554	20701	25250	15579	17628	20483	23949	19469	21551	24175	29225
0:10:51	30.0	15721	18425	20853	25063	15580	17533	20205	24038	19219	21277	24309	29077
0:10:58	30.0	15793	18463	20748	25152	15549	17796	20072	24128	19272	21227	24177	29092
0:11:05	30.0	15606	18449	20807	25147	15473	17646	20372	24042	19452	21205	24340	28999
0:11:12	30.0	15694	18645	20665	25351	15676	17555	20126	24036	19569	21346	24128	28785
0:11:19	30.0	15816	18611	20736	25141	15594	17535	20196	23997	19500	21312	23893	28696
0:11:26	30.0	15605	18603	20887	24958	15533	17279	20096	23823	19421	21289	23958	28759
0:11:33	30.0	15745	18390	20767	25536	15615	17545	20128	23876	19367	21188	23963	28653
0:11:40	30.0	15681	18415	20762	25243	15342	17696	20026	23868	19217	21323	24042	28815
0:11:47	30.0	15697	18525	20832	25252	15511	17511	20020	23903	19315	21019	24148	28927
0:11:54	30.0	15871	18478	20773	25101	15522	17680	20007	24028	19083	21321	24084	28934
0:12:01	30.1	15571	18341	20630	25044	15369	17436	20121	23948	19422	21285	24117	28656
0:12:08	30.0	15806	18323	20770	24965	15327	17288	20056	23987	19233	21188	23967	28624
0:12:15	30.0	15611	18355	20966	25125	15532	17531	20074	23789	19197	21101	23986	28426
0:12:22	30.0	15563	18485	20630	25004	15464	17442	20233	23840	19586	21288	23800	28629
0:12:29	30.0	15678	18466	21142	24909	15533	17366	19971	23963	19164	20971	23979	28344
0:12:36	30.0	15630	18504	20818	25313	15549	17622	20200	23758	19212	21067	23774	28487
0:12:43	30.0	15566	18510	20710	25235	15400	17370	19968	23685	19120	20982	23828	28667
0:12:50	30.0	15613	18401	20944	25088	15427	17423	20165	23819	19011	20916	23626	28646
0:12:57	30.0	15772	18443	20563	25233	15317	17415	19914	23980	19082	21073	23747	28681
0:13:04	30.0	15687	18527	21001	25148	15558	17446	20040	23872	19100	20928	23887	28698
0:13:11	30.0	15494	18546	20553	25000	15587	17325	19984	23791	19228	21072	23764	28514
0:13:18	30.0	15601	18520	20880	24710	15480	17344	19949	23783	19021	20907	23779	28431
0:13:25	30.0	15764	18212	20721	25067	15415	17486	19956	23712	19060	21069	23499	28454
0:13:32	30.0	15425	18568	20482	25061	15369	17475	20027	23989	18939	21000	23527	28540
0:13:39	30.0	15664	18440	20823	25047	15341	17543	20042	24028	19096	21003	23701	28514
0:13:46	30.0	15720	18530	21120	24845	15668	17670	19970	23850	18999	20739	23793	28567
0:13:53	30.0	15603	18244	20650	25190	15375	17598	20048	23803	19130	21072	23850	28455
0:14:00	30.0	15646	18449	20734	24735	15447	17259	20083	23861	19130	20985	23667	28427
0:14:07	30.0	15610	18333	20718	25027	15429	17467	19775	23596	19154	20918	23603	28359
0:14:14	30.0	15582	18223	20768	25210	15573	17445	19922	23673	18981	20751	23774	28262
0:14:21	30.0	15683	18276	20647	24984	15480	17263	19867	24004	18955	20655	23589	28470
0:14:28	30.0	15687	18474	20735	24969	15440	17416	20093	23845	18895	20742	23631	28425
0:14:35	30.0	15692	18294	20621	24902	15406	17487	19946	23970	18905	20995	23518	28603
0:14:42	30.0	15571	18352	20517	25114	15108	17480	19974	23566	18936	20744	23507	28471
0:14:49	30.0	15531	18362	20759	25195	15298	17363	19846	23643	18892	20697	23504	28384
0:14:56	30.0	15680	18405	20540	25140	15710	17191	19922	23640	19009	20793	23340	28514
0:15:03	30.0	15693	18453	20825	25020	15521	17391	19975	23532	18873	20779	23552	28848
0:15:10	30.0	15509	18335	20721	24899	15627	17507	19714	23736	18613	20737	23469	28391
0:15:17	30.0	15520	18264	20801	24772	15338	17320	19972	23839	18719	20633	23574	28119
0:15:24	30.0	15716	18562	20881	25006	15377	17610	19844	23901	18826	20663	23610	28343
0:15:31	30.0	15651	18328	20874	25080	15439	17398	19877	23822	18692	20777	23312	28393
0:15:38	30.0	15585	18183	20657	24691	15402	17337	20054	23871	18774	20800	23606	28749
0:15:45	30.0	15678	18281	20718	25305	15366	17440	19970	23758	18766	20750	23386	28157
0:15:52	30.0	15560	18474	20645	25122	15356	17328	19993	23838	18808	20779	23255	28236
0:15:59	30.0	15472	18409	20605	24951	15450	17286	20022	23694	18861	20562	23476	28262
0:16:06	30.0	15487	18431	20743	24876	15469	17541	19991	23770	18693	20609	23474	27933
0:16:13	30.0	15520	18349	20668	24945	15472	17516	20008	23874	18667	20706	23342	28030
0:16:20	30.0	15585	18270	20745	25115	15261	17498	19925	24063	18638	20316	23298	28161
0:16:27	30.0	15553	18195	20763	24650	15381	17361	20230	23745	18799	20663	23451	27949
0:16:34	30.0	15526	18198	20820	25097	15576	17352	20003	23742	18870	20580	23501	28103
0:16:41	30.0	15509	18351	20738	25144	15259	17227	19908	23714	18666	20625	23626	27885
0:16:48	30.0	15730	18185	20810	24961	15452	17524	19919	23545	18546	20441	23332	28198
0:16:55	30.0	15571	17857	20652	25061	15343	17419	19747	24035	18767	20552	23614	28197
0:17:02	30.0	15483	18236	20710	25060	15503	17402	19882	23799	18568	20472	23230	28299
0:17:09	30.0	15613	18414	20663	24984	15641	17666	19952	23927	18775	20383	23343	28020
0:17:16	30.0	15579	18330	20538	24691	15530	17466	20097	24029	18613	20524	23420	28230
0:17:23	30.0	15635	18370	20559	25101	15284	17358	19894	23947	18534	20615	23576	28133
0:17:30	30.0	15536	18134	20819	25250	15413	17285	20064	23730	18653	20533	23335	27960
0:17:37	30.0	15438	18204	20636	25041	15412	17171	19811	23899	18394	20796	23466	28063
0:17:44	30.0	15438	18178	20770	25001	15384	17408	20047	23703	18486	20370	23404	27934
0:17:51	30.0	15475	18224	20700	24895	15439	17270	20087	23611	18812	20724	23073	28253
0:17:58	30.0	15519	18185	20724	25468	15555	17431	20043	23924	18529	20428	23265	28122
0:18:05	30.0	15575	18179	20793	24932	15582	17356	19937	23828	18434	20155	23276	28163
0:18:12	30.0	15585	18134	20714	25237	15373	17490	19953	23984	18579	20382	23336	28314
0:18:19	30.0	15483	18074	20590	25084	15470	17607	19859	23868	18725	20285	23479	28189
0:18:26	30.0	15612	18317	20699	25299	15460	17231	20117	24350	18554	20268	23316	27869
0:18:33	30.0	15489	18179	20576	25254	15408	17338	20087	24055	18342	20229	23278	28218
0:18:40	30.0	15485	18227	20540	24855	15432	17473	19836	24057	18523	20240	23184	28370
0:18:47	30.0	15323	18198	20593	24967	15405	17436	19911	24054	18437	20554	23168	28059
0:18:54	30.0	15676	18191	20795	24939	15455	17712	20078	24056	18389	20397	23544	27853
0:19:01	30.0	15545	18540	20651	24817	15548	17386	20172	23873	18506	20549	23151	27638
0:19:08	30.0	15466	18144	20515	24797	15246	17489	19892	24017	18383	20405	23246	28038
0:19:15	30.0	15594	18398	20565	25067	15624	17556	20161	23963	18589	20452	23163	27964
0:19:22	30.0	15502	18220	20485	25017	15746	17436	20128	23692	18495	20260	23182	27866
0:19:29	30.0	15420	18261	20257	25073	15605	17673	20289	24119	18559	20052	23310	27880
0:19:36	30.0	15463	18181	20685	25171	15504	17419	20212	23765	18402	20204	23273	28219
0:19:43	30.0	15484	18173	20298	25082	15492	17409	20217	23946	18373	20160	23164	28440
0:19:50	30.0	15519	18275	20548	25272	15734	17426	19940	23910	18351	20050	23083	28228
0:19:57	30.0	15528	18102	20653	25129	15711	17453	20309	23972	18372	20347	23100	27973
0:20:04	30.0	15587	18071	20609	25018	15574	17521	20126	23970	18367	20225	23151	27913
0:20:11	30.0	15429	18047	20519	25318	15401	17529	19880	23916	18290	20413	23213	27818
0:20:18	30.0	15613	18031	20981	24817	15511	17441	20065	23725	18608	20265	23316	27924
0:20:25	30.0	15216	18207	20571	24989	15547	17552	20341	23839	18376	20172	23301	28005
0:20:32	30.0	15228	18188	20436	25213	15450	17397	20092	23703	18581	20220	23231	27688
0:20:39	30.0	15486	18106	20572	24939	15642	17597	19929	23806	18540	20077	23265	27723
0:20:46	30.0	15637	18484	20619	25009	15505	17362	20347	23731	18548	20134	23278	27928
0:20:53	30.0	15175	18215	20694	24897	15673	17447	19941	23952	18361	19839	23097	27918
0:21:00	30.0	15579	18205	20474	25132	15431	17315	20185	23844	18217	20042	23039	27831
0:21:07	30.0	15447	18156	20596	24873	15554	17521	20007	23925	18282	20226	22904	27968
0:21:14	30.0	15499	18079	20539	25309	15480	17488	20084	23855	18430	20311	23242	28045
0:21:21	30.0	15633	18163	20566	25041	15426	17443	20089	23672	18492	20390	22945	28012
0:21:28	30.0	15531	18232	20554	24961	15524	17245	19979	23894	18494	20159	23259	27792
0:21:35	30.0	15459	17922	20424	25141	15479	17485	19957	23630	18367	20261	23274	27740
0:21:42	30.0	15321	18112	20481	25001	15476	17651	20103	23713	18475	20012	22955	28089
0:21:49	30.0	15359	18095	20553	24995	15489	17465	20044	23930	18463	20068	22761	27694
0:21:56	30.0	15261	18123	20589	24802	15387	17187	19985	23809	18398	20044	23192	27900
0:22:03	30.0	15411	18219	20596	24802	15251	17187	19971	23684	18363	20078	22930	27752
0:22:10	30.0	15460	18213	20607	24933	15435	17336	19971	23522	18380	20264	22919	27831
0:22:17	30.0	15452	18000	20654	24853	15309	17420	20023	23914	18297	20255	22995	27976
0:22:24	30.0	15394	18137	20542	25192	15434	17368	19868	24007	18326	20240	22847	28023
0:22:31	30.0	15447	17937	20620	24854	15417	17449	19995	23966	18382	20272	22723	27949
0:22:38	30.0	15319	18006	20669	24933	15549	17470	20053	23888	18230	20197	23062	27979
0:22:45	30.0	15244	18129	20588	25056	15560	17304	19971	23830	18319	20186	23091	27760
0:22:52	30.0	15417	18078	20915	25167	15495	17345	20029	23736	18473	20080	22811	27728
0:22:59	30.0	15230	18029	20503	24856	15485	17580	19977	23729	18477	20047	22797	27675
0:23:06	30.0	15504	17982	20415	24819	15434	17349	20135	23771	18443	19843	22830	27835
0:23:13	30.0	15193	17999	20415	25092	15298	17383	19814	23513	18350	19939	22866	27809
0:23:20	30.0	15389	17953	20419	25024	15376	17226	19933	23873	18396	20006	22931	27837
0:23:27	30.1	15270	18117	20259	24745	15469	17435	19962	23863	18126	20013	22897	27529
0:23:34	30.1	15254	18089	20299	25057	15310	17263	19913	23662	18189	19929	22905	27767
0:23:41	30.0	15266	17928	20292	25016	15371	17431	19886	23686	18462	20173	22603	27776
0:23:48	30.1	15387	17838	20056	25084	15371	17324	19769	23633	18344	20042	22614	27676
0:23:55	30.1	15233	17920	20458	24535	15544	17293	20016	23894	18052	20007	22741	27732
0:24:02	30.0	15455	17932	20557	24749	15481	17453	20018	23846	18226	20046	22875	27681
0:24:09	30.1	15195	17968	20371	24817	15563	17317	19828	23482	18185	19917	22827	27879
0:24:16	30.1	15340	18091	20298	24562	15373	17369	19890	24002	18263	20162	22438	27749
0:24:23	30.1	15291	17964	20282	24673	15447	17325	19911	23708	18115	20018	22858	27845
0:24:30	30.0	15255	17889	20303	24673	15355	17333	19858	23699	17999	20205	22726	27682
0:24:37	30.1	15232	18087	20579	24712	15507	17306	19892	23601	18512	20316	22736	27553
0:24:44	30.1	15202	17787	20234	24980	15371	17533	19767	23695	18510	20217	22654	27492
0:24:51	30.0	15349	17894	20372	24872	15140	17140	19742	23647	18249	19917	22575	27287
0:24:58	30.1	15351	18003	20255	24710	15363	17666	19977	23663	18218	20030	22614	27332
0:25:05	30.1	15036	17926	20210	24651	15417	17219	20030	23677	18321	20004	22354	27538
0:25:12	30.0	15247	18002	20329	24838	15480	17440	19719	23574	18393	19910	22715	27429
0:25:19	30.1	15343	17942	20409	24860	15562	17392	19968	23879	18134	20021	22575	27399
0:25:26	30.1	15454	17801	20348	24793	15645	17350	19753	23840	18226	20107	22614	27278
0:25:33	30.1	15247	18001	20331	24756	15477	17348	19823	23647	18148	20095	22761	27637
0:25:40	30.1	15225	17911	20342	24815	15268	17188	19855	23516	18257	19960	22817	27747
0:25:47	30.1	15207	17907	20224	24685	15657	17099	19860	23446	18192	19654	22622	27704
0:25:54	30.1	15321	17992	20220	24775	15449	17359	19894	23431	18357	19835	22463	27554
0:26:01	30.1	15231	18009	20625	24802	15466	17309	19890	23659	18131	19818	22422	27548
0:26:08	30.1	15104	18128	20324	24901	15375	17289	19749	23489	18217	19865	22601	27640
0:26:15	30.1	15236	18074	20468	24585	15298	17278	19746	23768	18175	19812	22479	27465
0:26:22	30.1	15293	17963	20212	24576	15157	17172	19888	23631	18345	19894	22669	27446
0:26:29	30.0	15197	17842	20239	24310	15537	17361	19782	23881	18338	19877	22451	27660
0:26:36	30.0	15113	17917	20273	24755	15354	17442	19904	23654	18425	19896	22385	27737
0:26:43	30.1	15154	17897	20231	24805	15241	17336	19760	23714	18154	20011	22258	27090
0:26:50	30.1	15230	17740	20516	24914	15351	17379	19840	23605	18200	20125	22482	27395
0:26:57	30.1	15293	17772	20158	24832	15211	17321	19901	23712	17972	19851	22277	27338
0:27:04	30.1	15280	18130	20486	24679	15291	17153	19824	23582	17992	19904	22475	27838
0:27:11	30.1	15060	17737	20087	24970	15397	17119	19818	23607	18184	19857	22346	27762
0:27:18	30.0	15164	17718	20151	24785	15293	17212	19720	23204	18146	19758	22258	27779
0:27:25	30.0	15143	17734	20335	24479	15450	17364	19693	23443	18081	19823	22368	27630
0:27:32	30.1	15164	17983	20292	24752	15345	17240	19904	23398	17967	19702	22096	27405
0:27:39	30.1	15073	17991	20214	24744	15330	17330	19866	23535	17979	19743	22093	27431
0:27:46	30.1	15296	17967	20077	24512	15219	17270	19895	23782	17934	19856	22085	27618
0:27:53	30.1	15170	17929	20267	24721	15276	17282	19440	23676	17960	19598	22293	27412
0:28:00	30.1	15109	17883	20370	24844	15288	17162	19897	23465	18124	19942	22285	27554
0:28:07	30.0	15205	17788	20051	24692	15526	17437	19682	23568	17735	19839	22147	27182
0:28:14	30.0	15132	17978	20095	24706	15280	17130	19846	23264	18156	19544	22422	27343
0:28:21	30.1	15119	17891	20250	24620	15444	17214	19652	23677	18013	19632	22196	27340
0:28:28	30.1	15307	17892	20296	24688	15338	17148	19859	23543	18095	19726	22118	27260
0:28:35	30.1	15383	17984	19951	24618	15480	17108	19614	23490	18026	19463	22038	27444
0:28:42	30.1	15225	17867	20254	24447	15291	17218	19724	23462	17911	19597	22103	27482
0:28:49	30.1	15118	17737	20076	24503	15477	17371	19635	23478	17983	19684	21978	27398
0:28:56	30.0	15254	17989	20359	24569	15293	17232	19813	23462	17898	19667	22265	27419
0:29:03	30.1	15070	17683	20198	24674	15255	17149	19631	23487	18021	19619	22082	27174
0:29:10	30.1	15258	17672	20263	24272	15225	17207	19670	23748	17757	19344	22209	27162
0:29:17	30.1	15182	17891	20236	24782	15428	17186	19679	23609	17695	19529	22069	27470
0:29:24	30.1	15161	17919	20103	24457	15194	17291	19771	23433	17938	19813	21988	27212
0:29:31	30.1	15162	17625	20382	24776	15413	17232	19825	23362	17889	19601	22159	27188
0:29:38	30.1	15096	18027	20214	24591	15178	17009	19644	23552	17958	19421	22233	26961
0:29:45	30.0	14881	17861	20200	24726	15314	17251	19920	23352	17787	19537	22199	27050
0:29:52	30.1	15208	17883	20346	24409	15330	17081	19687	23347	17737	19609	22016	27085
0:29:59	30.1	15088	17578	20301	24562	15299	17165	19520	23353	17681	19562	21888	27363
0:30:06	30.1	15100	17898	20084	24489	15083	17243	19750	23514	17787	19461	21958	27237
0:30:13	30.1	15184	17796	20252	24670	15266	17199	19504	23712	17760	19523	21898	27072
0:30:20	30.1	15201	17704	20211	24715	15364	16990	19750	23495	17654	19598	21977	27490
0:30:27	30.1	14994	17925	20289	24763	15311	17188	19613	23343	17631	19529	21930	27163
0:30:34	30.1	15175	17767	20057	24661	15177	17230	19677	23455	17707	19444	21800	27122
0:30:41	30.1	15086	17707	20398	24213	15227	17233	19619	23646	17928	19407	22150	27431
0:30:48	30.1	14971	17823	20151	24559	15172	17084	19567	23465	17811	19384	21815	27178
0:30:55	30.1	15200	17756	19988	24460	15228	17095	19555	23476	17580	19472	21950	27161
0:31:02	30.1	15031	17864	20191	24596	15320	17066	19831	23338	17688	19375	21750	27242
0:31:09	30.1	15214	17691	20209	24537	15364	17149	19532	23351	17643	19240	22014	27165
0:31:16	30.1	15064	17812	20150	24798	15333	16952	19601	23320	17647	19241	21813	26933
0:31:23	30.1	15049	17666	19967	24692	15051	17224	19494	23298	17767	19637	21786	26967
0:31:30	30.1	14975	17669	20182	24735	15072	17182	19581	23474	17751	19415	21732	26925
0:31:37	30.1	15103	17682	20189	24522	15106	16967	19526	23737	17761	19300	21870	26969
0:31:44	30.1	15236	17696	19967	24693	15189	17037	19681	23637	17656	19237	21765	26849
0:31:51	30.1	15073	17818	19953	24482	15280	17115	19626	23459	17637	19323	21938	27099
0:31:58	30.1	15039	17956	20032	24213	15219	16871	19568	23210	17916	19310	21870	27149
0:32:05	30.1	14915	17638	20142	24430	15144	16966	19709	23448	17527	19314	21524	26841
0:32:12	30.1	15134	17871	20005	24416	15124	17192	19672	23355	17473	19354	21721	26529
0:32:19	30.1	15057	17770	20056	24583	15136	16934	19457	23272	17596	19181	21658	26988
0:32:26	30.1	14871	17741	19943	24639	15150	16964	19639	23264	17701	19266	21601	26907
0:32:33	30.1	14942	17705	20022	24423	15238	17049	19573	23210	17529	19513	21597	26665
0:32:40	30.1	14954	17770	19850	24645	15227	17191	19549	23330	17666	19205	21646	26673
0:32:47	30.1	14995	17716	19864	24347	15215	16973	19601	23460	17503	19213	21678	26527
0:32:54	30.1	14968	17397	20330	24514	15205	16946	19375	23210	17497	18992	21340	26706
0:33:01	30.1	15144	17525	19953	24368	15162	17009	19333	23615	17350	19342	21496	26716
0:33:08	30.1	14918	17795	19903	24187	15118	17163	19385	23185	17550	18942	21491	26632
0:33:15	30.1	15067	17729	19908	24259	15030	16987	19562	23314	17589	18797	21494	26571
0:33:22	30.1	14958	17641	20102	24497	15094	17076	19561	23406	17379	18935	21407	26684
0:33:29	30.1	14972	17643	20031	24216	15141	17120	19473	23040	17506	18962	21484	26787
0:33:36	30.1	15035	17545	19975	24383	15113	17060	19522	23396	17396	19131	21461	26608
0:33:43	30.1	15110	17424	20019	24336	15056	16818	19600	23061	17324	19057	21326	26568
0:33:50	30.1	14780	17498	19902	23973	15294	16966	19535	23105	17439	19148	21255	26588
0:33:57	30.1	15022	17605	20194	24407	15262	17106	19644	23244	17403	18928	21567	26504
0:34:04	30.1	14722	17575	20026	24399	14932	16742	19551	23367	17271	18947	21492	26427
0:34:11	30.1	14931	17508	19882	24547	15047	16959	19506	23229	17269	18868	21529	26525
0:34:18	30.1	14874	17664	19747	24277	15117	17187	19702	23308	17306	18961	21301	26667
0:34:25	30.1	14939	17459	20032	24096	15136	17041	19464	23501	17074	18992	21493	26456
0:34:32	30.1	15004	17613	19866	24177	14883	17112	19538	23101	17194	18908	21157	26633
0:34:39	30.1	14946	17445	20159	24341	15153	16960	19525	23268	17125	18817	21535	26091
0:34:46	30.1	14892	17606	20214	24433	14998	17181	19497	23203	17347	18853	21405	26414
0:34:53	30.1	14911	17842	20055	24318	15011	17114	19323	22937	17193	19223	21491	26696
0:35:00	30.1	14880	17718	19803	24208	15070	16891	19644	23019	17470	18987	21232	26529
0:35:07	30.1	15002	17556	19908	24554	15051	16848	19427	23279	17123	18901	21345	26339
0:35:14	30.1	14937	17689	20172	24339	14990	17102	19401	23365	17250	18849	21363	26471
0:35:21	30.1	14933	17309	19850	24272	15016	16784	19528	23293	17260	19037	21278	26452
0:35:28	30.1	14874	17471	19951	24509	14950	16923	19447	23002	17306	18894	21208	26276
0:35:35	30.1	15008	17674	19820	24298	14982	16811	19211	23178	17079	18885	21243	26437
0:35:42	30.1	15097	17592	19799	24396	14854	16880	19357	23018	17334	18850	21298	26219
0:35:49	30.1	14896	17618	19794	24368	14835	16965	19427	22945	17314	18965	21169	26379
0:35:56	30.1	14995	17427	19760	24195	14948	16822	19379	23063	17126	18778	21206	26349
0:36:03	30.1	15068	17535	19994	24459	14889	16884	19331	23018	17145	18754	21191	26372
0:36:10	30.1	14917	17563	20073	24615	14886	16883	19260	23011	17051	18960	21298	26344
0:36:17	30.1	14787	17542	19778	24123	14891	16749	19354	23160	17381	18728	21034	26092
0:36:24	30.1	14964	17481	19740	24099	14967	16932	19499	23195	17168	19130	21206	25916
0:36:31	30.1	14860	17526	19698	24303	14868	16864	19161	23422	17051	18776	21171	26246
0:36:38	30.1	14823	17477	19898	24009	15005	16964	19232	23070	17325	18808	21243	26179
0:36:45	30.1	14875	17627	19812	24154	15112	16975	19123	22900	17004	18686	21237	26330
0:36:52	30.1	14772	17315	19740	24292	15216	16823	19451	23144	16887	18780	21249	26494
0:36:59	30.1	14763	17545	19772	24103	14792	16775	19411	23115	17111	18753	21092	26293
0:37:06	30.1	14920	17661	19680	24106	14706	16802	19379	22840	16973	18737	21134	26060
0:37:13	30.1	15081	17401	19889	24001	15122	16814	19470	22688	17182	18697	21063	26074
0:37:20	30.1	14981	17485	19618	24194	14956	16947	19249	22813	16956	18730	20947	26110
0:37:27	30.1	14991	17538	19700	23959	15003	16702	19155	22944	17199	18818	21210	26446
0:37:34	30.1	14874	17609	19699	24283	15175	16829	19303	23009	17104	18779	21209	25970
0:37:41	30.1	14745	17436	19661	24273	15112	17050	19422	22864	17136	18671	21082	26020
0:37:48	30.1	14832	17507	19801	24053	14755	16847	19399	22993	16986	18542	21249	26101
0:37:55	30.1	14889	17838	19670	24017	15109	16889	19336	23170	17111	18665	20905	26007
0:38:02	30.1	14804	17377	19812	24038	14914	16922	19215	23092	16933	18661	20994	26134
0:38:09	30.1	14856	17529	19865	24115	15064	16842	19327	23049	17108	18644	21096	26028
0:38:16	30.1	14814	17375	19704	24280	15066	16848	19429	23080	16797	18508	21117	26002
0:38:23	30.1	14739	17409	19665	24451	14951	16839	19181	22785	17131	18730	21143	26125
0:38:30	30.1	14883	17396	19926	24385	15084	16953	19349	22905	17067	18629	20925	26126
0:38:37	30.1	14822	17503	20090	24147	14899	16947	19330	23024	16820	18536	21156	25930
0:38:44	30.1	14637	17601	19773	23939	14957	16780	19283	22954	17082	18538	20906	25954
0:38:51	30.1	14897	17257	19889	24207	14939	17015	19197	23095	16965	18913	20908	26049
0:38:58	30.1	14713	17237	19972	24212	14879	16904	19471	23139	16966	18688	20930	26287
0:39:05	30.1	14795	17483	19763	24331	14750	16683	19316	23021	16953	18686	20920	26005
0:39:12	30.1	14714	17451	19880	24265	14910	16772	19160	22811	17158	18350	20851	26138
0:39:19	30.1	14893	17284	19840	24128	14944	16883	19286	23070	17009	18893	20900	25759
0:39:26	30.1	14726	17829	19978	24193	14985	16715	19112	23128	16948	18623	20861	25827
0:39:33	30.1	14855	17285	19609	24403	14748	16738	19226	23182	16857	18745	20859	25796
0:39:40	30.1	14867	17488	19782	24074	14848	16862	19288	22743	16919	18543	20892	25811
0:39:47	30.1	14790	17293	19762	24079	14934	16815	19246	22697	16873	18408	21104	25579
0:39:54	30.1	14847	17463	19645	24028	14879	16801	19204	22952	16800	18411	20989	25887
0:40:01	30.1	14761	17555	19708	23900	14899	16694	19377	23217	16764	18442	20710	25920
0:40:08	30.1	14681	17470	19853	24013	14940	16809	19039	22961	16861	18570	20912	25827
0:40:15	30.1	14945	17461	19767	23938	14998	16712	19370	23071	16597	18542	20867	26042
0:40:22	30.1	14831	17303	19883	24517	15122	16630	19266	23170	16937	18517	20871	25659
0:40:29	30.1	14785	17289	19794	24054	15006	16694	19299	22834	16875	18548	21097	25980
0:40:36	30.1	14784	17536	19744	23985	14883	16724	19521	22883	17040	18452	20879	26041
0:40:43	30.1	14875	17236	19817	24319	15077	16869	19356	22816	16754	18563	20977	25866
0:40:50	30.1	14761	17413	19861	24115	14998	16692	19199	22809	16666	18288	20752	25922
0:40:57	30.1	14800	17460	19672	24277	14937	16774	19507	22731	16767	18400	20747	25854
0:41:04	30.1	14788	17523	19725	24305	14820	16694	19368	22887	16747	18523	20763	25744
0:41:11	30.1	14822	17405	19642	24013	14729	16850	19262	23060	16750	18247	20593	26019
0:41:18	30.1	14889	17445	19452	24195	14576	16673	19247	22745	16818	18412	20884	25809
0:41:25	30.1	14692	17522	19749	23854	14736	16814	19414	22948	16823	18432	20704	25321
0:41:32	30.1	14844	17483	20039	23911	14766	16599	19179	23180	16827	18353	20539	25693
0:41:39	30.1	14747	17477	19680	23870	14982	16595	19345	22949	16783	18316	20860	25953
0:41:46	30.1	14612	17470	19481	24119	14693	16718	19430	22745	16528	18500	20959	25371
0:41:53	30.1	14782	17422	19723	24025	14683	16692	19344	22416	16622	18371	20775	25695
0:42:00	30.1	14694	17436	19575	24006	14854	16621	19197	22837	16655	18401	20801	25858
0:42:07	30.1	14637	17379	19642	24417	14972	16850	19034	22857	16699	18225	20684	25700
0:42:14	30.1	14649	17307	19674	24024	14760	16551	19303	22731	16690	18477	20714	25529
0:42:21	30.1	14767	17361	19686	23999	14988	16750	19077	23045	16682	18421	20593	25661
0:42:28	30.1	14818	17322	19588	24159	14898	16755	19308	22854	16739	18473	20549	25546
0:42:35	30.1	14730	17279	19577	23832	14914	16624	19039	22880	16558	18319	20559	25938
0:42:42	30.1	14741	17397	19778	24032	14834	16548	19302	22754	16480	18215	20596	25572
0:42:49	30.1	14836	17492	19735	24007	14762	16738	19126	22978	16696	18580	20689	25455
0:42:56	30.1	14872	17323	19909	23839	14628	16794	19331	22941	16466	18139	20618	25511
0:43:03	30.1	14515	17404	19588	24217	14861	16754	18986	22858	16579	18352	20430	25661
0:43:10	30.1	14624	17549	19724	23820	14656	16893	18962	22829	16582	18332	20501	25422
0:43:17	30.1	14773	17482	19632	23771	14818	17011	19213	22763	16399	18218	20576	25559
0:43:24	30.1	14730	17442	19576	23885	14986	16736	18995	22432	16832	18044	20459	25720
0:43:31	30.1	14738	17248	19539	24050	14785	16692	19215	22802	16609	18198	20585	25639
0:43:38	30.1	14664	17332	19513	23896	14955	16617	19230	23007	16453	18379	20487	25335
0:43:45	30.1	14653	17272	19701	24027	14636	16629	19260	22951	16774	18289	20586	25180
0:43:52	30.1	14662	17462	19572	23851	14715	16633	19338	22743	16574	18249	20523	25588
0:43:59	30.1	14517	17346	19730	23927	14853	16628	18895	22882	16376	18223	20501	25506
0:44:06	30.1	14716	17262	19526	23961	14779	16583	19236	22909	16605	18289	20483	25534
0:44:13	30.1	14869	17328	19656	24136	14983	16773	19200	22769	16733	18163	20534	25508
0:44:20	30.1	14712	17439	19552	23816	14768	16524	19063	22670	16726	18235	20545	25443
0:44:27	30.1	14522	17419	19504	24133	14797	16610	19129	22754	16778	18302	20551	25508
0:44:34	30.1	14821	17115	19588	23821	14821	16711	19093	22839	16492	18255	20495	25260
0:44:41	30.1	14618	17452	19503	23823	14734	16593	19153	22917	16629	17920	20456	25165
0:44:48	30.1	14516	17238	19450	24071	14770	16787	19169	22972	16661	18208	20420	25153
0:44:55	30.1	14652	17320	19475	23850	14887	16855	19084	22837	16670	18098	20515	25253
0:45:02	30.1	14737	17351	19538	23757	14665	16876	19259	23055	16526	17941	20587	25681
0:45:09	30.1	14662	17141	19718	23820	14923	16514	19204	22609	16570	18189	20333	25192
0:45:16	30.1	14979	17340	19772	24085	14930	16595	19159	22759	16583	18183	20515	25305
0:45:23	30.1	14616	17305	19471	23758	14849	16614	19055	22847	16463	18269	20426	25470
0:45:30	30.1	14825	17461	19663	24105	14717	16603	18895	22472	16294	18160	20335	25083
0:45:37	30.1	14679	17134	19503	24054	14797	16656	19047	22718	16315	18232	20256	25207
0:45:44	30.1	14657	17377	19524	23558	14752	16616	19077	22582	16326	18112	20552	25138
0:45:51	30.1	14660	17097	19740	24051	14853	16807	19000	22662	16383	17958	20451	25231
0:45:58	30.1	14664	17202	19710	23955	14774	16730	18969	22993	16368	18164	20152	25011
0:46:05	30.1	14694	17239	19472	24169	14953	16587	19050	22742	16357	18260	20263	25404
0:46:12	30.1	14634	17412	19632	23904	14829	16606	18976	22675	16488	18142	20363	24961
0:46:19	30.1	14544	17206	19580	23841	14651	16583	19055	22878	16371	18081	20132	25290
0:46:26	30.1	14532	17276	19589	23831	14873	16663	19178	23029	16414	17909	20448	25270
0:46:33	30.1	14618	17318	19657	23797	14608	16643	19139	22732	16610	18099	20322	25143
0:46:40	30.1	14514	17277	19534	23832	14731	16729	19109	22601	16450	17948	20434	25320
0:46:47	30.1	14602	17403	19656	23698	14704	16783	19150	22584	16494	18180	20358	25444
0:46:54	30.1	14800	17242	19697	23991	14778	16738	19149	22453	16386	17694	20481	25318
0:47:01	30.1	14673	17214	19565	23955	14812	16582	19037	22562	16527	17869	20289	25108
0:47:08	30.1	14621	17298	19529	23821	14882	16775	19205	22708	16523	18085	20175	25208
0:47:15	30.1	14658	17135	19555	23513	14692	16736	19129	22658	16474	17775	20201	25092
0:47:22	30.1	14712	17172	19561	23835	14747	16774	19241	22654	16253	18023	20073	25191
0:47:29	30.1	14611	17275	19534	23780	14691	16536	19209	22597	16425	18157	20224	24904
0:47:36	30.1	14503	17252	19404	24023	14838	16512	19053	22805	16523	18356	20330	25117
0:47:43	30.1	14493	16941	19716	23976	14951	16524	19170	22774	16548	17979	20168	25039
0:47:50	30.1	14647	17288	19426	23890	14574	16721	19071	22815	16298	18172	20402	24933
0:47:57	30.1	14799	17214	19629	23683	14736	16586	18953	22560	16482	18016	20083	24998
0:48:04	30.1	14587	17461	19340	23926	14496	16471	18899	22688	16429	18112	20322	25099
0:48:11	30.1	14664	17267	19496	23906	14745	16619	18826	22446	16240	18025	20231	24811
0:48:18	30.1	14584	17165	19496	23966	14536	16658	18994	22731	16476	18309	20226	24991
0:48:25	30.1	14639	17309	19515	23932	14677	16564	19082	22792	16346	18189	20198	24998
0:48:32	30.1	14636	17172	19584	23821	14694	16609	19035	22618	16414	18078	20319	25040
0:48:39	30.1	14699	17413	19515	23989	14721	16695	19191	23128	16265	17956	20311	24760
0:48:46	30.1	14526	17005	19558	23669	14786	16593	19186	22625	16305	18122	20295	25049
0:48:53	30.1	14743	17336	19582	23924	14661	16632	19047	22733	16292	17817	20174	24983
0:49:00	30.1	14696	17367	19399	23775	14806	16678	18750	22669	16457	17915	20190	24947
0:49:07	30.1	14476	17272	19525	23669	14794	16512	19070	22741	16446	17646	20183	24812
0:49:14	30.1	14353	17214	19509	23803	14681	16582	19193	22870	16223	17979	20059	25034
0:49:21	30.1	14616	17050	19690	23486	14623	16718	19150	22544	16186	17868	20233	24962
0:49:28	30.1	14555	17264	19364	23729	14758	16492	18823	22440	16293	17799	20042	25032
0:49:35	30.1	14600	17278	19477	23687	14753	16483	19153	22658	16144	17978	20293	25221
0:49:42	30.1	14540	17034	19628	23624	14607	16532	18879	22838	16357	18096	20216	24979
0:49:49	30.1	14735	17275	19446	23851	14710	16681	18821	22775	16215	17852	20305	24788
0:49:56	30.1	14464	17021	19464	23467	14803	16595	19334	22663	16339	17982	20057	24797
0:50:03	30.1	14527	17057	19449	23862	14789	16553	18869	22820	16303	17753	19945	24987
0:50:10	30.1	14577	17249	19370	23878	14711	16546	18877	22595	16116	17674	20304	24779
0:50:17	30.1	14520	17058	19490	23774	14899	16646	19001	22667	16277	17762	20023	25122
0:50:24	30.1	14535	17192	19571	23976	14723	16629	19011	22513	16245	17720	20324	25121
0:50:31	30.1	14684	17152	19430	23600	14708	16429	18835	22854	16326	17571	19965	24711
0:50:38	30.1	14572	17170	19429	23679	14727	16453	18975	22390	16391	17708	19989	24947
0:50:45	30.1	14575	17224	19511	23917	14819	16441	19022	22384	16313	17699	19948	24790
0:50:52	30.1	14523	17211	19468	23949	14668	16646	19046	22735	16311	17836	19948	24814
0:50:59	30.1	14564	17140	19484	23795	14880	16564	18958	22728	16172	18075	19846	24856
0:51:06	30.1	14756	17157	19420	23530	14772	16612	18879	22754	16321	17450	20129	24802
0:51:13	30.1	14728	17169	19425	23680	14696	16532	19031	22541	16294	17767	20016	24587
0:51:20	30.1	14509	16999	19329	23615	14641	16490	18865	22538	16405	17618	20039	24942
0:51:27	30.1	14546	17271	19488	23956	14696	16550	18894	22431	16107	17755	20083	24663
0:51:34	30.1	14561	17003	19598	23962	14474	16624	18882	22544	16272	17750	20067	24650
0:51:41	30.1	14393	17040	19598	23520	14406	16619	19032	22646	16160	17828	19917	24811
0:51:48	30.1	14439	16910	19931	23871	14567	16627	19068	22617	16121	17828	20020	24792
0:51:55	30.1	14467	17267	19212	23903	14817	16505	19133	22423	16086	17829	20152	24964
0:52:02	30.1	14640	17086	19284	23785	14728	16628	19054	22566	16187	17970	20392	24793
0:52:09	30.1	14498	17083	19474	23774	14713	16587	18938	22425	16204	17736	20038	24757
0:52:16	30.1	14541	17040	19475	23689	14806	16558	18848	22669	16070	17708	20077	24755
0:52:23	30.1	14678	17199	19384	23602	14688	16516	19070	22464	16293	17864	19950	24526
0:52:30	30.1	14285	17089	19315	23615	14407	16488	18929	22404	16242	17905	19898	24569
0:52:37	30.1	14450	17048	19406	23897	14717	16528	19026	22855	16130	17692	19877	24870
0:52:44	30.1	14474	17192	19325	23797	14683	16730	19146	22531	16245	17671	19955	24669
0:52:51	30.1	14542	17141	19499	23700	14746	16448	18815	22501	16086	17719	19913	24671
0:52:58	30.1	14574	17164	19319	23576	14603	16424	18842	22523	15975	17731	19786	24611
0:53:05	30.1	14493	17275	19274	23642	14693	16579	18977	22495	15980	17810	20011	24759
0:53:12	30.1	14518	17061	19562	23672	14927	16274	19237	22287	16123	17531	20028	24839
0:53:19	30.1	14780	17058	19292	23938	14852	16609	18990	22697	16195	17522	19759	24749
0:53:26	30.1	14577	17143	19337	23649	14717	16706	18986	22596	16227	17703	19888	24428
0:53:33	30.1	14592	16987	19280	23557	14773	16565	18754	22597	16105	17734	19916	24738
0:53:40	30.1	14615	17119	19354	23733	14615	16578	18944	22715	16077	17677	19931	24799
0:53:47	30.1	14419	17212	19117	23696	14722	16446	18936	22512	16127	17573	19932	24620
0:53:54	30.1	14481	16875	19596	23836	14694	16534	18899	22747	16120	17417	20027	24399
0:54:01	30.1	14216	17076	19217	23858	14805	16534	19103	22394	16100	17390	20126	24536
0:54:08	30.1	14587	17191	19529	23765	14571	16520	19033	22643	16270	17659	19690	24486
0:54:15	30.1	14577	17250	19198	23547	14673	16462	18799	22481	15969	17829	19869	24741
0:54:22	30.1	14535	16898	19380	23680	14628	16470	18750	22584	15947	17444	19800	24632
0:54:29	30.1	14447	17106	19597	23684	14605	16501	19084	22521	16075	17499	19836	24450
0:54:36	30.1	14593	16875	19279	23719	14486	16492	18947	22515	16029	17673	19944	24696
0:54:43	30.1	14543	17010	19404	23822	14605	16595	19003	22287	16072	17683	19689	24581
0:54:50	30.1	14607	17159	19280	23602	14701	16787	19060	22527	15984	17506	19928	24581
0:54:57	30.1	14420	17219	19382	23573	14697	16583	18873	22331	16048	17554	19865	24651
0:55:04	30.1	14466	17062	19390	23687	14613	16487	18850	22810	15963	17494	19909	24616
0:55:11	30.1	14476	17073	19389	23561	14630	16610	18953	22455	16005	17332	19984	24477
0:55:18	30.1	14384	17200	19210	23805	14558	16397	18660	22313	15980	17507	19855	24325
0:55:25	30.1	14497	17086	19433	23594	14596	16574	19044	22300	15897	17621	19965	24371
0:55:32	30.1	14547	17164	19332	23771	14751	16380	18973	22184	16000	17615	19724	24374
0:55:39	30.1	14450	16920	19332	23651	14645	16590	18855	22543	15856	17553	19955	24394
0:55:46	30.1	14479	17168	19404	23688	14518	16426	18866	22303	15916	17439	19659	24529
0:55:53	30.1	14670	17008	19444	23696	14622	16468	18856	22604	16024	17722	19911	24502
0:56:00	30.1	14463	17171	19420	23432	14511	16598	18937	22726	16047	17751	19757	24303
0:56:07	30.1	14671	17088	19471	23567	14610	16564	18871	22559	16158	17551	19862	24431
0:56:14	30.1	14426	16855	19220	23628	14711	16314	18861	22760	16051	17447	19890	24560
0:56:21	30.1	14563	17068	19545	23714	14643	16399	18913	22647	16000	17461	19673	24652
0:56:28	30.1	14599	17083	19474	23732	14544	16509	18799	22551	15934	17500	19805	24534
0:56:35	30.1	14422	17006	19273	23666	14676	16538	19093	22400	15970	17580	19773	24553
0:56:42	30.1	14468	16970	19435	23543	14614	16328	18854	22372	15788	17552	19885	24492
0:56:49	30.1	14326	17018	19325	23932	14592	16347	18887	22637	16072	17558	19877	24433
0:56:56	30.1	14654	17142	19255	23411	14599	16396	19032	22302	15863	17534	19609	24204
0:57:03	30.1	14428	16924	19285	23692	14646	16429	18722	22430	15996	17460	19673	24487
0:57:10	30.1	14509	16995	19295	23587	14665	16483	18935	22375	16082	17502	19814	24493
0:57:17	30.1	14531	17175	19291	23300	14567	16445	18902	22649	15943	17591	19596	24406
0:57:24	30.1	14461	17187	19317	23792	14587	16441	19079	22579	15821	17480	19658	24394
0:57:31	30.0	14510	17004	19441	23731	14687	16352	18813	22614	15953	17612	19676	24123
0:57:38	30.1	14399	17225	19353	23561	14556	16585	18954	22555	15722	17498	19674	24284
0:57:45	30.1	14198	17081	19322	23580	14624	16548	18909	22277	15805	17505	19621	24219
0:57:52	30.1	14508	16968	19400	23295	14547	16363	18847	22299	16010	17287	19640	24449
0:57:59	30.1	14515	17117	19388	23683	14521	16323	18694	22329	16017	17511	19669	24246
0:58:06	30.0	14383	17217	19184	23532	14651	16436	18752	22351	16244	17515	19361	24208
0:58:13	30.1	14357	16973	19328	23808	14550	16444	18825	22553	15896	17323	19637	24460
0:58:20	30.1	14372	16905	19292	23582	14531	16380	18714	22613	15952	17334	19557	24202
0:58:27	30.1	14406	17032	19396	23473	14498	16385	18824	22580	15722	17550	19800	24308
0:58:34	30.1	14540	17004	19321	23399	14758	16458	18829	22217	15780	17459	19749	24223
0:58:41	30.1	14303	17083	19128	23294	14520	16513	18891	22217	15856	17550	19486	24474
0:58:48	30.1	14391	17029	19190	23592	14495	16347	18778	22404	15891	17527	19593	24086
0:58:55	30.1	14343	17065	19233	23818	14457	16571	18886	22319	15954	17400	19736	24415
0:59:02	30.0	14332	16938	19314	23525	14470	16501	18904	22288	15887	17490	19480	24019
0:59:09	30.1	14469	16943	19226	23434	14644	16516	19002	22049	15854	17380	19596	24413
0:59:16	30.0	14564	16923	19285	23348	14510	16381	18947	22327	16103	17453	19508	24364
0:59:23	30.1	14372	16856	19348	23344	14676	16369	18822	22486	15789	17260	19573	24008
0:59:30	30.1	14393	16953	19243	23290	14557	16544	18929	22533	16017	17421	19545	24041
0:59:37	30.1	14508	17154	19232	23452	14454	16276	18720	22702	15934	17347	19876	24106
0:59:44	30.1	14497	16787	19261	23802	14495	16675	18693	22680	15769	17534	19734	24056
0:59:51	30.0	14378	16874	19613	23369	14432	16367	18629	22414	15905	17427	19637	24181
0:59:58	30.1	14291	17039	19364	23497	14511	16365	18870	22709	15983	17462	19464	24243
1:00:05	30.0	14476	16963	19208	23730	14512	16356	18739	22082	15926	17476	19490	24152
1:00:12	30.1	14322	17085	19192	23413	14620	16423	18716	22353	15964	17309	19597	24243
1:00:19	30.1	14279	17087	19237	23954	14457	16349	18813	22261	15740	17400	19502	23973
1:00:26	30.1	14323	17082	19069	23535	14527	16331	18966	22183	15904	17545	19526	23886
1:00:33	30.1	14368	16923	19148	23803	14624	16363	18681	22136	15957	17325	19527	24107
1:00:40	30.0	14411	16834	19159	23747	14342	16400	18710	22009	15774	17454	19598	24079
1:00:47	30.1	14412	16901	19336	23456	14489	16396	18749	22327	15811	17287	19645	23881
1:00:54	30.1	14437	16812	19324	23600	14627	16538	18724	22492	15706	17304	19732	24110
1:01:01	30.1	14424	16943	19281	23400	14415	16293	18887	22173	15784	17241	19538	24119
1:01:08	30.1	14482	16920	19215	23533	14501	16372	18749	22187	15739	17239	19471	23972
1:01:15	30.1	14471	16854	19197	23466	14640	16422	18758	22354	15700	17203	19349	24128
1:01:22	30.1	14240	16887	19149	23484	14704	16450	18725	22352	15673	17264	19616	24079
1:01:29	30.1	14272	16794	19136	23537	14457	16144	18916	22258	15803	17266	19485	24123
1:01:36	30.1	14373	16984	19304	23598	14350	16285	18744	22352	15870	17266	19512	24324
1:01:43	30.0	14440	16875	19008	23429	14661	16435	18589	22432	15656	17488	19581	24137
1:01:50	30.1	14430	16854	19261	23421	14505	16247	18638	22553	15953	17441	19535	24216
1:01:57	30.1	14206	16728	19091	23530	14481	16241	18806	22322	15696	17126	19477	23927
1:02:04	30.1	14376	16792	19265	23448	14584	16286	18896	22350	15839	17286	19414	23893
1:02:11	30.1	14249	16846	19141	23551	14442	16312	18702	22219	15739	17109	19419	23901
1:02:18	30.1	14448	16852	19216	23340	14496	16450	18894	22253	15607	17159	19495	24242
1:02:25	30.1	14315	16904	19296	23511	14510	16364	18654	22243	15667	17127	19559	24133
1:02:32	30.1	14329	16857	19580	23261	14570	16304	18746	22534	15748	17247	19519	23967
1:02:39	30.1	14313	16878	19170	23354	14544	16224	18736	22175	15659	17221	19424	24045
1:02:46	30.1	14199	16871	19246	23681	14454	16233	18700	22178	15728	17087	19341	23974
1:02:53	30.1	14320	16964	19160	23415	14476	16299	18645	22186	15732	17141	19307	23927
1:03:00	30.1	14351	16923	19250	23516	14569	16507	18508	22503	15636	17484	19330	23963
1:03:07	30.1	14267	17030	19150	23671	14294	16289	18829	22236	15655	17336	19523	23946
1:03:14	30.0	14264	16993	19248	23229	14587	16442	18940	22505	15954	17315	19378	23920
1:03:21	30.1	14244	16964	19298	23558	14560	16494	18723	22380	15798	17251	19509	24085
1:03:28	30.1	14172	16984	19070	23399	14635	16419	18918	22284	15544	17235	19305	24081
1:03:35	30.1	14454	16751	19016	23369	14545	16445	18715	22062	15813	17283	19186	24041
1:03:42	30.1	14276	16980	18892	23397	14408	16425	18542	22106	15690	17137	19252	23916
1:03:49	30.1	14161	16833	18939	23515	14459	16244	18513	22027	15876	17289	19337	24241
1:03:56	30.0	14283	16900	19214	23468	14445	16158	18799	22344	15846	17064	19439	23833
1:04:03	30.0	14305	16938	19114	23402	14432	16437	18567	22102	15832	17239	19222	23866
1:04:10	30.1	14254	16837	19370	23352	14485	16399	18665	22144	15565	17079	19392	23908
1:04:17	30.1	14293	16913	19031	23544	14539	16296	18678	22234	15845	17234	19331	23888
1:04:24	30.1	14324	17025	19218	23205	14596	16416	18785	22512	15817	17355	19525	23576
1:04:31	30.1	14244	16953	19101	23424	14406	16427	18643	22434	15609	17164	19134	23846
1:04:38	30.1	14253	16772	19044	23385	14370	16394	18823	22545	15747	17154	19241	24039
1:04:45	30.1	14261	16998	19192	23502	14348	16149	18677	22274	15618	17229	19302	23952
1:04:52	30.0	14234	16899	19166	23436	14471	16246	18897	22216	15739	17222	19377	23863
1:04:59	30.1	14281	16799	19229	23468	14495	16415	18839	22309	15691	17115	19440	23876
1:05:06	30.1	14300	16795	19086	23421	14408	16434	18863	22042	15645	16910	19401	23871
1:05:13	30.1	14263	16611	19222	23243	14484	16310	18560	22154	15776	17322	19362	24193
1:05:20	30.1	14303	16931	19042	23130	14348	16377	18550	22309	15660	17218	19366	23895
1:05:27	30.1	14161	16678	19223	23418	14482	16371	18708	22434	15664	17356	19350	23637
1:05:34	30.0	14104	16619	19060	23602	14492	16286	18527	22246	15602	17245	19452	23687
1:05:41	30.1	14296	16721	19115	23495	14277	16187	18513	22241	15572	17099	19381	23852
1:05:48	30.1	14456	16847	19214	23456	14413	16144	18624	22213	15727	17037	19227	23738
1:05:55	30.1	14142	16832	19234	23585	14378	16356	18606	22420	15635	17090	19434	23992
1:06:02	30.1	14275	16919	19156	23514	14566	16183	18499	22181	15696	17163	19607	23953
1:06:09	30.1	14407	16994	19108	23370	14423	16120	18530	22397	15610	17117	19466	23549
1:06:16	30.0	14221	16774	18992	23505	14542	16309	18700	22122	15680	17170	19306	24090
1:06:23	30.0	14282	16958	19241	23348	14423	16403	18619	22523	15515	17051	19057	23619
1:06:30	30.1	14299	16679	19062	23368	14360	16290	18633	22220	15518	17115	19109	23650
1:06:37	30.1	14306	16918	18946	23214	14410	16485	18677	22404	15805	17170	19372	23793
1:06:44	30.1	14220	16685	19025	23542	14249	16358	18764	22059	15727	17125	19488	23880
1:06:51	30.1	14389	16956	18992	23503	14443	16274	18723	22309	15715	16903	19549	23817
1:06:58	30.1	14407	16800	18999	23309	14363	16168	18770	22377	15689	17229	19449	23644
1:07:05	30.0	14188	16838	19097	23378	14398	16254	18280	22336	15601	17330	19161	23672
1:07:12	30.0	14163	16849	19124	23251	14377	16276	18606	22426	15589	17096	19269	23551
1:07:19	30.1	14231	16870	19108	23578	14372	16107	18545	22276	15645	17109	19231	23798
1:07:26	30.1	14309	16890	19133	23144	14423	16226	18719	22113	15547	17058	19360	23757
1:07:33	30.1	14319	16732	19148	23197	14333	16215	18469	22333	15557	17005	19018	23633
1:07:40	30.1	14191	16903	19088	23538	14379	16181	18643	21959	15583	17080	19163	23802
1:07:47	30.1	14036	16788	19241	23489	14389	16334	18511	22099	15585	16868	19288	23713
1:07:54	30.0	14293	16654	19062	23338	14478	16237	18672	22184	15706	17310	19239	23640
1:08:01	30.1	14267	16682	19296	23436	14511	16294	18660	22398	15485	17086	19187	23661
1:08:08	30.1	14246	16791	19085	23360	14458	16081	18604	21967	15632	17014	19173	23489
1:08:15	30.1	14181	16879	19064	23227	14388	16329	18566	22350	15495	17005	19316	23687
1:08:22	30.1	14185	16691	18999	23319	14457	16255	18714	22098	15571	16961	19084	23583
1:08:29	30.1	14286	16854	18965	23061	14372	16160	18540	22061	15631	17009	19172	23566
1:08:36	30.1	14360	16885	18935	23555	14348	16317	18686	22345	15626	17017	19084	23773
1:08:43	30.0	14275	16857	19046	23272	14410	16303	18712	22210	15660	17115	19053	23447
1:08:50	30.1	14228	16759	19134	23272	14346	16191	18812	21995	15556	16977	19202	23532
1:08:57	30.1	14207	16629	19002	23274	14484	16182	18620	22264	15474	17146	19233	23541
1:09:04	30.1	14206	16733	18999	23248	14191	16165	18539	22124	15520	16824	19044	23457
1:09:11	30.1	14127	16769	19301	23192	14300	16175	18469	21990	15575	17039	19036	23586
1:09:18	30.1	14177	16862	19012	23168	14495	16195	18425	22225	15377	16889	19064	23522
1:09:25	30.1	14288	16979	19105	23104	14324	16156	18750	22016	15448	17156	19204	23639
1:09:32	30.0	14054	16800	18947	23242	14376	16228	18715	22204	15553	16997	19213	23354
1:09:39	30.1	14228	16753	18969	23187	14369	16132	18397	22285	15687	16927	19144	23812
1:09:46	30.1	14174	16622	18888	23452	14443	16197	18601	22124	15647	17000	19259	23742
1:09:53	30.1	14219	16672	18865	23420	14410	16330	18390	22124	15519	16854	19136	23633
1:10:00	30.1	14098	16619	19197	23014	14556	16414	18586	22147	15462	17122	19219	23464
1:10:07	30.1	14374	17060	19163	23418	14430	16203	18498	22037	15668	16844	19133	23503
1:10:14	30.1	14392	16727	19177	23236	14395	16154	18716	22071	15647	16940	19054	23833
1:10:21	30.0	14228	16832	19007	23358	14391	16342	18513	22288	15580	16971	19270	23683
1:10:28	30.1	14139	16965	19147	23224	14409	16401	18691	22208	15634	17069	19214	23565
1:10:35	30.1	14069	16822	18805	23485	14410	16196	18599	22005	15425	16838	19179	23627
1:10:42	30.1	14218	16714	18984	23051	14448	16443	18623	22073	15510	17050	19305	23714
1:10:49	30.1	14280	16966	18968	23573	14401	16077	18358	22224	15497	16973	19114	23310
1:10:56	30.1	14063	16675	19104	23426	14348	16207	18669	22002	15428	17113	18934	23409
1:11:03	30.1	14250	16848	19064	23268	14420	16240	18560	21870	15663	17049	19091	23356
1:11:10	30.1	14320	16824	18891	23071	14321	16336	18425	22020	15435	16747	18998	23492
1:11:17	30.1	14208	16699	18956	23195	14314	16112	18691	22037	15567	16901	18844	23768
1:11:24	30.1	14273	16761	18688	23282	14355	16243	18491	22134	15473	16901	19162	23615
1:11:31	30.1	14200	16747	19111	23327	14416	16070	18428	21995	15435	17055	18972	23287
1:11:38	30.1	14187	16729	18949	23353	14447	16152	18508	22193	15508	17197	18929	23501
1:11:45	30.0	14204	16752	18867	23500	14378	16245	18383	22318	15510	16947	19357	23455
1:11:52	30.1	14236	16743	19137	23302	14358	16301	18128	22197	15426	16921	18991	23658
1:11:59	30.1	14305	16831	19114	23101	14339	16176	18713	22083	15582	17013	19242	23526
1:12:06	30.1	14226	16765	19216	23301	14203	16153	18451	21843	15528	16775	19043	23512
1:12:13	30.1	14077	16642	18917	23272	14230	16175	18641	21834	15507	16952	19185	23253
1:12:20	30.1	14032	16764	18701	23088	14430	16263	18380	21963	15433	16837	18990	23427
1:12:27	30.1	14204	16834	19101	23138	14249	16090	18472	21941	15272	16987	18963	23531
1:12:34	30.0	14183	16600	18703	23442	14482	16334	18381	22043	15610	17065	18938	23570
1:12:41	30.0	14161	16636	19067	23355	14311	16103	18341	22271	15410	17038	18879	23546
1:12:48	30.1	14274	16806	19291	23374	14407	16038	18502	22319	15568	17187	19116	23181
1:12:55	30.1	14091	16689	18931	23239	14413	16150	18556	22390	15355	16916	19071	23274
1:13:02	30.1	14214	16709	18988	23334	14351	16209	18877	22271	15570	16879	18936	23434
1:13:09	30.1	14001	16597	18925	23090	14338	16249	18657	22050	15435	16871	19020	23452
1:13:16	30.1	14130	16844	18917	23110	14256	16001	18439	21616	15652	16815	18859	23570
1:13:23	30.0	14125	16693	19043	23204	14262	16182	18641	21726	15472	16886	19000	23273
1:13:30	30.1	14124	16545	18841	23071	14292	16111	18519	21866	15334	16978	19142	23255
1:13:37	30.1	14059	16627	18798	23097	14443	16187	18455	22011	15582	16787	18972	23351
1:13:44	30.1	14069	16643	18931	23105	14347	15948	18363	22080	15268	16970	19254	23532
1:13:51	30.1	14088	16602	18828	23252	14383	16118	18676	21909	15291	17041	19026	23346
1:13:58	30.1	13966	16788	19109	23048	14268	16154	18580	22076	15288	16798	18898	23539
1:14:05	30.1	14040	16623	19145	23080	14175	16238	18519	22260	15295	16785	19074	23317
1:14:12	30.0	14072	16707	18884	23054	14389	16145	18521	22100	15508	16819	18906	23353
1:14:19	30.1	14019	16578	18804	23263	14204	15879	18666	21952	15446	16932	18976	23465
1:14:26	30.1	14214	16710	18795	23304	14347	16004	18530	21948	15510	16837	18927	23392
1:14:33	30.1	14103	16518	18959	22907	14367	16035	18456	21749	15454	16894	19176	23407
1:14:40	30.1	14088	16542	18735	23230	14438	16068	18400	22047	15301	16528	19039	23175
1:14:47	30.1	14016	16738	18995	23343	14491	16127	18631	22205	15380	16644	19010	23380
1:14:54	30.0	14047	16727	18874	23405	14225	16158	18453	22009	15533	16724	19178	23259
1:15:01	30.1	14092	16578	18766	22902	14231	16234	18346	22099	15436	16818	18774	23361
1:15:08	30.0	13946	16449	18876	23365	14202	16229	18718	21891	15529	16739	18862	23365
1:15:15	30.1	14112	16678	18824	23137	14315	15980	18509	22042	15318	16922	18833	23399
1:15:22	30.1	13972	16670	18751	23148	14254	16083	18495	21892	15417	16819	18727	23336
1:15:29	30.1	14049	16728	18811	23250	14238	16044	18495	21758	15456	16907	18891	23300
1:15:36	30.1	14066	16430	18873	23006	14194	16041	18285	22000	15349	16801	18827	23051
1:15:43	30.1	14062	16607	19019	23268	14486	16067	18324	21873	15464	16877	18791	22993
1:15:50	30.1	14080	16762	18904	23149	14227	16034	18306	21758	15451	16959	19137	23280
1:15:57	30.1	14005	16710	19035	23227	14416	16221	18547	21686	15492	16885	18737	23150
1:16:04	30.1	14228	16703	18873	23444	14139	16063	18391	21701	15348	16721	18875	23291
1:16:11	30.1	14132	16480	18787	23033	14234	16147	18425	21787	15454	16728	18844	23343
1:16:18	30.1	14114	16649	18817	23536	14224	16065	18493	22158	15392	16660	18939	23099
1:16:25	30.0	14182	16508	18791	23083	14241	16109	18389	22226	15300	16666	19000	23339
1:16:32	30.1	14005	16443	18980	22946	14335	16072	18210	22086	15480	16766	18945	23317
1:16:39	30.0	14071	16661	18831	23275	14154	16209	18446	22017	15500	16913	18873	23204
1:16:46	30.1	14017	16710	18723	23079	14030	16147	18538	22022	15221	16863	18800	23279
1:16:53	30.1	14170	16431	18927	23184	14314	16217	18181	21914	15470	16795	18853	23148
1:17:00	30.1	14043	16608	18877	22943	14260	16045	18320	21719	15435	16974	18793	23002
1:17:07	30.1	14055	16481	18871	23071	14155	16215	18184	21783	15295	16969	18867	23299
1:17:14	30.0	14107	16614	18844	23214	14258	16071	18497	21744	15245	16855	18660	23169
1:17:21	30.1	14035	16517	18877	22889	14353	16269	18416	21509	15322	16866	18841	23236
1:17:28	30.0	14113	16577	18912	23139	14215	16158	18404	21708	15480	16762	18964	23416
1:17:35	30.1	13975	16624	18906	22703	14224	15979	18461	21786	15294	16831	18977	23352
1:17:42	30.1	14038	16572	18879	23148	14275	16118	18352	21709	15415	16912	18858	23182
1:17:49	30.1	14245	16505	18942	23000	14451	16051	18601	21953	15472	16740	18925	23190
1:17:56	30.1	14055	16701	18717	22965	14156	15907	18402	21751	15416	16724	18877	23059
1:18:03	30.1	13950	16664	18703	22913	14191	16064	18389	22104	15312	16821	18958	23167
1:18:10	30.1	13950	16672	18768	23102	14312	15852	18596	21734	15365	16823	18888	23090
1:18:17	30.0	13928	16399	18593	22948	13998	15935	18261	21816	15370	16722	18809	23057
1:18:24	30.1	14122	16661	18798	23083	14224	15897	18445	21844	15235	16803	18800	22902
1:18:31	30.1	14106	16683	18747	23094	14199	16239	18352	21678	15344	16651	18844	23395
1:18:38	30.1	13911	16645	18717	22982	14313	16280	18388	21760	15427	16680	18712	23419
1:18:45	30.1	14139	16638	18739	22985	14228	16098	18419	21749	15252	16866	18820	23099
1:18:52	30.0	14138	16570	19027	23371	14403	16044	18321	21986	15479	16791	19005	23128
1:18:59	30.0	14083	16447	18772	22978	14327	15952	18336	21802	15310	16874	18774	22938
1:19:06	30.0	14018	16567	18839	22894	14158	15989	18353	21800	15310	16537	18726	23192
1:19:13	30.1	14028	16585	18950	23116	14266	16207	18339	22107	15189	16739	18559	23078
1:19:20	30.1	14065	16499	18643	23029	14345	16031	18299	21748	15404	16578	18842	23114
1:19:27	30.1	13954	16640	18839	22835	14239	15984	18398	21677	15082	16678	18907	23136
1:19:34	30.1	14107	16810	18828	23031	14164	15920	18450	21550	15180	16787	18783	22935
1:19:41	30.1	13983	16486	18908	23175	13989	15954	18332	22017	15236	16777	18892	23017
1:19:48	30.1	13996	16377	18674	22922	14031	15819	18400	21618	15290	16604	18716	23252
1:19:55	30.0	14131	16832	18777	22928	14233	16017	18514	22096	15208	16791	18650	22931
1:20:02	30.1	14028	16582	18983	22872	14293	16048	18442	21853	15225	16786	18687	23032
1:20:09	30.1	14129	16661	18758	22964	14218	16006	18403	21738	15225	16875	18835	22865
1:20:16	30.1	14112	16396	18817	23259	14133	16243	18272	22021	15278	16715	18850	22912
1:20:23	30.1	13773	16590	18793	22804	14107	15764	18164	21818	15216	16644	18771	23114
1:20:30	30.0	14112	16496	18730	23127	14175	15841	18410	21820	15336	16648	18987	22958
1:20:37	30.1	14014	16471	18867	23076	13975	16026	18364	21949	15165	16744	18629	23014
1:20:44	30.0	14135	16499	18818	23106	14141	15915	18252	21806	15168	16531	18654	23104
1:20:51	30.1	14176	16552	18741	23152	14102	15801	18539	21510	15332	16826	18674	22903
1:20:58	30.1	13973	16304	18690	23138	14255	16018	18228	21964	15332	16773	18742	22964
1:21:05	30.1	14023	16583	18815	23122	14058	15993	18307	22006	15434	16864	19058	22861
1:21:12	30.1	13998	16595	18704	23053	14222	15924	18251	21811	15404	16713	18604	23253
1:21:19	30.0	13919	16789	18973	22937	14354	15903	18350	21928	15339	16594	18754	22829
1:21:26	30.1	14074	16529	18805	22914	14145	15787	18267	21971	15145	16513	18618	22959
1:21:33	30.1	14032	16539	18657	22847	14159	16173	18502	21772	15275	16371	18865	23181
1:21:40	30.1	13859	16574	18990	22830	14137	15671	18278	21740	15119	16634	18725	22901
1:21:47	30.1	14025	16733	18580	23066	14314	15813	18384	21422	15207	16488	18756	23023
1:21:54	30.1	13951	16529	18607	22967	14276	16021	18270	21466	15399	16605	18623	22837
1:22:01	30.1	13811	16638	18662	23070	14218	15874	18386	21867	15269	16424	18608	22865
1:22:08	30.0	13972	16339	18646	22951	14252	15857	18335	21635	15055	16312	18702	22881
1:22:15	30.1	14188	16330	18777	22930	14062	15937	18272	21974	15305	16332	18701	22969
1:22:22	30.1	13987	16612	18810	22637	13981	15739	18389	21726	15088	16493	18729	22917
1:22:29	30.1	13960	16439	18672	22797	14098	15817	18373	21814	15287	16466	18588	22929
1:22:36	30.1	14040	16610	18705	23287	14056	15941	18306	22105	15214	16589	18609	22905
1:22:43	30.1	13919	16476	18840	22905	14195	16165	18146	21822	15285	16667	18616	22914
1:22:50	30.1	14052	16364	18765	23138	14110	15792	18217	21737	15254	16673	18651	22983
1:22:57	30.1	13876	16578	18812	22794	14258	16110	18294	21622	15089	16506	18648	22973
1:23:04	30.1	13833	16513	19006	23114	14171	15841	18246	21540	15224	16607	18632	23025
1:23:11	30.1	14120	16476	18649	22854	14187	16160	18260	21630	15130	16459	18738	22873
1:23:18	30.1	14006	16482	18677	22610	14162	16056	18387	21809	15279	16793	18769	22743
1:23:25	30.1	13856	16431	18839	22742	14299	16043	18276	21779	15337	16549	18546	22790
1:23:32	30.1	14029	16431	18553	22845	14229	15837	18371	21926	15152	16582	18679	22903
1:23:39	30.0	13905	16654	18752	22791	14301	15898	18247	21800	15078	16780	18867	22978
1:23:46	30.0	13969	16663	18771	22815	14182	15951	18371	21514	15242	16638	18646	22789
1:23:53	30.1	14087	16554	18609	22959	14053	15940	18360	21828	15165	16443	18606	22861
1:24:00	30.1	13926	16439	18817	22942	14138	16041	18109	21591	15176	16660	18524	22791
1:24:07	30.1	13990	16383	18672	22977	13963	15937	18340	21627	15090	16720	18582	22883
1:24:14	30.1	13877	16534	18418	22977	14149	15811	18118	21772	15143	16755	18647	22878
1:24:21	30.1	13951	16397	18718	23119	14151	15888	18319	21740	15065	16828	18622	23090
1:24:28	30.1	14009	16603	18906	22879	14157	15849	18436	21779	15160	16552	18658	22821
1:24:35	30.0	13699	16762	18759	22557	14115	16170	18268	21857	15262	16580	18568	22737
1:24:42	30.1	13810	16348	18527	23041	14141	15866	18252	21843	15178	16440	18443	22797
1:24:49	30.1	14006	16434	18522	23015	14103	15711	18137	21394	14974	16463	18490	23015
1:24:56	30.1	13853	16394	18715	22954	14048	15915	18222	21752	15240	16875	18697	22849
1:25:03	30.1	13907	16370	18717	22857	14085	15947	18396	21684	15102	16580	18486	22702
1:25:10	30.1	14035	16599	18727	22795	14037	15763	18148	21634	15194	16533	18734	22652
1:25:17	30.1	13980	16632	18716	22919	14241	15793	18413	21579	15191	16392	18412	22700
1:25:24	30.0	14025	16411	18682	22872	13884	15878	18065	21748	15091	16592	18393	22891
1:25:31	30.1	13979	16336	18617	22933	14181	15775	18566	21769	15057	16622	18568	23091
1:25:38	30.1	13945	16658	18592	22819	14162	15855	18337	21567	15192	16575	18499	23113
1:25:45	30.1	13744	16339	18591	22581	14159	15951	18379	21654	15215	16502	18401	22850
1:25:52	30.1	13999	16520	18580	22940	13834	15891	18322	21807	15086	16529	18550	22579
1:25:59	30.1	14060	16498	18685	22839	14212	15978	18192	21777	15133	16666	18426	22776
1:26:06	30.0	13830	16353	18868	22826	14141	15834	18290	21598	15086	16602	18592	22812
1:26:13	30.1	14022	16577	18597	22705	14052	15834	18081	21791	15117	16560	18451	22873
1:26:20	30.1	13956	16493	18503	22626	14105	15929	17960	21584	15061	16504	18630	22892
1:26:27	30.1	13856	16586	18769	22810	14021	15725	18009	21731	15154	16603	18528	22558
1:26:34	30.1	13802	16339	18656	22709	14056	15943	18085	21359	15223	16582	18556	22546
1:26:41	30.0	13904	16408	18615	22763	14042	15961	18232	21589	15079	16485	18435	22700
1:26:48	30.1	13743	16372	18568	23071	14110	15988	18071	21784	15088	16453	18619	22712
1:26:55	30.1	13744	16504	18741	22892	14122	15847	18315	21801	15037	16386	18528	22950
1:27:02	30.1	13887	16281	18495	22966	14140	15963	18215	21865	14979	16509	18447	22692
1:27:09	30.1	13923	16537	18474	22713	14157	15766	18324	21606	15150	16515	18424	22706
1:27:16	30.1	13772	16452	18574	22543	14000	15963	18072	21757	15158	16577	18516	22526
1:27:23	30.1	13917	16341	18579	22825	14133	15752	18249	21407	14938	16458	18417	22662
1:27:30	30.1	13999	16323	18600	22855	14132	15887	18125	21539	14990	16608	18427	22725
1:27:37	30.1	13827	16473	18842	22891	14186	15898	18115	21304	15123	16571	18578	22796
1:27:44	30.0	13887	16318	18486	22768	14201	16057	18313	21448	15070	16420	18573	22799
1:27:51	30.1	13761	16218	18483	22720	14203	15818	18176	21343	15057	16424	18498	22750
1:27:58	30.1	13741	16304	18789	22751	14277	15739	18122	21717	14997	16379	18731	22804
1:28:05	30.1	13954	16411	18575	22805	14150	15927	18213	21585	15116	16492	18456	22309
1:28:12	30.1	13878	16400	18472	22720	14083	15883	18133	21754	15031	16579	18298	22610
1:28:19	30.1	13918	16159	18417	22577	14069	15804	18182	21441	15038	16297	18422	22692
1:28:26	30.1	13901	16241	18443	22678	14297	15803	18300	21730	14862	16374	18544	22920
1:28:33	30.1	13834	16366	18507	22985	13896	15959	18238	21423	15096	16424	18380	22455
1:28:40	30.1	13764	16355	18426	22704	13969	15896	18329	21872	15045	16399	18417	22657
1:28:47	30.1	13802	16291	18535	22834	13814	15989	18320	21440	15112	16433	18742	22731
1:28:54	30.1	13733	16360	18617	22772	14026	15985	18238	21660	15003	16559	18559	22533
1:29:01	30.1	13768	16318	18552	22667	14155	15728	18072	21578	15133	16425	18381	22421
1:29:08	30.1	13946	16483	18507	22878	14008	15795	18096	21542	15187	16542	18452	22439
1:29:15	30.1	13866	16578	18585	22879	13799	15715	18118	21620	15158	16340	18585	22503
1:29:22	30.1	13828	16358	18711	22927	14046	15951	18232	21771	15185	16340	18443	22761
1:29:29	30.1	13873	16380	18606	22917	14070	15921	18210	21648	14925	16298	18350	22555
1:29:36	30.1	13839	16326	18730	22729	14073	15803	18186	21550	14972	16457	18507	22545
1:29:43	30.1	13807	16181	18573	22733	14040	15879	18148	21583	15072	16395	18335	22512
1:29:50	30.1	13831	16209	18583	22704	14027	15788	18129	21395	14813	16524	18419	22578
1:29:57	30.1	13742	16468	18329	22794	14094	15989	18247	21541	14962	16451	18536	22828
1:30:04	30.0	13701	16310	18503	22566	14100	15747	18202	21552	14955	16442	18525	22808
1:30:11	30.1	13806	16225	18536	22662	14057	15687	18246	21470	15097	16257	18480	22578
1:30:18	30.0	13713	16449	18571	22699	14043	15830	17958	21777	14995	16475	18292	22416
1:30:25	30.1	13799	16438	18495	22800	13991	15886	18088	21360	15077	16425	18400	22646
1:30:32	30.1	13869	16367	18658	22883	14102	15767	18046	21523	14954	16575	18499	22598
1:30:39	30.1	13702	16311	18684	22857	13955	15763	18024	21806	15128	16473	18427	22545
1:30:46	30.1	13758	16209	18495	22805	13977	15777	18290	21731	14881	16589	18407	22441
1:30:53	30.0	13799	16371	18676	22502	14104	15988	17913	21564	14971	16274	18598	22460
1:31:00	30.1	13742	16283	18588	22635	14033	15836	18051	21590	15160	16449	18436	22579
1:31:07	30.1	13645	16325	18428	22736	14181	16021	17974	21303	15074	16382	18485	22810
1:31:14	30.1	13644	16305	18696	22563	14162	15694	18262	21485	15102	16364	18480	22529
1:31:21	30.1	13830	16211	18702	22642	14041	15827	18149	21431	14891	16351	18287	22749
1:31:28	30.1	13729	16298	18529	22697	14021	15699	18251	21615	15045	16471	18300	22597
1:31:35	30.1	13695	16281	18476	22627	14035	15904	18096	21452	14809	16636	18382	22421
1:31:42	30.0	13655	16376	18510	22960	13965	15802	17953	21569	14960	16330	18263	22328
1:31:49	30.1	13857	16419	18577	22801	14031	15841	17930	21639	15064	16442	18565	22491
1:31:56	30.1	13785	16275	18507	22623	13984	15801	18228	21354	14919	16313	18408	22490
1:32:03	30.0	13678	16481	18571	22473	14166	15887	18099	21361	14867	16451	18406	22484
1:32:10	30.1	13664	16233	18382	22479	14046	15733	18176	21643	14910	16436	18572	22571
1:32:17	30.0	13634	16354	18438	22734	13992	15794	18064	21298	14981	16251	18456	22595
1:32:24	30.1	13783	16054	18538	22720	13977	15790	18131	21415	14892	16391	18368	22286
1:32:31	30.1	13819	16312	18290	22478	14004	15857	18113	21361	14898	16387	18160	22420
1:32:38	30.1	13827	16396	18462	22784	13822	15642	18264	21241	14979	16413	18276	22328
1:32:45	30.0	13859	16295	18541	22536	13970	15821	17902	21485	14803	16340	18376	22390
1:32:52	30.0	13703	16289	18620	22770	14026	15900	17989	21252	15027	16343	18270	22406
1:32:59	30.1	13679	16215	18368	22350	13992	15665	18022	21456	14899	16430	18196	22721
1:33:06	30.1	13643	16433	18437	22960	13875	15748	18141	21647	15059	16491	18220	22461
1:33:13	30.0	13764	16213	18557	22632	13867	15869	17961	21561	14998	16249	18345	22477
1:33:20	30.1	13841	16167	18423	22550	13866	15796	17888	21334	14914	16305	18351	22338
1:33:27	30.0	13807	16287	18421	22396	13935	15799	18062	21463	15084	16247	18308	22371
1:33:34	30.0	13750	16309	18507	22541	13865	15832	17827	21601	14878	16281	18383	22371
1:33:41	30.1	13812	16103	18413	22734	13891	15872	17871	21351	14928	16313	18363	22540
1:33:48	30.1	13714	16231	18445	22629	13974	15753	18113	21434	14771	16455	18136	22303
1:33:55	30.0	13641	16249	18493	22403	13826	15773	18022	21510	15085	16400	18217	22534
1:34:02	30.1	13795	16111	18472	22615	13904	15840	18158	21448	14978	16282	18510	22368
1:34:09	30.0	13689	16405	18435	22559	13765	15902	18038	21369	14917	16160	18347	22251
1:34:16	30.1	13789	16182	18476	22454	14112	15675	17932	21460	14847	16344	18227	22272
1:34:23	30.0	13685	16137	18536	22540	13986	15732	17955	21703	14856	16198	18299	22343
1:34:30	30.1	13739	16176	18525	22604	14029	15836	18032	21429	14924	16310	18374	22372
1:34:37	30.1	13713	16369	18463	22682	13876	15888	18026	21332	15017	16517	18430	22428
1:34:44	30.1	13703	16338	18285	22638	13992	15673	18008	21346	15020	16409	18208	22236
1:34:51	30.1	13676	16051	18398	22624	13937	15902	17996	21491	15206	16252	18244	22550
1:34:58	30.1	13914	16219	18507	22910	13893	15639	17858	21509	14932	16299	18266	22396
1:35:05	30.1	13874	16083	18533	22375	13878	15839	18008	21757	14769	16126	18286	22583
1:35:12	30.0	13774	16465	18447	22842	13900	15484	17920	21406	14930	16209	18248	22353
1:35:19	30.1	13713	16191	18583	22468	14010	15616	17995	21438	14934	16240	18243	22520
1:35:26	30.1	13670	16289	18346	22542	14016	15788	18184	21382	15019	16354	18135	22235
1:35:33	30.1	13653	16300	18370	22554	13960	15774	18165	21384	14830	16336	18380	22284
1:35:40	30.1	13718	16066	18268	22751	14091	15928	17953	21397	15222	16613	18210	22363
1:35:47	30.1	13622	16371	18571	22593	13966	15894	17943	21413	14871	16168	18431	22554
1:35:54	30.1	13900	16197	18586	22291	13946	15872	17943	21364	14910	16186	18131	22498
1:36:01	30.0	13780	16062	18528	22439	13858	15703	18137	21474	14771	16081	18352	22067
1:36:08	30.1	13642	16362	18539	22885	14079	15735	18036	21616	14925	16205	18264	22297
1:36:15	30.0	13772	16237	18431	22434	14035	15800	18117	21637	15065	16480	18378	22321
1:36:22	30.1	13740	16251	18433	22479	13959	15697	18222	21616	15008	16281	18194	22181
1:36:29	30.1	13749	16227	18412	22597	13884	15697	18055	21408	14847	16330	18138	22395
1:36:36	30.1	13802	16326	18464	22431	13978	15768	17854	21481	14943	16293	18311	22575
1:36:43	30.1	13811	16179	18392	22486	13883	15705	18118	21660	14988	16388	18530	22416
1:36:50	30.0	13603	16202	18619	22658	14052	15689	17901	21494	14779	16342	18348	22410
1:36:57	30.1	13591	16345	18407	22577	14051	15750	17935	21468	14883	16243	18111	22231
1:37:04	30.0	13697	16255	18505	22551	13961	15834	17953	21266	14818	16441	18272	22447
1:37:11	30.1	13789	16157	18282	22504	13831	15804	17923	21347	15036	16263	18393	22590
1:37:18	30.1	13538	16111	18390	22638	13990	15716	18018	21715	14828	16119	18162	22306
1:37:25	30.1	13927	16113	18614	22492	14038	15700	18150	21527	14971	16309	18312	22316
1:37:32	30.0	13650	16195	18573	22492	13904	15790	17968	21702	14843	16590	18369	22320
1:37:39	30.1	13680	16199	18495	22492	13900	15707	18076	21396	14954	16123	18125	22200
1:37:46	30.1	13805	16224	18458	22649	13908	15801	18145	21453	15021	16411	18529	22306
1:37:53	30.1	13638	16262	18401	22664	13842	15776	18082	21512	14800	16270	18514	22267
1:38:00	30.1	13585	16229	18473	22396	14026	15807	18003	21517	14777	16353	18321	22264
1:38:07	30.1	13722	16192	18426	22550	13846	15807	17981	21365	14950	16411	18228	22491
1:38:14	30.1	13922	16110	18349	22678	13878	15717	17852	21400	14804	16442	18217	22308
1:38:21	30.1	13708	16126	18384	22747	13835	15557	18049	21413	14794	16384	18277	22244
1:38:28	30.1	13588	16219	18509	22410	14048	15634	17973	21611	14909	16076	18086	22515
1:38:35	30.1	13876	16099	18324	22562	14047	15658	18027	21644	14919	16169	18216	22267
1:38:42	30.1	13601	16143	18297	22740	13845	15558	17779	21508	14821	16197	18252	22245
1:38:49	30.1	13573	15953	18472	22723	13869	15667	18034	21373	14733	16328	18353	22162
1:38:56	30.1	13582	16150	18465	22695	13843	15823	18106	21422	15044	16226	18301	22241
1:39:03	30.0	13804	16169	18397	22671	13914	15779	18062	21441	14922	16306	18404	22328
1:39:10	30.1	13860	16062	18475	22662	13777	15750	17895	21270	14886	16419	18211	22165
1:39:17	30.1	13760	16233	18250	22722	13900	15608	18060	21631	14992	16174	18168	22516
1:39:24	30.0	13495	16138	18437	22681	13910	15984	18067	21437	14874	16322	18446	22206
1:39:31	30.1	13799	16201	18465	22279	13749	15840	18021	21341	14832	16295	18109	22378
1:39:38	30.1	13702	16023	18413	22509	13961	15704	18113	21324	14648	16305	18143	22380
1:39:45	30.1	13522	16287	18417	22552	13711	15730	17941	21581	14841	16240	18224	22190
1:39:52	30.0	13527	16301	18503	22644	13992	15690	17966	21361	14832	16201	18124	22182
1:39:59	30.1	13613	16010	18116	22664	13915	15563	17947	21426	14973	16171	18325	22222
1:40:06	30.1	13581	16046	18327	22558	14076	15605	17981	21370	14948	16112	18133	22181
1:40:13	30.0	13559	15981	18365	22267	13788	15726	17910	21434	15100	16342	18089	22112
1:40:20	30.1	13735	16175	18237	22521	13793	15691	17951	21176	14903	16117	18196	22183
1:40:27	30.1	13598	16278	18457	22545	13922	15736	17960	21410	14748	16364	18222	22231
1:40:34	30.1	13630	16080	18270	22446	14022	15745	17897	21311	14945	16380	18063	22238
1:40:41	30.0	13625	16075	18350	22473	13971	15572	17958	21044	14783	16161	18151	22242
1:40:48	30.1	13583	15945	18270	22465	13919	15546	18023	21260	14833	16195	18193	22143
1:40:55	30.1	13698	16136	18425	22560	13857	15622	17992	21265	15012	15997	17976	22138
1:41:02	30.0	13712	16202	18443	22655	14043	15557	17947	21357	14886	16031	18351	22257
1:41:09	30.1	13658	16130	18423	22575	13711	15502	17716	21397	14754	16213	18187	22059
1:41:16	30.1	13573	16005	18305	22551	13845	15578	17888	21457	14803	16212	18220	22073
1:41:23	30.1	13700	16421	18174	22687	13691	15638	17939	21466	14965	16130	18064	22194
1:41:30	30.0	13760	16085	18506	22681	13874	15602	18231	21152	14821	16274	18111	22209
1:41:37	30.1	13695	16266	18382	22396	13967	15602	18103	21314	15132	16274	18338	22094
1:41:44	30.1	13669	16155	18329	22445	13958	15761	17742	21308	14765	16232	18044	22273
1:41:51	30.0	13676	15996	18289	22363	13951	15688	17766	21111	14862	16111	18133	21956
1:41:58	30.1	13635	16133	18355	22527	13792	15687	17930	21167	14765	16227	18059	21971
1:42:05	30.1	13428	16104	18251	22640	13918	15776	17911	20911	14797	16255	18241	22052
1:42:12	30.1	13646	16226	18171	22239	13863	15509	17946	21344	14647	15931	18026	22129
1:42:19	30.1	13613	16004	18177	22674	13807	15746	17864	21535	14941	16212	17958	22118
1:42:26	30.1	13611	16016	18610	22421	13855	15531	17822	21451	14765	16272	18233	22090
1:42:33	30.0	13649	16099	18244	22679	13946	15788	18096	21208	14919	16044	17928	22102
1:42:40	30.1	13629	16215	18224	22488	13916	15560	17788	21149	14816	16188	18125	22156
1:42:47	30.1	13680	16113	18425	22279	13703	15550	18162	21281	14992	16173	18056	22151
1:42:54	30.1	13622	16210	18228	22385	13914	15606	17932	21394	14805	16119	18190	22224
1:43:01	30.1	13623	16096	18405	22329	13913	15737	17913	21025	14846	16307	18195	22109
1:43:08	30.1	13655	16172	18463	22445	13786	15734	17732	21091	14882	16125	18226	22084
1:43:15	30.1	13560	16292	18439	22620	13884	15595	17697	21122	14819	16069	18094	22070
1:43:22	30.1	13670	15961	18151	22387	13712	15638	17894	21366	14779	16167	18038	22016
1:43:29	30.0	13541	15897	18032	22796	13964	15780	17973	21373	14661	16128	18081	22090
1:43:36	30.1	13570	16270	18246	22196	13880	15664	17911	21307	14817	16375	18223	22109
1:43:43	30.0	13534	16159	18247	22253	13766	15512	17800	21417	14845	16151	18131	22106
1:43:50	30.1	13606	16120	18283	22515	13787	15648	17789	21560	14776	16271	18122	22184
1:43:57	30.1	13503	16182	18083	22236	13957	15525	17927	21334	14839	15989	18203	22223
1:44:04	30.1	13561	16173	18269	22697	13724	15584	18147	21190	14775	16059	18059	22042
1:44:11	30.1	13507	16023	18249	22419	13842	15624	17968	21262	14658	16212	18206	22066
1:44:18	30.1	13555	16074	18273	22541	13837	15665	17812	21335	14834	16252	17933	22053
1:44:25	30.1	13636	16063	18157	22405	13855	15669	17800	21212	14766	16175	18046	22056
1:44:32	30.0	13537	16116	18210	22377	13911	15704	17855	21205	14718	16319	17976	22214
1:44:39	30.1	13529	15801	18487	22330	13821	15493	17878	21272	14597	16042	18012	22137
1:44:46	30.1	13589	15931	18267	22540	13746	15588	17745	21532	14814	16126	18178	22073
1:44:53	30.1	13497	16079	18374	22594	13801	15402	17790	21305	14867	16113	18055	21979
1:45:00	30.1	13591	16116	18176	22480	13637	15662	17713	21232	14582	16211	18049	21980
1:45:07	30.1	13569	16024	18145	22492	13750	15692	17657	21208	14736	16088	17888	22013
1:45:14	30.1	13418	15901	18295	22407	13791	15667	18126	21178	14694	16249	18115	22367
1:45:21	30.0	13522	16040	18320	22352	13897	15727	17754	21243	14786	16187	17915	22006
1:45:28	30.1	13546	16108	18259	22351	13684	15428	17795	21236	14958	16034	18237	22081
1:45:35	30.1	13627	16067	18215	22666	13761	15476	17758	21237	14687	16097	17835	22152
1:45:42	30.1	13459	16136	18110	22401	13744	15517	17715	21251	14730	16005	17984	21844
1:45:49	30.1	13503	16088	18085	22358	13750	15320	17799	21242	14668	15927	17736	22072
1:45:56	30.1	13522	16147	18155	22521	13893	15521	17935	21336	14698	16046	17959	22081
1:46:03	30.1	13751	15940	18282	22469	13851	15667	17871	21094	14687	15919	18071	22013
1:46:10	30.1	13392	15923	18224	22411	13934	15435	17733	21322	14666	15973	17755	21931
1:46:17	30.1	13499	16010	18287	22208	13848	15426	17937	21060	14893	16033	17949	21889
1:46:24	30.1	13536	16009	18255	22347	13777	15586	17828	21024	14783	16036	17715	21998
1:46:31	30.1	13546	15954	18297	22447	13775	15426	17878	21057	14664	16110	17949	21873
1:46:38	30.1	13428	15875	18225	22542	13840	15539	17904	21262	14848	15940	18078	22133
1:46:45	30.1	13546	15941	18249	22400	13844	15487	17794	21040	14556	15970	17805	21942
1:46:52	30.1	13537	16090	18245	22205	13979	15423	17716	20994	14695	15810	17943	21912
1:46:59	30.1	13626	15922	18050	22102	13646	15412	17881	21012	14723	16029	17943	22099
1:47:06	30.1	13595	16116	18163	22537	13842	15598	17536	21209	14654	16110	17992	21833
1:47:13	30.1	13620	15999	18160	22673	13699	15459	17735	21074	14699	15926	17981	22032
1:47:20	30.1	13638	15912	18488	22160	13920	15568	17847	21056	14668	16323	17771	21937
1:47:27	30.1	13523	16259	18080	22447	13780	15470	17864	21056	14616	16009	17839	21761
1:47:34	30.1	13507	16098	18240	22185	13639	15384	17878	20928	14731	15942	18040	21833
1:47:41	30.1	13564	16164	18195	22331	13895	15603	17865	21029	14725	15859	17895	21849
1:47:48	30.1	13561	15916	18159	22287	13825	15418	17615	21297	14707	15882	18150	21853
1:47:55	30.1	13455	16026	18075	22241	13866	15485	17800	21360	14654	16004	17893	21649
1:48:02	30.1	13578	15984	18337	22264	13731	15386	17723	21109	14793	15906	17963	22007
1:48:09	30.1	13506	16094	18184	22491	13812	15406	17813	21063	14874	16199	17837	21973
1:48:16	30.1	13457	15879	18030	22103	13731	15487	17587	21093	14607	15818	17950	21975
1:48:23	30.1	13598	16036	18212	22154	13893	15393	17816	21327	14782	15926	17907	21565
1:48:30	30.1	13372	15962	17983	22034	13742	15542	17851	21084	14665	15700	17839	22028
1:48:37	30.1	13339	15932	18290	22332	13801	15439	17844	21162	14682	15917	17909	22047
1:48:44	30.1	13270	16131	18278	22326	13778	15483	17815	21146	14622	16118	18020	22027
1:48:51	30.1	13743	15940	18131	22438	13774	15627	17875	21069	14724	16217	18022	21700
1:48:58	30.1	13537	15865	18031	22141	13707	15291	18034	20926	14636	16048	17839	21989
1:49:05	30.1	13436	15891	18229	22078	13982	15494	17725	20766	14658	16127	18055	21739
1:49:12	30.1	13418	15899	18397	22305	13729	15579	17490	21149	14445	16134	17957	21875
1:49:19	30.1	13483	15892	18124	22479	13674	15538	17790	21222	14434	15998	17884	21980
1:49:26	30.1	13577	15891	17956	22062	13819	15370	17790	21233	14738	16043	17923	21909
1:49:33	30.1	13407	15951	18127	22368	13693	15359	17705	21211	14711	16140	17901	21760
1:49:40	30.1	13441	15764	18004	22135	13694	15575	17750	20960	14596	16009	17762	21937
1:49:47	30.1	13483	15878	18121	22195	13734	15369	17795	20985	14716	15951	18073	21733
1:49:54	30.1	13432	15814	18209	22327	13726	15507	17572	20827	14377	16029	17903	21779
1:50:01	30.1	13506	15877	18380	22257	13779	15633	17658	21230	14700	16015	17925	21869
1:50:08	30.1	13545	15945	18117	22117	13631	15452	17602	21327	14605	15761	17833	21880
1:50:15	30.1	13437	15803	18144	22479	13614	15408	17691	21147	14763	16053	18103	21656
1:50:22	30.1	13535	16136	18175	22143	13698	15525	17838	21039	14558	16175	17886	21908
1:50:29	30.1	13561	15977	18258	22333	13727	15600	17583	21073	14512	16077	17740	22015
1:50:36	30.1	13457	15647	18275	22610	13858	15214	17825	21082	14644	16029	17738	21663
1:50:43	30.1	13430	15818	18079	22226	13811	15361	17699	21052	14571	15874	17797	21825
1:50:50	30.1	13271	15875	18105	22226	13824	15621	17785	20886	14667	15988	17832	21688
1:50:57	30.1	13560	16039	17935	22288	13753	15557	17647	20924	14675	16014	17979	21691
1:51:04	30.1	13281	15880	18183	22261	13530	15298	17567	20877	14575	15964	17911	21792
1:51:11	30.1	13389	15812	18067	22145	13889	15441	17680	20732	14527	15884	17701	21579
1:51:18	30.1	13348	15900	18112	22019	13706	15337	17642	21027	14601	16004	17585	21867
1:51:25	30.1	13276	15916	18105	22112	13666	15359	17437	21130	14578	16007	17782	21676
1:51:32	30.1	13370	15817	18096	22252	13807	15447	17849	21076	14609	15774	17821	21562
1:51:39	30.1	13427	15776	18016	22034	13629	15428	17846	21279	14498	15799	17826	21718
1:51:46	30.1	13398	15807	18078	22135	13757	15380	17413	21027	14542	15947	17823	21847
1:51:53	30.1	13352	15829	18115	22073	13773	15415	17667	21048	14599	15897	17690	21687
1:52:00	30.1	13484	15803	18201	22131	13573	15404	17571	21042	14552	15979	17700	21808
1:52:07	30.1	13419	15870	17934	22140	13791	15426	17517	20928	14518	15776	17704	21407
1:52:14	30.1	13266	15813	18094	22188	13624	15304	17616	20559	14540	15968	18209	21690
1:52:21	30.1	13259	15780	18021	22022	13655	15606	17868	21118	14793	15723	17725	21592
1:52:28	30.1	13421	15915	17928	22144	13708	15438	17509	20839	14540	15829	17752	21623
1:52:35	30.1	13275	15905	18080	22260	13430	15547	17541	20985	14590	15745	17744	21542
1:52:42	30.1	13480	15807	17874	21884	13742	15220	17369	21021	14556	15990	17897	21625
1:52:49	30.1	13266	15835	18127	21921	13586	15226	17611	21101	14558	15909	17750	21577
1:52:56	30.1	13487	15764	18173	22094	13651	15197	17669	21084	14465	15977	17612	21608
1:53:03	30.1	13300	15767	18073	21872	13605	15296	17605	20992	14423	15802	17648	21680
1:53:10	30.1	13309	15792	18173	22022	13559	15353	17614	20808	14615	15987	17775	21491
1:53:17	30.1	13393	15762	18031	22160	13663	15392	17477	20805	14426	15651	17787	21392
1:53:24	30.1	13431	15832	17871	21912	13859	15298	17601	20817	14624	15836	17817	21537
1:53:31	30.1	13407	15806	17919	22015	13560	15235	17568	21119	14499	15727	17735	21504
1:53:38	30.1	13304	15865	17825	22087	13456	15240	17792	20918	14665	15915	17777	21552
1:53:45	30.1	13416	15899	17952	22082	13575	15291	17783	20977	14418	15898	17691	21374
1:53:52	30.1	13385	15842	18120	22209	13525	15482	17809	20917	14404	15803	17835	21585
1:53:59	30.1	13132	15757	17959	22120	13587	15224	17638	20820	14322	15779	17699	21787
1:54:06	30.1	13376	15799	18426	22189	13619	15364	17441	20781	14498	15968	17699	21501
1:54:13	30.1	13418	16111	18035	22181	13643	15473	17392	20729	14564	15872	17671	21699
1:54:20	30.1	13449	15607	18150	21703	13410	15159	17370	20818	14437	15699	17606	21555
1:54:27	30.1	13222	15927	18126	21915	13492	15448	17415	20625	14538	15732	17512	21583
1:54:34	30.1	13148	15749	17951	22256	13622	15296	17782	20975	14396	15612	17729	21533
1:54:41	30.1	13395	15687	17756	21856	13560	15259	17464	20914	14293	15750	17711	21509
1:54:48	30.1	13365	15725	18097	22062	13682	15109	17689	21100	14329	15683	17505	21516
1:54:55	30.1	13392	15872	17808	21901	13768	15168	17395	21093	14538	15874	17759	21432
1:55:02	30.1	13293	15819	17972	21947	13566	15209	17593	20927	14513	15749	17778	21436
1:55:09	30.1	13375	15630	17827	22010	13483	15278	17564	20719	14518	16019	17429	21759
1:55:16	30.1	13267	15821	17898	21746	13658	15426	17756	20801	14494	15901	17724	21397
1:55:23	30.1	13206	15716	17883	22004	13503	15317	17529	20834	14514	15652	17642	21591
1:55:30	30.1	13237	15838	18078	21975	13534	15392	17490	20601	14413	15556	17692	21496
1:55:37	30.1	13253	15744	17902	21827	13620	15336	17374	20714	14290	15747	17601	21269
1:55:44	30.1	13164	15811	17955	22065	13505	15059	17623	20732	14161	15682	17646	21250
1:55:51	30.1	13353	15655	18090	22029	13402	15116	17384	20936	14481	15596	17652	21383
1:55:58	30.1	13038	15555	17867	21872	13590	14981	17391	20563	14491	15663	17732	21379
1:56:05	30.1	13262	15811	17910	21776	13660	15305	17629	20786	14568	15825	17613	21598
1:56:12	30.1	13356	15654	17842	21940	13583	15284	17600	20637	14583	15690	17674	21226
1:56:19	30.1	13401	15709	18053	21981	13326	15279	17542	20962	14426	15576	17655	21453
1:56:26	30.1	13252	15734	17795	21834	13560	15236	17397	20808	14394	15834	17537	21500

Results
	1	2	3	4	5	6	7	8	9	10	11	12
A	4054285.714	4671428.571	-6162857.143	5262857.143	-6702857.143	-4628571.429	-5562857.143	-6145714.286	-5005714.286	-5357142.857	-6822857.143	-5545714.286	Max V [295,335]
	1.000	1.000	1.000	1.000	1.000	1.000	1.000	1.000	1.000	1.000	1.000	1.000	R-Squared [295,335]
	1:48:48	0:39:23	0:51:52	0:15:42	0:00:18	0:00:11	0:00:46	0:01:42	0:01:28	0:51:03	0:01:56	0:26:40	t at Max V [295,335]
	1:50:47	0:41:00	0:50:27	0:17:24	0:00:10	0:00:11	0:00:41	0:01:10	0:01:30	0:49:28	0:01:42	0:25:47	Lagtime [295,335]
B													Max V [295,335]
													R-Squared [295,335]
													t at Max V [295,335]
													Lagtime [295,335]
C													Max V [295,335]
													R-Squared [295,335]
													t at Max V [295,335]
													Lagtime [295,335]
D													Max V [295,335]
													R-Squared [295,335]
													t at Max V [295,335]
													Lagtime [295,335]
E													Max V [295,335]
													R-Squared [295,335]
													t at Max V [295,335]
													Lagtime [295,335]
F													Max V [295,335]
													R-Squared [295,335]
													t at Max V [295,335]
													Lagtime [295,335]
G													Max V [295,335]
													R-Squared [295,335]
													t at Max V [295,335]
													Lagtime [295,335]
H													Max V [295,335]
													R-Squared [295,335]
													t at Max V [295,335]
													Lagtime [295,335]

