

Software Version	3.03.14

Procedure Details

Plate Type	96 WELL PLATE
Set Temperature	Setpoint 30°C
	Preheat before moving to next step
Start Kinetic	Runtime 2:29:50 (HH:MM:SS), Interval 0:00:09, 999 Reads
    Read	Fluorescence Endpoint
	A1..A12
	Filter Set 1
	    Excitation: 295,  Emission: 335
	    Optics: Top,  Gain: 80
	Light Source: Xenon Flash,  Lamp Energy: High
	Read Speed: Normal,  Delay: 0 msec,  Measurements/Data Point: 5
	Read Height: 8 mm
End Kinetic	

Layout
	1	2	3	4	5	6	7	8	9	10	11	12
A	SPL1	SPL2	SPL3	SPL4	SPL5	SPL6	SPL7	SPL8	SPL9	SPL10	SPL11	SPL12	Well ID
B													Well ID
C													Well ID
D													Well ID
E													Well ID
F													Well ID
G													Well ID
H													Well ID

295,335

Time	T° 295,335	A1	A2	A3	A4	A5	A6	A7	A8	A9	A10	A11	A12
0:00:00	30.0	15768	27852	30969	36241	16934	22640	29281	27882	14211	22384	23887	29180
0:00:09	30.0	15805	27634	31070	36580	16734	22190	29301	27845	14196	21976	23995	29156
0:00:18	30.0	15658	27536	31200	36414	16420	22275	28645	27485	14272	22062	24169	29253
0:00:27	30.0	15510	27071	30687	36229	16017	21670	28546	26939	14005	22075	24076	28992
0:00:36	30.0	15516	27397	30722	35891	15838	21808	28499	26763	13973	22065	23937	28911
0:00:45	30.0	15467	27052	30634	36258	15599	21614	28176	27127	14043	22125	24174	29363
0:00:54	30.0	15113	26753	30518	35742	15396	21504	28056	26623	13819	22010	24114	29035
0:01:03	30.1	15143	27006	30485	36310	15134	21023	27853	26276	13874	22161	23826	29056
0:01:12	30.0	14897	27202	30430	35901	14955	20894	27590	26243	13776	21816	23759	28890
0:01:21	30.0	14679	26546	30551	35515	14993	20679	27504	26176	13613	21972	23704	28884
0:01:30	30.0	14692	26581	29960	35529	14656	20520	27060	25895	13689	21751	23797	28884
0:01:39	30.0	14660	26535	30081	35333	14548	20194	26804	25811	13515	21658	23791	29100
0:01:48	30.0	14411	26045	29375	35180	14535	20093	26610	25549	13534	21866	23509	28757
0:01:57	30.0	14394	26069	29325	34712	14546	19708	26583	25207	13322	21560	23545	28738
0:02:06	30.0	14351	25814	29375	35181	14314	19749	26428	24993	13369	21620	23670	28628
0:02:15	30.0	14303	25576	29228	34599	14041	19551	26135	25227	13229	21213	23241	28368
0:02:24	30.0	14024	25677	28906	34576	14007	19454	25962	24916	13167	21535	23399	28860
0:02:33	30.0	13794	25149	28611	34436	13814	19607	25896	24902	13230	21299	23076	28571
0:02:42	30.0	13838	25607	28833	34443	13832	19108	25600	24683	13112	21370	23206	28562
0:02:51	30.0	13627	25031	28663	34021	13627	19149	25707	24290	12871	21461	23198	28265
0:03:00	30.0	13497	24910	28291	33840	13484	19073	25410	24339	13034	21304	23061	28153
0:03:09	30.0	13403	24701	28434	33918	13336	18820	25343	24010	12890	20888	22932	28337
0:03:18	30.0	13341	24904	28035	33681	13321	18686	25099	23888	13014	20881	23314	27954
0:03:27	30.0	13138	24535	28234	33435	13130	18701	24988	23852	12829	20738	22983	28246
0:03:36	30.0	13108	24379	28093	33624	12915	18677	24882	23675	12897	21198	23115	28286
0:03:45	30.0	12877	24577	27782	33244	12932	18495	24792	23828	12560	20632	22805	27901
0:03:54	30.0	12781	24519	27877	33136	12949	18376	24681	23564	12704	20809	22840	27900
0:04:03	30.0	12956	24024	27689	33033	13012	18355	24392	23495	12576	20684	22606	27812
0:04:12	30.0	12617	24155	27252	32722	12688	18064	24237	23370	12561	20395	22492	27678
0:04:21	30.0	12785	24216	27453	32861	12912	18147	24369	23240	12517	20599	22737	27936
0:04:30	30.0	12573	23713	27120	32505	12699	17931	24000	23153	12349	20531	22331	27492
0:04:39	30.0	12524	23675	27227	32905	12731	17919	24003	22917	12505	20386	22683	27475
0:04:48	30.0	12527	23601	27059	32591	12651	17900	23845	22919	12274	20401	22314	27672
0:04:57	30.0	12505	23791	26893	32133	12567	17812	23956	22919	12363	20551	22359	27454
0:05:06	30.0	12345	23445	26685	32719	12393	17734	23912	22934	12266	20057	22418	27589
0:05:15	30.0	12366	23255	26516	31976	12474	17706	23896	22816	12271	20109	22420	27498
0:05:24	30.0	12381	23309	26592	31840	12234	17549	23636	22514	12289	20184	22179	27251
0:05:33	30.0	12360	23205	26483	31812	12386	17477	23563	22663	12070	20054	22142	27387
0:05:42	30.0	12055	22971	26381	31800	12391	17607	23470	22593	11950	19983	22155	27501
0:05:51	30.0	12045	22989	26588	31793	12278	17591	23391	22656	12075	19780	21902	27288
0:06:00	30.0	11994	22738	26295	32053	12240	17576	23457	22363	11990	19890	21742	27159
0:06:09	30.0	11932	22949	26440	31373	12055	17121	23215	22384	11893	19793	21733	27415
0:06:18	30.0	11830	22817	25951	31075	12147	17338	23311	22578	11787	19725	21833	27220
0:06:27	30.0	11841	22591	25657	30852	12125	17358	23322	22279	11797	19621	21623	27198
0:06:36	30.0	11811	22483	25805	31236	12095	17231	23118	22184	11834	19834	21320	27074
0:06:45	30.0	11581	22477	25802	30811	12118	17246	22946	22140	11840	19701	21553	26916
0:06:54	30.0	11761	22383	25738	30943	12015	17206	22994	22083	11755	19568	21511	26776
0:07:03	30.0	11637	22386	25410	30901	11988	17022	22730	22038	11724	19496	21829	26939
0:07:12	30.0	11598	22138	25426	30999	12272	17061	22763	21952	11597	19639	21332	26770
0:07:21	30.0	11637	22354	25386	30707	11929	17037	22915	21898	11473	19407	21293	26775
0:07:30	30.0	11565	22263	25271	30511	11965	17134	22631	21948	11596	19394	21371	26605
0:07:39	30.1	11303	22314	25357	30310	11824	17022	22747	21799	11493	19401	21222	26628
0:07:48	30.0	11377	21960	25238	30128	11911	16843	22790	21692	11486	19412	21126	26735
0:07:57	30.0	11546	21879	25408	30501	11902	16984	22510	21881	11342	19293	21240	26165
0:08:06	30.0	11511	21948	25214	30283	11836	16812	22706	21609	11502	19161	21152	26378
0:08:15	30.0	11414	21836	24986	30161	11927	16789	22362	21699	11382	19272	21260	26396
0:08:24	30.0	11305	21734	25205	30109	11923	16789	22407	21633	11354	19013	21292	26643
0:08:33	30.0	11293	21602	24979	29838	11756	16601	22191	21503	11124	19201	21102	26389
0:08:42	30.0	11246	21445	24701	29555	11787	16658	22460	21510	11338	19157	20952	26560
0:08:51	30.0	11236	21462	24630	29967	11900	16829	22560	21401	11283	19112	21272	26410
0:09:00	30.0	11083	21445	24689	29620	11761	16700	22376	21550	11158	18877	21076	25977
0:09:09	30.1	11194	21307	24513	29968	11832	16819	22578	21397	11249	18985	20729	26073
0:09:18	30.0	11197	21382	24411	29645	11797	16686	22483	21241	11020	18848	21042	25911
0:09:27	30.0	11159	21384	24344	29306	11695	16704	22401	21289	11113	18980	20711	26231
0:09:36	30.0	10956	21214	24527	29188	11874	16757	22383	21409	11081	18853	20766	25940
0:09:45	30.0	11103	21243	24472	29455	11882	16559	22303	21169	11114	18914	20796	25822
0:09:54	30.0	10915	21246	24513	29371	11707	16555	22153	21432	11031	18727	20889	26065
0:10:03	30.0	11035	21059	24119	29286	11897	16682	22021	21110	10989	18629	20841	25734
0:10:12	30.0	10940	21069	24106	29256	11689	16525	22196	21324	11020	18652	20777	25574
0:10:21	30.0	10882	21003	24173	29046	11770	16531	21986	21580	11008	18678	20600	25835
0:10:30	30.0	10946	20746	23896	29024	11734	16646	22227	21246	10890	18512	20606	25869
0:10:39	30.0	10784	20781	23815	28967	11661	16408	22081	21026	11030	18654	20350	25663
0:10:48	30.0	10790	20827	23929	28669	11615	16355	21987	20887	10901	18507	20590	25675
0:10:57	30.0	10892	20686	23879	28800	11755	16487	21861	20838	10965	18455	20422	25798
0:11:06	30.0	10874	20734	23942	28889	11617	16598	21996	21082	10867	18475	20712	25539
0:11:15	30.0	10725	20750	23677	28571	11708	16400	22065	20936	10877	18301	20315	25512
0:11:24	30.0	10765	20608	23692	28749	11712	16288	21827	20982	10798	18356	20213	25547
0:11:33	30.0	10739	20765	23870	28708	11769	16234	21798	20958	10764	18266	20223	25561
0:11:42	30.0	10794	20551	23600	28807	11614	16254	21940	20941	10867	18150	20272	25215
0:11:51	30.0	10681	20379	23705	28510	11735	16477	21928	20744	10639	18348	20142	25544
0:12:00	30.0	10724	20715	23391	28380	11608	16580	21710	20842	10783	18196	20288	25498
0:12:09	30.0	10710	20528	23754	28303	11639	16322	21831	20474	10653	18295	20254	25376
0:12:18	30.0	10759	20274	23504	28407	11583	16383	21709	20990	10569	18089	20132	25347
0:12:27	30.0	10650	20295	23353	28328	11643	16260	21529	20694	10533	18216	19806	25405
0:12:36	30.0	10631	20251	23507	28480	11616	16298	21849	20858	10678	18147	20128	25225
0:12:45	30.0	10562	20551	23317	28333	11646	16242	21592	20907	10692	18101	20066	25097
0:12:54	30.0	10455	20163	23183	28294	11624	16135	21649	20753	10617	18132	19917	25193
0:13:03	30.0	10582	20318	23151	28323	11656	16295	21702	20845	10577	18110	19789	24969
0:13:12	30.0	10564	20286	23586	28208	11567	16294	21925	21140	10504	17921	19879	25100
0:13:21	30.0	10533	20325	23177	27917	11458	16265	21761	21145	10627	17905	19971	25278
0:13:30	30.0	10488	20197	23184	28086	11565	16305	21877	20648	10507	18061	19839	25018
0:13:39	30.0	10350	20308	23232	27926	11740	16181	21741	20835	10576	18061	19872	25029
0:13:48	30.0	10549	20196	23153	28076	11649	16202	21762	20781	10464	17877	19749	24901
0:13:57	30.0	10728	19989	23277	27720	11612	16453	21666	20840	10429	17928	19536	24880
0:14:06	30.0	10493	20202	23049	27711	11631	16110	21633	21018	10389	17892	19698	24756
0:14:15	30.0	10514	20035	23195	27892	11510	16272	21655	20776	10372	17894	19582	24769
0:14:24	30.0	10396	19955	23082	27719	11593	16368	21432	20782	10213	17589	19486	24656
0:14:33	30.0	10457	19901	22947	27807	11549	16154	21426	20487	10318	17738	19630	24550
0:14:42	30.0	10448	20093	22918	27700	11462	16228	21675	20617	10376	17607	19364	24600
0:14:51	30.0	10460	19935	22887	27293	11566	16354	21566	20813	10251	17468	19673	24693
0:15:00	30.0	10489	20014	23115	27749	11479	16243	21843	20620	10313	17625	19410	24590
0:15:09	30.0	10349	19768	22749	27568	11292	16287	21371	20523	10190	17513	19282	24341
0:15:18	30.0	10482	20008	22965	27544	11415	16050	21485	20628	10340	17584	19518	24679
0:15:27	30.0	10399	19774	22833	27493	11610	16122	21494	20640	10263	17565	19471	24629
0:15:36	30.0	10503	19826	23041	27571	11299	16134	21453	20894	10203	17755	19401	24443
0:15:45	30.0	10361	19686	22875	27670	11424	16016	21380	20752	10179	17643	19500	24372
0:15:54	30.0	10416	19579	22695	27330	11570	16021	21488	20587	10240	17533	19171	24424
0:16:03	30.0	10357	19833	22731	27230	11501	16133	21554	20363	10192	17325	19403	24315
0:16:12	30.0	10264	19823	22381	27103	11378	16102	21513	20505	10220	17227	19286	24380
0:16:21	30.0	10251	19821	22747	27382	11591	16104	21428	20309	10146	17403	19357	24267
0:16:30	30.0	10342	19592	22695	27035	11531	16073	21403	20619	10172	17390	19263	24273
0:16:39	30.0	10280	19695	22774	27022	11411	16274	21461	20709	10309	17464	19280	24433
0:16:48	30.0	10265	19487	22571	27120	11485	16098	21480	20520	9957	17318	19203	24305
0:16:57	30.0	10264	19597	22666	26800	11501	15970	21375	20689	10074	17367	19045	24209
0:17:06	30.0	10335	19500	22588	27228	11532	16362	21241	20649	10150	17288	19174	24243
0:17:15	30.0	10258	19718	22828	27409	11309	16065	21465	20490	10244	17322	19260	24155
0:17:24	30.1	10381	19521	22531	26905	11567	16229	21164	20537	10047	17125	19129	24047
0:17:33	30.0	10233	19251	22473	26882	11505	16031	21267	20419	9968	17178	18911	24028
0:17:42	30.0	10242	19462	22603	27159	11497	16238	21453	20585	10236	17131	19149	24057
0:17:51	30.0	10141	19441	22424	27035	11445	16256	21262	20237	10045	17201	18863	23923
0:18:00	30.1	10360	19400	22328	27024	11565	16091	21411	20178	10064	17280	18999	24079
0:18:09	30.0	10201	19473	22307	27028	11513	15986	21377	20399	9949	17156	18976	24063
0:18:18	30.1	10211	19313	22313	26766	11447	15951	21402	20243	10034	17096	18905	24186
0:18:27	30.1	10192	19520	22330	26858	11454	15988	21275	20444	9966	17076	19058	24113
0:18:36	30.1	10275	19413	22428	27127	11432	16076	21217	20441	10098	17160	18771	24081
0:18:45	30.1	10293	19320	22243	26942	11416	15917	21407	20379	9863	17131	19058	23866
0:18:54	30.1	10204	19267	22331	26726	11345	15873	21486	20411	10043	17128	18975	23911
0:19:03	30.1	10111	19188	22084	26509	11537	16006	21466	20541	10012	16959	18927	23497
0:19:12	30.1	10179	19432	21971	26598	11398	16065	21185	20338	9840	16898	18860	23611
0:19:21	30.1	10129	19489	22278	26521	11564	16205	21500	20185	9874	16881	18690	23665
0:19:30	30.1	10214	19267	22266	26553	11491	15880	21270	20358	9830	17072	18739	23534
0:19:39	30.1	10057	19221	22329	26885	11318	16011	21236	20286	9945	16911	18626	23717
0:19:48	30.1	10125	19235	22382	26645	11405	15944	21128	20344	9830	16857	18566	23407
0:19:57	30.1	10161	19156	22551	26839	11416	16020	21367	20365	9833	16995	18763	23615
0:20:06	30.0	10151	19269	22013	26604	11475	15850	21485	20152	9949	16918	18668	23526
0:20:15	30.1	10189	19145	22053	26586	11314	15885	21129	20202	9895	16897	18638	23515
0:20:24	30.0	10160	18995	22098	26512	11405	15891	21175	20184	9938	16675	18602	23617
0:20:33	30.1	10097	19359	22078	26446	11396	15922	21199	20251	9802	16737	18749	23351
0:20:42	30.1	9904	19403	22116	26540	11481	15884	21187	20444	9902	16881	18657	23344
0:20:51	30.1	10113	18909	22122	26676	11384	15714	20762	20217	9852	16697	18583	23416
0:21:00	30.1	10091	19188	22053	26297	11307	15993	21309	20343	9839	16867	18643	23243
0:21:09	30.1	10302	19159	22103	26624	11438	16053	21023	20304	9775	16622	18456	23265
0:21:18	30.1	9966	19135	21994	26328	11330	15967	20992	20252	9739	16673	18621	23454
0:21:27	30.1	10108	18903	22223	26204	11332	15993	21244	20200	9873	16494	18354	23352
0:21:36	30.1	10027	18978	22060	26767	11306	15922	21249	20212	9824	16589	18594	23209
0:21:45	30.1	10096	18963	22209	26329	11324	15915	21248	20342	9804	16738	18393	23352
0:21:54	30.1	10143	19038	22064	26421	11217	15981	21061	20389	9827	16691	18677	23078
0:22:03	30.1	10081	18913	21816	26383	11296	15831	21030	20037	9739	16627	18311	23265
0:22:12	30.1	9955	19009	21944	26496	11384	15939	21324	20143	9680	16730	18309	23296
0:22:21	30.1	10104	18940	22042	26294	11266	15837	21317	20113	9681	16567	18250	23282
0:22:30	30.0	10112	19054	21930	26343	11414	15916	21197	20066	9833	16440	18352	23115
0:22:39	30.1	10120	18932	21878	26241	11318	15978	20885	20153	9610	16606	18365	23179
0:22:48	30.0	9950	18933	21818	26307	11339	15952	20867	20218	9715	16617	18235	23001
0:22:57	30.1	10007	18896	21940	26044	11293	15878	21219	20253	9607	16501	18233	22827
0:23:06	30.1	9969	18836	21702	26071	11364	15887	21167	19904	9697	16393	18270	23064
0:23:15	30.0	10045	18922	21903	26341	11195	15967	21447	20019	9543	16621	18508	23000
0:23:24	30.1	10088	18890	21779	26074	11451	15850	21152	19921	9699	16482	18111	22891
0:23:33	30.1	9979	18808	21896	26076	11236	15752	21016	20463	9734	16282	18213	23353
0:23:42	30.1	10021	18924	21775	25993	11261	15877	21229	20388	9701	16325	18236	22912
0:23:51	30.1	10047	18830	21970	26177	11496	15840	21095	20213	9604	16551	18249	22906
0:24:00	30.1	9908	18847	21902	26058	11389	15701	21145	20200	9628	16439	18131	23096
0:24:09	30.1	10011	18588	21843	26187	11385	15998	21017	20112	9540	16275	17918	23011
0:24:18	30.1	10050	18835	21646	25961	11221	15792	21376	19986	9731	16323	18128	22687
0:24:27	30.1	10085	18924	21665	26133	11267	15748	21037	20089	9663	16357	18149	22753
0:24:36	30.1	10050	18776	21622	26138	11260	15951	21123	19933	9521	16303	18055	22702
0:24:45	30.1	9944	18767	21737	25852	11225	15828	20827	20112	9642	16374	18055	22730
0:24:54	30.1	9983	18775	21567	25728	11350	15709	21132	19984	9514	16298	18026	22674
0:25:03	30.1	9962	19057	21624	25680	11315	15876	21016	20032	9662	16195	18216	22696
0:25:12	30.1	10015	18631	21855	25999	11311	15703	20858	20134	9484	16147	18039	22824
0:25:21	30.1	9943	18824	21835	25674	11197	15962	21055	19942	9618	16126	18027	22608
0:25:30	30.1	9990	18848	21559	25660	11219	15936	21028	20264	9508	16284	18036	22613
0:25:39	30.1	10034	18729	21751	25945	11236	15885	20847	20323	9469	16148	17848	22712
0:25:48	30.1	9970	18765	21546	25720	11271	15866	20897	19782	9553	16361	17762	22792
0:25:57	30.1	9992	18823	21652	25935	11253	15897	21202	19977	9450	16284	18051	22529
0:26:06	30.1	9840	18603	21485	25755	11212	15767	20905	19997	9548	16099	17785	22492
0:26:15	30.1	10049	18847	21686	25751	11342	15848	21045	20086	9515	16142	17862	22615
0:26:24	30.1	9915	18559	21530	25686	11370	15543	21065	20011	9588	16064	17716	22705
0:26:33	30.1	9927	18655	21436	25742	11250	15764	20864	19961	9472	16010	17923	22602
0:26:42	30.1	9895	18711	21369	25833	11393	15726	20790	19951	9577	16146	17798	22512
0:26:51	30.1	9878	18802	21519	25704	11162	15683	21057	19865	9427	16045	17667	22506
0:27:00	30.1	9961	18821	21644	25858	11191	15738	20844	20054	9523	16093	17660	22667
0:27:09	30.1	9873	18682	21489	26012	11174	15630	21113	19826	9494	16324	17656	22535
0:27:18	30.1	9939	18629	21656	25924	11232	15636	20947	19849	9446	16067	17801	22363
0:27:27	30.1	9998	18777	21389	25650	11191	15754	20775	19932	9473	16049	17810	22462
0:27:36	30.1	9913	18735	21426	25815	11248	15842	20842	20153	9530	16056	17962	22370
0:27:45	30.1	9898	18477	21592	25842	11158	15626	20789	19930	9402	15914	17758	22351
0:27:54	30.1	9894	18698	21602	26082	11223	15820	20658	19887	9481	16067	17589	22229
0:28:03	30.1	9869	18666	21443	25518	11135	15594	20731	20020	9432	15936	17426	22314
0:28:12	30.1	9817	18556	21553	25745	11302	15567	20739	19670	9463	16024	17655	22194
0:28:21	30.1	9862	18605	21357	25506	11174	15598	20895	19948	9395	15953	17801	22048
0:28:30	30.1	9789	18506	21451	25709	11135	15636	20895	19912	9490	15904	17578	22099
0:28:39	30.1	9876	18652	21291	25612	11205	15644	21009	20086	9356	15868	17621	22103
0:28:48	30.1	9735	18628	21368	25446	11245	15538	20998	19760	9479	15978	17569	22483
0:28:57	30.1	9777	18570	21573	25778	11184	15666	20783	19929	9427	15823	17626	22377
0:29:06	30.1	9797	18513	21486	25501	11156	15468	20907	19834	9351	15745	17648	22192
0:29:15	30.1	9875	18432	21328	25469	11170	15518	20639	19886	9404	15786	17530	21971
0:29:24	30.1	9978	18597	21291	25551	11240	15520	20932	20066	9357	15827	17634	22047
0:29:33	30.1	9870	18647	21463	25503	11078	15522	20760	19600	9513	15985	17523	22011
0:29:42	30.1	9809	18632	21369	25413	11128	15464	20968	19726	9436	15739	17511	21935
0:29:51	30.1	9816	18613	21202	25483	11136	15502	20654	19746	9305	15766	17669	21870
0:30:00	30.1	9827	18478	21227	25089	11055	15566	20957	19784	9275	15877	17402	22095
0:30:09	30.1	9953	18386	21275	25699	11102	15637	20863	19864	9359	15636	17388	21942
0:30:18	30.1	9819	18399	21364	25380	11196	15385	20837	19957	9403	15722	17395	22100
0:30:27	30.1	9890	18396	21296	25094	11223	15505	20758	19892	9379	15603	17419	21985
0:30:36	30.1	9931	18465	21119	25336	11189	15556	20747	19746	9357	15890	17362	21808
0:30:45	30.1	9925	18496	21297	25376	11011	15664	20794	19788	9321	15776	17477	21888
0:30:54	30.1	9685	18521	21312	25338	11206	15434	20642	19792	9326	15679	17200	21922
0:31:03	30.1	9871	18478	21321	25405	11215	15587	20566	19799	9177	15720	17496	21844
0:31:12	30.1	9760	18551	21379	25402	11201	15540	20734	20013	9318	15686	17416	22059
0:31:21	30.1	9830	18519	21306	25557	11033	15650	20699	19696	9256	15640	17338	21759
0:31:30	30.1	9792	18311	21353	25588	11128	15374	20474	19584	9302	15727	17159	21808
0:31:39	30.1	9853	18333	21171	25402	11145	15648	20863	19815	9418	15741	17598	21923
0:31:48	30.1	9797	18329	21119	25475	11061	15731	20737	19577	9320	15746	17201	21959
0:31:57	30.1	9752	18364	21065	25437	11300	15519	20732	19560	9283	15641	17347	21824
0:32:06	30.1	9740	18282	21103	25708	11098	15251	20559	19696	9413	15696	17288	21602
0:32:15	30.1	9813	18098	21199	25131	10832	15512	20637	19757	9258	15678	17164	21689
0:32:24	30.1	9758	18478	20948	25167	11043	15499	20721	19607	9252	15751	17253	21633
0:32:33	30.1	9779	18688	20911	25408	11052	15667	20689	19705	9195	15685	17041	22013
0:32:42	30.1	9767	18131	21196	25467	11121	15525	20701	19686	9224	15478	16955	21856
0:32:51	30.1	9802	18391	20985	25528	11207	15501	20721	19774	9321	15522	17324	21901
0:33:00	30.1	9738	18482	20994	25584	10999	15652	20392	19516	9352	15646	17172	21710
0:33:09	30.1	9880	18422	21244	25304	11043	15677	20605	19575	9289	15766	17072	21758
0:33:18	30.1	9808	18392	21010	25130	11082	15588	20626	19583	9356	15431	17117	21615
0:33:27	30.1	9790	18484	21176	25342	11032	15578	20681	19530	9313	15482	17265	21607
0:33:36	30.1	9773	18180	21245	25299	11030	15405	20656	19660	9231	15475	17266	21715
0:33:45	30.1	9836	18232	21093	25341	11036	15361	20721	19637	9268	15458	16992	21607
0:33:54	30.1	9832	18347	21265	25303	11191	15581	20794	19695	9201	15611	17097	21375
0:34:03	30.1	9746	18305	21133	25238	11076	15497	20864	19576	9180	15464	17101	21651
0:34:12	30.1	9737	18448	21198	25359	11060	15515	20770	19591	9263	15568	17050	21625
0:34:21	30.1	9789	18366	20982	25240	11109	15557	20788	19627	9341	15331	17077	21440
0:34:30	30.1	9737	18299	21078	25441	11017	15403	20404	19700	9266	15307	17053	21371
0:34:39	30.1	9642	18376	20892	25202	11106	15464	20650	19645	9361	15702	17207	21543
0:34:48	30.1	9747	18195	20957	25127	10959	15507	20528	19528	9250	15431	17038	21482
0:34:57	30.1	9795	18264	21165	25099	10988	15459	20706	19541	9219	15511	17143	21526
0:35:06	30.1	9800	18357	21077	25224	11065	15409	20529	19534	9294	15310	17051	21485
0:35:15	30.1	9736	18359	21172	25537	11066	15480	20644	19539	9290	15354	17021	21438
0:35:24	30.1	9635	18053	21060	25223	10995	15393	20310	19771	9142	15612	17115	21486
0:35:33	30.1	9675	18295	20865	24939	11123	15575	20487	19763	9302	15384	17132	21605
0:35:42	30.1	9743	18154	21092	25099	11114	15627	20421	19654	9300	15481	16928	21561
0:35:51	30.1	9779	18210	20959	24757	11085	15386	20259	19746	9186	15485	16966	21281
0:36:00	30.1	9681	18218	20923	25229	11067	15312	20880	19605	9194	15539	16979	21373
0:36:09	30.1	9648	18043	20844	25308	11063	15347	20600	19309	9249	15417	17051	21425
0:36:18	30.1	9734	18207	21048	25233	10890	15418	20359	19557	9300	15422	16859	21306
0:36:27	30.1	9679	18017	20751	25258	11021	15348	20430	19716	9073	15364	16929	21341
0:36:36	30.1	9759	18323	21181	25292	11119	15357	20622	19556	9241	15526	16865	21420
0:36:45	30.1	9663	18327	21154	25242	10960	15273	20543	19581	9158	15290	17129	21291
0:36:54	30.1	9773	18249	21159	25149	11015	15481	20631	19607	9271	15330	16976	21408
0:37:03	30.1	9684	18382	21008	25138	10894	15376	20571	19558	9184	15397	16872	21390
0:37:12	30.1	9774	18236	20830	24989	11113	15440	20305	19508	9128	15202	16793	21287
0:37:21	30.1	9731	18205	21117	25270	11105	15504	20583	19354	9246	15353	16928	21378
0:37:30	30.1	9677	18128	20772	25324	10938	15530	20480	19515	9249	15242	16908	21204
0:37:39	30.1	9652	18189	21010	25235	11020	15297	20415	19443	9252	15443	16973	21283
0:37:48	30.1	9569	18226	21027	25080	10940	15355	20688	19491	9257	15182	16987	21197
0:37:57	30.1	9645	18252	21134	25049	10962	15501	20419	19642	9203	15352	16695	21325
0:38:06	30.1	9702	18313	21011	24950	11030	15260	20650	19566	9179	15302	16827	21077
0:38:15	30.1	9726	18283	20715	24969	11067	15270	20511	19492	9219	15330	16830	21409
0:38:24	30.1	9857	18205	20727	24889	10941	15152	20297	19510	9169	15038	16861	21205
0:38:33	30.1	9694	18088	20885	25162	10944	15303	20677	19597	9237	15161	16863	21120
0:38:42	30.1	9650	18331	20570	24890	10875	15367	20319	19371	9114	15089	16601	20890
0:38:51	30.1	9729	18178	20668	24992	10983	15165	20422	19335	9162	15286	16710	21077
0:39:00	30.1	9576	17925	20882	25341	10883	15170	20411	19521	9184	15303	16854	20931
0:39:09	30.1	9677	18088	20721	25203	10877	15317	20392	19254	9029	15235	16679	21363
0:39:18	30.1	9625	18248	20695	24672	11049	15436	20388	19462	9093	15235	16762	20951
0:39:27	30.1	9730	18147	20900	24819	11122	15400	20407	19475	9154	15318	16718	20887
0:39:36	30.1	9780	18089	20881	24992	11084	15296	20409	19535	9198	15004	16730	21154
0:39:45	30.1	9711	18170	20973	24987	10952	15403	20507	19598	9079	15235	16878	20995
0:39:54	30.1	9668	18053	20731	24913	10922	15211	20352	19332	9022	15306	16814	21115
0:40:03	30.1	9662	18082	21044	24994	11017	15007	20552	19456	9186	15314	16674	21099
0:40:12	30.1	9812	18165	20804	24971	11011	15340	20341	19446	9259	15074	16735	21219
0:40:21	30.1	9728	17978	21021	25006	10974	15375	20564	19453	9061	15226	16612	21073
0:40:30	30.1	9589	18178	21071	25015	11110	15355	20423	19535	9164	15300	16705	21185
0:40:39	30.1	9608	18156	20805	25067	10951	15183	20565	19516	9235	15102	16679	21000
0:40:48	30.1	9752	17957	20959	25055	10858	15346	20283	19377	9057	15041	16785	21125
0:40:57	30.1	9667	18149	20921	24967	11035	15327	20555	19617	9236	15230	16868	21084
0:41:06	30.1	9651	18209	20759	24941	11040	15260	20324	19411	9087	15040	16594	21044
0:41:15	30.1	9602	18156	20836	24687	10882	15187	20426	19580	9042	15220	16626	21029
0:41:24	30.1	9726	17883	20969	24794	10944	15429	20140	19453	9029	15206	16641	21007
0:41:33	30.1	9775	18030	20879	25022	11027	15370	20500	19410	9146	15161	16649	20998
0:41:42	30.1	9642	18033	20633	24737	10978	15205	20346	19350	8984	15136	16600	20917
0:41:51	30.1	9612	18149	21053	24975	10856	15401	20486	19301	9081	15130	16571	21141
0:42:00	30.1	9761	17833	20910	24978	10884	15165	20402	19398	9107	15113	16705	20814
0:42:09	30.1	9677	18044	20651	25035	10911	15285	20534	19551	9052	15232	16537	20769
0:42:18	30.1	9604	18023	20860	24899	10975	15439	20436	19357	9019	15008	16656	21021
0:42:27	30.1	9743	18034	20971	24807	10886	15263	20407	19421	9148	15193	16664	20930
0:42:36	30.1	9585	18155	20722	24794	10879	15194	20445	19270	9141	15075	16729	20893
0:42:45	30.1	9586	18115	20703	24869	10873	15343	20310	19351	9035	15142	16672	20892
0:42:54	30.1	9573	18054	20720	24748	10864	15147	20271	19314	9132	14945	16697	20566
0:43:03	30.1	9580	18051	20809	24566	11061	15289	20179	19334	8991	15168	16592	20568
0:43:12	30.1	9568	17989	20513	24597	10820	15316	20530	19388	9134	15051	16652	20784
0:43:21	30.1	9572	18024	20939	24701	10926	15048	20410	19389	9092	15059	16559	20872
0:43:30	30.1	9577	18078	20784	24774	10967	15247	20503	19272	9188	15167	16552	20617
0:43:39	30.1	9666	18063	20592	24891	11054	15243	20507	19294	9047	15158	16574	21049
0:43:48	30.1	9548	17844	20774	24410	10781	15077	20116	19355	9059	15092	16536	20707
0:43:57	30.1	9664	18058	20790	25026	10931	15328	20137	19524	9117	15183	16688	20983
0:44:06	30.1	9565	18096	20882	24906	10816	15240	20323	19236	9029	14964	16559	20880
0:44:15	30.1	9609	18063	20847	24734	10862	15453	20245	19244	9056	15103	16609	21026
0:44:24	30.1	9567	17873	20693	24607	10760	15340	20273	19462	9076	15127	16407	20838
0:44:33	30.1	9663	17847	20624	24771	10863	15355	20295	19413	9092	15087	16548	20740
0:44:42	30.1	9616	18096	20556	24667	10756	15115	20166	19400	9075	15132	16498	20829
0:44:51	30.1	9533	18118	20536	24830	11043	15175	20293	19141	8962	14825	16448	20559
0:45:00	30.1	9568	18078	20674	24741	10823	15224	20302	19161	9045	14991	16421	20693
0:45:09	30.1	9624	17828	20571	24617	10921	15108	20093	19453	8997	14896	16537	20763
0:45:18	30.1	9669	17983	20734	24952	10948	15156	20083	19325	9027	15087	16470	20559
0:45:27	30.1	9585	18195	20608	24718	10839	15208	20359	19502	9049	15110	16495	20792
0:45:36	30.1	9626	18300	20763	24614	10979	15231	20322	19226	9062	15008	16400	20526
0:45:45	30.1	9607	17958	20409	24691	10925	15255	20431	19345	9076	14915	16580	20885
0:45:54	30.1	9664	17942	20714	25041	10951	15230	20235	19318	9119	15147	16348	20732
0:46:03	30.1	9664	18146	21000	24717	10900	15274	20257	19324	9062	14948	16551	20659
0:46:12	30.1	9530	17931	20712	24634	10900	15196	20318	19058	9074	15220	16459	20583
0:46:21	30.1	9583	18103	20585	24436	10913	15213	20241	19292	9003	14977	16363	20590
0:46:30	30.1	9682	17981	21017	24836	10860	15255	20078	19280	9187	14980	16447	20835
0:46:39	30.1	9533	17986	20639	24791	10854	15232	20176	19390	8954	15071	16533	20745
0:46:48	30.1	9674	17842	20628	24559	10781	15234	20429	19101	9063	15065	16546	20710
0:46:57	30.1	9520	17964	20626	24853	10783	15244	20277	19228	9077	14790	16400	20649
0:47:06	30.1	9618	17906	20717	24506	10931	15189	20353	19315	9036	14946	16422	20774
0:47:15	30.1	9618	17954	20624	24530	11008	15323	20203	19206	9083	15141	16476	20736
0:47:24	30.1	9567	17943	21007	24908	10915	15101	20194	19420	9124	14875	16382	20761
0:47:33	30.1	9422	17786	20665	24623	10915	15201	20155	19165	8945	14973	16465	20373
0:47:42	30.1	9777	17829	20543	24511	10946	15236	20418	19109	8985	15020	16454	20611
0:47:51	30.0	9572	17814	20642	24539	10860	15223	20145	19151	9057	14999	16398	20625
0:48:00	30.1	9405	18050	20753	24694	10845	15116	20162	19456	9061	15044	16402	20648
0:48:09	30.1	9529	17835	20683	24753	10814	15268	20255	19224	8960	14929	16473	20487
0:48:18	30.1	9660	17878	20549	24786	10855	15100	20313	19169	9134	14846	16361	20546
0:48:27	30.0	9643	17847	20506	24741	10904	15192	20056	19159	9109	14952	16367	20553
0:48:36	30.1	9580	18005	20426	24855	10867	15273	20188	19061	9138	14846	16138	20466
0:48:45	30.1	9437	18005	20689	24647	10988	15149	20374	19131	8976	14731	16257	20551
0:48:54	30.1	9446	17895	20531	24677	10799	15173	20253	19186	9026	14972	16375	20438
0:49:03	30.1	9524	18034	20552	24575	10740	15153	20300	19036	8996	15088	16315	20568
0:49:12	30.1	9514	17907	20580	24819	10801	15050	20219	19229	8947	14888	16203	20454
0:49:21	30.1	9552	17936	20448	24829	10803	15150	20102	19170	9051	14763	16341	20430
0:49:30	30.1	9503	17844	20630	24535	10760	15219	20290	19154	9079	14923	16282	20402
0:49:39	30.1	9613	17739	20532	24724	10870	15044	20230	19330	8992	14996	16463	20579
0:49:48	30.1	9559	17902	20609	24670	10743	15299	20117	19274	8975	14845	16488	20435
0:49:57	30.1	9550	17832	20647	24753	10886	15011	20149	19150	8946	15034	16537	20423
0:50:06	30.1	9576	17857	20490	24579	10778	15231	20079	19316	9063	14794	16171	20525
0:50:15	30.1	9638	17743	20585	24537	10793	15123	20046	19173	8883	14880	16422	20524
0:50:24	30.1	9528	17900	20591	24641	10893	15103	19854	19059	8877	14919	16195	20343
0:50:33	30.1	9518	17734	20765	24831	10879	15092	20321	19171	9117	14879	16211	20401
0:50:42	30.1	9694	17989	20642	24624	10885	15189	20124	19105	9015	14934	16350	20372
0:50:51	30.1	9583	17683	20674	24523	10776	14914	20018	19240	8875	14807	16317	20456
0:51:00	30.0	9489	17840	20544	24749	10789	15112	20123	19193	8886	14937	16334	20180
0:51:09	30.1	9634	17728	20423	24645	10919	15207	20236	19211	8970	14850	16372	20463
0:51:18	30.1	9535	17747	20488	24582	10796	15151	20224	19271	8973	14813	16174	20397
0:51:27	30.1	9445	17929	20317	24814	10831	15131	20082	19220	9072	14904	16475	20461
0:51:36	30.1	9541	17803	20657	24725	10892	15152	20339	19237	8959	14906	16322	20394
0:51:45	30.1	9562	17977	20484	24515	10752	15329	20142	19236	9041	14877	16234	20581
0:51:54	30.0	9622	17782	20580	24724	10827	15072	20274	19342	9048	14825	16449	20446
0:52:03	30.1	9480	17705	20587	24577	10813	15196	20088	19441	8978	14792	16367	20340
0:52:12	30.1	9581	17784	20506	24410	10862	14989	20118	19151	8957	14916	16037	20486
0:52:21	30.1	9484	17899	20319	24682	10742	15101	20171	19107	9003	14749	16271	20471
0:52:30	30.1	9473	17884	20513	24596	10750	15074	20209	19097	9062	14858	16221	20459
0:52:39	30.1	9505	17781	20415	24518	10798	15110	20074	19046	9030	14965	16338	20259
0:52:48	30.1	9558	17785	20346	24502	10710	15023	20193	19146	8944	14690	16161	20292
0:52:57	30.1	9533	17832	20560	24927	10771	15022	20073	19241	8939	14924	16247	20313
0:53:06	30.1	9451	17725	20594	24549	10925	15014	19919	19004	8887	15055	16168	20430
0:53:15	30.1	9569	17917	20751	24473	10901	15143	20178	19236	9009	14831	16327	20237
0:53:24	30.1	9489	17905	20626	24353	10862	15073	20015	19166	8960	14768	16215	20194
0:53:33	30.1	9463	17854	20442	24483	10797	15070	20087	18903	9025	14893	16330	20285
0:53:42	30.1	9549	17697	20440	24460	10838	15042	20037	19075	9026	14764	16151	20527
0:53:51	30.1	9554	17947	20554	24618	10822	15151	20252	19179	9020	14753	16133	20320
0:54:00	30.1	9525	17947	20660	24507	10890	14993	20178	19050	9059	14865	16176	20147
0:54:09	30.1	9571	17830	20351	24745	10950	15063	20148	19199	8935	14755	16262	20354
0:54:18	30.0	9514	17926	20478	24880	10788	15042	20119	19051	9070	14682	16302	20137
0:54:27	30.1	9524	17775	20459	24355	10794	15151	20247	19233	8992	14880	16220	20243
0:54:36	30.1	9497	17840	20551	24632	10807	15043	20136	19012	8997	14743	16279	20307
0:54:45	30.1	9617	17752	20323	24505	10892	14962	20113	19231	8966	14894	16172	20342
0:54:54	30.1	9584	17868	20514	24603	10951	15168	20164	19197	8992	14662	16185	20166
0:55:03	30.0	9475	17801	20636	24429	10819	15210	20365	19145	8975	14802	16186	20295
0:55:12	30.1	9471	17859	20559	24502	10823	15260	20227	19100	8936	14891	16192	20382
0:55:21	30.1	9538	17754	20498	24587	10755	15128	20083	19021	8929	14776	16066	20376
0:55:30	30.1	9520	17725	20225	24489	10714	15073	20065	19234	8951	14667	16235	20207
0:55:39	30.1	9435	17802	20511	24903	10816	15178	20072	19057	8990	14751	16217	20166
0:55:48	30.1	9504	17738	20464	24631	10882	14912	20124	19098	8917	14797	16193	20302
0:55:57	30.1	9476	17846	20762	24681	10744	15128	20050	19235	8876	14814	16220	20267
0:56:06	30.0	9410	17921	20395	24640	10763	14958	20122	19024	8909	14776	16309	20283
0:56:15	30.1	9632	17830	20194	24657	10677	14990	20104	19132	9026	14742	16160	20034
0:56:24	30.1	9516	17705	20350	24612	10809	14895	20019	18889	8896	14736	16051	20076
0:56:33	30.1	9436	17835	20233	24648	10877	15164	20170	19153	9027	14679	16062	20212
0:56:42	30.1	9437	17748	20339	24434	10747	15032	20057	19063	9014	14755	16227	20258
0:56:51	30.0	9566	17675	20588	24323	10805	15026	20001	19099	8924	14699	16114	20298
0:57:00	30.1	9418	17767	20433	24390	10756	15104	20021	19068	8925	14914	16247	20049
0:57:09	30.1	9442	18014	20622	24526	10809	14910	19973	19036	8951	14706	16165	20093
0:57:18	30.1	9419	17799	20483	24702	10716	15025	20022	19010	8906	14740	16182	20182
0:57:27	30.0	9375	17546	20334	24468	10720	15065	19954	19011	8966	14775	16064	20278
0:57:36	30.1	9563	17844	20349	24428	10800	15100	20067	18934	8960	14821	16129	20307
0:57:45	30.1	9386	17743	20510	24425	10644	14897	19884	19041	8991	14811	16188	20314
0:57:54	30.1	9513	17790	20218	24603	10724	14983	20066	18921	9082	14735	16191	20094
0:58:03	30.1	9482	17794	20650	24610	10768	15065	20207	18851	8982	14789	16275	20041
0:58:12	30.1	9596	17757	20425	24653	10812	14965	20120	19013	9004	14565	16152	20374
0:58:21	30.1	9272	17668	20380	24450	10810	15091	19973	18799	8935	14607	16330	20044
0:58:30	30.1	9357	18027	20310	24661	10796	15127	20134	19004	8988	14640	16170	20193
0:58:39	30.1	9334	17813	20369	24484	10656	14942	19980	19079	8794	14692	15951	20100
0:58:48	30.1	9450	17766	20426	24504	10724	15155	19990	18908	8941	14693	16384	20196
0:58:57	30.1	9369	17555	20281	24512	10660	14867	19870	19121	8906	14720	16130	20230
0:59:06	30.1	9481	17962	20328	24200	10920	14956	19812	19038	8943	14580	16216	19949
0:59:15	30.0	9451	17638	20387	24554	10781	15006	19976	19047	8978	14793	16105	19932
0:59:24	30.1	9438	17642	20261	24491	10809	14908	19799	19008	8917	14776	16067	20096
0:59:33	30.1	9551	17821	20448	24278	10872	14857	20219	19019	8936	14681	16084	20191
0:59:42	30.1	9570	17880	20481	24581	10641	15022	19772	19140	9011	14609	16202	20000
0:59:51	30.1	9443	17621	20208	24390	10827	14874	19932	19012	8933	14643	16220	20006
1:00:00	30.0	9410	17817	20452	24399	10665	14891	20149	18807	8812	14715	16111	20150
1:00:09	30.1	9413	17655	20280	24432	10690	15238	20113	18913	8922	14699	16061	20097
1:00:18	30.1	9453	17695	20495	24516	10706	15031	20044	18919	8946	14617	16059	19679
1:00:27	30.1	9490	17375	20610	24275	10820	15041	19951	18992	9016	14686	16018	19861
1:00:36	30.1	9446	17691	20725	24607	10759	14936	19790	18969	8880	14568	16046	20146
1:00:45	30.0	9214	17643	20371	24301	10711	14918	20080	19036	8940	14692	15999	20002
1:00:54	30.1	9421	17794	20553	23971	10718	15038	19887	18882	8835	14579	16007	20015
1:01:03	30.1	9500	17611	20331	24524	10785	14914	20189	18929	8895	14800	16081	20183
1:01:12	30.1	9367	17793	20681	24290	10704	15026	20126	18815	8922	14626	16145	19956
1:01:21	30.1	9421	17827	20300	24352	10867	15033	20126	18924	8941	14715	16082	19912
1:01:30	30.0	9379	17756	20690	24389	10793	14977	20099	19157	8965	14775	16094	20027
1:01:39	30.1	9440	17775	20298	24559	10816	14930	19984	19076	8907	14554	16113	19914
1:01:48	30.1	9324	17576	20067	24108	10583	14815	19896	18702	8795	14665	16164	19889
1:01:57	30.1	9410	17912	20430	24670	10741	14980	19940	19295	8936	14713	16150	20156
1:02:06	30.1	9512	17625	20397	24265	10677	14990	19875	19004	8917	14634	16067	19999
1:02:15	30.0	9416	17607	20425	24270	10606	14838	19887	18991	8858	14846	16186	20123
1:02:24	30.1	9385	17652	20188	24349	10808	14880	19851	18928	8894	14439	15989	19882
1:02:33	30.1	9423	17561	20367	24308	10611	14848	20051	18947	8979	14577	16099	20040
1:02:42	30.0	9395	17703	20205	24245	10715	14983	20041	18916	8890	14671	16112	20266
1:02:51	30.1	9397	17687	20251	24447	10734	15001	19877	19067	8901	14604	15971	20084
1:03:00	30.0	9461	17628	20490	24468	10752	14795	20097	18996	8945	14688	16007	20248
1:03:09	30.0	9341	17717	20238	24356	10673	14998	19986	18892	8851	14738	16126	20040
1:03:18	30.1	9356	17833	20444	24406	10688	14880	19823	19195	8882	14618	16156	19971
1:03:27	30.0	9456	17762	20171	24449	10768	14835	19836	19098	8797	14642	15881	19976
1:03:36	30.1	9427	17823	20361	24292	10626	14938	19757	18868	8868	14629	15988	19810
1:03:45	30.1	9419	17561	20591	24173	10732	14798	20016	18883	8897	14611	16062	19885
1:03:54	30.0	9371	17654	20407	24213	10742	15093	19869	18957	8986	14618	15865	19808
1:04:03	30.1	9418	17504	20481	24118	10623	14869	19974	18968	8875	14512	16242	19743
1:04:12	30.1	9524	17720	20434	24525	10860	15064	19885	19001	8913	14662	16014	20266
1:04:21	30.1	9264	17686	20086	24218	10632	15022	20077	18753	9012	14565	15912	19943
1:04:30	30.1	9413	17737	20386	24497	10799	14961	19875	18817	8879	14531	16039	19819
1:04:39	30.1	9404	17616	20303	24275	10581	14799	20039	18978	8932	14394	16073	19961
1:04:48	30.1	9349	17772	20384	24536	10690	14985	20057	18912	8887	14576	16101	19962
1:04:57	30.0	9299	17552	20228	24288	10822	14981	20338	18967	8902	14753	16110	19977
1:05:06	30.0	9443	17897	20388	24164	10714	15007	19806	18842	8921	14559	15964	20057
1:05:15	30.1	9367	17720	20324	24296	10737	14806	19977	18860	8918	14519	15948	19971
1:05:24	30.1	9337	17779	20342	24323	10634	15033	20081	18730	8853	14608	15986	19790
1:05:33	30.1	9439	17598	20505	24222	10670	14867	19989	18994	8832	14583	15991	19862
1:05:42	30.1	9329	17700	20470	24286	10601	14831	19848	18997	8937	14554	16107	20015
1:05:51	30.1	9426	17558	20493	24407	10725	15092	19985	18869	8952	14733	16095	19974
1:06:00	30.1	9378	17568	20318	24126	10659	14722	19918	19073	8899	14563	15938	20099
1:06:09	30.1	9379	17655	20230	24448	10817	14972	19938	18934	8832	14718	16006	19843
1:06:18	30.0	9516	17650	20460	24443	10470	14853	19937	18908	8922	14771	15888	19800
1:06:27	30.1	9387	17497	20203	24523	10711	14853	20132	18888	8892	14612	16040	19808
1:06:36	30.0	9418	17552	20230	24597	10763	14900	19836	18984	9004	14729	15893	19865
1:06:45	30.1	9348	17643	20522	24187	10675	14869	19943	18762	8925	14699	15837	19851
1:06:54	30.1	9442	17532	20478	24286	10752	14859	19970	18836	8810	14603	15937	19816
1:07:03	30.1	9369	17814	20035	24174	10822	14926	19966	19101	8937	14747	15976	19877
1:07:12	30.1	9457	17611	20429	24090	10694	14881	19902	18966	8880	14593	15958	20081
1:07:21	30.0	9408	17600	20222	24162	10692	14778	20172	18893	8854	14647	16017	19844
1:07:30	30.1	9488	17840	20464	24180	10879	15056	19970	19031	8929	14464	15883	19982
1:07:39	30.1	9401	17669	20210	24351	10741	14795	19697	18957	8905	14677	15890	19682
1:07:48	30.1	9426	17599	20099	24203	10804	14993	19898	18929	9032	14502	15840	20195
1:07:57	30.1	9553	17690	20324	24037	10765	15019	19732	19064	8811	14733	16035	19879
1:08:06	30.0	9387	17450	20420	24191	10780	14792	19796	18754	8818	14464	16121	19851
1:08:15	30.1	9542	17571	20199	24578	10715	14860	20020	18814	9057	14667	15918	19847
1:08:24	30.1	9379	17477	20305	24245	10753	15073	20086	19008	8811	14528	15884	19718
1:08:33	30.1	9390	17563	20293	24005	10826	14967	19773	18747	8930	14553	15890	19806
1:08:42	30.1	9484	17725	20588	24388	10638	14988	19778	18937	8876	14488	15958	20151
1:08:51	30.1	9302	17558	19904	23988	10732	14791	20092	18812	8974	14665	15905	19772
1:09:00	30.1	9375	17481	20604	24094	10659	14731	19799	18791	8917	14774	15889	20013
1:09:09	30.1	9361	17572	20282	24423	10655	14831	19925	18820	8975	14617	15972	19907
1:09:18	30.1	9348	17626	20099	24297	10757	14869	19824	18888	8899	14540	16052	20008
1:09:27	30.1	9194	17443	20172	24154	10664	14785	19861	18927	8879	14576	15979	19815
1:09:36	30.1	9310	17646	20166	24232	10609	14920	20008	18828	8886	14463	15940	19760
1:09:45	30.1	9451	17585	20058	24395	10737	14796	19948	18721	8822	14487	16019	19700
1:09:54	30.1	9313	17506	20399	24085	10696	14760	19887	18765	8880	14438	15864	19760
1:10:03	30.1	9351	17530	20329	24275	10745	14827	19961	18728	8974	14680	16083	19823
1:10:12	30.1	9331	17575	20301	24316	10576	14771	19850	18785	8978	14559	15768	19680
1:10:21	30.0	9329	17652	20145	24517	10651	14807	19841	18772	8795	14629	15938	19972
1:10:30	30.1	9441	17579	20268	24396	10672	14918	20100	18946	8962	14601	15888	19912
1:10:39	30.1	9209	17571	20312	24547	10620	14977	19859	18872	8939	14432	15808	19885
1:10:48	30.0	9413	17354	20249	24435	10635	14871	20134	18757	8981	14415	15877	19812
1:10:57	30.0	9276	17552	20077	24195	10618	14907	19840	18896	8971	14476	16047	19713
1:11:06	30.1	9427	17722	20263	24301	10722	14745	19809	18762	8890	14532	15903	19568
1:11:15	30.1	9402	17442	20123	24333	10576	14813	19680	18718	8868	14758	15841	19799
1:11:24	30.1	9290	17771	20121	24060	10801	14988	19735	18953	8889	14599	15972	19855
1:11:33	30.0	9260	17520	20375	24261	10815	14909	19724	18879	8800	14539	15954	19744
1:11:42	30.0	9340	17427	20252	24295	10704	14929	19944	18784	8988	14593	16061	19815
1:11:51	30.1	9257	17378	20568	24262	10679	14841	19810	18902	8915	14485	15963	19722
1:12:00	30.1	9347	17482	20252	24216	10665	14824	19799	18836	8941	14748	16007	19753
1:12:09	30.1	9329	17707	20170	24510	10710	14720	19754	18816	8907	14517	15916	19865
1:12:18	30.1	9315	17505	20260	24082	10422	14965	19840	18668	8826	14371	15788	19631
1:12:27	30.1	9527	17440	20066	24576	10654	14664	19906	18995	8811	14673	15909	19612
1:12:36	30.0	9313	17768	20056	24323	10714	14836	19846	18652	9014	14541	15896	19836
1:12:45	30.1	9337	17593	20200	24130	10630	14977	19764	18846	8866	14611	15948	19578
1:12:54	30.0	9369	17523	20070	24110	10616	14731	19763	18777	8737	14632	15837	19680
1:13:03	30.1	9234	17720	20101	24158	10712	14844	19849	18714	8903	14586	15741	19995
1:13:12	30.1	9055	17699	20119	24375	10543	14688	19612	18817	8907	14493	15894	19866
1:13:21	30.1	9391	17510	20035	24321	10664	14708	19792	18639	8992	14663	15821	19966
1:13:30	30.1	9499	17341	20261	24245	10581	14642	19777	19055	8772	14374	15954	19736
1:13:39	30.1	9370	17531	20162	24354	10776	14720	19942	18504	8918	14565	15939	19798
1:13:48	30.1	9410	17500	20168	24159	10693	14721	19938	18743	8947	14381	15821	19708
1:13:57	30.1	9384	17241	20388	24199	10684	14903	19859	18423	8898	14554	15884	19817
1:14:06	30.1	9263	17505	20252	24120	10580	14637	19747	18774	8770	14555	15893	19716
1:14:15	30.0	9360	17488	20016	24013	10481	14730	19763	18542	8810	14465	15874	19593
1:14:24	30.1	9231	17335	20184	23932	10571	14838	19690	18585	8921	14503	15664	19498
1:14:33	30.1	9260	17589	20150	24147	10758	14943	19636	18818	8905	14322	15795	19664
1:14:42	30.0	9312	17381	20158	24261	10636	14843	19735	18767	8696	14404	15780	19877
1:14:51	30.0	9271	17646	20165	23874	10669	14705	19699	18764	8839	14503	15784	19619
1:15:00	30.1	9282	17415	20275	24068	10647	14739	19820	19076	8845	14597	15715	19715
1:15:09	30.1	9307	17525	20364	24051	10645	14898	19802	18939	8790	14349	15882	19708
1:15:18	30.1	9372	17517	20023	24196	10617	14736	20030	18649	8862	14611	15805	19513
1:15:27	30.0	9371	17466	20104	24186	10589	14701	19732	18507	8868	14421	15788	19599
1:15:36	30.1	9325	17484	20154	24375	10794	14862	19939	18740	8840	14516	15868	19550
1:15:45	30.0	9395	17653	20360	24113	10577	14701	19628	18800	8918	14483	15648	19732
1:15:54	30.1	9236	17388	20264	24086	10499	14872	19699	18660	8764	14423	15747	19728
1:16:03	30.1	9404	17369	20225	24148	10569	14788	19934	18855	8751	14417	15823	19660
1:16:12	30.0	9319	17472	20360	24274	10636	14619	19778	18730	8884	14355	15790	19880
1:16:21	30.1	9279	17587	19953	24213	10640	14839	19814	18709	8778	14502	15804	19651
1:16:30	30.0	9343	17402	20103	23892	10713	14804	19793	18725	8959	14238	15788	19754
1:16:39	30.1	9392	17481	20148	24050	10646	14797	19656	18670	8844	14512	15919	19540
1:16:48	30.1	9413	17527	19995	23938	10613	14689	19601	18640	8807	14452	15782	19585
1:16:57	30.0	9264	17111	19986	23954	10605	14725	19914	18664	8867	14349	15792	19506
1:17:06	30.1	9229	17495	19985	24108	10622	14677	19372	18651	8795	14407	15755	19584
1:17:15	30.0	9354	17388	19868	24055	10592	14856	19758	19012	8764	14523	15680	19610
1:17:24	30.1	9364	17393	19830	24121	10439	14886	19887	18777	8831	14385	15770	19530
1:17:33	30.1	9333	17311	19992	23989	10607	14664	19527	18611	8755	14380	15747	19631
1:17:42	30.0	9134	17257	20105	24087	10579	14681	19762	18736	8827	14280	15647	19467
1:17:51	30.1	9236	17484	20045	24152	10686	14653	19628	18515	8780	14359	15753	19513
1:18:00	30.1	9263	17538	19985	23960	10635	14791	19777	18681	8842	14272	15678	19394
1:18:09	30.1	9368	17305	19978	23833	10489	14807	19644	18658	8811	14241	15713	19669
1:18:18	30.1	9269	17418	20277	23840	10636	14730	19522	18607	8709	14414	15798	19614
1:18:27	30.1	9289	17372	19972	24027	10590	14839	19636	18492	8760	14260	15629	19455
1:18:36	30.1	9254	17318	19905	23683	10594	14741	19670	18603	8727	14443	15925	19587
1:18:45	30.1	9362	17475	20247	23940	10580	14732	19896	18624	8737	14517	15815	19478
1:18:54	30.1	9184	17491	20083	24232	10515	14632	19696	18557	8826	14317	15664	19438
1:19:03	30.1	9263	17421	20109	24110	10734	14801	19590	18467	8817	14360	15723	19646
1:19:12	30.1	9191	17394	19952	23985	10581	14691	19636	18506	8824	14363	15694	19417
1:19:21	30.1	9200	17338	20232	23836	10462	14595	19840	18819	8677	14427	15754	19474
1:19:30	30.1	9275	17192	19841	23843	10422	14712	19280	18467	8853	14216	15463	19621
1:19:39	30.1	9155	17335	19951	23867	10561	14818	19514	18645	8772	14377	15560	19429
1:19:48	30.1	9169	17337	19754	23994	10576	14795	19616	18510	8756	14351	15685	19484
1:19:57	30.1	9199	17279	19965	23741	10516	14676	19650	18503	8652	14291	15692	19464
1:20:06	30.1	9287	17418	20150	23744	10461	14681	19447	18732	8733	14262	15613	19572
1:20:15	30.1	9318	17312	19848	23952	10499	14536	19590	18705	8819	14425	15713	19277
1:20:24	30.1	9294	17179	20024	23741	10477	14644	19762	18515	8827	14347	15770	19558
1:20:33	30.1	9316	17398	19984	24334	10422	14622	19689	18632	8846	14365	15712	19602
1:20:42	30.1	9115	17293	20171	23966	10570	14839	19688	18558	8681	14323	15923	19602
1:20:51	30.1	9247	17387	19835	23806	10420	14646	19450	18517	8779	14444	15721	19415
1:21:00	30.1	9309	17073	19999	23742	10529	14634	19639	18650	8744	14289	15705	19250
1:21:09	30.1	9294	17454	19852	24018	10413	14658	19680	18547	8713	14315	15605	19457
1:21:18	30.1	9268	17467	20115	23947	10562	14626	19526	18584	8752	14360	15585	19558
1:21:27	30.1	9292	17253	19863	23951	10481	14543	19821	18500	8646	14264	15663	19603
1:21:36	30.1	9155	17326	20225	24124	10655	14506	19367	18532	8723	14400	15667	19315
1:21:45	30.1	9218	17405	20068	24089	10535	14767	19542	18567	8830	14296	15785	19433
1:21:54	30.1	9274	17427	19944	23954	10591	14621	19393	18642	8725	14495	15737	19482
1:22:03	30.1	9208	17413	20140	23957	10416	14595	19717	18473	8770	14337	15664	19216
1:22:12	30.1	9319	17355	20147	23984	10556	14735	19333	18396	8715	14424	15588	19175
1:22:21	30.1	9113	17253	19697	23815	10420	14639	19530	18382	8743	14129	15582	19261
1:22:30	30.1	9198	17505	20115	23742	10661	14438	19597	18587	8737	14409	15628	19438
1:22:39	30.1	9325	17418	20049	23929	10517	14574	19592	18596	8809	14330	15721	19341
1:22:48	30.1	9170	17206	20067	23857	10417	14622	19498	18549	8746	14429	15629	19476
1:22:57	30.1	9143	17250	19910	24118	10611	14571	19587	18365	8735	14280	15523	19391
1:23:06	30.1	9187	17202	20012	24155	10453	14620	19542	18641	8828	14189	15590	19275
1:23:15	30.1	9165	17115	19951	23873	10544	14497	19595	18377	8656	14382	15581	19340
1:23:24	30.1	9218	17555	19797	23865	10512	14785	19676	18576	8800	14322	15805	19475
1:23:33	30.1	9122	17204	20093	23679	10592	14546	19377	18576	8762	14229	15581	19220
1:23:42	30.1	9187	17419	19857	23753	10412	14611	19578	18602	8852	14350	15538	19405
1:23:51	30.1	9075	17044	19884	24212	10379	14466	19279	18326	8583	14136	15602	19460
1:24:00	30.1	9091	17387	19826	23763	10511	14515	19412	18387	8817	14140	15520	19359
1:24:09	30.1	9195	17185	19906	23660	10483	14521	19378	18405	8670	14179	15663	19352
1:24:18	30.1	9066	17254	19976	23755	10592	14507	19417	18499	8736	14400	15574	19308
1:24:27	30.1	9209	17242	19805	23906	10529	14726	19378	18537	8833	14181	15607	19340
1:24:36	30.1	9231	17224	19958	23627	10506	14592	19810	18589	8755	14269	15637	19506
1:24:45	30.1	9118	17160	20252	23555	10431	14543	19705	18574	8643	14121	15636	19270
1:24:54	30.1	9295	17105	19766	23730	10501	14539	19408	18222	8775	14248	15529	19328
1:25:03	30.1	9079	17185	19495	23651	10464	14482	19339	18399	8888	14232	15493	19345
1:25:12	30.1	9136	17223	20121	23804	10444	14444	19398	18378	8686	14358	15525	19235
1:25:21	30.1	9069	17128	19887	23648	10521	14554	19345	18376	8784	14246	15749	19237
1:25:30	30.1	9197	17410	20013	23693	10565	14604	19436	18476	8732	14238	15412	19424
1:25:39	30.1	9148	17183	19702	23728	10497	14505	19684	18309	8712	14116	15608	19298
1:25:48	30.1	9281	17198	19993	23720	10404	14542	19421	18187	8703	14122	15602	19312
1:25:57	30.1	9113	17276	20080	23876	10462	14619	19270	18397	8803	14074	15505	19329
1:26:06	30.1	9187	17224	19854	23760	10422	14457	19498	18421	8709	14182	15793	19382
1:26:15	30.1	9075	17160	19921	23539	10468	14612	19388	18568	8590	14204	15678	19372
1:26:24	30.1	9082	17190	19867	23821	10562	14628	19483	18538	8707	14179	15533	19178
1:26:33	30.1	9144	17202	19608	23753	10436	14656	19396	18221	8685	14306	15491	19320
1:26:42	30.1	9186	17029	19908	23771	10437	14538	19306	18436	8645	14141	15595	19209
1:26:51	30.1	9097	17206	19742	23745	10472	14614	19494	18362	8696	14310	15524	19231
1:27:00	30.1	9191	17086	19685	23864	10376	14569	19489	18269	8671	14118	15571	19221
1:27:09	30.1	9149	17252	19727	23746	10415	14528	19638	18519	8662	14308	15486	19410
1:27:18	30.1	9125	17330	19687	23755	10373	14255	19269	18450	8645	14028	15319	19181
1:27:27	30.1	9246	17258	19775	23563	10316	14563	19487	18477	8682	14271	15525	19304
1:27:36	30.1	9067	17167	19575	23676	10370	14436	19565	18325	8691	14171	15541	19317
1:27:45	30.1	9143	16843	19662	23723	10281	14449	19446	18363	8616	14049	15560	19387
1:27:54	30.1	9095	17028	19738	23379	10423	14521	19601	18322	8738	14198	15435	18906
1:28:03	30.1	9109	17079	19609	23705	10505	14452	19459	18340	8694	14261	15499	19384
1:28:12	30.1	9130	17204	19842	23564	10416	14342	19407	18367	8677	14049	15529	19198
1:28:21	30.1	8965	17023	19844	23561	10382	14336	19524	18166	8605	14185	15404	19112
1:28:30	30.1	9118	17184	19827	23939	10372	14508	19432	18311	8723	14076	15633	19226
1:28:39	30.1	8943	17156	19810	23670	10448	14471	19271	18313	8600	14086	15343	19141
1:28:48	30.1	9127	17033	19831	23781	10362	14489	19136	18405	8650	14152	15333	19108
1:28:57	30.1	9025	17132	19635	23817	10295	14433	19481	18296	8565	14066	15521	19149
1:29:06	30.1	9148	17201	19694	23557	10319	14412	19404	18444	8573	14260	15328	19028
1:29:15	30.1	9038	17126	19843	23339	10349	14223	19192	18090	8631	14049	15246	19199
1:29:24	30.1	8945	17087	19654	23819	10364	14621	19462	18424	8686	14114	15401	19168
1:29:33	30.1	9108	16848	19682	23654	10348	14282	19282	18458	8746	13957	15503	19267
1:29:42	30.1	9066	16954	19685	23568	10355	14391	19358	18135	8621	14080	15308	19046
1:29:51	30.1	9004	17077	19561	23695	10402	14403	19408	18023	8587	14238	15387	19046
1:30:00	30.1	9013	16794	19489	23576	10339	14429	19243	18079	8571	14061	15155	19211
1:30:09	30.1	8983	16914	19773	23520	10363	14504	19246	18302	8678	14051	15391	19183
1:30:18	30.1	9096	16895	19412	23658	10202	14360	19265	18116	8711	14036	15293	19055
1:30:27	30.1	9099	17195	19477	23560	10237	14202	19334	18242	8692	14236	15355	19045
1:30:36	30.1	8926	17122	19605	23552	10276	14315	19208	18208	8606	14038	15318	19085
1:30:45	30.1	8940	17082	19681	23386	10317	14402	19145	18158	8536	13903	15246	18984
1:30:54	30.1	9106	17009	19657	23481	10298	14299	19130	18117	8618	14181	15365	19097
1:31:03	30.1	9092	16918	19427	23652	10271	14425	19197	18147	8584	14154	15352	19072
1:31:12	30.1	8936	16968	19589	23532	10256	14379	19278	18141	8564	14023	15262	18858
1:31:21	30.1	8938	17004	19409	23300	10299	14252	19128	18191	8570	13998	15246	19052
1:31:30	30.1	9058	16981	19765	23503	10250	14430	19138	18113	8597	14005	15461	18910
1:31:39	30.1	9110	17076	19695	23291	10304	14187	19238	18241	8518	14143	15277	18958
1:31:48	30.1	9024	17017	19596	23352	10292	14504	19108	18118	8578	13983	15293	18895
1:31:57	30.1	8939	16989	19620	23477	10217	14371	19150	17896	8676	14087	15162	18836
1:32:06	30.1	9044	16933	19639	23201	10375	14359	19307	18024	8650	14082	15358	19197
1:32:15	30.1	8842	17031	19208	23424	10296	14230	19188	18206	8552	13984	15414	19027
1:32:24	30.1	8952	17101	19738	23359	10436	14162	19081	17928	8539	14103	15221	18937
1:32:33	30.1	9169	16900	19545	23397	10232	14303	18960	18081	8476	13997	15272	19105
1:32:42	30.1	8848	16743	19614	23500	10323	14378	19173	18010	8520	13935	15397	18921
1:32:51	30.1	9062	16892	19587	23315	10312	14213	19171	18192	8683	14037	15370	19014
1:33:00	30.1	8963	16808	19552	23574	10163	14170	19018	18227	8524	14043	15182	18707
1:33:09	30.1	8979	16726	19356	23289	10157	14441	19109	18181	8647	13888	15129	18743
1:33:18	30.1	8921	16859	19656	23497	10344	14136	19294	17982	8525	14045	15270	18779
1:33:27	30.1	9041	16843	19615	23416	10230	14178	19080	18197	8510	14024	15268	18862
1:33:36	30.1	9025	16825	19533	23036	10325	14223	19296	17902	8547	14042	15195	18919
1:33:45	30.1	8964	17002	19328	23476	10253	14227	19190	17921	8584	14136	15234	19063
1:33:54	30.1	8971	16768	19568	23393	10219	14407	19085	17964	8660	13931	15254	19019
1:34:03	30.1	8880	16999	19577	23382	10239	14237	19167	18131	8458	13878	15387	18952
1:34:12	30.1	9066	16698	19438	23385	10233	14088	19206	18175	8477	14078	15194	18888
1:34:21	30.1	8781	16989	19515	23376	10280	14146	18935	18051	8673	13811	15124	18917
1:34:30	30.1	8949	16757	19389	23413	10284	14311	18974	18085	8555	13924	15250	18779
1:34:39	30.1	9014	16829	19420	23391	10189	14197	19087	18116	8554	13897	15284	18989
1:34:48	30.1	9096	16960	19429	23423	10178	14302	19032	17876	8505	13750	15286	18854
1:34:57	30.1	8899	16640	19350	23121	10461	14126	19022	18119	8607	13938	15293	19088
1:35:06	30.1	8961	17026	19267	23210	10245	14182	18965	18035	8463	13842	15329	18976
1:35:15	30.1	9097	16775	19341	23252	10383	14209	19121	18135	8562	13977	15373	18999
1:35:24	30.1	8929	16953	19424	23260	10290	14392	19071	18056	8503	13934	15379	18691
1:35:33	30.1	8977	16890	19189	23196	10241	14206	19102	17918	8527	13874	15108	19010
1:35:42	30.1	8995	16836	19416	23241	10286	14213	19086	17885	8575	13871	15198	18901
1:35:51	30.1	9037	16850	19408	23433	10230	14294	18987	18138	8550	13886	15136	18763
1:36:00	30.1	8863	16906	19486	23280	10182	14231	18971	17826	8522	13870	15164	18735
1:36:09	30.1	8913	16792	19495	23291	10358	14170	19020	18101	8426	14008	15185	18879
1:36:18	30.1	8888	16862	19299	23228	10242	14146	19051	18000	8512	13923	15209	18698
1:36:27	30.1	8774	16662	19293	23359	10454	14254	18896	17892	8421	13792	15231	18712
1:36:36	30.1	8868	16950	19236	23029	10190	14391	18955	17852	8572	13841	15166	18750
1:36:45	30.1	8908	16854	19324	23155	10362	14435	18964	18038	8513	13730	15061	18789
1:36:54	30.1	9044	16784	19234	23425	10263	14293	19168	18050	8514	13876	15137	18837
1:37:03	30.1	8802	16556	19335	23149	10220	14283	18960	17935	8471	13954	15255	18829
1:37:12	30.1	9022	16652	19390	23121	10236	14296	18971	17956	8472	13741	15339	18574
1:37:21	30.1	8938	17054	19391	23347	10304	14263	18999	17845	8518	13794	15229	18674
1:37:30	30.1	8972	16820	19470	23283	10309	14159	18983	17865	8573	13982	15166	18735
1:37:39	30.1	8943	16841	19504	23373	10185	14304	18978	18009	8441	13967	15255	18839
1:37:48	30.1	8859	16901	19300	23310	10264	14136	19135	17847	8486	13908	15084	18812
1:37:57	30.1	8957	16763	19351	23185	10104	14321	19069	17940	8469	14015	15289	18746
1:38:06	30.1	8938	16629	19336	23100	10165	14121	18962	17761	8438	13905	15326	18803
1:38:15	30.1	8959	16822	19342	23286	10288	14182	18943	17979	8521	13891	15302	18561
1:38:24	30.1	8898	16855	19274	23203	10191	14073	19052	17906	8449	13959	15092	18688
1:38:33	30.1	8967	16691	19344	23159	10098	14095	18976	17929	8619	13969	15217	18622
1:38:42	30.1	8884	16641	19246	22987	10198	14175	18839	17925	8532	13797	15101	18768
1:38:51	30.1	8849	16865	19395	23037	10161	14107	19005	18063	8485	13830	15048	18604
1:39:00	30.1	8931	16557	19262	23134	10453	14043	19058	17897	8481	13984	15044	18841
1:39:09	30.1	8987	16609	19754	23032	10189	14219	18939	18063	8447	13987	15141	18864
1:39:18	30.1	8928	16881	19481	23141	10193	14109	19215	17968	8556	13754	15099	18931
1:39:27	30.1	8841	16722	19212	22937	10104	14115	18911	17872	8540	13881	15113	18852
1:39:36	30.1	8944	17013	19402	23088	10288	14111	18922	17798	8521	13872	15241	18677
1:39:45	30.1	8947	16641	19116	23174	10237	14097	18905	17921	8464	13835	15031	18837
1:39:54	30.1	8852	16661	19566	23065	10139	14134	18986	17976	8559	13884	15102	18769
1:40:03	30.1	8798	16773	19380	23242	10038	14129	18825	18085	8406	14010	15215	18749
1:40:12	30.1	8784	16728	19236	23481	10167	14136	19173	17942	8484	14013	14998	18706
1:40:21	30.1	9012	16571	19208	22988	10198	14050	19105	17892	8459	13903	15135	18732
1:40:30	30.1	8901	16725	19273	23107	10225	14118	18970	17927	8430	13740	15158	18775
1:40:39	30.1	8891	16809	19054	23229	10248	14156	18906	17854	8528	13925	15169	18797
1:40:48	30.1	8876	16770	19170	23010	10168	14192	18987	17916	8463	13847	15289	18707
1:40:57	30.1	8848	16705	19298	23120	10089	13990	18779	17943	8406	13699	15077	18807
1:41:06	30.1	8819	16761	19321	23067	10214	14102	18837	18004	8430	13936	15207	18710
1:41:15	30.1	8897	16536	19401	23105	10174	14229	18880	18027	8381	13882	15079	18735
1:41:24	30.1	8799	16819	19163	23114	10158	14165	18823	17751	8510	13719	15055	18659
1:41:33	30.1	8837	16532	19323	23152	10055	14214	18666	17913	8509	13953	15152	18691
1:41:42	30.1	8844	16921	19197	23385	10128	14197	19170	17855	8473	13879	15061	18663
1:41:51	30.1	8876	16777	19151	23094	10207	14038	18930	17864	8429	13915	15004	18657
1:42:00	30.1	8999	16766	19291	23001	10140	14141	19103	18003	8560	13804	15139	18759
1:42:09	30.1	8813	16692	19122	23042	10147	14221	19064	17856	8503	14078	14967	18736
1:42:18	30.1	8852	16728	19442	22801	10143	14145	18906	17875	8308	13792	14972	18586
1:42:27	30.1	8968	16588	19144	23206	10187	14200	18830	17763	8425	13657	15000	18727
1:42:36	30.1	8857	16730	19153	22965	10144	13970	18666	17814	8473	13878	14958	18596
1:42:45	30.1	8900	16648	19274	23120	10258	14158	19017	17718	8439	13912	15149	18549
1:42:54	30.1	8876	16648	19208	22960	10176	14084	18855	17676	8546	13730	15143	18506
1:43:03	30.1	8765	16610	19143	23031	10149	14113	18810	17908	8468	13876	15040	18641
1:43:12	30.1	8840	16611	19183	22951	10201	13926	18973	17801	8434	13785	15093	18678
1:43:21	30.1	8765	16710	19315	23225	10197	14136	18952	17773	8447	13780	14944	18720
1:43:30	30.1	8861	16727	19206	23277	10231	14071	18875	17736	8429	13865	15042	18695
1:43:39	30.1	8872	16739	19156	22901	10034	14085	18927	17799	8480	13652	15034	18480
1:43:48	30.1	8968	16601	19223	22904	10069	13995	19025	17893	8472	13714	15061	18590
1:43:57	30.1	8894	16534	19162	23166	10113	14095	18731	17828	8384	13796	15066	18669
1:44:06	30.1	8787	16493	19097	23053	10214	14124	18858	17823	8454	13764	14957	18630
1:44:15	30.1	8878	16458	19231	22977	10148	13962	18972	17837	8443	13870	15016	18536
1:44:24	30.1	8762	16586	19229	23064	10186	14107	18867	17778	8479	13857	14978	18862
1:44:33	30.1	8957	16497	19165	23221	10143	14127	18945	17774	8424	13826	14989	18822
1:44:42	30.1	8907	16600	19059	23066	10064	14009	18837	17853	8374	13800	15147	18559
1:44:51	30.1	8708	16508	19215	23037	10037	14072	18843	17860	8427	13676	14884	18468
1:45:00	30.1	8759	16630	19363	23141	10038	14086	18805	17981	8513	13779	15068	18547
1:45:09	30.1	8851	16583	19189	23080	10068	14215	18822	17924	8485	13750	15078	18844
1:45:18	30.1	8843	16694	19248	23084	10069	13975	18788	17795	8382	13723	15129	18469
1:45:27	30.1	8676	16880	19097	22843	10094	14139	18732	17763	8400	13706	15151	18771
1:45:36	30.1	8794	16572	19231	23032	10189	14233	18908	17953	8419	13822	15101	18645
1:45:45	30.1	8810	16566	19127	23203	10092	14094	18999	17764	8418	13694	15000	18446
1:45:54	30.1	8794	16712	19149	23031	10080	14066	18719	17698	8445	13687	15070	18572
1:46:03	30.1	8690	16482	19139	23030	10037	13943	18940	17751	8463	13852	14887	18626
1:46:12	30.1	8841	16674	19097	23145	10147	14033	18632	17681	8474	13812	14986	18405
1:46:21	30.1	8798	16517	19170	22967	10155	13934	18797	17719	8404	13732	14929	18559
1:46:30	30.1	8808	16524	19160	23057	10272	14053	18817	17850	8538	13842	15246	18651
1:46:39	30.1	8897	16627	19049	22841	9939	14080	18818	17682	8499	13611	14912	18439
1:46:48	30.1	8834	16545	19029	22917	10133	13924	18883	17798	8408	13690	15031	18375
1:46:57	30.1	8692	16593	18968	22859	10122	13922	18720	17525	8404	13828	14959	18596
1:47:06	30.1	8810	16551	19080	22954	10171	14079	18719	17678	8465	13696	15011	18596
1:47:15	30.1	8783	16449	19177	22877	10128	13961	18659	17704	8384	13771	15092	18676
1:47:24	30.1	8908	16729	18876	23201	10238	13954	18873	17629	8408	13685	15022	18642
1:47:33	30.1	8901	16643	19321	22981	10113	13956	18616	17743	8553	13648	14899	18579
1:47:42	30.1	8841	16617	19103	22692	10177	14034	18643	17773	8394	13610	14850	18355
1:47:51	30.1	8810	16613	18958	23091	10189	14077	18916	17670	8547	13875	14833	18585
1:48:00	30.1	8777	16523	19314	22996	10024	13925	18885	17583	8492	13665	14911	18618
1:48:09	30.1	8777	16461	19254	22825	10024	13919	18700	17697	8443	13676	15086	18587
1:48:18	30.1	8702	16897	19040	22813	10185	13895	18731	17751	8383	13711	15041	18575
1:48:27	30.1	8770	16529	18912	22876	9965	13984	18841	17709	8382	13697	14924	18600
1:48:36	30.1	8743	16519	19207	23070	9997	13793	18765	17661	8571	13614	14937	18698
1:48:45	30.1	8784	16593	19013	22879	10018	14045	18637	17774	8355	13704	14903	18540
1:48:54	30.1	8756	16461	19025	23031	10137	13919	18755	17499	8384	13698	14890	18567
1:49:03	30.1	8764	16403	19027	22957	10012	13937	18694	17673	8267	13658	14987	18322
1:49:12	30.1	8800	16657	19048	22747	10060	14022	18712	17715	8363	13699	15104	18542
1:49:21	30.1	8780	16440	19380	23267	10142	14029	18726	17734	8291	13714	14860	18550
1:49:30	30.1	8640	16534	19001	22881	10005	13953	18552	17593	8356	13580	14833	18381
1:49:39	30.1	8762	16521	18955	22802	10064	13953	18796	17674	8419	13788	14884	18419
1:49:48	30.0	8891	16617	18999	23093	10216	13893	18700	17739	8319	13554	14975	18463
1:49:57	30.1	8650	16575	19127	22682	10170	13753	18803	17558	8421	13673	14846	18634
1:50:06	30.1	8886	16715	19040	22955	10077	14057	18732	17732	8402	13609	15058	18602
1:50:15	30.1	8776	16517	19061	22735	10038	13926	18780	17835	8527	13706	15041	18279
1:50:24	30.1	8704	16626	19048	22698	10108	13986	18699	17687	8425	13670	14920	18571
1:50:33	30.1	8729	16499	18882	22891	10050	14100	18720	17774	8486	13639	14957	18531
1:50:42	30.1	8857	16560	19111	22809	10187	14097	18684	17530	8450	13677	14865	18427
1:50:51	30.0	8864	16520	18876	22859	10193	13983	18714	17608	8357	13630	14792	18572
1:51:00	30.1	8722	16517	18968	22709	10089	13705	18646	17536	8413	13631	14900	18331
1:51:09	30.1	8801	16412	19140	22824	10058	13996	18762	17671	8365	13601	14935	18417
1:51:18	30.1	8781	16424	19097	22792	10032	13790	18872	17809	8371	13639	14865	18517
1:51:27	30.1	8653	16588	19018	22973	10020	13830	18524	17617	8388	13547	14800	18328
1:51:36	30.1	8808	16528	18981	22807	10091	13925	18716	17551	8396	13807	14672	18372
1:51:45	30.1	8793	16452	19089	22936	10107	13907	18829	17653	8538	13725	15023	18434
1:51:54	30.1	8796	16462	18955	23000	10043	14002	18712	17650	8341	13685	14974	18494
1:52:03	30.1	8787	16483	19300	23054	10162	13901	18669	17537	8379	13606	14765	18468
1:52:12	30.0	8686	16506	19000	22646	9918	13871	18839	17723	8329	13683	14978	18339
1:52:21	30.1	8843	16488	19261	22876	10039	13856	18687	17471	8399	13703	14686	18580
1:52:30	30.1	8708	16320	19079	22677	9990	13978	18635	17559	8451	13663	14750	18536
1:52:39	30.1	8700	16454	18699	22788	10114	13798	18632	17330	8371	13590	14887	18511
1:52:48	30.1	8712	16665	18909	22966	10262	13808	18713	17632	8383	13686	15043	18372
1:52:57	30.1	8682	16590	19091	22630	10048	13947	18645	17565	8360	13678	14960	18473
1:53:06	30.1	8986	16468	19027	22759	10010	13983	18761	17731	8347	13463	14892	18520
1:53:15	30.0	8776	16671	19017	22841	10077	13674	18807	17443	8287	13602	14824	18476
1:53:24	30.1	8740	16443	19021	22761	9945	13769	18511	17669	8400	13707	14785	18440
1:53:33	30.1	8725	16529	18841	22910	10019	14046	18756	17568	8395	13551	14829	18467
1:53:42	30.1	8756	16608	18880	22697	9978	14035	18590	17749	8335	13441	14905	18371
1:53:51	30.1	8710	16494	18901	23004	9946	13830	18674	17444	8335	13454	14938	18341
1:54:00	30.0	8701	16510	18995	22815	10036	13821	18691	17619	8360	13690	14786	18330
1:54:09	30.1	8666	16254	18970	22720	9966	13836	18795	17594	8392	13553	14769	18425
1:54:18	30.1	8854	16409	19170	22857	9908	14027	18460	17555	8425	13657	14825	18487
1:54:27	30.0	8782	16477	18802	22606	10009	13949	18713	17487	8216	13510	14647	18229
1:54:36	30.1	8679	16480	18827	22783	10095	13785	18603	17619	8374	13637	15048	18369
1:54:45	30.1	8669	16346	18976	22806	9949	13842	18761	17633	8376	13620	14764	18287
1:54:54	30.1	8734	16472	19111	22723	10041	13881	18802	17611	8449	13508	14784	18420
1:55:03	30.1	8622	16441	19076	22746	10062	14049	18558	17506	8355	13858	14748	18465
1:55:12	30.0	8796	16367	19011	22853	9884	13746	18532	17657	8296	13567	14851	18344
1:55:21	30.1	8701	16427	19015	23094	10226	13835	18633	17478	8305	13764	14878	18523
1:55:30	30.1	8756	16383	19234	22935	10084	13824	18620	17709	8352	13558	14759	18459
1:55:39	30.1	8722	16289	19005	22696	10038	13841	18617	17503	8384	13547	14829	18314
1:55:48	30.1	8718	16407	18961	22801	9946	13736	18525	17431	8371	13471	14815	18376
1:55:57	30.1	8704	16365	18874	22882	10060	13946	18530	17580	8345	13492	14818	18457
1:56:06	30.1	8696	16284	18994	22748	10098	13745	18568	17693	8331	13555	14877	18334
1:56:15	30.1	8724	16412	19012	22949	10048	13780	18519	17575	8384	13779	14838	18373
1:56:24	30.0	8585	16507	18835	22676	9859	13790	18741	17454	8353	13489	14809	18360
1:56:33	30.1	8757	16449	19066	22526	9996	13771	18572	17306	8259	13595	14829	18327
1:56:42	30.1	8580	16536	18854	22500	10012	13827	18567	17528	8388	13246	14800	18218
1:56:51	30.0	8632	16297	18963	22653	9787	13752	18595	17460	8299	13379	14703	18193
1:57:00	30.1	8645	16341	19171	22618	10033	13823	18673	17313	8298	13590	14851	18346
1:57:09	30.0	8746	16462	19145	22717	10021	13819	18701	17432	8315	13670	14744	18492
1:57:18	30.1	8770	16338	18874	22806	10092	13747	18662	17478	8289	13503	14721	18487
1:57:27	30.1	8579	16439	19016	22617	9926	13835	18515	17485	8259	13640	14737	18358
1:57:36	30.1	8709	16521	18988	22874	10001	13839	18568	17508	8323	13599	14932	18230
1:57:45	30.0	8689	16314	18931	22652	10029	13919	18585	17543	8264	13597	14855	18372
1:57:54	30.1	8682	16255	18809	22968	10003	13885	18542	17426	8342	13650	14844	18301
1:58:03	30.0	8629	16248	18687	22655	9910	13911	18613	17412	8322	13474	14770	18256
1:58:12	30.1	8827	16417	18920	22819	10026	13773	18727	17584	8291	13410	14659	18133
1:58:21	30.1	8677	16363	19047	22749	10054	13783	18369	17454	8354	13541	14908	18301
1:58:30	30.0	8715	16343	18848	22545	9983	13819	18577	17452	8327	13567	14902	18273
1:58:39	30.1	8708	16392	18962	22670	9953	13843	18404	17442	8277	13572	14786	18287
1:58:48	30.1	8603	16533	18800	22731	10039	13759	18500	17587	8319	13530	14872	18321
1:58:57	30.1	8731	16496	19087	22493	9964	13810	18411	17429	8364	13685	14962	18307
1:59:06	30.1	8752	16248	18848	22494	9958	13718	18527	17506	8257	13466	14957	18157
1:59:15	30.0	8800	16430	18925	22532	10034	13772	18629	17322	8277	13477	14522	18098
1:59:24	30.1	8725	16582	18853	22672	9972	13741	18600	17491	8401	13581	14803	18305
1:59:33	30.1	8603	16293	18982	22481	9994	13810	18751	17626	8375	13575	14702	18420
1:59:42	30.1	8606	16287	19043	22695	10070	13870	18604	17586	8299	13515	14735	18267
1:59:51	30.1	8632	16338	18964	22592	9994	13968	18598	17447	8390	13579	14719	18274
2:00:00	30.1	8656	16299	18844	22559	9869	13803	18404	17503	8320	13539	14803	18227
2:00:09	30.1	8619	16166	19036	22756	10104	13888	18407	17456	8253	13612	14784	18104
2:00:18	30.1	8701	16120	19039	22497	9974	13805	18292	17420	8312	13642	14761	18442
2:00:27	30.0	8726	16262	18781	22609	9863	13738	18621	17507	8413	13538	14708	18239
2:00:36	30.1	8706	16415	18842	22804	9967	13790	18765	17609	8316	13520	14778	18321
2:00:45	30.1	8632	16205	18819	22419	10017	13639	18727	17442	8300	13343	14637	18172
2:00:54	30.1	8709	16576	18834	22595	9986	13792	18557	17436	8262	13545	14694	18375
2:01:03	30.1	8688	16253	18796	22851	9941	13880	18356	17390	8324	13578	14809	18271
2:01:12	30.1	8733	16445	18773	22743	10034	13712	18665	17364	8232	13635	14747	18271
2:01:21	30.1	8605	16269	18887	22659	9990	13721	18464	17430	8237	13381	14865	18252
2:01:30	30.1	8561	16285	18643	22423	9961	13913	18520	17248	8327	13388	14851	18172
2:01:39	30.1	8561	16449	18831	22569	9916	13708	18467	17604	8274	13495	14688	18281
2:01:48	30.1	8516	16398	18709	22689	9901	13691	18744	17386	8357	13738	14756	18207
2:01:57	30.1	8573	16374	18975	22774	10136	13866	18260	17411	8389	13680	14920	18316
2:02:06	30.0	8657	16515	18822	22433	9863	13842	18463	17446	8404	13508	14827	18254
2:02:15	30.1	8712	16309	18811	22738	10013	13824	18634	17524	8337	13436	14666	18323
2:02:24	30.1	8779	16260	18865	22676	9904	13929	18527	17407	8281	13608	14711	18352
2:02:33	30.1	8572	16298	19020	22765	9873	13664	18305	17474	8387	13510	14802	18263
2:02:42	30.1	8612	16387	18726	22626	10039	13673	18602	17427	8166	13403	14731	18305
2:02:51	30.1	8717	16333	18724	22858	10053	13689	18619	17384	8431	13508	14798	18191
2:03:00	30.1	8666	16242	18700	22458	10127	13797	18756	17519	8385	13398	14800	18401
2:03:09	30.0	8552	16243	18685	22411	10019	13713	18482	17352	8181	13480	14790	18332
2:03:18	30.1	8736	16279	18771	22647	10050	13766	18616	17434	8278	13646	14688	18204
2:03:27	30.1	8663	16311	18611	22552	9886	13723	18411	17167	8337	13487	14674	18258
2:03:36	30.1	8557	16241	18774	22360	9925	13732	18541	17277	8381	13480	14801	18098
2:03:45	30.1	8558	16190	18772	22497	10053	13702	18502	17564	8249	13558	14498	18128
2:03:54	30.0	8665	16333	18834	22736	9919	13679	18569	17602	8301	13541	14621	18206
2:04:03	30.1	8570	16328	18810	22313	9999	13726	18600	17376	8224	13506	14725	18202
2:04:12	30.1	8730	16310	18954	22780	9941	13723	18487	17642	8378	13408	14974	18285
2:04:21	30.1	8649	16277	18859	22500	9968	13646	18717	17417	8287	13539	14882	18274
2:04:30	30.1	8589	16308	18743	22524	10047	13665	18559	17297	8304	13554	14635	18350
2:04:39	30.0	8670	16371	18818	22524	10040	13550	18452	17250	8219	13511	14699	18083
2:04:48	30.1	8642	16323	18709	22487	10023	13537	18602	17308	8211	13546	14666	18028
2:04:57	30.1	8598	16288	18800	22392	9890	13771	18483	17374	8312	13395	14743	18007
2:05:06	30.0	8742	16260	18957	22751	9974	13750	18336	17346	8297	13385	14751	18351
2:05:15	30.1	8609	16117	18780	22591	9895	13696	18458	17297	8187	13528	14541	18082
2:05:24	30.1	8655	16103	18870	22639	9888	13810	18287	17400	8364	13377	14681	18359
2:05:33	30.1	8538	16211	18753	22436	9847	13589	18638	17215	8118	13330	14727	18229
2:05:42	30.1	8595	16226	19069	22665	9906	13655	18492	17226	8278	13294	14601	18128
2:05:51	30.0	8617	16324	18917	22636	9922	13636	18439	17279	8264	13518	14576	18209
2:06:00	30.1	8667	16362	18749	22481	9870	13721	18414	17479	8142	13483	14640	18268
2:06:09	30.1	8620	16029	18745	22456	9833	13820	18282	17397	8276	13584	14660	18161
2:06:18	30.1	8638	16294	18813	22784	9950	13630	18540	17336	8292	13376	14793	18229
2:06:27	30.1	8531	16173	18634	22154	9975	13705	18469	17292	8228	13302	14669	18048
2:06:36	30.0	8576	16276	18650	22642	9879	13758	18318	17414	8196	13534	14797	18203
2:06:45	30.1	8653	16448	18687	22334	9967	13698	18489	17279	8320	13318	14595	18215
2:06:54	30.0	8721	16218	18723	22515	9965	13714	18381	17490	8206	13242	14635	18178
2:07:03	30.1	8606	16283	18902	22600	9998	13605	18383	17267	8335	13280	14583	18080
2:07:12	30.1	8532	16395	18486	22394	9892	13507	18493	17282	8365	13737	14444	18186
2:07:21	30.1	8720	16146	18594	22103	9908	13732	18513	17524	8263	13471	14834	17784
2:07:30	30.1	8549	16095	18783	22674	10119	13816	18440	17516	8225	13406	14745	18238
2:07:39	30.1	8596	16197	18648	22502	10000	13717	18209	17388	8193	13491	14625	18022
2:07:48	30.0	8695	16225	18697	22704	10010	13592	18536	17562	8199	13498	14574	18227
2:07:57	30.1	8586	16109	18837	22396	9854	13614	18439	17437	8210	13527	14625	18161
2:08:06	30.1	8596	16195	18927	22297	9972	13665	18282	17163	8273	13395	14546	18299
2:08:15	30.1	8674	16212	18817	22637	9978	13609	18544	17247	8229	13488	14630	18146
2:08:24	30.1	8577	16284	18782	22393	9964	13572	18367	17295	8185	13335	14566	17897
2:08:33	30.0	8640	16308	18771	22746	9918	13725	18255	17346	8335	13395	14479	18082
2:08:42	30.0	8603	16254	18623	22563	9883	13593	18219	17232	8350	13367	14643	18255
2:08:51	30.1	8508	16278	18701	22683	9824	13649	18254	17285	8185	13248	14694	18177
2:09:00	30.1	8526	16131	18616	22453	9833	13702	18264	17411	8269	13410	14631	18129
2:09:09	30.1	8686	16198	18764	22243	9916	13713	18520	17418	8241	13465	14729	18203
2:09:18	30.1	8649	16138	18723	22566	9810	13751	18574	17340	8311	13389	14722	18055
2:09:27	30.1	8688	16194	18812	22516	9952	13719	18665	17395	8195	13486	14598	18180
2:09:36	30.0	8649	16214	18746	22547	9880	13650	18133	17208	8292	13535	14705	18184
2:09:45	30.1	8593	16135	18477	22501	9928	13902	18298	17331	8311	13499	14803	18177
2:09:54	30.1	8598	16272	18887	22499	9977	13734	18460	17402	8314	13582	14692	18211
2:10:03	30.1	8596	16011	18750	22769	10030	13611	18268	17095	8306	13406	14535	18036
2:10:12	30.1	8701	16148	18650	22418	9963	13531	18310	17487	8221	13325	14579	18250
2:10:21	30.1	8563	16113	18653	22471	9880	13582	18443	17281	8225	13395	14730	17861
2:10:30	30.1	8672	16251	18833	22575	10007	13666	18408	17145	8353	13462	14642	18171
2:10:39	30.1	8531	16165	18585	22458	9805	13611	18298	17242	8227	13391	14460	18061
2:10:48	30.1	8564	16239	18796	22287	9759	13563	18395	17270	8235	13306	14565	18132
2:10:57	30.1	8543	16228	18893	22695	9950	13708	18607	17427	8339	13483	14676	18109
2:11:06	30.1	8598	16196	18702	22543	9856	13740	18432	17262	8254	13492	14695	18057
2:11:15	30.1	8678	16095	18692	22598	9861	13651	18207	17390	8335	13324	14612	18033
2:11:24	30.0	8572	16251	18565	22341	9851	13771	18374	17144	8261	13503	14694	17857
2:11:33	30.1	8570	16116	18708	22666	9865	13740	18552	17310	8192	13543	14706	18301
2:11:42	30.0	8466	16219	18765	22485	9888	13642	18382	17280	8308	13455	14618	18154
2:11:51	30.1	8653	16155	18633	22468	9951	13574	18217	17195	8294	13288	14476	18283
2:12:00	30.0	8562	15982	18617	22433	9885	13731	18313	17239	8166	13458	14622	18158
2:12:09	30.1	8603	16179	18744	22589	10062	13469	18424	17383	8273	13472	14637	18191
2:12:18	30.1	8579	16188	18710	22161	9880	13508	18360	17102	8287	13351	14501	18260
2:12:27	30.0	8733	16085	18646	22497	10017	13741	18373	17386	8280	13400	14688	18088
2:12:36	30.1	8571	16339	18581	22371	9960	13743	18302	17370	8169	13377	14598	18107
2:12:45	30.0	8460	16102	18923	22434	9873	13750	18382	17360	8230	13418	14533	18220
2:12:54	30.1	8581	16191	18564	22535	9957	13631	18526	17244	8281	13463	14637	18136
2:13:03	30.1	8586	16332	18680	22445	9861	13640	18547	17238	8161	13450	14775	18052
2:13:12	30.0	8542	16160	18877	22309	9895	13625	18425	17455	8254	13438	14807	18279
2:13:21	30.1	8503	16152	18779	22381	9880	13696	18220	17416	8284	13521	14541	18072
2:13:30	30.0	8670	16382	18704	22440	9843	13585	18294	16979	8266	13360	14531	18175
2:13:39	30.1	8497	16306	18720	22347	9855	13850	18262	17135	8266	13456	14640	18098
2:13:48	30.1	8590	16263	18734	22359	9854	13604	18430	17264	8172	13293	14520	18102
2:13:57	30.1	8540	16212	18878	22323	9859	13684	18257	17167	8227	13359	14620	18125
2:14:06	30.0	8488	16109	18613	22516	9934	13678	18432	17308	8253	13333	14728	18116
2:14:15	30.1	8579	16165	18820	22298	9855	13599	18167	17359	8313	13354	14604	17927
2:14:24	30.1	8526	16109	18720	22199	9888	13606	18392	17494	8211	13396	14612	18010
2:14:33	30.1	8645	16261	18709	22294	9803	13708	18441	17298	8257	13339	14642	17888
2:14:42	30.1	8464	16223	18668	22433	9880	13716	18288	17254	8289	13358	14621	18049
2:14:51	30.0	8585	16100	18557	22490	9871	13488	18411	17350	8239	13434	14712	17983
2:15:00	30.1	8449	16045	18811	22425	9838	13720	18187	17217	8285	13355	14491	18178
2:15:09	30.1	8606	16194	18684	22336	9841	13489	18544	17151	8371	13413	14402	18032
2:15:18	30.1	8552	16097	18469	22257	9779	13458	18363	17198	8170	13375	14570	18008
2:15:27	30.1	8426	16002	18724	22277	9892	13577	18252	17124	8272	13374	14433	17940
2:15:36	30.0	8706	16294	18407	22129	9828	13684	18602	17333	8233	13453	14516	18109
2:15:45	30.1	8560	16248	18674	22397	9947	13642	18375	17419	8211	13237	14611	18091
2:15:54	30.1	8557	16260	18728	22328	9875	13554	18308	17263	8228	13381	14633	17975
2:16:03	30.1	8558	16229	18707	22325	9792	13469	18355	17234	8241	13344	14527	18027
2:16:12	30.1	8574	15964	18597	22380	9893	13719	18341	17141	8212	13382	14447	18124
2:16:21	30.0	8510	16022	18618	22120	9898	13619	18204	17290	8205	13277	14655	18013
2:16:30	30.1	8570	16225	18803	22276	9900	13558	18101	17196	8187	13491	14486	17801
2:16:39	30.1	8570	16125	18547	22127	9784	13604	18411	17249	8223	13312	14425	18074
2:16:48	30.1	8537	15975	18660	22471	9755	13621	18455	17274	8268	13463	14736	17920
2:16:57	30.1	8674	16140	18576	22382	9806	13640	18211	17236	8186	13293	14529	18084
2:17:06	30.0	8568	16230	18538	22416	9702	13567	18331	17150	8273	13315	14488	18106
2:17:15	30.0	8647	15907	18530	22234	9767	13657	18299	17203	8182	13421	14565	18013
2:17:24	30.1	8485	16028	18707	22103	9876	13640	18214	17258	8202	13490	14486	17908
2:17:33	30.1	8567	16022	18448	22122	9796	13567	18273	17041	8133	13310	14436	17828
2:17:42	30.1	8566	15975	18653	22552	9794	13538	18298	17162	8249	13411	14562	17842
2:17:51	30.1	8606	15928	18658	22278	9912	13433	18261	17175	8204	13224	14532	18041
2:18:00	30.0	8457	15981	18532	22350	9901	13636	18265	16994	8251	13391	14466	17869
2:18:09	30.1	8524	16024	18628	22182	9839	13400	18185	17067	8252	13406	14407	18003
2:18:18	30.1	8463	16056	18490	22246	9817	13639	18128	17336	8183	13288	14495	18059
2:18:27	30.0	8622	16057	18803	22242	9839	13655	18342	17235	8199	13277	14512	17860
2:18:36	30.1	8462	16205	18539	22180	9916	13716	18215	17226	8127	13253	14520	17776
2:18:45	30.0	8566	16107	18517	22203	9830	13646	18065	17049	8140	13367	14477	17899
2:18:54	30.0	8498	16078	18692	22222	9932	13549	18223	17138	8167	13230	14508	17907
2:19:03	30.1	8536	15972	18677	22417	9928	13620	18252	16970	8114	13242	14298	18009
2:19:12	30.1	8539	16233	18493	22367	9785	13570	17955	17144	8130	13432	14545	17724
2:19:21	30.1	8474	15954	18589	22171	9776	13522	18230	17202	8275	13262	14447	17847
2:19:30	30.1	8454	16020	18622	22291	9807	13484	18047	17141	8166	13250	14523	18030
2:19:39	30.0	8460	15816	18504	22286	9780	13516	18183	16940	8130	13298	14479	17864
2:19:48	30.1	8519	16222	18576	22365	9768	13501	18090	17133	8241	13313	14361	17853
2:19:57	30.1	8444	16061	18421	22215	9635	13552	18123	17050	8150	13252	14375	17962
2:20:06	30.1	8488	15954	18680	22100	9770	13488	18149	17024	8247	13277	14573	17764
2:20:15	30.1	8472	16085	18515	22328	9714	13429	18195	17054	8170	13313	14394	17805
2:20:24	30.0	8294	15912	18328	22257	9704	13488	18188	16861	8229	13261	14351	17677
2:20:33	30.0	8439	15972	18508	22116	9735	13471	18232	17081	8132	13337	14586	17730
2:20:42	30.1	8464	15916	18587	22378	9618	13405	18013	17059	8182	13298	14389	17958
2:20:51	30.1	8420	15973	18436	22189	9812	13511	18213	17113	8244	13251	14433	17868
2:21:00	30.1	8286	15959	18521	22073	9684	13571	18042	16971	8153	13179	14446	17918
2:21:09	30.1	8410	16194	18484	22168	9775	13344	18134	17154	8143	13266	14510	17660
2:21:18	30.1	8438	15970	18511	22148	9843	13463	18165	17098	8116	13269	14495	17926
2:21:27	30.1	8388	15928	18419	22172	9583	13494	18069	17077	8108	13310	14391	17815
2:21:36	30.1	8431	15813	18253	21918	9632	13318	18074	17037	8196	13184	14488	17687
2:21:45	30.1	8465	16044	18578	22180	9670	13471	18024	17216	8197	13310	14582	17839
2:21:54	30.1	8365	15978	18347	22230	9754	13395	18023	17014	8038	13212	14254	17913
2:22:03	30.1	8502	16007	18416	22251	9723	13417	18079	16906	8067	13169	14282	17812
2:22:12	30.1	8499	16001	18468	22170	9844	13368	18087	16999	8168	13293	14539	17661
2:22:21	30.1	8399	15937	18530	22171	9717	13376	18053	17030	8173	13306	14489	17968
2:22:30	30.1	8457	15964	18459	22011	9699	13296	18140	16876	8044	13329	14377	17736
2:22:39	30.1	8410	16049	18388	22248	9776	13550	18039	17015	8131	13268	14365	17724
2:22:48	30.1	8517	15812	18410	22033	9683	13377	17960	16955	8138	13080	14442	17704
2:22:57	30.1	8477	15852	18444	22370	9783	13311	18218	16970	8110	13115	14317	17865
2:23:06	30.1	8336	15780	18357	22047	9819	13380	17939	16688	8105	13013	14254	17701
2:23:15	30.1	8413	15901	18370	21950	9812	13448	18022	16959	8071	13338	14435	17633
2:23:24	30.1	8330	15939	18383	22113	9790	13523	18178	16816	8106	13111	14437	17833
2:23:33	30.1	8392	15857	18424	22040	9669	13441	18107	17139	8079	13137	14316	17647
2:23:42	30.1	8399	16176	18299	22220	9651	13512	18014	16943	8133	13275	14553	17546
2:23:51	30.1	8495	16080	18389	21988	9804	13306	17961	17105	8158	13263	14529	17612
2:24:00	30.1	8436	15814	18225	21963	9755	13437	17924	17034	8110	12961	14215	17524
2:24:09	30.1	8389	15886	18508	22303	9818	13326	17985	16991	8148	13365	14475	17707
2:24:18	30.1	8454	15941	18499	22012	9783	13524	17893	16917	8075	13074	14370	17757
2:24:27	30.1	8478	15939	18443	21977	9803	13444	18022	16880	8131	13237	14519	17799
2:24:36	30.1	8365	16095	18332	21977	9739	13399	18026	16871	8111	13164	14246	17786
2:24:45	30.1	8369	15831	18453	21854	9585	13495	18070	16878	8150	13166	14348	17937
2:24:54	30.1	8397	15944	18285	22036	9709	13364	18105	17032	8184	13153	14296	17707
2:25:03	30.1	8461	16137	18388	21926	9618	13316	17987	16927	8061	13267	14390	17501
2:25:12	30.1	8382	15897	18250	21942	9712	13441	18048	17088	8179	13133	14286	17699
2:25:21	30.1	8307	16080	18097	21900	9743	13396	17945	17034	8046	12986	14125	17806
2:25:30	30.1	8415	15851	18210	22034	9757	13463	18083	16807	8164	13130	14219	17805
2:25:39	30.1	8440	16014	18347	21971	9782	13317	17889	16829	8080	13098	14204	17733
2:25:48	30.1	8297	15802	18466	21888	9681	13366	18046	16918	8111	13223	14230	17805
2:25:57	30.1	8294	15950	18554	22214	9734	13408	18058	16925	8091	13256	14385	17775
2:26:06	30.1	8439	15907	18438	21962	9677	13485	18150	16764	8121	13131	14359	17854
2:26:15	30.1	8330	15843	18239	21868	9725	13515	18013	16975	8144	13130	14350	17577
2:26:24	30.1	8462	15995	18287	22194	9624	13324	18133	16971	8104	13192	14237	17678
2:26:33	30.1	8393	15762	18567	22222	9709	13433	17858	17059	8111	13076	14372	17629
2:26:42	30.1	8407	15740	18348	22027	9745	13344	18073	16798	8102	13155	14214	17852
2:26:51	30.1	8443	15839	18222	22088	9675	13416	17984	16770	8124	13092	14249	17567
2:27:00	30.1	8395	16040	18255	22006	9806	13320	18107	16897	8154	13108	14376	17793
2:27:09	30.1	8349	15881	18238	22037	9731	13441	18086	16779	8050	13199	14205	17662
2:27:18	30.1	8318	15782	18368	21905	9756	13360	18128	16946	8196	13215	14265	17508
2:27:27	30.1	8442	15908	18190	22140	9629	13409	18039	16852	8033	13047	14466	17384
2:27:36	30.1	8460	15910	18418	21846	9765	13526	17784	16852	7936	13044	14233	17651
2:27:45	30.1	8387	15742	18394	22105	9645	13394	18011	17056	8110	13046	14290	17688
2:27:54	30.1	8447	15836	18144	21954	9673	13240	18059	16921	8147	13082	14175	17892
2:28:03	30.1	8271	15824	18377	22033	9679	13310	18047	16833	8010	13109	14129	17735
2:28:12	30.1	8357	15799	18135	21875	9654	13417	17805	16842	8035	13193	14169	17694
2:28:21	30.1	8340	15736	18187	21948	9608	13453	18044	17047	8032	13127	14326	17676
2:28:30	30.1	8350	15860	18440	22221	9621	13279	17880	16794	7998	12908	14307	17499
2:28:39	30.1	8248	15755	18193	22026	9719	13346	17850	16909	8060	13112	14350	17710
2:28:48	30.1	8313	15818	18284	21944	9708	13168	17928	16922	8101	12959	14311	17534
2:28:57	30.1	8384	15832	18256	21836	9636	13277	17841	16940	8152	12983	14208	17856
2:29:06	30.1	8335	15823	18169	21877	9656	13292	18043	16766	8124	13156	14270	17588
2:29:15	30.1	8343	15766	18259	21773	9630	13409	18069	16984	8047	13032	14344	17610
2:29:24	30.1	8446	15882	18355	21850	9767	13328	18018	16842	8001	13127	14200	17657
2:29:33	30.1	8442	15993	18220	21961	9607	13283	17898	16708	8177	13157	14159	17530
2:29:42	30.1	8321	15696	18006	21926	9642	13317	18047	16698	8013	13050	14199	17575

Results
	1	2	3	4	5	6	7	8	9	10	11	12
A	2366666.667	-4373333.333	-4706666.667	-4953333.333	-2686666.667	-4033333.333	-4373333.333	3953333.333	-2346666.667	-3773333.333	-3313333.333	-3800000.000	Max V [295,335]
	1.000	1.000	1.000	1.000	1.000	1.000	1.000	1.000	1.000	1.000	1.000	1.000	R-Squared [295,335]
	0:47:38	0:01:17	0:01:44	0:05:11	0:00:23	0:00:23	0:00:14	1:01:53	0:16:44	0:03:41	0:07:08	0:07:53	t at Max V [295,335]
	0:50:14	0:01:03	0:01:28	0:04:23	0:00:07	0:00:13	0:00:09	1:04:07	0:14:59	0:03:17	0:06:26	0:07:09	Lagtime [295,335]
B													Max V [295,335]
													R-Squared [295,335]
													t at Max V [295,335]
													Lagtime [295,335]
C													Max V [295,335]
													R-Squared [295,335]
													t at Max V [295,335]
													Lagtime [295,335]
D													Max V [295,335]
													R-Squared [295,335]
													t at Max V [295,335]
													Lagtime [295,335]
E													Max V [295,335]
													R-Squared [295,335]
													t at Max V [295,335]
													Lagtime [295,335]
F													Max V [295,335]
													R-Squared [295,335]
													t at Max V [295,335]
													Lagtime [295,335]
G													Max V [295,335]
													R-Squared [295,335]
													t at Max V [295,335]
													Lagtime [295,335]
H													Max V [295,335]
													R-Squared [295,335]
													t at Max V [295,335]
													Lagtime [295,335]

