

Software Version	3.03.14

Procedure Details

Plate Type	96 WELL PLATE
Set Temperature	Setpoint 30°C
	Preheat before moving to next step
Start Kinetic	Runtime 0:45:00 (HH:MM:SS), Interval 0:00:05, 541 Reads
    Read	Fluorescence Endpoint
	C1..C12
	Filter Set 1
	    Excitation: 295,  Emission: 335
	    Optics: Top,  Gain: 80
	Light Source: Xenon Flash,  Lamp Energy: High
	Read Speed: Normal,  Delay: 0 msec,  Measurements/Data Point: 5
	Read Height: 8 mm
End Kinetic	

Layout
	1	2	3	4	5	6	7	8	9	10	11	12
A													Well ID
B													Well ID
C	SPL2	SPL3	SPL4	SPL5	SPL6	SPL7	SPL8	SPL9	SPL10	SPL11	SPL12	SPL13	Well ID
D													Well ID
E													Well ID
F													Well ID
G													Well ID
H													Well ID

295,335

Time	T° 295,335	C1	C2	C3	C4	C5	C6	C7	C8	C9	C10	C11	C12
0:00:00	30.0	8568	10667	13882	16240	9045	11033	12841	16809	9064	10867	12576	15090
0:00:05	30.0	8478	10616	13620	16303	9090	11114	12792	16839	8996	10871	12469	15164
0:00:10	30.0	8489	10734	13600	16269	9154	10997	12754	16629	8874	10682	12434	15133
0:00:15	30.0	8464	10671	13539	16143	9102	10815	12783	16717	8869	10697	12444	15236
0:00:20	30.0	8315	10454	13606	15822	8992	10883	12800	16529	8663	10623	12207	15031
0:00:25	30.0	8241	10672	13345	15811	8877	10796	12907	16789	8547	10627	12311	15108
0:00:30	30.0	8384	10515	13331	15696	8976	10642	12669	16506	8486	10390	12137	14907
0:00:35	30.0	8271	10338	13125	15679	8764	10630	12640	16482	8316	10421	12118	14817
0:00:40	30.0	8212	10327	13039	15410	8761	10659	12633	16399	8289	10238	12133	14715
0:00:45	30.0	8335	10225	13138	15611	8638	10580	12484	16445	8291	10183	11986	14798
0:00:50	30.0	8167	10314	12863	15404	8496	10497	12599	16396	8219	10160	12025	14734
0:00:55	30.0	8130	10218	12777	15294	8640	10502	12284	16262	8206	10070	11897	14735
0:01:00	30.0	8104	10206	12844	15293	8491	10353	12299	16269	8043	9902	11711	14547
0:01:05	30.0	8018	10061	12851	15099	8558	10371	12228	16143	8084	9865	11753	14654
0:01:10	30.0	8001	10254	12674	15110	8394	10318	12144	16170	8023	9885	11654	14475
0:01:15	30.0	8082	9988	12698	15199	8339	10262	12197	15998	7870	9873	11514	14318
0:01:20	30.0	7834	9945	12549	15015	8231	10257	12166	16046	7793	9752	11502	14405
0:01:25	30.0	7840	9966	12572	14964	8269	10181	12146	15957	7794	9769	11336	14326
0:01:30	30.0	7856	9916	12561	14992	8301	10128	12095	15770	7744	9770	11355	14276
0:01:35	30.0	7832	9766	12278	15018	8146	10000	11817	15772	7696	9625	11294	14340
0:01:40	30.0	7736	9899	12421	15024	8154	10005	12176	15576	7733	9596	11215	14170
0:01:45	30.0	7810	9821	12236	14979	8024	10153	12014	15641	7669	9494	11140	14222
0:01:50	30.0	7758	9874	12216	14597	8001	9985	12033	15547	7583	9555	11198	13928
0:01:55	30.0	7737	9639	12201	14621	8026	9820	11965	15671	7576	9408	11152	13999
0:02:00	30.0	7675	9520	12068	14638	8004	9924	11733	15471	7445	9400	11084	14059
0:02:05	30.0	7589	9725	12129	14569	7897	9679	11762	15480	7646	9300	11069	13889
0:02:10	30.0	7586	9599	12079	14561	7927	9817	11714	15372	7473	9244	10982	13944
0:02:15	30.0	7653	9691	12009	14447	7876	9667	11614	15461	7467	9146	10815	13748
0:02:20	30.0	7534	9548	11962	14390	7796	9716	11639	15374	7412	9188	10846	13781
0:02:25	30.0	7508	9466	11942	14390	7783	9650	11654	15334	7339	9218	10827	13691
0:02:30	30.0	7417	9435	12062	14165	7777	9587	11745	15277	7265	9090	10809	13640
0:02:35	30.0	7461	9473	11863	14184	7808	9635	11469	15211	7206	9060	10732	13595
0:02:40	30.0	7419	9431	11847	14239	7781	9587	11557	15030	7331	9095	10610	13472
0:02:45	30.0	7527	9313	11816	14147	7782	9499	11488	15074	7209	8960	10796	13557
0:02:50	30.0	7436	9338	11680	14280	7679	9463	11295	14946	7264	8781	10649	13536
0:02:55	30.0	7403	9361	11666	14156	7660	9497	11383	15135	7199	9080	10769	13300
0:03:00	30.0	7271	9313	11822	14141	7574	9329	11358	15032	7181	8929	10548	13387
0:03:05	30.0	7127	9147	11490	14187	7561	9418	11410	14949	7207	8940	10464	13409
0:03:10	30.0	7164	9327	11582	14097	7572	9285	11267	14899	7110	8864	10630	13260
0:03:15	30.0	7127	9155	11530	13902	7638	9396	11409	14906	7132	8861	10485	13310
0:03:20	30.0	7270	9261	11715	13914	7687	9318	11334	14742	7063	8860	10436	13168
0:03:25	30.0	7296	9067	11392	13901	7511	9294	11369	14954	7054	8811	10251	13238
0:03:30	30.0	7205	9159	11539	13756	7474	9290	11170	14861	7038	8721	10445	13250
0:03:35	30.0	7086	9196	11553	13860	7444	9235	11154	14695	7012	8718	10474	13169
0:03:40	30.0	7090	9022	11464	13712	7367	9280	11156	14616	7063	8762	10189	13040
0:03:45	30.0	7107	9097	11407	13930	7286	9229	11113	14777	6999	8772	10247	12994
0:03:50	30.0	7107	9021	11305	13616	7421	9127	11068	14683	6925	8657	10285	13182
0:03:55	30.0	7034	8956	11253	13771	7380	9114	11026	14564	6987	8566	10336	12952
0:04:00	30.0	6948	8937	11202	13560	7294	9151	10959	14857	6836	8587	10242	12968
0:04:05	30.0	7118	8944	11204	13616	7322	9067	11011	14511	6879	8608	10152	12897
0:04:10	30.0	6996	8881	11187	13592	7263	9107	11026	14493	6889	8587	10137	12892
0:04:15	30.0	6962	8925	11071	13462	7228	9061	10954	14218	6937	8556	10158	12709
0:04:20	30.0	6845	8866	11185	13453	7249	8997	11042	14369	6852	8459	10152	12642
0:04:25	30.0	7001	8882	11073	13446	7144	9009	10895	14387	6959	8509	10005	12654
0:04:30	30.0	6855	8842	11106	13439	7338	8973	10879	14356	6838	8490	10065	12797
0:04:35	30.0	7015	8674	11036	13396	7225	8898	10841	14261	6877	8454	9977	12599
0:04:40	30.0	6864	8861	10938	13386	7132	8927	10872	14215	6850	8459	10089	12931
0:04:45	30.0	6971	8690	10975	13460	7181	8958	10901	14277	6937	8491	9985	12585
0:04:50	30.0	6818	8693	10928	13467	7153	8690	10595	14416	6759	8453	9968	12808
0:04:55	30.0	6747	8814	10948	13239	7188	8844	10700	14296	6826	8428	9943	12606
0:05:00	30.0	6747	8670	10970	13240	7077	8859	10813	14099	6769	8378	9991	12646
0:05:05	30.0	6854	8703	10925	13328	7157	8821	10708	14204	6742	8415	9940	12567
0:05:10	30.0	6891	8598	10855	13329	7037	8810	10638	14223	6770	8492	9936	12482
0:05:15	30.0	6885	8737	10746	13221	7039	8769	10673	14245	6783	8206	10027	12563
0:05:20	30.0	6771	8579	10794	13192	6990	8891	10671	14263	6801	8286	9892	12574
0:05:25	30.0	6693	8730	10678	13052	7001	9043	10637	13980	6800	8387	9913	12484
0:05:30	30.0	6788	8627	10876	13138	7064	8885	10578	14160	6642	8356	9969	12365
0:05:35	30.0	6726	8751	10677	13191	6949	8745	10647	14158	6708	8395	9799	12551
0:05:40	30.0	6813	8642	10883	13186	7044	8765	10551	14062	6760	8256	9770	12502
0:05:45	30.0	6750	8523	10748	13412	7010	8730	10527	13941	6742	8391	9763	12482
0:05:50	30.0	6640	8493	10772	13100	7009	8726	10537	13929	6764	8261	9806	12597
0:05:55	30.0	6748	8493	10893	13067	6957	8664	10462	13899	6768	8390	9820	12375
0:06:00	30.0	6737	8528	10715	13114	6961	8684	10532	13876	6601	8237	9820	12424
0:06:05	30.0	6584	8689	10641	13064	6986	8699	10454	13799	6688	8341	9703	12273
0:06:10	30.0	6713	8505	10667	13092	6860	8650	10374	14008	6644	8343	9893	12361
0:06:15	30.0	6579	8572	10645	13000	6939	8649	10370	14085	6700	8208	9877	12337
0:06:20	30.0	6558	8363	10652	12991	6918	8567	10412	13894	6590	8331	9819	12340
0:06:25	30.0	6678	8517	10688	13127	6968	8589	10393	13975	6677	8372	9713	12325
0:06:30	30.0	6661	8635	10576	12881	6984	8649	10559	13830	6632	8275	9763	12179
0:06:35	30.0	6636	8457	10622	12811	6976	8654	10376	13888	6608	8171	9672	12133
0:06:40	30.0	6605	8529	10592	13023	6994	8447	10376	13713	6631	8348	9724	12257
0:06:45	30.0	6575	8421	10474	12929	6841	8628	10329	13678	6715	8154	9630	12119
0:06:50	30.0	6543	8473	10673	12846	6825	8636	10339	13922	6601	8238	9699	12347
0:06:55	30.0	6660	8369	10504	12954	6943	8501	10541	13731	6644	8208	9750	12136
0:07:00	30.0	6562	8404	10540	12920	6915	8591	10423	13755	6587	8170	9680	12247
0:07:05	30.0	6568	8366	10488	12872	6741	8584	10287	13539	6644	8201	9705	12254
0:07:10	30.0	6676	8417	10539	12847	6922	8483	10294	13745	6618	8080	9623	12249
0:07:15	30.0	6572	8385	10556	12831	6826	8565	10312	13593	6645	8086	9598	12165
0:07:20	30.0	6628	8483	10455	13096	6875	8453	10318	13783	6688	8323	9664	12096
0:07:25	30.0	6523	8250	10484	12710	6782	8618	10182	13831	6501	8132	9679	12124
0:07:30	30.0	6517	8323	10416	12955	6922	8473	10107	13673	6520	8121	9662	12127
0:07:35	30.0	6585	8361	10575	12704	6768	8361	10334	13572	6539	8153	9616	12165
0:07:40	30.0	6487	8298	10359	12921	6856	8480	10089	13741	6683	8079	9585	12084
0:07:45	30.0	6421	8325	10550	12661	6846	8430	10233	13541	6579	8173	9590	12308
0:07:50	30.0	6466	8272	10463	12776	6731	8507	10317	13580	6570	8139	9691	12044
0:07:55	30.0	6456	8140	10472	12730	6842	8538	10231	13559	6563	8165	9645	12160
0:08:00	30.0	6604	8272	10529	12663	6750	8531	10152	13511	6554	8133	9546	12087
0:08:05	30.0	6453	8225	10270	12628	6806	8540	10137	13498	6570	8050	9497	12080
0:08:10	30.0	6444	8305	10293	12759	6818	8518	10250	13493	6621	8146	9460	12100
0:08:15	30.0	6497	8260	10325	12664	6796	8371	10023	13504	6569	8079	9573	11965
0:08:20	30.0	6526	8299	10340	12648	6838	8372	10127	13496	6616	8105	9671	12156
0:08:25	30.0	6451	8196	10400	12647	6713	8480	10140	13435	6652	8024	9689	12040
0:08:30	30.0	6436	8240	10473	12925	6712	8325	10176	13486	6433	8168	9566	12015
0:08:35	30.0	6429	8128	10290	12570	6850	8335	9973	13551	6497	8113	9421	11885
0:08:40	30.0	6476	8199	10323	12552	6776	8449	10115	13437	6573	8056	9556	12034
0:08:45	30.0	6436	8385	10252	12692	6771	8399	10047	13278	6628	7999	9390	11937
0:08:50	30.0	6393	8274	10354	12510	6757	8577	10070	13412	6562	8146	9503	12008
0:08:55	30.0	6505	8266	10185	12539	6765	8317	10014	13381	6612	8142	9384	11880
0:09:00	30.0	6506	8235	10389	12592	6794	8344	9955	13464	6613	8177	9488	12020
0:09:05	30.0	6464	8061	10361	12762	6679	8318	10136	13474	6490	8141	9424	11912
0:09:10	30.0	6413	8058	10303	12516	6707	8439	10032	13390	6400	7986	9468	11949
0:09:15	30.0	6417	8171	10303	12669	6714	8491	9923	13633	6514	7987	9556	11892
0:09:20	30.0	6393	8236	10455	12578	6652	8331	9997	13418	6611	8059	9546	12042
0:09:25	30.0	6405	8199	10308	12598	6793	8224	10000	13372	6478	8075	9516	11970
0:09:30	30.0	6333	8153	10156	12561	6534	8242	10036	13458	6510	8076	9478	11858
0:09:35	30.0	6362	8111	10219	12553	6762	8456	10111	13406	6584	8225	9512	11885
0:09:40	30.0	6363	8110	10212	12547	6704	8326	9902	13401	6518	7961	9349	11879
0:09:45	30.0	6342	8183	10229	12661	6702	8306	9893	13329	6488	8137	9568	11846
0:09:50	30.0	6455	8045	10241	12560	6654	8286	9926	13261	6513	7956	9385	11968
0:09:55	30.0	6393	8243	10136	12504	6706	8306	9975	13332	6526	8017	9522	11875
0:10:00	30.0	6358	8274	10362	12547	6664	8317	9825	13146	6585	8025	9570	11937
0:10:05	30.0	6382	8139	10186	12486	6781	8333	10000	13387	6540	7993	9516	11727
0:10:10	30.0	6397	7979	10268	12506	6747	8329	10107	13301	6381	8052	9455	11766
0:10:15	30.0	6401	8170	10040	12449	6732	8189	9985	13205	6521	8121	9311	11830
0:10:20	30.0	6287	8107	10211	12350	6694	8309	10062	13312	6576	8002	9422	11801
0:10:25	30.0	6433	8083	10129	12360	6700	8237	9950	13224	6458	7984	9333	11778
0:10:30	30.0	6370	8038	10107	12334	6666	8112	9983	13285	6554	8013	9426	11824
0:10:35	30.0	6297	8055	10282	12568	6650	8254	9800	13430	6415	8054	9354	11655
0:10:40	30.0	6344	8058	10241	12354	6758	8302	9958	13168	6491	7981	9406	11733
0:10:45	30.0	6291	8071	10163	12488	6655	8326	9838	13240	6483	7928	9437	11674
0:10:50	30.0	6278	8065	10280	12384	6704	8202	9906	13319	6446	7989	9394	11812
0:10:55	30.0	6233	8233	10118	12441	6701	8173	9902	13193	6551	8110	9400	11875
0:11:00	30.0	6337	8028	10207	12522	6632	8287	9763	13317	6442	7900	9465	11677
0:11:05	30.0	6389	7978	10278	12553	6653	8203	9786	13151	6399	7913	9361	11752
0:11:10	30.0	6290	8087	10193	12328	6563	8242	9912	13377	6611	7985	9451	11754
0:11:15	30.0	6338	8061	10210	12303	6686	8307	9839	13103	6387	7977	9327	11718
0:11:20	30.0	6307	8039	10047	12395	6561	8215	9849	13045	6505	8026	9432	11679
0:11:25	30.0	6385	8114	10296	12485	6571	8224	9880	13181	6465	7985	9323	11790
0:11:30	30.0	6226	7972	10226	12218	6575	8218	9935	13167	6467	7956	9463	11713
0:11:35	30.0	6354	8114	10264	12441	6601	8153	9816	13176	6389	7964	9263	11740
0:11:40	30.0	6341	8025	10149	12383	6620	8140	9929	13180	6432	7953	9311	11775
0:11:45	30.1	6312	7964	10007	12328	6609	8330	9902	13280	6432	8066	9434	11777
0:11:50	30.0	6284	7989	10177	12434	6537	8231	9811	13263	6501	8103	9427	11660
0:11:55	30.0	6385	7968	10143	12413	6567	8253	9755	13136	6454	8046	9412	11572
0:12:00	30.0	6216	7941	9951	12420	6723	8252	9777	13140	6538	7973	9391	11757
0:12:05	30.0	6189	8058	10265	12227	6626	8211	9920	13103	6497	7911	9278	11728
0:12:10	30.0	6303	8049	10104	12316	6602	8269	9740	13012	6523	7905	9354	11758
0:12:15	30.0	6295	7956	10111	12391	6538	8215	9768	13114	6443	7892	9337	11590
0:12:20	30.0	6187	8023	10281	12235	6506	8239	9826	13061	6532	8005	9320	11781
0:12:25	30.0	6199	7967	9992	12310	6632	8252	9712	12979	6391	7950	9378	11709
0:12:30	30.0	6245	8083	10081	12347	6661	8158	9699	13252	6508	8018	9460	11583
0:12:35	30.0	6314	8012	9941	12314	6595	8257	9824	13171	6441	7917	9277	11746
0:12:40	30.0	6301	7979	10113	12290	6566	8182	9724	13103	6441	7960	9350	11745
0:12:45	30.0	6259	8006	9992	12273	6538	8267	9782	13039	6426	7856	9319	11792
0:12:50	30.0	6232	8048	10099	12493	6679	8226	9709	13041	6542	7971	9312	11692
0:12:55	30.0	6206	8014	10007	12385	6659	8212	9723	13257	6469	7936	9261	11619
0:13:00	30.0	6269	7971	9946	12357	6542	8207	9722	13088	6458	7943	9347	11715
0:13:05	30.0	6372	7948	10070	12370	6586	8133	9864	13102	6501	8016	9329	11685
0:13:10	30.0	6291	7998	10102	12216	6582	8214	9810	13042	6463	7994	9380	11563
0:13:15	30.0	6261	8112	10044	12232	6585	8104	9772	13061	6497	7889	9216	11574
0:13:20	30.0	6246	7968	10131	12317	6550	8173	9761	13035	6456	7985	9239	11625
0:13:25	30.0	6265	7936	10002	12228	6579	8260	9830	13012	6394	7976	9292	11432
0:13:30	30.0	6303	8012	10024	12247	6668	8141	9821	13134	6464	7970	9296	11708
0:13:35	30.0	6335	7888	9888	12516	6548	8080	9596	13111	6479	7949	9381	11698
0:13:40	30.0	6186	7932	10120	12404	6650	8139	9696	13108	6507	8019	9329	11557
0:13:45	30.0	6307	7910	10138	12372	6602	8215	9702	13033	6492	8056	9197	11621
0:13:50	30.0	6204	7899	10062	12343	6597	8216	9696	12842	6491	7858	9124	11614
0:13:55	30.0	6250	7985	10065	12340	6559	8214	9784	12911	6512	7973	9363	11542
0:14:00	30.0	6205	7882	9912	12178	6609	8196	9612	12965	6388	7919	9248	11646
0:14:05	30.0	6264	7994	10170	12320	6482	8140	9713	13022	6402	8041	9226	11537
0:14:10	30.0	6179	7953	10135	12193	6488	8140	9797	13044	6558	7982	9303	11604
0:14:15	30.0	6204	7864	10003	12268	6634	8185	9748	13044	6461	7891	9158	11581
0:14:20	30.0	6228	7970	10005	12360	6530	8273	9528	12978	6460	7948	9383	11545
0:14:25	30.0	6250	7972	9975	12302	6539	8195	9671	13156	6451	7822	9213	11541
0:14:30	30.0	6227	7974	9992	12286	6589	8136	9699	13166	6468	7901	9300	11589
0:14:35	30.0	6225	8045	9909	12341	6597	8242	9692	13155	6481	7909	9270	11547
0:14:40	30.0	6225	8005	10006	12402	6471	8203	9638	12988	6549	7992	9223	11500
0:14:45	30.0	6281	7994	9962	12245	6496	8150	9710	12933	6348	7886	9328	11755
0:14:50	30.0	6282	7908	9994	12202	6564	8073	9752	12996	6440	7938	9176	11523
0:14:55	30.0	6135	7865	10002	12266	6535	8066	9729	13000	6448	7934	9201	11542
0:15:00	30.0	6266	7948	9921	12237	6555	8099	9666	12973	6489	7907	9293	11590
0:15:05	30.0	6214	7927	9951	12265	6455	8206	9750	12972	6394	7902	9201	11547
0:15:10	30.0	6180	7956	10029	12212	6562	8097	9505	12976	6464	7896	9154	11558
0:15:15	30.0	6165	7835	9971	12157	6635	8074	9670	12909	6431	7898	9172	11534
0:15:20	30.0	6196	7785	9996	12223	6682	8145	9729	12971	6423	7968	9233	11495
0:15:25	30.0	6257	8001	9900	12302	6360	8105	9643	12933	6469	7866	9271	11516
0:15:30	30.0	6189	7954	9972	12254	6545	8159	9727	12928	6443	7714	9203	11461
0:15:35	30.0	6148	7959	10014	12284	6603	8071	9565	12855	6519	7877	9230	11307
0:15:40	30.0	6243	8009	10014	12243	6551	8181	9632	12911	6543	7935	9056	11564
0:15:45	30.0	6306	7827	9866	12375	6572	8084	9762	12892	6445	7911	9167	11610
0:15:50	30.0	6111	7928	10067	12125	6487	8126	9620	12970	6398	7824	9193	11338
0:15:55	30.0	6279	7925	10133	12167	6580	8154	9554	13018	6408	7855	9183	11422
0:16:00	30.0	6313	7817	10063	12188	6468	7971	9626	13064	6307	7889	9121	11583
0:16:05	30.0	6253	7899	10001	12315	6520	8166	9623	13039	6366	7866	9207	11342
0:16:10	30.0	6217	7912	9944	12365	6520	7992	9560	12945	6451	7866	9193	11407
0:16:15	30.0	6289	7864	10029	12251	6539	8165	9639	12768	6473	7896	9181	11502
0:16:20	30.0	6145	7938	10103	12217	6554	8135	9681	13042	6434	7898	9243	11422
0:16:25	30.0	6143	7944	10040	12318	6588	8156	9673	12997	6465	7950	9383	11381
0:16:30	30.0	6191	7903	10005	12160	6652	8103	9508	12991	6383	7850	9071	11426
0:16:35	30.0	6273	7857	9928	12242	6551	8128	9666	12803	6470	7880	9201	11454
0:16:40	30.0	6193	7962	10012	12209	6482	8046	9625	12774	6470	7822	9152	11509
0:16:45	30.0	6266	7885	9900	12150	6570	8129	9682	12959	6510	7867	9257	11523
0:16:50	30.0	6152	7912	10104	12249	6601	8221	9572	12868	6501	7889	9217	11470
0:16:55	30.0	6150	7820	9892	12224	6639	8087	9635	12962	6403	7921	9307	11479
0:17:00	30.0	6118	7978	9915	12142	6502	8015	9701	12948	6492	7825	9219	11614
0:17:05	30.0	6167	7917	9929	12131	6510	8134	9576	12826	6422	7779	9159	11468
0:17:10	30.0	6169	7889	9877	12249	6499	8087	9659	13040	6336	7908	9190	11461
0:17:15	30.0	6210	7919	9966	12205	6412	8069	9519	12846	6433	7840	9317	11365
0:17:20	30.0	6121	7962	9991	12218	6531	8092	9510	12787	6382	7890	9092	11469
0:17:25	30.0	6131	7859	10005	12033	6640	8106	9683	12788	6431	7854	9249	11364
0:17:30	30.0	6211	7859	9904	12201	6493	8023	9649	12848	6476	7910	9221	11456
0:17:35	30.0	6226	7738	10009	12170	6609	8064	9632	12871	6396	7891	9239	11386
0:17:40	30.0	6147	7937	9972	12146	6624	7982	9551	12993	6423	7865	9174	11533
0:17:45	30.0	6175	7784	9912	12070	6605	8124	9534	12741	6411	7914	9168	11486
0:17:50	30.0	6096	8034	10033	12266	6417	8125	9595	12927	6468	7900	9263	11455
0:17:55	30.0	6131	7823	9966	12085	6557	8132	9611	12701	6373	7694	9137	11408
0:18:00	30.0	6162	7814	9916	12182	6464	8143	9524	12755	6516	7911	9135	11359
0:18:05	30.0	6223	7794	10059	12307	6576	8075	9493	12829	6361	7890	9271	11536
0:18:10	30.0	6200	7836	10018	12197	6484	8107	9673	12664	6433	7931	9164	11458
0:18:15	30.0	6156	7819	9855	12121	6514	7914	9555	12955	6385	7853	9180	11538
0:18:20	30.0	6131	7741	9901	12256	6546	8194	9489	12920	6398	7929	9227	11420
0:18:25	30.0	6178	7809	10010	11990	6509	7983	9664	12664	6443	7939	9253	11452
0:18:30	30.0	6170	7810	9991	12199	6504	8091	9593	12814	6456	7873	9185	11396
0:18:35	30.0	6126	7945	9947	12275	6530	8005	9626	12999	6415	7908	9260	11518
0:18:40	30.0	6284	7763	9855	12173	6494	8070	9606	12876	6404	7878	9091	11526
0:18:45	30.0	6099	7906	9943	12214	6494	8049	9586	12651	6439	7783	9274	11331
0:18:50	30.0	6026	7801	9959	12106	6480	8089	9698	12919	6471	7816	9235	11420
0:18:55	30.0	6131	7881	9986	12342	6422	8018	9593	12629	6357	7811	9232	11307
0:19:00	30.1	6174	7750	9931	12383	6532	7958	9710	12849	6431	7808	9075	11345
0:19:05	30.1	6121	7841	9960	12155	6528	8059	9589	12701	6374	7788	9160	11347
0:19:10	30.1	6151	7803	9901	12142	6500	8024	9625	12714	6404	7843	9146	11371
0:19:15	30.1	6113	7877	9980	12109	6481	7998	9708	12699	6470	7898	9170	11352
0:19:20	30.1	6193	7755	10071	12368	6518	8171	9622	12781	6357	7898	9201	11304
0:19:25	30.1	6200	7912	9911	12046	6528	8034	9698	12822	6451	7809	9096	11353
0:19:30	30.0	6203	7875	9884	12094	6523	7956	9677	12654	6348	7958	9207	11471
0:19:35	30.0	6132	7849	9846	12279	6571	7970	9618	12810	6493	7809	9140	11365
0:19:40	30.1	6181	7848	9932	12173	6581	7972	9776	12864	6423	7831	9104	11517
0:19:45	30.1	6056	7813	9993	12496	6507	8025	9602	12852	6492	7931	9189	11370
0:19:50	30.1	6084	7816	9938	12269	6405	8167	9638	12709	6417	7828	9333	11494
0:19:55	30.1	6147	7926	9923	12267	6340	7974	9535	12798	6313	7780	9201	11366
0:20:00	30.1	6112	7831	9915	12395	6477	8094	9520	13022	6411	7821	9055	11280
0:20:05	30.1	6158	7771	9963	12259	6556	8082	9558	12673	6343	7781	9256	11585
0:20:10	30.1	6153	7726	9979	12086	6564	8021	9513	12875	6328	7760	9137	11299
0:20:15	30.1	6139	7717	10002	12223	6384	8019	9595	12698	6397	7708	9246	11415
0:20:20	30.0	6108	7784	9817	12312	6482	8064	9494	12698	6383	7825	9157	11247
0:20:25	30.1	6129	7722	9893	12273	6518	8078	9596	12808	6387	7844	9163	11353
0:20:30	30.1	6155	7717	9986	11998	6460	7933	9592	12869	6442	7836	9159	11329
0:20:35	30.1	6157	7827	9925	12235	6537	8044	9467	12849	6494	7908	9135	11362
0:20:40	30.1	6070	7766	9992	12127	6467	8037	9356	12701	6356	7762	9217	11420
0:20:45	30.1	6112	7760	9923	12393	6487	7971	9717	12776	6419	7867	9133	11258
0:20:50	30.1	6086	7725	10036	12120	6555	8070	9583	12878	6396	7819	9158	11178
0:20:55	30.1	6059	7764	10150	12297	6561	8010	9546	12846	6310	7766	9204	11273
0:21:00	30.1	6172	7747	10014	12024	6559	8088	9504	12618	6432	7829	9149	11277
0:21:05	30.1	6115	7856	9884	12299	6441	8094	9469	12648	6410	7917	9147	11320
0:21:10	30.1	6126	7796	9804	12047	6461	8106	9593	12925	6385	7763	9065	11493
0:21:15	30.1	6134	7840	9898	12238	6510	7877	9582	12769	6428	7941	9073	11359
0:21:20	30.1	6084	7823	9929	12163	6421	7845	9654	12603	6382	7688	9142	11350
0:21:25	30.1	6129	7775	9829	12208	6463	7969	9426	12816	6340	7863	9012	11328
0:21:30	30.1	6128	7758	9883	12212	6564	8155	9524	12833	6395	7750	9107	11326
0:21:35	30.1	6072	7762	10030	12048	6454	8085	9425	12627	6354	7792	9101	11327
0:21:40	30.1	6100	7733	10035	12035	6486	8076	9459	12636	6482	7746	9146	11348
0:21:45	30.1	6031	7708	9945	12425	6430	7912	9362	12648	6403	7889	9097	11368
0:21:50	30.1	6206	7676	10004	12076	6483	7859	9637	12775	6362	7795	8920	11468
0:21:55	30.1	6054	7713	9896	12155	6385	8025	9498	12649	6347	7886	9164	11311
0:22:00	30.1	6019	7786	9995	12402	6529	8098	9384	12632	6378	7883	9256	11302
0:22:05	30.1	6044	7774	9963	12243	6501	7954	9401	12682	6318	7753	9100	11213
0:22:10	30.1	6120	7762	9836	12204	6486	7985	9505	12885	6441	7814	9014	11281
0:22:15	30.1	6150	7748	10035	12216	6447	7965	9595	12754	6293	7789	9104	11279
0:22:20	30.1	6030	7722	9967	12383	6523	8094	9435	12693	6372	7887	9045	11563
0:22:25	30.1	6133	7744	9889	12178	6489	8048	9498	12647	6333	7740	9180	11280
0:22:30	30.1	6111	7871	9884	12208	6513	8058	9464	12727	6340	7769	9067	11402
0:22:35	30.1	6128	7794	9851	12160	6537	7980	9470	12763	6477	7827	9148	11189
0:22:40	30.1	6068	7720	9856	12205	6506	7995	9439	12673	6437	7842	9172	11324
0:22:45	30.1	6178	7821	9944	12121	6415	7986	9527	12777	6435	7751	9047	11334
0:22:50	30.1	6080	7774	9816	12278	6515	7966	9619	12783	6377	7880	9091	11289
0:22:55	30.1	6169	7821	10042	12246	6405	7880	9434	12585	6378	7791	9071	11275
0:23:00	30.1	6078	7860	9974	12331	6412	8033	9585	12685	6440	7827	9116	11338
0:23:05	30.1	6048	7783	9872	12410	6434	8024	9470	12596	6339	7785	9014	11243
0:23:10	30.1	6086	7781	9921	12053	6385	7859	9538	12678	6382	7805	9083	11358
0:23:15	30.1	6101	7896	9924	12185	6487	8074	9423	12780	6340	7723	9138	11417
0:23:20	30.1	6107	7777	9916	12258	6546	8150	9630	12654	6382	7791	9064	11295
0:23:25	30.1	6027	7821	10017	12362	6383	8032	9562	12518	6416	7737	9026	11325
0:23:30	30.1	6090	7760	9908	12227	6504	7984	9447	12567	6358	7854	9094	11307
0:23:35	30.1	6057	7772	9846	12379	6445	8010	9497	12582	6398	7786	8983	11346
0:23:40	30.1	6014	7759	9882	12211	6422	7958	9322	12616	6353	7789	9022	11433
0:23:45	30.1	6001	7748	9914	12191	6480	8008	9456	12594	6390	7695	9077	11297
0:23:50	30.1	5993	7782	9988	12150	6519	7914	9527	12535	6343	7750	8995	11371
0:23:55	30.1	6112	7804	9925	12168	6437	7915	9465	12674	6335	7764	9040	11253
0:24:00	30.1	6117	7718	9944	12078	6416	7849	9478	12522	6363	7716	9062	11165
0:24:05	30.1	6108	7722	10012	12222	6548	7808	9527	12641	6295	7793	9183	11277
0:24:10	30.1	6025	7804	9941	12173	6354	8014	9513	12612	6333	7779	9056	11122
0:24:15	30.1	6074	7726	9911	12177	6473	7954	9491	12519	6339	7755	9040	11290
0:24:20	30.1	6084	7831	10036	12195	6436	7996	9504	12683	6396	7679	9147	11250
0:24:25	30.1	6037	7855	9982	12192	6451	7979	9433	12601	6300	7730	9026	11340
0:24:30	30.1	6118	7778	10075	12358	6465	7953	9402	12567	6393	7673	9026	11241
0:24:35	30.1	6062	7830	10050	12131	6410	8018	9419	12731	6342	7790	9112	11322
0:24:40	30.1	6052	7753	9918	12314	6451	7998	9509	12536	6274	7758	9154	11131
0:24:45	30.1	6126	7853	9917	12201	6480	8012	9472	12545	6356	7687	9201	11182
0:24:50	30.1	5986	7848	10081	12110	6489	7866	9256	12709	6317	7791	9025	11189
0:24:55	30.1	6038	7700	9970	12143	6399	8049	9491	12655	6349	7816	9242	11205
0:25:00	30.1	6113	7743	9969	12209	6416	7909	9469	12473	6394	7610	8952	11255
0:25:05	30.1	6060	7802	9952	12067	6397	8007	9360	12655	6293	7788	9011	11232
0:25:10	30.1	6085	7725	9971	12271	6406	7993	9493	12749	6336	7819	9096	11196
0:25:15	30.1	6080	7763	9991	12205	6492	7894	9447	12618	6327	7787	9094	11182
0:25:20	30.1	6045	7676	9875	12311	6447	7992	9433	12509	6376	7731	9016	11162
0:25:25	30.1	5999	7785	9917	12155	6461	7936	9356	12497	6318	7759	9060	11157
0:25:30	30.1	6026	7692	9883	12261	6492	7921	9336	12684	6373	7752	9000	11425
0:25:35	30.1	6033	7783	9960	12318	6433	7938	9539	12718	6321	7662	8900	11121
0:25:40	30.1	6059	7745	10118	12261	6518	7940	9448	12569	6278	7758	9038	11253
0:25:45	30.1	6047	7658	9970	12177	6529	7885	9373	12480	6297	7636	8987	11331
0:25:50	30.1	6076	7809	9967	12307	6371	7987	9412	12490	6413	7746	9044	11191
0:25:55	30.1	6038	7749	10049	12267	6442	8081	9380	12706	6312	7700	9148	11238
0:26:00	30.1	6049	7577	9838	12097	6483	7868	9487	12520	6293	7766	8981	11229
0:26:05	30.1	6044	7657	9986	12058	6388	7994	9411	12593	6287	7658	8997	11320
0:26:10	30.1	6064	7671	10028	12214	6396	7921	9448	12654	6336	7829	8990	11287
0:26:15	30.1	6057	7780	10070	12380	6383	7976	9446	12637	6340	7803	8988	11134
0:26:20	30.1	6116	7720	9897	12187	6406	7893	9287	12596	6336	7756	8995	11219
0:26:25	30.1	6135	7736	10022	12304	6412	7944	9486	12536	6397	7822	9076	11339
0:26:30	30.1	5972	7670	10099	12273	6476	7932	9445	12698	6340	7644	9008	11411
0:26:35	30.1	6076	7714	9907	12251	6366	8022	9408	12578	6316	7592	9096	11123
0:26:40	30.1	5992	7655	9900	12180	6319	8060	9445	12458	6347	7703	8958	11226
0:26:45	30.1	5979	7699	9985	12130	6405	7975	9283	12575	6293	7646	8905	11088
0:26:50	30.1	6090	7705	10000	12264	6361	7989	9340	12615	6231	7681	8857	11204
0:26:55	30.1	6083	7762	9989	12282	6328	7864	9393	12603	6311	7782	9073	11169
0:27:00	30.1	6030	7581	9912	12175	6343	7918	9489	12651	6342	7686	8943	11210
0:27:05	30.1	6025	7699	9949	12174	6324	7886	9345	12627	6315	7666	9014	11259
0:27:10	30.1	6004	7690	10056	12045	6461	7844	9284	12555	6243	7724	8977	11204
0:27:15	30.1	5949	7708	9940	12147	6496	7881	9478	12644	6194	7629	9027	11150
0:27:20	30.1	6018	7812	10007	12245	6309	7952	9515	12459	6278	7777	9077	11286
0:27:25	30.1	6035	7663	9916	12156	6472	7962	9409	12422	6296	7770	9129	11300
0:27:30	30.1	6063	7649	9906	12108	6427	7847	9488	12572	6324	7716	8991	11132
0:27:35	30.1	6013	7716	9936	12148	6459	7833	9430	12657	6233	7620	9038	11124
0:27:40	30.1	6047	7747	9971	12178	6370	7934	9413	12463	6401	7641	8892	11089
0:27:45	30.1	5966	7666	9986	12081	6242	7889	9371	12582	6326	7646	8995	11217
0:27:50	30.1	6027	7563	10047	12215	6331	7888	9401	12280	6207	7730	9059	11254
0:27:55	30.1	6081	7672	9864	12083	6366	8009	9352	12445	6275	7735	8988	11089
0:28:00	30.1	6077	7683	10077	12049	6401	7955	9330	12493	6345	7714	9012	11191
0:28:05	30.1	5978	7643	9975	12105	6386	7846	9382	12435	6338	7637	8960	11081
0:28:10	30.1	6017	7718	9905	12126	6336	7834	9302	12487	6245	7622	8972	11123
0:28:15	30.1	5869	7659	9882	12033	6292	7895	9288	12308	6204	7663	8886	11218
0:28:20	30.1	5898	7665	10081	12024	6413	7900	9505	12517	6217	7711	8941	11087
0:28:25	30.1	6001	7724	9901	12234	6470	7858	9315	12336	6270	7647	8894	10860
0:28:30	30.1	6082	7615	9913	12152	6374	8028	9351	12584	6242	7594	8859	11032
0:28:35	30.1	5903	7757	9888	12070	6428	7895	9382	12386	6236	7597	8904	11070
0:28:40	30.1	5964	7666	9914	12139	6370	7732	9387	12473	6244	7643	8972	11100
0:28:45	30.1	6054	7823	9815	12244	6402	7814	9344	12446	6238	7697	8922	11247
0:28:50	30.1	6011	7687	9966	12099	6363	7767	9324	12431	6247	7698	8920	11066
0:28:55	30.1	5961	7653	9886	11975	6413	7871	9451	12503	6281	7615	8997	10974
0:29:00	30.1	5984	7690	9859	12099	6332	7797	9286	12524	6260	7630	8931	11103
0:29:05	30.1	5887	7644	9987	11945	6363	7827	9389	12491	6216	7604	8938	11136
0:29:10	30.1	5959	7650	10005	12023	6408	7916	9247	12441	6266	7685	8958	11014
0:29:15	30.1	5890	7630	9934	12184	6412	7854	9257	12453	6305	7666	8952	11063
0:29:20	30.1	5913	7734	9954	12033	6235	7945	9347	12619	6217	7675	8945	11126
0:29:25	30.1	6058	7665	9835	12113	6441	7912	9353	12324	6167	7653	9032	11124
0:29:30	30.1	6020	7622	9847	12006	6370	7913	9289	12334	6241	7568	8943	11216
0:29:35	30.1	5973	7703	9854	12132	6330	7855	9427	12344	6256	7669	8857	11033
0:29:40	30.1	5922	7729	9761	12117	6327	7833	9387	12345	6289	7587	8916	11065
0:29:45	30.1	5990	7698	9943	12074	6421	7835	9358	12523	6296	7656	8889	11066
0:29:50	30.1	6044	7675	9801	12154	6397	7697	9371	12380	6278	7633	8936	11066
0:29:55	30.1	6005	7670	9812	11867	6343	7887	9400	12487	6243	7572	8784	11127
0:30:00	30.1	5978	7613	9794	11930	6409	7833	9341	12561	6255	7533	8937	11048
0:30:05	30.1	6049	7638	9901	11989	6395	7840	9160	12335	6249	7614	8865	11071
0:30:10	30.1	5932	7664	9915	11961	6294	7749	9309	12413	6307	7530	8842	11085
0:30:15	30.1	5994	7639	9926	12023	6282	7876	9276	12311	6235	7585	9007	11091
0:30:20	30.1	5970	7706	9825	12067	6379	7955	9285	12299	6336	7544	8928	11011
0:30:25	30.1	6009	7585	9864	11970	6416	7908	9328	12432	6181	7546	8906	11262
0:30:30	30.1	6133	7668	9974	12048	6302	7894	9300	12478	6227	7532	9018	11185
0:30:35	30.1	6015	7666	9825	12098	6268	7832	9333	12492	6245	7613	8879	11045
0:30:40	30.1	6031	7648	9915	11969	6326	7774	9318	12453	6219	7645	8848	11064
0:30:45	30.1	5954	7591	9907	12131	6282	7891	9291	12470	6184	7714	8838	11085
0:30:50	30.1	6008	7784	10010	12050	6230	7756	9240	12486	6088	7547	8878	11121
0:30:55	30.1	5928	7669	9998	12094	6325	7801	9382	12354	6226	7638	8945	11084
0:31:00	30.1	6052	7601	9851	12052	6273	7836	9313	12557	6231	7708	9000	11047
0:31:05	30.1	5929	7540	9889	12124	6295	7920	9330	12292	6151	7596	8940	11049
0:31:10	30.1	6035	7679	9847	11906	6388	7870	9347	12461	6219	7605	8881	11123
0:31:15	30.1	6129	7700	9825	12121	6350	7889	9285	12387	6172	7602	8902	11003
0:31:20	30.1	5952	7514	9784	11821	6390	7887	9343	12535	6245	7690	8803	11122
0:31:25	30.1	5882	7639	9872	12001	6327	7889	9255	12406	6184	7646	8831	11099
0:31:30	30.1	6070	7707	9830	11907	6278	7754	9138	12330	6173	7593	8844	11089
0:31:35	30.1	5966	7636	9910	12084	6317	7708	9275	12408	6137	7628	9002	10944
0:31:40	30.1	5962	7617	9903	11882	6265	7784	9287	12479	6187	7544	8880	10940
0:31:45	30.1	6031	7593	9857	12090	6197	7826	9182	12296	6159	7566	8871	11222
0:31:50	30.1	5899	7637	9958	11892	6375	7864	9252	12444	6255	7691	8939	11101
0:31:55	30.1	5893	7502	9838	11967	6308	7893	9292	12479	6261	7547	8795	11092
0:32:00	30.1	6022	7518	9893	12154	6382	7834	9286	12311	6174	7684	8966	11051
0:32:05	30.1	5972	7685	9833	12098	6372	7793	9329	12253	6204	7569	8797	11007
0:32:10	30.1	5858	7628	9910	11837	6350	7763	9275	12470	6166	7656	8887	10970
0:32:15	30.1	5878	7607	9901	12033	6351	7771	9266	12418	6294	7515	8844	10894
0:32:20	30.1	6045	7630	9947	11891	6316	7828	9194	12478	6222	7634	8926	10938
0:32:25	30.1	5900	7714	9904	11732	6292	7838	9247	12388	6195	7624	8875	11059
0:32:30	30.1	5894	7661	9931	12131	6291	7839	9331	12348	6190	7663	8902	11131
0:32:35	30.1	5993	7484	9803	12003	6422	7871	9356	12327	6204	7557	8965	11042
0:32:40	30.1	5972	7565	9919	12016	6352	7787	9353	12223	6253	7541	8928	10968
0:32:45	30.1	5946	7634	9797	11948	6336	7920	9214	12275	6206	7533	8877	11159
0:32:50	30.1	6014	7742	9818	12047	6340	7771	9379	12487	6106	7648	8882	10972
0:32:55	30.1	5989	7572	9831	11838	6289	7739	9292	12362	6172	7531	8908	11084
0:33:00	30.1	5944	7580	9862	11917	6307	7799	9184	12314	6241	7595	8956	11059
0:33:05	30.1	6055	7639	9919	11997	6285	7845	9234	12267	6246	7516	8973	10864
0:33:10	30.1	5896	7519	9906	11958	6293	7802	9332	12407	6272	7570	8821	11010
0:33:15	30.1	5965	7535	10012	11917	6255	7867	9310	12522	6129	7615	8879	11107
0:33:20	30.1	5869	7595	9854	11873	6288	7787	9299	12451	6205	7584	8876	10904
0:33:25	30.1	5946	7569	9800	11949	6136	7794	9144	12319	6172	7503	8936	11018
0:33:30	30.1	5919	7538	9988	12018	6358	7808	9282	12360	6199	7654	8919	10970
0:33:35	30.1	6026	7576	9924	12090	6308	7724	9174	12332	6191	7640	8904	11081
0:33:40	30.1	5897	7497	9871	11953	6224	7789	9208	12283	6178	7579	8779	11042
0:33:45	30.1	5893	7513	9932	11984	6274	7894	9268	12422	6083	7532	8805	11027
0:33:50	30.1	5969	7724	9745	11985	6376	7729	9202	12282	6206	7629	8789	10999
0:33:55	30.1	5943	7652	9870	11835	6251	7891	9327	12173	6174	7555	8791	10967
0:34:00	30.1	5980	7522	10045	11983	6307	7957	9064	12408	6168	7564	8955	10970
0:34:05	30.1	5956	7481	9755	11889	6303	7799	9260	12349	6275	7631	8873	11106
0:34:10	30.1	5902	7606	9836	12224	6245	7807	9144	12320	6198	7486	8923	10887
0:34:15	30.1	6024	7435	9973	11922	6343	7780	9161	12311	6239	7658	8868	11029
0:34:20	30.1	5938	7678	9833	12113	6268	7808	9246	12200	6192	7551	8952	10950
0:34:25	30.1	5983	7639	9797	12065	6403	7836	9317	12346	6316	7631	8817	10951
0:34:30	30.1	5862	7477	9869	12034	6327	7905	9309	12428	6260	7593	8922	11063
0:34:35	30.1	5999	7562	9834	11758	6301	7760	9246	12431	6302	7626	8809	10878
0:34:40	30.1	5945	7463	9814	11953	6308	7687	9235	12425	6272	7641	8787	10990
0:34:45	30.1	5852	7643	9951	11959	6274	7733	9336	12443	6185	7636	8865	10992
0:34:50	30.1	5981	7536	9819	12142	6236	7700	9250	12290	6180	7544	8794	10950
0:34:55	30.1	5907	7594	9773	11847	6315	7682	9360	12326	6245	7544	8905	11070
0:35:00	30.1	5942	7538	9863	11907	6237	7630	9330	12266	6173	7608	8822	10908
0:35:05	30.1	6001	7592	9885	11938	6238	7767	9179	12523	6205	7490	8721	10904
0:35:10	30.2	5986	7457	9934	11962	6284	7812	9120	12325	6185	7576	8812	10851
0:35:15	30.2	5846	7563	9675	11983	6231	7768	9134	12390	6196	7450	8884	10963
0:35:20	30.1	5993	7560	9904	11827	6261	7732	9295	12347	6181	7537	8885	11089
0:35:25	30.1	5868	7633	9821	11928	6311	7764	9139	12605	6143	7527	8764	10992
0:35:30	30.1	5929	7678	9771	11877	6283	7760	9199	12339	6250	7564	8918	11045
0:35:35	30.1	5838	7518	9786	11786	6320	7710	9286	12383	6255	7507	8834	11033
0:35:40	30.1	5902	7503	9675	12060	6248	7888	9241	12263	6243	7646	8861	10980
0:35:45	30.1	5918	7512	9717	12006	6266	7766	9190	12314	6153	7527	8833	11050
0:35:50	30.1	5974	7517	9754	11833	6206	7772	9286	12374	6014	7523	8804	11054
0:35:55	30.1	5929	7594	9835	11929	6280	7758	9229	12237	6164	7571	8775	10986
0:36:00	30.1	6016	7543	9843	11912	6274	7947	9176	12286	6130	7587	8858	10954
0:36:05	30.1	5928	7680	9750	11964	6209	7755	9200	12291	6162	7526	8775	10998
0:36:10	30.1	5929	7548	9774	11918	6228	7726	9351	12226	6218	7581	8912	10811
0:36:15	30.1	5946	7573	9833	11901	6367	7823	9221	12263	6186	7520	8799	10937
0:36:20	30.1	6033	7590	9832	12004	6337	7672	9131	12264	6094	7692	8926	10996
0:36:25	30.1	5959	7470	9837	11943	6433	7707	9268	12386	6147	7461	8839	10954
0:36:30	30.1	5955	7533	9814	11800	6173	7773	9213	12368	6156	7602	8914	10969
0:36:35	30.1	5886	7613	9772	12049	6427	7794	9199	12262	6187	7572	8787	10942
0:36:40	30.1	5988	7590	9948	11932	6359	7807	9181	12414	6170	7484	8813	10998
0:36:45	30.1	5920	7545	9837	11838	6249	7756	9188	12165	6112	7582	8745	10933
0:36:50	30.1	5827	7580	9968	11922	6376	7764	9064	12194	6123	7566	8708	10899
0:36:55	30.1	5958	7471	9841	11962	6263	7697	9274	12376	6200	7545	8757	10878
0:37:00	30.1	5909	7527	9743	11782	6186	7873	9249	12426	6238	7649	8936	10952
0:37:05	30.1	5874	7506	9798	11820	6366	7733	9223	12145	6290	7442	8854	10865
0:37:10	30.1	5907	7504	9710	11930	6272	7825	9235	12301	6116	7519	8688	11057
0:37:15	30.1	5901	7559	9825	11988	6309	7764	9167	12275	6115	7578	8783	11041
0:37:20	30.1	5913	7438	9768	11891	6169	7820	9176	12259	6075	7538	8731	11014
0:37:25	30.1	5898	7486	9769	11779	6256	7768	9140	12258	6150	7468	8814	10878
0:37:30	30.1	5888	7545	9882	11979	6304	7723	9147	12447	6173	7514	8900	10962
0:37:35	30.1	5791	7518	9767	11759	6189	7848	9110	12390	6240	7427	8693	11008
0:37:40	30.1	5828	7589	9850	11909	6322	7679	9364	12298	6182	7603	8850	10854
0:37:45	30.1	5828	7535	9781	11939	6243	7757	9198	12098	6189	7567	8742	11073
0:37:50	30.1	5962	7460	9781	11851	6250	7812	9275	12300	6280	7472	8808	10795
0:37:55	30.1	5919	7549	9797	11845	6172	7796	9231	12309	6154	7605	8830	10961
0:38:00	30.1	5864	7517	9713	11826	6220	7769	9180	12304	6076	7546	8795	10881
0:38:05	30.1	5924	7650	9780	11857	6153	7650	9323	12409	6119	7529	8829	10934
0:38:10	30.1	5979	7653	9877	11928	6150	7636	9145	12428	6140	7592	8735	11008
0:38:15	30.1	6001	7466	9780	11841	6327	7624	9143	12192	6167	7589	8843	11039
0:38:20	30.1	5941	7639	9795	11895	6314	7716	9232	12312	6200	7506	8769	10980
0:38:25	30.1	5910	7502	9723	11921	6195	7691	9196	12365	6164	7534	8700	10953
0:38:30	30.1	5900	7571	9694	11968	6259	7762	9280	12268	6126	7587	8842	10985
0:38:35	30.1	5827	7507	9689	11884	6333	7777	9191	12273	6084	7596	8820	10937
0:38:40	30.1	5851	7509	9720	11928	6298	7694	9187	12291	6066	7482	8864	10836
0:38:45	30.1	5875	7599	9860	11784	6162	7781	9103	12223	6169	7594	8888	10924
0:38:50	30.1	5880	7499	9729	11861	6257	7750	9211	12236	6129	7583	8887	10967
0:38:55	30.1	5948	7455	9766	11872	6203	7699	9225	12383	6200	7493	8823	10943
0:39:00	30.1	5991	7453	9845	11874	6357	7733	9175	12396	6092	7518	8818	10805
0:39:05	30.1	6012	7500	9789	11875	6200	7798	9264	12201	6122	7561	8873	10888
0:39:10	30.1	5913	7515	9718	11750	6230	7808	9095	12217	6083	7600	8856	11112
0:39:15	30.1	5899	7479	9792	11892	6274	7756	9215	12259	6170	7575	8627	10918
0:39:20	30.1	5868	7512	9749	11778	6248	7739	9072	12272	6110	7484	8823	10933
0:39:25	30.1	5920	7601	9691	11998	6326	7680	9231	12257	6290	7540	8803	10922
0:39:30	30.1	5873	7503	9640	11679	6297	7657	9182	12327	6132	7486	8855	10886
0:39:35	30.1	5836	7556	9659	11785	6217	7813	9155	12284	6124	7487	8797	11070
0:39:40	30.1	5867	7510	9766	11766	6266	7743	9152	12209	6131	7600	8802	10918
0:39:45	30.1	5902	7508	9750	11914	6086	7673	9171	12226	6112	7503	8751	10991
0:39:50	30.1	5816	7562	9758	11677	6238	7753	9202	12328	6085	7508	8852	10913
0:39:55	30.1	5781	7505	9783	11897	6313	7768	9184	12382	6213	7531	8762	11013
0:40:00	30.1	5908	7483	9685	11968	6247	7836	9100	12169	6190	7511	8922	10701
0:40:05	30.1	5915	7545	9656	12008	6192	7808	9213	12279	6196	7654	8754	10941
0:40:10	30.1	5828	7594	9652	11714	6314	7745	9270	12253	6179	7447	8762	10962
0:40:15	30.1	5816	7525	9823	11871	6342	7749	9178	12301	6139	7613	8794	10744
0:40:20	30.1	6044	7570	9730	11873	6247	7653	9191	12132	6038	7500	8783	10938
0:40:25	30.1	5867	7531	9668	11844	6267	7668	9048	12308	6181	7565	8713	10988
0:40:30	30.1	5827	7484	9837	12104	6231	7803	9061	12258	6102	7504	8740	10889
0:40:35	30.1	5886	7507	9792	11711	6230	7852	9099	12192	6143	7453	8743	10919
0:40:40	30.1	5848	7535	9723	11781	6233	7711	9141	12361	6096	7494	8855	10881
0:40:45	30.1	5804	7468	9630	11879	6212	7757	9160	12242	6178	7502	8821	11028
0:40:50	30.1	5989	7438	9846	11883	6241	7690	9206	12255	6237	7550	8768	10924
0:40:55	30.1	5884	7589	9773	11842	6241	7794	9184	12178	6163	7436	8868	10819
0:41:00	30.1	5851	7609	9780	11938	6241	7781	9088	12344	6216	7487	8711	10847
0:41:05	30.1	5789	7435	9755	11877	6212	7609	9202	12117	6193	7535	8706	10821
0:41:10	30.1	5869	7477	9660	11954	6305	7785	9124	12102	6155	7517	8814	10876
0:41:15	30.1	5839	7447	9875	11854	6195	7752	9085	12216	6190	7558	8722	10912
0:41:20	30.1	5918	7375	9772	11749	6191	7610	9158	12198	6232	7523	8781	10921
0:41:25	30.1	5915	7522	9658	11751	6260	7771	9131	12433	6103	7423	8780	10874
0:41:30	30.1	5857	7529	9812	11740	6265	7737	9071	12115	6132	7500	8745	10829
0:41:35	30.1	5955	7484	9693	11771	6301	7776	9142	12142	6163	7377	8774	10946
0:41:40	30.1	5925	7485	9753	11788	6313	7702	9202	12126	6045	7571	8818	10866
0:41:45	30.1	5991	7511	9792	11739	6267	7850	9196	12213	6113	7478	8748	10959
0:41:50	30.1	5958	7479	9758	11745	6268	7709	9126	12292	6013	7595	8888	10808
0:41:55	30.1	5969	7407	9726	11984	6258	7699	9281	12135	6150	7432	8663	10842
0:42:00	30.1	5885	7527	9726	11837	6220	7815	9179	12128	6107	7555	8688	10884
0:42:05	30.1	5918	7596	9775	11920	6251	7631	9136	12203	6106	7493	8807	10918
0:42:10	30.1	5883	7378	9751	11684	6282	7703	9206	12271	6158	7500	8751	10739
0:42:15	30.1	5938	7484	9720	11849	6214	7709	9162	12150	6089	7388	8652	10861
0:42:20	30.1	5889	7502	9747	11813	6251	7867	9194	12336	6229	7457	8675	10949
0:42:25	30.1	5854	7431	9727	11652	6166	7740	9066	12291	6143	7476	8670	10807
0:42:30	30.1	5831	7495	9796	11825	6238	7715	9320	12212	6208	7467	8829	10879
0:42:35	30.1	5885	7553	9775	11851	6209	7709	9094	12198	6132	7478	8743	10866
0:42:40	30.1	5955	7469	9803	11800	6245	7679	9209	12239	6106	7432	8794	10883
0:42:45	30.1	5951	7538	9696	11872	6200	7767	9108	12339	6119	7501	8728	10997
0:42:50	30.1	5799	7481	9723	11814	6257	7689	9142	12118	6057	7557	8742	10804
0:42:55	30.1	5949	7369	9723	11885	6183	7622	9191	12159	6109	7507	8667	10853
0:43:00	30.1	5915	7441	9696	11913	6236	7743	9087	12257	6155	7558	8750	10702
0:43:05	30.1	5852	7424	9697	11769	6320	7700	9119	12351	6222	7366	8816	10967
0:43:10	30.1	5941	7555	9728	11803	6173	7681	9210	12226	6044	7359	8714	10982
0:43:15	30.1	5820	7500	9632	11866	6198	7750	9220	12010	6074	7478	8747	10830
0:43:20	30.1	5857	7533	9750	11916	6283	7726	9138	12122	6044	7423	8788	10790
0:43:25	30.1	5831	7590	9595	11682	6216	7689	9018	12266	6134	7484	8700	10855
0:43:30	30.1	5869	7401	9655	11803	6242	7699	9164	12164	6186	7429	8832	10957
0:43:35	30.1	5876	7518	9744	11765	6237	7721	9117	12244	6106	7408	8755	10831
0:43:40	30.1	5789	7450	9772	11883	6275	7730	9095	12168	6136	7441	8724	10835
0:43:45	30.1	5895	7599	9670	11849	6195	7689	9129	12360	6085	7506	8754	10899
0:43:50	30.1	5931	7482	9560	11840	6251	7881	9168	12297	6156	7396	8704	10817
0:43:55	30.1	5844	7535	9730	11905	6244	7707	9191	12181	6173	7516	8733	10812
0:44:00	30.1	5925	7574	9770	11819	6239	7668	9165	12128	6115	7566	8754	10980
0:44:05	30.1	5804	7527	9802	11677	6181	7736	9200	12225	6173	7503	8717	10870
0:44:10	30.1	5947	7475	9750	11847	6246	7729	9165	12200	6154	7549	8804	10805
0:44:15	30.1	5789	7383	9716	11800	6293	7779	9140	12096	6067	7475	8769	10828
0:44:20	30.1	5862	7458	9664	11594	6148	7700	9035	12373	6152	7524	8771	10853
0:44:25	30.1	5814	7400	9676	11886	6273	7701	9241	12391	6121	7481	8675	11009
0:44:30	30.1	5879	7496	9735	11851	6197	7670	9161	12305	6122	7423	8736	10822
0:44:35	30.1	5850	7468	9695	11837	6242	7563	9184	12145	6090	7387	8750	10734
0:44:40	30.1	5858	7605	9680	11670	6248	7600	9172	12178	6121	7400	8724	10720
0:44:45	30.1	5865	7508	9582	11823	6077	7893	9151	12159	6125	7439	8751	10843
0:44:50	30.1	5815	7651	9811	11691	6197	7679	9090	12245	6101	7495	8717	10972
0:44:55	30.1	5835	7484	9607	11841	6267	7632	9059	12192	6071	7471	8681	10810
0:45:00	30.1	5871	7381	9618	12015	6119	7679	9107	12227	6151	7346	8686	10882

Results
	1	2	3	4	5	6	7	8	9	10	11	12
A													Max V [295,335]
													R-Squared [295,335]
													t at Max V [295,335]
													Lagtime [295,335]
B													Max V [295,335]
													R-Squared [295,335]
													t at Max V [295,335]
													Lagtime [295,335]
C	-2976000.000	-3192000.000	-3984000.000	4788000.000	-3864000.000	3516000.000	4332000.000	-4188000.000	-2688000.000	3588000.000	-3744000.000	-4152000.000	Max V [295,335]
	1.000	1.000	1.000	1.000	1.000	1.000	1.000	1.000	1.000	1.000	1.000	1.000	R-Squared [295,335]
	0:01:18	0:01:13	0:03:03	0:32:28	0:15:23	0:44:43	0:20:43	0:20:03	0:11:13	0:02:53	0:16:28	0:04:43	t at Max V [295,335]
	0:01:05	0:01:02	0:02:29	0:33:21	0:14:43	?????	0:21:28	0:19:06	0:10:15	0:03:25	0:15:34	0:04:09	Lagtime [295,335]
D													Max V [295,335]
													R-Squared [295,335]
													t at Max V [295,335]
													Lagtime [295,335]
E													Max V [295,335]
													R-Squared [295,335]
													t at Max V [295,335]
													Lagtime [295,335]
F													Max V [295,335]
													R-Squared [295,335]
													t at Max V [295,335]
													Lagtime [295,335]
G													Max V [295,335]
													R-Squared [295,335]
													t at Max V [295,335]
													Lagtime [295,335]
H													Max V [295,335]
													R-Squared [295,335]
													t at Max V [295,335]
													Lagtime [295,335]

