

Software Version	3.03.14

Procedure Details

Plate Type	96 WELL PLATE
Set Temperature	Setpoint 30°C
	Preheat before moving to next step
Start Kinetic	Runtime 3:00:00 (HH:MM:SS), Interval 0:00:18, 601 Reads
    Read	Fluorescence Endpoint
	C1..C12
	Filter Set 1
	    Excitation: 295,  Emission: 335
	    Optics: Top,  Gain: 80
	Light Source: Xenon Flash,  Lamp Energy: High
	Read Speed: Normal,  Delay: 0 msec,  Measurements/Data Point: 5
	Read Height: 8 mm
End Kinetic	

Layout
	1	2	3	4	5	6	7	8	9	10	11	12
A													Well ID
B													Well ID
C	SPL3	SPL4	SPL5	SPL6	SPL7	SPL8	SPL9	SPL10	SPL11	SPL12	SPL13	SPL14	Well ID
D													Well ID
E													Well ID
F													Well ID
G													Well ID
H													Well ID

295,335

Time	T° 295,335	C1	C2	C3	C4	C5	C6	C7	C8	C9	C10	C11	C12
0:00:00	30.1	16888	22814	26621	179	30276	34134		23216	25560	28176	29541	30469
0:00:18	30.0	16267	22615	26348	176	30689	33050	16660	23252	25572	27976	29545	29958
0:00:36	30.1	15739	21985	25572	174	30283	32048	16554	22910	25687	27666	29245	29797
0:00:54	30.0	15506	21405	25413	163	29566	31431	16583	22768	25710	27890	29073	30050
0:01:12	30.0	14902	20960	24599	156	29354	31265	16297	22776	25371	27560	28942	29944
0:01:30	30.0	14647	20643	24201	164	28979	30793	16518	22487	25358	27458	29052	29816
0:01:48	30.1	14087	20249	23656	167	28661	30417	16210	22373	24974	27038	29211	29843
0:02:06	30.0	13903	19840	23401	168	28209	29794	16223	22422	25335	27308	28724	29727
0:02:24	30.1	13420	19695	22848	165	27744	29532	16152	22209	24961	26924	28781	29413
0:02:42	30.1	13250	19260	22560	165	27577	28999	15916	22255	24746	27206	28481	29428
0:03:00	30.1	13218	19152	22173	159	26910	28744	16007	22320	24716	26648	28284	29388
0:03:18	30.1	12941	18738	21947	165	26674	28613	15823	22011	24334	26538	28095	29174
0:03:36	30.1	12846	18663	21805	160	26323	28119	15836	21741	24515	26377	28447	29160
0:03:54	30.1	12692	18310	21468	165	26019	28130	15646	21729	24108	26451	27829	29469
0:04:12	30.0	12579	18214	21296	176	25540	27827	15719	21582	24279	26311	27956	28769
0:04:30	30.0	12536	18105	21042	168	25847	27362	15614	21476	23926	26096	27960	28752
0:04:48	30.0	12383	17777	20804	167	25235	27445	15476	21242	23894	26382	27682	28688
0:05:06	30.1	12203	17443	20552	167	25138	26848	15300	21193	23786	25921	27551	28441
0:05:24	30.0	12317	17442	20422	165	25005	26792	15303	21169	23342	25797	27816	28516
0:05:42	30.1	12289	17577	20109	148	24606	26814	15270	20952	23458	25855	27174	27993
0:06:00	30.0	12061	17217	20133	163	24371	26704	15269	20917	23538	25637	27446	27794
0:06:18	30.1	11971	17023	20142	161	24224	26272	15078	20883	23100	25519	27228	28206
0:06:36	30.1	11958	17138	20094	159	24147	26571	14995	20784	23187	25530	26897	28017
0:06:54	30.1	11901	16999	19668	170	23872	25892	15035	20879	23043	25075	26640	27853
0:07:12	30.1	11833	16849	19763	157	23693	26091	14755	20260	22866	24960	26464	27617
0:07:30	30.0	11849	16821	19585	160	23811	25856	14652	20362	22789	25138	26641	27672
0:07:48	30.1	11799	16831	19708	158	23707	25844	14775	20145	22702	24841	26571	27595
0:08:06	30.1	11829	16797	19611	163	23509	25524	14484	20262	22739	24641	26291	27366
0:08:24	30.1	11686	16675	19331	163	23652	25439	14476	20134	22334	25083	26313	27070
0:08:42	30.1	11745	16761	19302	161	23661	25578	14354	19970	22146	24785	25930	27062
0:09:00	30.1	11674	16712	19350	156	23142	25450	14395	19869	22162	24467	26327	27070
0:09:18	30.1	11640	16770	19315	164	23382	25530	14327	19721	22348	24666	26138	26966
0:09:36	30.1	11615	16552	19348	152	23517	25354	14095	19846	22117	24614	26150	26858
0:09:54	30.1	11461	16652	19376	162	23142	25341	14050	19969	22069	24359	25971	26895
0:10:12	30.1	11542	16591	19268	157	23092	25038	14122	19795	21933	24306	25692	26723
0:10:30	30.0	11603	16881	19161	166	22979	25363	13979	19385	22012	24458	25680	26762
0:10:48	30.1	11629	16705	19104	158	23196	25280	13964	19647	21863	24499	25590	26760
0:11:06	30.1	11577	16691	19101	154	23013	25415	13903	19573	21821	24029	25336	26414
0:11:24	30.1	11465	16437	19026	156	22741	25191	13816	19323	21882	24028	25448	26426
0:11:42	30.1	11420	16636	19209	149	23141	25067	13870	19262	21823	24074	25536	26395
0:12:00	30.0	11711	16611	19148	166	23051	24994	13656	19189	21463	23717	25342	26092
0:12:18	30.0	11429	16603	19015	163	23032	24890	13493	19382	21664	23896	25425	25970
0:12:36	30.1	11544	16418	18869	162	22976	24847	13692	19280	21540	23735	25394	26024
0:12:54	30.1	11557	16618	19064	157	22801	24711	13507	19048	21442	23671	25072	25899
0:13:12	30.1	11662	16468	19069	162	23018	24938	13654	18912	21134	23744	24926	25946
0:13:30	30.1	11727	16523	19068	157	22993	24861	13551	18921	21098	23633	24979	25881
0:13:48	30.1	11717	16389	18959	160	22908	24539	13618	18991	21009	23573	24791	25842
0:14:06	30.1	11657	16562	19020	162	23109	24847	13363	19005	20837	23469	24662	25746
0:14:24	30.1	11702	16410	19023	153	23208	24976	13309	18860	20960	23416	24731	25653
0:14:42	30.1	11788	16513	18995	158	22892	24562	13382	18849	20904	23421	24761	25393
0:15:00	30.1	11674	16372	18817	158	22989	24883	13301	18802	21000	23361	24737	25492
0:15:18	30.1	11544	16330	18894	148	22762	24703	13226	18874	20843	23217	24389	25780
0:15:36	30.1	11355	16363	18886	155	23032	24942	13244	18493	20805	23115	24611	25319
0:15:54	30.1	11536	16415	18953	154	22838	24729	13156	18564	20722	23115	24493	25485
0:16:12	30.1	11565	16338	19068	146	22693	24687	13128	18498	20923	23122	24362	25043
0:16:30	30.1	11620	16246	18887	139	22857	24840	13028	18519	20846	22875	24333	25185
0:16:48	30.1	11509	16440	18941	164	22857	24753	13128	18479	20568	22906	24157	25475
0:17:06	30.1	11610	16489	18893	161	22691	24982	13072	18546	20572	22919	24160	25000
0:17:24	30.1	11605	16387	19191	163	22583	24410	13082	18403	20538	22873	24138	25083
0:17:42	30.1	11760	16270	19001	149	22839	24694	12951	18464	20374	22644	24030	25220
0:18:00	30.1	11636	16277	18882	155	22701	24805	12786	18127	20496	22769	23938	25056
0:18:18	30.1	11535	16400	19097	161	22930	24641	12789	18059	20442	22708	23929	25074
0:18:36	30.1	11674	16208	18846	147	22733	24668	12881	18048	20272	22444	23949	24841
0:18:54	30.1	11670	16440	19220	160	22809	24709	12901	18087	20201	22869	23726	24965
0:19:12	30.1	11468	16317	18965	162	22769	24640	12958	18293	20249	22567	23825	25011
0:19:30	30.1	11546	16086	19105	148	22676	24554	12926	18032	20437	22501	23865	24927
0:19:48	30.1	11462	16346	18988	155	22756	24684	12902	18206	20205	22369	23649	24691
0:20:06	30.1	11493	16214	19055	163	22916	24653	12838	18014	20195	22502	23860	24710
0:20:24	30.1	11492	16357	18877	171	22460	24800	12682	17862	19897	22096	23631	24842
0:20:42	30.1	11520	16452	18975	164	22941	24663	12844	17973	20014	22322	23541	24651
0:21:00	30.1	11589	16176	19110	158	22591	24743	12671	17829	20007	22261	23485	24545
0:21:18	30.1	11482	16544	19207	155	22480	24717	12666	17604	20119	22041	23480	24520
0:21:36	30.1	11415	16340	18993	164	22982	24743	12737	17870	20272	22041	23541	24516
0:21:54	30.1	11489	16353	18896	156	22814	24734	12701	17832	19909	22241	23435	24482
0:22:12	30.1	11365	16461	19132	153	22773	24649	12544	17780	19841	22330	23398	24298
0:22:30	30.1	11567	16380	18927	141	22917	24606	12521	17844	20011	22185	23480	24313
0:22:48	30.1	11340	16220	18906	151	22808	24755	12638	17718	19895	22159	23614	24527
0:23:06	30.1	11350	16461	18864	150	22829	24829	12471	17718	19942	22190	23264	24051
0:23:24	30.1	11500	16395	19080	152	22847	24971	12693	17766	19706	21970	23339	24252
0:23:42	30.1	11451	16281	19047	163	23028	24801	12651	17552	19729	21878	23190	24103
0:24:00	30.1	11436	16528	19115	147	23028	24536	12546	17648	19743	21778	23374	24246
0:24:18	30.1	11372	16457	19060	140	22484	24364	12377	17659	19690	21784	23222	24412
0:24:36	30.1	11351	16310	19034	155	22635	24679	12335	17636	19646	21749	23259	23989
0:24:54	30.1	11462	16241	19094	165	22667	24469	12399	17756	19747	21520	23006	23826
0:25:12	30.1	11470	16239	19151	152	22765	24872	12549	17456	19573	22035	23372	24146
0:25:30	30.1	11349	16186	18895	153	22640	24796	12548	17498	19589	21742	23090	23961
0:25:48	30.1	11390	16347	18940	146	22844	24739	12483	17660	19567	21738	23222	23943
0:26:06	30.1	11493	16312	19179	150	22753	24566	12551	17502	19508	21689	23215	24103
0:26:24	30.1	11380	16299	18999	146	23072	24478	12518	17516	19492	21707	23159	23811
0:26:42	30.1	11459	16150	19220	142	23081	24706	12621	17507	19368	21559	23032	23806
0:27:00	30.1	11258	16273	19168	158	22875	24561	12572	17601	19344	21564	22679	23883
0:27:18	30.1	11372	16148	19147	146	22959	24836	12480	17581	19523	21759	22937	23869
0:27:36	30.1	11329	16126	19303	153	22866	24882	12422	17528	19366	21441	22857	23623
0:27:54	30.1	11397	16109	19491	161	22926	25087	12580	17444	19460	21601	23018	23573
0:28:12	30.1	11306	16219	19208	154	23257	25167	12482	17303	19425	21474	22907	23742
0:28:30	30.1	11410	16158	18954	152	22993	25094	12559	17223	19355	21524	22730	23568
0:28:48	30.1	11210	16492	19158	152	23125	24882	12432	17425	19324	21405	22932	23630
0:29:06	30.1	11384	16281	19371	141	23065	24868	12435	17369	19308	21313	22753	23768
0:29:24	30.1	11269	15955	19405	140	22973	24936	12467	17412	19220	21329	22787	23635
0:29:42	30.1	11360	16182	19392	153	23345	25011	12396	17137	19215	21313	22773	23575
0:30:00	30.0	11222	16293	19416	148	23174	25102	12468	16941	19201	21262	22562	23489
0:30:18	30.1	11329	16308	19097	151	22877	24955	12344	17302	19030	21297	22827	23477
0:30:36	30.1	11473	16108	19313	156	23097	24880	12367	17260	19276	21410	22658	23559
0:30:54	30.0	11294	16203	19348	156	23125	24879	12458	17036	19095	21241	22691	23314
0:31:12	30.1	11226	16210	19151	150	23060	24967	12347	17091	19212	21216	22858	23305
0:31:30	30.0	11244	16181	19251	159	23035	25089	12255	17151	19101	21215	22458	23358
0:31:48	30.1	11266	16222	19423	162	23168	25330	12393	17157	19000	21158	22433	23524
0:32:06	30.0	11232	16076	19386	154	22864	24823	12501	17095	18976	21383	22699	23043
0:32:24	30.1	11272	16094	19288	161	22941	25235	12348	17045	19182	21316	22578	23299
0:32:42	30.1	11337	15979	19334	149	23195	24940	12349	16969	19097	21301	22531	23660
0:33:00	30.0	11304	16061	19405	145	23302	24851	12380	16896	19175	21125	22622	23346
0:33:18	30.1	11333	16137	19522	156	23187	25203	12236	17018	18903	21172	22412	23268
0:33:36	30.1	11358	16361	19246	152	23018	24998	12348	16976	19023	21090	22546	23514
0:33:54	30.0	11388	16220	19157	162	23651	24926	12323	16840	18951	21235	22488	23282
0:34:12	30.1	11331	16118	19048	161	23036	24978	12336	16868	18954	21116	22524	23132
0:34:30	30.0	11440	16143	19252	167	23331	24980	12297	16910	18974	21038	22525	23174
0:34:48	30.1	11305	16139	19358	150	23013	25010	12316	16943	19238	21053	22288	23287
0:35:06	30.1	11268	16409	19124	145	23145	24989	12318	17157	18830	20993	22334	23301
0:35:24	30.1	11436	16056	19343	158	23204	25078	12285	16854	18887	21131	22337	23280
0:35:42	30.1	11417	16116	19173	153	23599	25193	12231	16970	18891	20971	22245	23266
0:36:00	30.0	11323	16216	19410	152	22900	24966	12153	17086	18888	21058	22439	22988
0:36:18	30.1	11215	16091	19227	141	23044	24680	12188	16853	18839	21039	22441	23295
0:36:36	30.1	11366	16196	19135	158	23117	24939	12179	16803	19021	20898	22135	23209
0:36:54	30.1	11279	16060	19117	166	23247	25092	12251	16989	18885	20916	22332	23052
0:37:12	30.1	11300	15947	19251	161	23157	25019	12025	16844	19076	20883	22497	23097
0:37:30	30.0	11291	16146	19477	149	23001	25021	12413	16963	18688	20999	22490	23193
0:37:48	30.1	11238	16164	19455	160	23045	24978	12113	16916	18967	20974	22354	23114
0:38:06	30.1	11252	16047	19239	159	23097	25017	12100	16668	18852	20824	22479	23062
0:38:24	30.1	11330	16096	19330	160	23042	24948	12005	16949	18848	20948	21972	23007
0:38:42	30.0	11352	16298	19127	157	23180	24860	12049	16703	18807	20913	22105	22924
0:39:00	30.0	11347	16229	19268	156	23194	24926	12058	16918	18921	21007	22258	22973
0:39:18	30.0	11341	16104	19242	159	22993	24954	12085	16765	18858	20808	22232	22888
0:39:36	30.0	11365	16269	19165	154	22988	25026	12060	16759	18844	21098	22292	22916
0:39:54	30.0	11513	16118	19108	157	23227	24790	12087	16715	18922	20740	22062	22972
0:40:12	30.0	11170	15876	19186	157	23205	24727	12122	16858	18961	21087	22053	22954
0:40:30	30.0	11371	16116	19182	168	22953	24817	11972	16859	18835	20924	21900	22813
0:40:48	30.0	11389	16076	19132	152	23031	24830	12104	16620	18664	20733	21914	22902
0:41:06	30.0	11227	16147	19394	162	23301	24838	12038	16836	18726	20743	22226	22760
0:41:24	30.0	11231	16146	19397	147	23123	24711	12078	16716	18698	20922	22158	22858
0:41:42	30.0	11308	16119	19297	164	22986	24961	12038	16656	18720	20835	22013	23000
0:42:00	30.0	11292	15814	19392	156	23152	24785	12087	16935	18886	20903	22219	23156
0:42:18	30.0	11334	16000	19226	157	23035	25089	12026	16724	18630	20756	22240	22951
0:42:36	30.0	11221	16016	19036	155	22983	24964	11988	16513	18634	20538	21759	22635
0:42:54	30.0	11260	15940	18993	162	22955	24957	12080	16741	18751	20663	22094	22704
0:43:12	30.0	11193	16061	18900	149	22789	24656	11841	16661	18664	20572	22087	22969
0:43:30	30.0	11289	16130	18702	156	22712	24824	11885	16651	18813	20793	22013	22715
0:43:48	30.0	11202	16044	18926	155	22708	25016	11991	16586	18528	20680	21992	22573
0:44:06	30.0	11415	16158	18916	154	23197	24724	12031	16697	18666	20706	22240	22904
0:44:24	30.0	11294	16093	19077	167	22846	25156	11926	16563	18789	20578	22248	22662
0:44:42	30.0	11258	16055	19251	165	23041	24825	11767	16656	18670	20898	21965	22699
0:45:00	30.0	11324	16009	19232	160	23019	24940	11973	16478	18563	20784	22004	22822
0:45:18	30.0	11241	16149	19012	149	22899	25047	11842	16566	18713	20611	21929	22881
0:45:36	30.0	11245	16130	19288	157	22980	24760	12071	16667	18613	20661	22180	22662
0:45:54	30.0	11103	15903	19121	150	23024	24921	11869	16882	18555	20684	21781	22856
0:46:12	30.0	11288	15855	18943	154	23243	25059	11912	16496	18578	20453	21875	22684
0:46:30	30.0	11283	16042	19100	156	22817	24922	11814	16547	18446	20740	21972	22677
0:46:48	30.0	11149	15891	19136	145	22917	24758	11788	16654	18590	20691	22018	22830
0:47:06	30.0	11314	16043	18865	155	22912	24585	11880	16446	18543	20707	21899	22541
0:47:24	30.0	11305	16097	19127	157	22713	25125	11961	16403	18442	20652	21849	22794
0:47:42	30.0	11117	16090	18904	150	22985	24574	11923	16553	18485	20572	21934	22702
0:48:00	30.0	11116	15900	19021	149	22924	24783	11833	16348	18556	20524	21865	22485
0:48:18	30.0	11070	15932	19101	160	23181	24734	11939	16410	18460	20441	21665	22579
0:48:36	30.0	11208	15799	18996	167	22562	24734	11928	16449	18416	20409	22030	22756
0:48:54	30.0	11118	15986	19174	155	22715	24570	11699	16471	18294	20675	21833	22608
0:49:12	30.0	11276	15941	19263	147	22862	24957	11818	16474	18494	20463	21760	22584
0:49:30	30.0	11250	15980	19220	158	22830	24845	11826	16495	18549	20457	21722	22437
0:49:48	30.0	11106	16066	19011	158	22737	24903	11897	16528	18440	20295	22038	22393
0:50:06	30.0	11258	16082	18801	158	22730	24518	11688	16579	18622	20362	21494	22207
0:50:24	30.0	11148	16008	18853	143	22975	24564	11852	16400	18379	20576	21729	22434
0:50:42	30.0	11261	16023	18992	153	22869	24589	11864	16500	18611	20669	22135	22389
0:51:00	30.0	11095	15773	18968	160	22812	24572	11886	16426	18254	20373	21900	22485
0:51:18	30.0	11124	15946	19116	155	22926	24844	11734	16417	18490	20492	21678	22467
0:51:36	30.0	11163	15922	19102	143	22971	24904	11833	16532	18513	20514	21755	22596
0:51:54	30.0	11175	16091	19076	160	22668	24664	11748	16557	18433	20547	21552	22439
0:52:12	30.0	11117	15897	19209	153	22887	24717	11704	16424	18343	20485	21639	22454
0:52:30	30.0	11063	15917	18870	140	22621	24489	11714	16446	18370	20579	21717	22339
0:52:48	30.0	11186	15836	18917	149	22600	24711	11728	16548	18324	20407	21547	22390
0:53:06	30.0	11063	15811	19071	149	22694	24529	11752	16432	18273	20451	21631	22409
0:53:24	30.0	11191	15763	19015	155	22852	24850	11856	16587	18344	20561	21718	22164
0:53:42	30.0	11084	15894	19078	144	22840	24432	11832	16274	18367	20432	21613	22430
0:54:00	30.0	11221	15815	19029	150	22678	24569	11847	16291	18395	20362	21393	22348
0:54:18	30.0	11188	15825	19158	162	22772	24905	11758	16275	18305	20366	21696	22290
0:54:36	30.0	11177	16122	19014	156	22717	24482	11683	16300	18218	20269	21597	22345
0:54:54	30.0	11178	16042	18793	161	22698	24527	11818	16385	18179	20373	21641	22222
0:55:12	30.0	11115	15765	19086	161	22582	24444	11794	16385	18231	20258	21582	22440
0:55:30	30.0	11210	15796	19046	153	22652	24461	11671	16198	18166	20282	21467	22180
0:55:48	30.0	11167	15817	19034	167	22665	24592	11687	16308	18331	20269	21510	22183
0:56:06	30.0	11211	15945	18700	151	22539	24244	11657	16338	18407	20127	21350	22079
0:56:24	30.0	11068	15887	18677	157	22776	24658	11703	16056	18337	20152	21387	22037
0:56:42	30.0	11172	15917	18834	148	22644	24489	11797	16297	18268	20283	21458	22247
0:57:00	30.0	11079	15898	18924	147	22863	24579	11764	16109	18274	20129	21509	22249
0:57:18	30.0	11067	15781	18997	160	22670	24496	11704	16437	18254	20251	21664	22282
0:57:36	30.0	11000	15685	19128	163	22760	24356	11706	16365	18198	20326	21671	22240
0:57:54	30.0	11009	15713	18931	145	22721	24790	11601	16208	18346	20202	21519	22104
0:58:12	30.0	11156	15704	18814	138	22686	24431	11698	16160	18381	20308	21598	22213
0:58:30	30.0	11002	15830	18809	146	22618	24601	11587	16428	18135	20240	21435	22102
0:58:48	30.0	11195	15814	19066	155	22755	24667	11719	16244	18076	20239	21476	22237
0:59:06	30.0	11131	15767	18754	143	22526	24494	11770	16400	18282	20217	21403	22094
0:59:24	30.0	11010	15916	18881	150	22570	24630	11767	16241	18220	20328	21633	22078
0:59:42	30.0	11009	15826	18770	154	22572	24518	11680	16245	18373	20392	21485	21974
1:00:00	30.0	11195	15668	18920	152	22643	24335	11582	16247	18172	20158	21387	22194
1:00:18	30.0	11086	15797	19053	151	22498	24397	11667	16238	18211	20187	21378	22119
1:00:36	30.0	11062	15761	18816	153	22488	24550	11653	16108	17814	20176	21399	22022
1:00:54	30.0	10992	15788	18821	138	22552	24520	11673	16287	18112	20320	21482	22189
1:01:12	30.0	11090	15626	18930	158	22537	24518	11773	16176	18215	20113	21489	22061
1:01:30	30.0	11119	15670	18994	150	22443	24259	11610	16264	18232	20068	21397	22011
1:01:48	30.0	10800	15833	18688	144	22530	24408	11537	16170	18114	19870	21343	21862
1:02:06	30.1	11051	15634	18763	156	22318	24523	11737	16300	18061	20095	21294	21911
1:02:24	30.0	11013	15527	18703	147	22606	24286	11506	16086	18207	20213	21435	21944
1:02:42	30.0	11045	15753	18882	158	22539	24301	11694	16197	17878	20210	21399	21959
1:03:00	30.1	10980	15799	18615	154	22672	24364	11685	16195	18106	20162	21303	22153
1:03:18	30.0	11004	15822	18762	152	22563	24456	11480	16242	17915	19977	21143	21875
1:03:36	30.0	11024	15684	18580	157	22557	24172	11493	16090	18013	19898	21347	22036
1:03:54	30.0	10963	15778	18774	152	22769	24309	11667	16015	18234	20100	21556	22062
1:04:12	30.0	10892	15698	18790	149	22579	24306	11448	16187	18085	19954	21135	21986
1:04:30	30.0	10951	15915	18675	142	22586	24199	11549	16006	18205	20117	21242	21903
1:04:48	30.0	10928	15768	19029	137	22480	24444	11574	16041	18263	20218	21482	22177
1:05:06	30.0	11106	15591	18764	145	22572	24247	11593	16171	18139	20201	21115	22139
1:05:24	30.0	10969	15803	18696	144	22367	24412	11678	16086	18021	19949	21371	22057
1:05:42	30.0	10943	15533	18843	150	22477	24037	11655	16251	18053	20013	21309	22043
1:06:00	30.0	10942	15701	18919	149	22731	24441	11645	16108	17797	19897	21143	21745
1:06:18	30.0	10778	15782	18847	150	22621	24232	11579	16152	17937	20065	21196	21567
1:06:36	30.0	11151	15602	18766	157	22783	24316	11511	16107	18147	19965	21381	21638
1:06:54	30.0	10865	15671	18653	156	22653	24162	11521	15948	17845	19978	21143	21972
1:07:12	30.0	10874	15684	18522	152	22507	24479	11583	16101	17890	19994	21311	22010
1:07:30	30.0	10882	15835	18733	149	22462	24443	11575	16261	18090	19785	21270	22037
1:07:48	30.0	10931	15600	18748	154	22230	24244	11541	16143	17899	20219	21397	21740
1:08:06	30.0	10950	15683	18738	151	22334	24245	11577	16196	17976	20028	21042	21892
1:08:24	30.0	10914	15662	18683	144	22393	24323	11546	16122	18095	20055	21277	21709
1:08:42	30.0	10997	15697	18856	154	22523	24303	11487	15911	17760	19957	21304	21577
1:09:00	30.0	10884	15507	18672	157	22144	24146	11468	16127	17926	19670	20981	21847
1:09:18	30.0	11001	15465	18580	152	22421	24218	11442	16008	17949	19848	21164	21735
1:09:36	30.0	10806	15474	18608	148	22294	24207	11534	15977	18070	19896	21244	21834
1:09:54	30.0	10848	15619	18498	154	22498	23961	11448	15987	17969	20046	21089	21935
1:10:12	30.0	10831	15561	18491	149	22354	24063	11390	16073	17878	19925	21136	21655
1:10:30	30.0	11014	15576	18713	149	22315	24155	11457	16184	17911	20034	21155	21729
1:10:48	30.0	10834	15637	18699	138	22494	24056	11558	16056	17886	19926	21164	21596
1:11:06	30.0	10799	15687	18606	151	22450	24073	11441	16003	17683	19904	20938	21549
1:11:24	30.0	10976	15535	18601	158	22405	24199	11357	15884	17950	19856	21159	21495
1:11:42	30.0	10824	15651	18486	150	22410	24218	11563	15927	17900	19986	21204	21740
1:12:00	30.0	10752	15493	18698	140	22302	24180	11413	15945	17785	19976	20990	21779
1:12:18	30.0	10887	15536	18548	143	22307	24082	11484	16068	17719	19874	21175	21627
1:12:36	30.0	10795	15404	18410	155	22075	23977	11515	16046	17878	19811	21102	21598
1:12:54	30.0	10938	15511	18651	138	22302	24095	11301	16029	17882	19913	21254	21431
1:13:12	30.0	10827	15424	18338	144	22340	24083	11503	15886	17843	19713	21101	21341
1:13:30	30.1	10880	15547	18272	150	22307	24018	11211	16108	17877	19792	21055	21478
1:13:48	30.1	10843	15596	18439	156	22326	23696	11537	15995	17756	19854	20928	21800
1:14:06	30.1	10855	15457	18484	149	22125	24152	11590	15812	17756	19731	21244	21545
1:14:24	30.1	10799	15389	18567	142	22064	24151	11418	15869	17894	19917	20951	21668
1:14:42	30.1	11015	15473	18469	147	22212	24192	11386	15863	18007	19828	21116	21488
1:15:00	30.1	10810	15517	18716	159	22369	23893	11331	15935	17626	19769	20893	21939
1:15:18	30.1	10759	15574	18478	141	22383	23990	11380	15973	17868	19842	20991	21564
1:15:36	30.1	10876	15355	18527	138	22333	23894	11391	15830	17614	19831	21003	21469
1:15:54	30.1	10735	15433	18740	162	21968	23771	11327	16033	17572	19697	20889	21364
1:16:12	30.1	10650	15569	18445	147	22353	24051	11330	15993	17838	19868	20921	21666
1:16:30	30.1	10937	15359	18389	145	22338	23982	11537	15892	17912	19612	20881	21354
1:16:48	30.0	10946	15348	18370	156	22224	24246	11350	15702	17691	19878	20804	21254
1:17:06	30.1	10763	15495	18257	142	22008	24040	11440	15778	17812	19692	20840	21495
1:17:24	30.1	10698	15538	18368	151	22261	23876	11322	15966	17777	19854	21216	21400
1:17:42	30.0	10834	15227	18390	166	22091	23748	11338	15817	17685	19614	21022	21368
1:18:00	30.1	10749	15370	18306	156	21956	23761	11251	15997	17575	19702	20977	21381
1:18:18	30.1	10841	15479	18293	147	22188	24056	11390	15913	17687	19758	20852	21477
1:18:36	30.1	10745	15410	18562	142	22311	24008	11438	15840	17821	19879	20807	21500
1:18:54	30.1	10797	15311	18692	155	21948	24243	11423	15826	17915	19750	21014	21474
1:19:12	30.1	10846	15299	18497	144	22297	23781	11417	15687	17757	19689	20757	21425
1:19:30	30.1	10883	15281	18265	165	22031	23957	11407	15793	17566	19813	20705	21381
1:19:48	30.1	10876	15386	18530	160	22439	23773	11332	15842	17702	19681	20778	21569
1:20:06	30.1	10643	15335	18488	151	22388	23712	11363	15834	17794	19671	20934	21479
1:20:24	30.1	10725	15381	18587	156	22301	23816	11475	15744	17590	19764	21014	21258
1:20:42	30.0	10673	15281	18382	149	22021	23677	11298	15841	17714	19564	20911	21557
1:21:00	30.1	10702	15378	18174	151	22190	23818	11476	15910	17729	19559	20692	21358
1:21:18	30.1	10658	15017	18435	148	22075	23940	11219	15803	17608	19612	20732	21486
1:21:36	30.0	10713	15430	18346	149	21989	23476	11305	15603	17587	19583	20767	21349
1:21:54	30.1	10767	15389	18574	154	22018	23818	11311	15772	17649	19505	20801	21243
1:22:12	30.1	10851	15356	18414	144	21987	23840	11325	15783	17488	19495	20821	21389
1:22:30	30.1	10706	15359	18249	137	21880	23492	11324	15867	17597	19554	20859	21243
1:22:48	30.1	10853	15425	18320	148	22259	23920	11273	15763	17619	19466	20859	21178
1:23:06	30.0	10825	15330	18366	148	21953	23903	11327	15777	17668	19835	20834	21213
1:23:24	30.1	10686	15217	18207	156	21830	23979	11216	15984	17622	19751	20567	21106
1:23:42	30.1	10722	15260	18345	137	21874	23748	11288	15787	17316	19353	20930	21340
1:24:00	30.1	10658	15318	18210	149	22036	23933	11246	15875	17499	19543	20750	21361
1:24:18	30.1	10650	15357	18395	149	21892	23748	11225	15727	17712	19579	20694	21321
1:24:36	30.1	10777	15300	18436	150	22013	23669	11235	15548	17533	19620	20677	21087
1:24:54	30.1	10592	15305	18302	145	22014	23804	11452	15760	17715	19523	20655	21264
1:25:12	30.1	10705	15205	18413	141	22003	23420	11277	15651	17531	19356	20554	21200
1:25:30	30.1	10763	15317	18399	142	21771	23846	11298	15598	17606	19598	20556	21138
1:25:48	30.1	10728	15219	18357	149	21809	23848	11315	15773	17476	19534	20591	21334
1:26:06	30.1	10710	15421	18261	145	22002	23662	11259	15611	17547	19597	20678	21354
1:26:24	30.1	10755	15387	18352	153	22011	23695	11255	15811	17598	19540	20725	21404
1:26:42	30.1	10661	15159	18390	159	21931	23529	11247	15815	17655	19236	20511	21020
1:27:00	30.0	10582	15068	18200	147	21984	23771	11269	15730	17422	19327	20515	21451
1:27:18	30.1	10683	15263	18220	144	21744	23458	11362	15546	17449	19442	20701	21092
1:27:36	30.1	10739	15106	18420	149	21781	23575	11172	15737	17602	19444	20700	21290
1:27:54	30.1	10702	15419	18182	155	21793	23637	11308	15561	17664	19602	20737	21208
1:28:12	30.1	10521	15123	18191	135	21896	23748	11284	15581	17573	19318	20648	21271
1:28:30	30.1	10683	15055	18317	152	21867	23723	11307	15733	17549	19518	20692	21340
1:28:48	30.1	10546	15179	18269	152	22056	23576	11052	15494	17619	19409	20569	21070
1:29:06	30.1	10624	15294	18174	144	21885	23452	11196	15610	17489	19364	20541	21056
1:29:24	30.1	10440	15127	18100	142	22108	23469	11307	15593	17523	19616	20577	20937
1:29:42	30.1	10618	15254	18215	144	21993	23533	11123	15585	17513	19438	20577	20851
1:30:00	30.1	10581	15198	18168	138	21899	23817	11081	15633	17591	19587	20747	20909
1:30:18	30.1	10627	15067	18239	145	21713	23576	11286	15522	17484	19374	20454	21035
1:30:36	30.1	10694	15206	18327	157	22038	23463	11094	15496	17310	19457	20534	21276
1:30:54	30.1	10434	15155	18221	134	21989	23300	11266	15629	17514	19429	20747	21108
1:31:12	30.1	10578	15090	18425	147	21830	23615	11241	15570	17341	19463	20499	21178
1:31:30	30.1	10753	15063	18064	139	21816	23523	11075	15466	17576	19401	20707	21075
1:31:48	30.1	10441	15191	18205	146	21729	23481	11088	15690	17659	19363	20488	21071
1:32:06	30.1	10580	15102	18065	146	22091	23407	11071	15437	17217	19424	20747	21122
1:32:24	30.1	10536	15132	18124	145	21710	23633	11277	15613	17300	19277	20600	20940
1:32:42	30.1	10566	15154	18243	157	21865	23469	11318	15621	17443	19303	20372	20874
1:33:00	30.1	10674	15216	18151	151	21507	23451	11074	15532	17333	19354	20678	21139
1:33:18	30.1	10613	15078	18037	147	21869	23590	11128	15526	17535	19501	20666	20992
1:33:36	30.1	10554	15237	18093	154	21610	23617	11079	15607	17594	19484	20426	21076
1:33:54	30.1	10472	15096	18104	159	21860	23658	11083	15558	17373	19097	20310	21099
1:34:12	30.1	10599	15180	18084	144	21872	23724	11150	15725	17395	19275	20393	20962
1:34:30	30.1	10571	15113	18054	152	21686	23305	11201	15588	17700	19161	20355	20864
1:34:48	30.1	10565	15195	18243	156	21789	23177	11187	15556	17354	19239	20571	21005
1:35:06	30.1	10539	15059	18132	145	21695	23500	11189	15430	17541	19093	20558	20666
1:35:24	30.1	10559	15229	18124	157	21801	23414	11199	15520	17257	19112	20371	20947
1:35:42	30.1	10626	15091	17983	146	21699	23206	11188	15474	17170	19272	20425	20863
1:36:00	30.1	10588	14990	18092	145	21601	23687	11006	15526	17400	19112	20474	21072
1:36:18	30.1	10529	15020	18017	144	21823	23632	11115	15507	17354	19232	20316	21027
1:36:36	30.1	10527	15090	18216	144	21580	23434	11227	15547	17266	19142	20557	20870
1:36:54	30.1	10614	15112	18426	144	21431	23520	11080	15567	17284	19331	20231	20708
1:37:12	30.1	10548	15320	18083	143	21702	23262	11157	15598	17234	19214	20533	20633
1:37:30	30.1	10453	14993	18067	142	21721	23480	11099	15606	17316	19193	20623	20772
1:37:48	30.1	10473	14984	18121	146	21620	23346	11081	15545	17148	19048	20269	20748
1:38:06	30.1	10391	14992	18025	144	21679	23303	11116	15518	17086	19257	20349	20916
1:38:24	30.1	10412	14939	17945	155	21549	23211	11113	15242	17261	19178	20260	20894
1:38:42	30.1	10413	15019	17949	142	21696	23213	11089	15314	17192	19243	20431	20812
1:39:00	30.1	10498	15209	17834	150	21804	23538	11073	15575	17064	19100	20413	20746
1:39:18	30.1	10396	15003	18075	135	21675	23579	11037	15418	17416	19081	20256	20645
1:39:36	30.1	10380	14931	18117	147	21565	23528	10966	15490	17350	19000	20287	20697
1:39:54	30.1	10570	15139	18115	142	21711	23331	10984	15337	17287	18897	20188	20775
1:40:12	30.1	10514	15022	17983	149	21641	23291	10854	15249	17207	19133	20212	20695
1:40:30	30.1	10334	14809	18070	146	21519	23433	10970	15467	17448	18947	20101	20653
1:40:48	30.1	10439	14876	17929	151	21373	23153	10998	15408	17187	19358	20270	20738
1:41:06	30.1	10456	15001	17902	154	21588	22938	10970	15387	17108	19125	20297	20610
1:41:24	30.1	10210	14848	18004	148	21483	23099	10955	15128	16847	19145	20194	20518
1:41:42	30.1	10391	14941	17857	141	21559	22986	11142	15254	17050	18915	20394	20716
1:42:00	30.1	10369	15267	17817	128	21448	23090	11112	15328	17151	19255	20227	20612
1:42:18	30.1	10395	15076	18102	141	21298	23250	10966	15254	17171	19073	20217	20706
1:42:36	30.1	10233	14845	17758	149	21360	22895	10873	15375	17082	18753	20157	20688
1:42:54	30.1	10327	14735	17787	146	21497	23186	11065	15113	17061	18937	20100	20494
1:43:12	30.1	10381	14796	17915	152	21328	23022	10916	15317	16912	18955	20063	20381
1:43:30	30.1	10350	14857	17844	149	21376	23105	11010	15260	17168	19123	20100	20741
1:43:48	30.1	10323	14689	17975	152	21479	22852	11031	15303	17161	18956	20170	20732
1:44:06	30.1	10342	14926	17991	130	21238	22988	10889	15328	17009	18919	19971	20532
1:44:24	30.1	10402	14710	17721	140	21439	23101	10912	15395	17097	19022	20181	20654
1:44:42	30.1	10236	14543	17818	143	21624	22876	10998	15369	16983	18851	19830	20464
1:45:00	30.1	10429	14687	17664	137	21305	23135	11055	15190	17172	19116	20126	20429
1:45:18	30.1	10342	14840	17715	147	21365	23126	10971	15381	17144	19035	19983	20461
1:45:36	30.1	10295	14849	17849	152	21513	23135	10946	15117	16998	18784	19941	20640
1:45:54	30.1	10265	14942	17965	151	21209	22923	10968	15153	16996	18896	19974	20397
1:46:12	30.1	10346	14838	17643	151	21439	22907	10961	15211	16950	18879	19925	20684
1:46:30	30.1	10253	14700	18064	142	21205	23295	10964	15235	17140	18856	20233	20644
1:46:48	30.1	10335	14769	17810	138	21251	22934	10788	15226	17100	18826	20114	20247
1:47:06	30.1	10206	14790	17749	143	21232	23022	10984	15181	16990	18795	19872	20567
1:47:24	30.1	10268	14811	17807	134	21650	22773	10948	15177	16932	18854	19900	20326
1:47:42	30.1	10303	14727	17524	147	21119	22972	10905	15231	16869	18791	19966	20318
1:48:00	30.1	10314	14663	17595	141	21256	22962	10891	15174	17044	18787	20116	20389
1:48:18	30.1	10373	14863	17619	155	21221	23072	10934	15322	17133	19024	19866	20417
1:48:36	30.1	10214	14770	17468	144	21264	23176	10846	15256	16985	18820	20220	20260
1:48:54	30.1	10401	14797	17757	141	21084	23008	10901	15179	17079	18696	20158	20460
1:49:12	30.1	10171	14776	17750	135	21440	22879	10942	15197	16987	18948	19930	20345
1:49:30	30.1	10303	14860	17770	145	21062	22831	10868	15250	16872	18708	19988	20397
1:49:48	30.1	10224	14651	17526	139	21226	22931	10743	15162	16877	18778	19897	20283
1:50:06	30.0	10432	14681	17782	138	21558	23184	10842	15136	16947	19079	20126	20262
1:50:24	30.1	10191	14565	17633	135	21060	22729	10852	15086	17056	18794	19982	20492
1:50:42	30.1	10178	14955	17825	146	21094	22798	11005	15202	17063	18746	19733	20597
1:51:00	30.1	10273	14745	17623	145	21076	22858	10924	15257	16991	18869	20027	20494
1:51:18	30.1	10259	14728	17589	137	21173	22970	10881	15301	16942	18791	19861	20282
1:51:36	30.1	10233	14753	17704	145	21435	22996	10813	15147	16983	18548	19813	20255
1:51:54	30.1	10272	14674	17580	134	21164	22936	10889	15136	16900	18736	19863	20315
1:52:12	30.1	10176	14686	17557	144	21337	22775	10855	15188	16941	18766	20013	20267
1:52:30	30.1	10116	14671	17688	139	21281	22903	10927	15174	17142	18701	20062	20307
1:52:48	30.1	10221	14803	17686	137	21096	22577	11040	15123	16881	18744	19748	20391
1:53:06	30.1	10196	14575	17399	145	21184	22783	10738	15119	17071	18621	19824	20065
1:53:24	30.0	10254	14658	17755	143	21235	22663	10855	15143	16997	18869	19961	20315
1:53:42	30.1	10298	14736	17675	134	21178	22804	10802	15099	16885	18765	19874	20327
1:54:00	30.0	10264	14645	17623	140	21313	23009	10923	15243	16901	18802	19819	20489
1:54:18	30.1	10482	14745	17615	136	21232	22765	10846	15129	17042	18776	19944	20216
1:54:36	30.1	10204	14609	17854	137	21227	22993	10861	15178	16866	18806	19846	20202
1:54:54	30.1	10263	14517	17648	143	21147	23040	10891	15305	16920	18652	19889	20179
1:55:12	30.1	10114	14637	17819	147	21088	23010	10775	15155	16926	18723	19744	20345
1:55:30	30.1	10241	14893	17676	136	21066	22804	10934	15147	16662	18953	19970	20335
1:55:48	30.1	10164	14655	17494	146	21017	22658	10793	15410	16946	18631	20145	20196
1:56:06	30.1	10250	14713	17625	141	21220	22685	10949	15008	16898	18670	19786	20312
1:56:24	30.1	10273	14645	17588	153	21064	23038	10907	15082	16845	18670	19950	20253
1:56:42	30.0	10146	14708	17701	154	20978	22824	10923	15198	16987	18718	20067	20098
1:57:00	30.1	10263	14660	17582	142	21099	22791	10748	15116	16808	18740	19834	20202
1:57:18	30.1	10300	14569	17648	146	21092	22787	10841	14857	16718	18629	19842	20217
1:57:36	30.1	10158	14406	17414	149	21095	22656	10865	14944	16775	18690	19761	20249
1:57:54	30.0	10210	14729	17614	156	21158	22859	10930	15047	16950	18641	19850	20152
1:58:12	30.1	10242	14606	17558	137	21130	22799	10794	14943	16885	18807	19948	20489
1:58:30	30.1	10238	14509	17617	138	21024	22771	10681	15119	16848	18668	19566	20313
1:58:48	30.1	10221	14685	17582	132	21289	22762	10950	15228	16997	18651	19828	20414
1:59:06	30.1	10174	14660	17598	142	21005	22884	10827	15063	16930	18597	19727	20247
1:59:24	30.0	10043	14459	17510	139	21314	22632	10806	15045	16801	18648	19723	20435
1:59:42	30.1	10149	14618	17534	151	21066	22855	10739	15008	16861	18617	19813	20241
2:00:00	30.1	10187	14549	17995	144	20793	22673	10926	14907	16710	18674	19788	20298
2:00:18	30.0	10209	14641	17518	130	21108	22683	10899	15027	16877	18760	19740	20127
2:00:36	30.1	10205	14637	17393	143	21065	22717	10879	15056	16872	18783	19815	20260
2:00:54	30.0	10166	14622	17342	130	21186	22876	10884	15135	16904	18856	19668	20299
2:01:12	30.1	10085	14554	17539	135	21188	22701	10797	14957	16747	18501	19666	20223
2:01:30	30.0	10205	14625	17531	142	21002	22765	10698	15149	16811	18777	19867	20182
2:01:48	30.1	10157	14662	17498	151	21087	22787	10864	14979	16942	18757	19983	20154
2:02:06	30.1	10069	14692	17595	138	20992	22561	10873	15060	16756	18763	19865	20144
2:02:24	30.0	10320	14512	17529	144	21156	22923	10836	15019	16887	18662	19723	20123
2:02:42	30.1	10115	14633	17713	133	21316	22760	10911	15215	16790	18625	19822	20164
2:03:00	30.0	10331	14723	17561	152	21120	22605	10792	15022	16771	18565	19892	20205
2:03:18	30.1	10199	14649	17698	141	21067	22623	10743	15060	16751	18821	19865	20215
2:03:36	30.1	10143	14645	17616	150	21021	22600	10801	14874	16783	18686	19813	20250
2:03:54	30.0	10117	14651	17574	133	21166	22739	10867	14977	16642	18859	19884	20253
2:04:12	30.1	10211	14656	17544	123	21078	22755	10825	15149	16797	18704	19865	20439
2:04:30	30.0	10109	14551	17544	138	21029	22765	10822	14949	16797	18716	19967	20292
2:04:48	30.0	10240	14743	17417	142	21216	22716	10910	15115	16857	18733	19646	20042
2:05:06	30.0	10231	14670	17606	136	21229	22701	10869	14961	16958	18697	19794	20327
2:05:24	30.0	10120	14669	17443	147	20979	22938	10756	14835	17036	18643	19970	20186
2:05:42	30.0	10218	14591	17656	145	21124	22656	10943	15027	16785	18670	20019	20203
2:06:00	30.0	9993	14423	17654	161	21047	22791	10820	15184	16670	18592	19783	20365
2:06:18	30.0	10199	14578	17451	134	21146	22674	10830	15139	16984	18775	19767	20195
2:06:36	30.0	10146	14539	17523	146	20880	22872	10678	14901	16543	18640	19628	20186
2:06:54	30.0	10132	14448	17508	152	21141	22781	10769	14991	16711	18734	19776	20308
2:07:12	30.0	10145	14470	17594	157	20833	22672	10716	14956	16763	18387	19788	19735
2:07:30	30.0	10091	14625	17460	127	20930	22919	10815	15139	16659	18705	19752	19985
2:07:48	30.0	10121	14487	17509	135	20932	22804	10717	15121	16959	18611	19759	20194
2:08:06	30.0	10184	14579	17476	127	21012	22742	10852	15016	16914	18786	19734	20172
2:08:24	30.0	10084	14632	17624	143	21028	22737	10768	14981	16879	18556	19752	20135
2:08:42	30.0	10269	14578	17476	144	21061	22678	10908	15031	16789	18855	19867	20132
2:09:00	30.0	10099	14498	17415	143	21072	22669	10730	15055	16804	18635	19639	20226
2:09:18	30.0	10057	14515	17645	145	21048	22575	10781	14912	16777	18636	19698	19982
2:09:36	30.0	10119	14542	17619	145	20929	22674	10711	15143	16734	18591	19729	20055
2:09:54	30.0	10132	14648	17486	146	20997	22478	10853	14942	16669	18743	19651	19959
2:10:12	30.0	10169	14700	17564	135	20973	22547	10838	15115	16827	18414	19794	20102
2:10:30	30.0	10000	14446	17674	146	21175	22574	10811	15156	16613	18766	19745	20023
2:10:48	30.0	10071	14582	17378	140	21018	22800	10777	14846	16634	18693	19813	20299
2:11:06	30.0	10133	14448	17604	135	20863	22540	10723	14998	16916	18485	19748	19966
2:11:24	30.0	10098	14470	17530	148	21112	22607	10693	15002	16641	18634	19676	19866
2:11:42	30.0	10046	14288	17520	147	21067	22640	10780	15034	16930	18468	19794	20063
2:12:00	30.0	9986	14535	17372	139	21004	22601	10644	14742	16686	18533	19478	20053
2:12:18	30.0	10098	14391	17577	146	20829	22354	10632	15018	16772	18636	19733	19892
2:12:36	30.0	10182	14461	17377	146	20911	22649	10666	14842	16600	18608	19562	19962
2:12:54	30.0	9985	14491	17564	125	20856	22735	10806	15004	16782	18603	19686	19948
2:13:12	30.0	10111	14563	17420	143	20876	22632	10787	14878	16811	18469	19690	20055
2:13:30	30.0	10044	14526	17444	131	21095	22469	10666	14810	16730	18573	19853	20054
2:13:48	30.0	10103	14395	17300	136	20884	22794	10819	15028	16659	18429	19802	19908
2:14:06	30.0	10101	14469	17555	139	21010	22488	10648	14982	16678	18474	19613	20125
2:14:24	30.0	10038	14556	17391	144	20914	22538	10788	15045	16684	18477	19684	19920
2:14:42	30.0	10016	14534	17458	144	20862	22398	10693	14984	16585	18336	19673	19698
2:15:00	30.0	9988	14327	17699	138	20971	22613	10616	14997	16923	18410	19604	19917
2:15:18	30.0	10033	14603	17490	144	20755	22709	10649	14866	16664	18623	19658	20199
2:15:36	30.0	10116	14372	17445	141	20809	22510	10823	14900	16772	18533	19525	20058
2:15:54	30.0	10007	14488	17583	140	21006	22422	10820	14897	16713	18423	19480	20120
2:16:12	30.0	9988	14516	17322	136	20798	22520	10624	14929	16631	18274	19773	19872
2:16:30	30.0	10101	14589	17348	141	20988	22600	10745	14966	16897	18442	19387	19835
2:16:48	30.0	9996	14427	17211	147	20966	22315	10751	14767	16710	18433	19621	20045
2:17:06	30.0	10083	14456	17390	142	20730	22342	10669	14864	16763	18630	19668	19916
2:17:24	30.0	10075	14568	17394	132	20863	22414	10667	14919	16641	18427	19568	20058
2:17:42	30.0	10041	14462	17275	141	20875	22495	10697	14894	16665	18373	19446	20011
2:18:00	30.0	10026	14345	17432	138	20779	22165	10727	14793	16721	18540	19499	19952
2:18:18	30.0	9976	14293	17479	136	20805	22518	10646	14893	16567	18369	19401	19945
2:18:36	30.0	9827	14418	17519	136	20641	22435	10677	14769	16649	18505	19541	20131
2:18:54	30.0	10114	14606	17259	136	20550	22668	10771	14822	16585	18540	19560	19904
2:19:12	30.0	9906	14410	17249	141	20631	22533	10607	14674	16703	18271	19474	19971
2:19:30	30.0	10073	14440	17362	144	20716	22398	10780	14803	16692	18399	19359	19889
2:19:48	30.0	10033	14325	17279	137	20962	22336	10639	14855	16487	18439	19641	19970
2:20:06	30.0	9947	14345	17285	137	20671	22341	10633	14972	16656	18511	19450	19953
2:20:24	30.0	9941	14438	17274	147	20806	22470	10715	14927	16581	18417	19480	19882
2:20:42	30.0	9983	14388	17355	128	20705	22194	10751	14668	16595	18417	19608	19840
2:21:00	30.0	10008	14283	17295	132	20798	22414	10560	14778	16562	18441	19663	19981
2:21:18	30.0	9976	14371	17525	136	20653	22326	10682	14787	16707	18648	19258	19831
2:21:36	30.0	9914	14286	17473	144	20981	22308	10718	14928	16608	18438	19575	19870
2:21:54	30.0	9922	14164	17482	149	20712	22420	10671	14863	16575	18515	19489	19847
2:22:12	30.0	9892	14284	17354	126	20484	22361	10776	14832	16549	18423	19289	19765
2:22:30	30.0	9925	14364	17163	140	20662	22325	10598	14835	16468	18298	19397	19893
2:22:48	30.0	9869	14443	17278	150	20448	22395	10579	14850	16569	18312	19491	19886
2:23:06	30.0	9958	14316	17184	150	20637	22232	10638	14788	16537	18302	19432	19774
2:23:24	30.0	10051	14289	17271	140	20702	22213	10600	14565	16460	18174	19143	19784
2:23:42	30.0	9965	14476	17345	137	20660	22319	10529	14562	16497	18264	19395	19910
2:24:00	30.0	9893	14252	17223	137	20880	22352	10423	14663	16500	18166	19265	19682
2:24:18	30.0	10079	14248	17461	137	20792	22436	10390	14772	16538	18337	19352	19800
2:24:36	30.0	9888	14288	17260	129	20578	22359	10561	14845	16729	18272	19288	19638
2:24:54	30.0	10073	14354	17232	143	20544	22339	10583	14725	16317	18446	19182	19782
2:25:12	30.0	9951	14238	17217	137	20507	22020	10577	14791	16463	18264	19264	19920
2:25:30	30.0	9816	14228	17187	138	20585	22246	10542	14812	16445	18537	19255	19666
2:25:48	30.0	10039	14113	17136	143	20677	22543	10711	14724	16399	18302	19499	19818
2:26:06	30.0	9900	14095	16990	164	20451	22232	10486	14572	16427	18282	19105	19591
2:26:24	30.0	9859	14319	17222	131	20674	22309	10580	14744	16536	18150	19350	19795
2:26:42	30.0	9945	14279	17308	145	20721	22404	10605	14736	16563	18144	19370	19795
2:27:00	30.0	9869	14172	17319	140	20577	22168	10655	14697	16337	18257	19376	19607
2:27:18	30.0	9935	14201	17257	148	20487	22222	10623	14678	16324	18276	19328	19572
2:27:36	30.0	9862	14200	17066	138	20547	22122	10539	14711	16381	18241	19293	19520
2:27:54	30.0	9899	14269	17182	139	20502	22219	10402	14639	16419	18408	19492	19720
2:28:12	30.0	9723	14147	17163	139	20721	22350	10432	14728	16262	18362	19206	19518
2:28:30	30.0	9736	14179	17194	132	20535	22179	10488	14600	16472	18172	19412	19716
2:28:48	30.0	9823	14251	17186	151	20394	22340	10437	14660	16524	18140	19156	19626
2:29:06	30.0	9875	14134	16920	149	20696	22159	10515	14618	16573	18198	19310	19535
2:29:24	30.0	9857	14172	17104	139	20189	22563	10511	14564	16257	18261	19245	19539
2:29:42	30.0	9773	14369	17013	146	20185	22270	10545	14526	16159	18043	19189	19567
2:30:00	30.0	9808	14226	17278	142	20665	22159	10603	14573	16231	18148	19293	19659
2:30:18	30.0	9903	14085	17144	137	20644	22165	10488	14574	16365	18265	19141	19617
2:30:36	30.0	9904	14086	17077	134	20404	22163	10546	14832	16355	18163	19577	19582
2:30:54	30.0	9840	14358	17044	126	20386	22121	10346	14744	16470	18174	19243	19659
2:31:12	30.0	9859	13964	16978	126	20604	21909	10445	14696	16275	18037	19463	19549
2:31:30	30.0	9747	14188	17162	148	20519	22078	10659	14542	16331	18133	19386	19644
2:31:48	30.0	9874	13790	17016	143	20437	22214	10485	14560	16334	18224	19121	19427
2:32:06	30.0	9799	14179	16919	138	20489	22018	10347	14512	16193	18219	19282	19376
2:32:24	30.0	9763	13940	16912	142	20300	22165	10341	14603	16221	18009	19090	19427
2:32:42	30.0	9764	14166	16993	134	20530	22231	10526	14721	16388	17988	19345	19455
2:33:00	30.0	9842	14164	17037	135	20544	22135	10402	14523	16336	18162	18996	19579
2:33:18	30.0	9761	14199	17110	143	20362	22074	10454	14594	16156	18195	19232	19467
2:33:36	30.0	9867	14109	17147	140	20564	22194	10419	14482	16209	18029	19118	19569
2:33:54	30.0	9759	14192	17043	148	20457	21907	10531	14539	16237	17929	19167	19531
2:34:12	30.0	9812	14116	17095	128	20543	22144	10520	14591	16191	18102	19364	19521
2:34:30	30.0	9813	14113	17158	141	20475	22114	10413	14612	16178	18116	19209	19601
2:34:48	30.0	9717	14162	16860	134	20273	22093	10465	14549	16251	18152	19107	19335
2:35:06	30.0	9878	14065	16869	133	20459	22245	10376	14695	16326	18081	19151	19346
2:35:24	30.0	9638	14004	16964	135	20390	22193	10608	14394	16152	18114	19025	19395
2:35:42	30.0	9727	14250	17124	136	20577	22042	10380	14652	16166	18052	19097	19439
2:36:00	30.0	9967	13980	17047	142	20287	21955	10528	14641	16214	18078	19031	19357
2:36:18	30.0	9737	14057	17097	139	20405	21926	10406	14477	16212	17940	19154	19459
2:36:36	30.0	9840	14012	16979	149	20364	22214	10367	14505	16142	17977	18851	19548
2:36:54	30.0	9706	13970	16962	134	20578	21765	10401	14439	16260	18146	19171	19186
2:37:12	30.0	9859	13892	16898	129	20346	22071	10393	14387	16259	18044	18956	19507
2:37:30	30.0	9713	13896	17064	147	20359	21955	10448	14358	16158	18171	19025	19502
2:37:48	30.0	9839	13977	17122	132	20241	21770	10428	14629	16139	18116	19025	19491
2:38:06	30.0	9847	14169	16913	129	20174	22011	10436	14423	16225	17846	19148	19357
2:38:24	30.0	9701	14140	16766	150	20092	21873	10472	14745	16220	18025	19126	19303
2:38:42	30.1	9689	13986	16811	132	20009	21786	10416	14460	16203	17868	19118	19582
2:39:00	30.1	9619	14100	16892	146	20027	21861	10302	14430	16222	17915	18915	19244
2:39:18	30.1	9700	13958	17062	131	20439	22121	10296	14493	16087	18027	19029	19432
2:39:36	30.1	9835	14071	16937	136	20308	22103	10395	14442	16255	17834	19233	19308
2:39:54	30.1	9674	13948	16993	138	20381	21821	10375	14429	16147	17981	18938	19314
2:40:12	30.1	9699	13810	16940	136	20185	21803	10370	14598	16201	18068	18996	19306
2:40:30	30.0	9586	13854	16674	122	20138	21806	10410	14594	16251	17916	18984	19267
2:40:48	30.1	9799	14142	16830	137	20284	21904	10553	14551	16151	18098	18963	19372
2:41:06	30.1	9706	13940	16825	135	19991	22173	10425	14436	16072	17866	18924	19046
2:41:24	30.1	9608	13747	16815	139	20282	21754	10339	14520	16196	17864	19039	19125
2:41:42	30.1	9690	13901	16795	132	20231	21704	10423	14537	16240	17935	18994	19260
2:42:00	30.1	9803	14104	16836	138	20135	21661	10315	14414	16213	17964	18819	19208
2:42:18	30.1	9745	14081	16849	141	20162	21948	10347	14584	16145	17888	18959	19218
2:42:36	30.1	9679	13974	16976	142	20060	21904	10279	14389	16186	18110	18988	19259
2:42:54	30.0	9655	13935	16986	129	20112	21863	10378	14314	16092	17872	18887	19147
2:43:12	30.1	9683	13914	16762	133	20347	21795	10373	14427	15967	17846	18990	19273
2:43:30	30.0	9587	13841	16973	126	20074	21754	10450	14372	15977	17916	18911	19335
2:43:48	30.1	9620	13810	16855	137	20141	21871	10340	14309	16103	17752	18900	19182
2:44:06	30.1	9669	13869	16889	130	20190	21843	10352	14358	15964	17950	18688	19199
2:44:24	30.1	9609	13830	16774	145	20101	21680	10188	14392	15860	17789	18855	19051
2:44:42	30.1	9617	13901	16779	134	20408	21844	10350	14449	15937	17917	18987	19235
2:45:00	30.1	9491	14015	16725	127	20143	21756	10189	14386	15999	17692	18640	19047
2:45:18	30.1	9598	13950	16739	139	20100	21976	10371	14308	16098	17797	18892	19132
2:45:36	30.1	9621	13807	16731	141	20225	21768	10275	14529	16007	17846	18833	19183
2:45:54	30.0	9627	14068	16768	153	20152	21858	10308	14371	16064	17794	18924	19232
2:46:12	30.1	9593	13721	16749	133	19831	21642	10266	14468	15975	17669	18895	19170
2:46:30	30.1	9637	13941	16912	127	20108	21752	10396	14354	16175	17629	18805	19225
2:46:48	30.1	9628	13906	16566	142	20080	21602	10263	14418	15981	17710	18863	18869
2:47:06	30.1	9684	13736	16789	141	20140	21734	10259	14194	15978	17728	18625	19006
2:47:24	30.1	9612	13840	16819	129	20086	21457	10211	14308	16008	17838	18702	19194
2:47:42	30.1	9534	13722	16725	142	20024	21698	10242	14357	16118	17800	18951	19261
2:48:00	30.1	9616	13808	16806	142	20186	21479	10212	14488	16156	17765	18710	19108
2:48:18	30.0	9600	13935	16781	135	20071	21580	10269	14326	16033	17716	18705	18914
2:48:36	30.1	9508	13804	16865	134	20014	21763	10192	14311	16005	17741	18845	19187
2:48:54	30.1	9624	13896	16669	126	19952	21571	10194	14303	15997	17829	18744	18980
2:49:12	30.0	9581	13812	16922	141	20102	21812	10251	14426	15942	17684	18830	19137
2:49:30	30.1	9507	13741	16593	120	19952	21563	10185	14296	15988	17617	18619	19011
2:49:48	30.0	9564	13739	16802	132	19926	21559	10269	14331	16021	17571	18690	18973
2:50:06	30.1	9537	13922	16797	132	20143	21441	10131	14330	15983	17635	18811	19156
2:50:24	30.1	9529	13797	16437	134	19899	21283	10244	14271	15846	17840	18807	18977
2:50:42	30.1	9448	13781	16433	131	20018	21563	10177	14134	16100	17557	18591	19010
2:51:00	30.1	9566	13815	16529	144	19939	21500	10362	14309	15911	17572	18818	19050
2:51:18	30.1	9608	13747	16729	124	19955	21470	10205	14291	15760	17696	18641	18978
2:51:36	30.0	9639	13685	16592	131	20063	21560	10154	14171	15839	17568	18575	18943
2:51:54	30.1	9498	13654	16600	136	19907	21686	10160	14435	16041	17665	18524	18941
2:52:12	30.1	9384	13857	16644	131	19908	21506	10144	14217	15968	17788	18891	18927
2:52:30	30.1	9536	13730	16644	141	19981	21537	10163	14231	15936	17326	18451	18873
2:52:48	30.1	9525	13579	16626	148	20171	21437	10195	14258	16102	17729	18812	18942
2:53:06	30.1	9617	13771	16507	135	19903	21454	10361	14456	15992	17517	18777	18836
2:53:24	30.1	9560	13844	16572	136	19791	21496	10202	14250	15882	17669	18709	19036
2:53:42	30.1	9719	13590	16597	135	19952	21578	10187	14164	15775	17653	18534	18935
2:54:00	30.0	9473	13933	16664	131	20232	21420	10171	14288	16011	17699	18745	19011
2:54:18	30.1	9487	13860	16642	134	19913	21264	10168	14122	15923	17790	18789	19052
2:54:36	30.0	9522	13792	16511	126	19990	21633	10225	14402	15860	17542	18446	18804
2:54:54	30.0	9468	13784	16683	129	20028	21193	10268	14352	15854	17410	18619	18843
2:55:12	30.1	9458	13759	16594	130	19768	21440	10232	14000	15884	17621	18679	18920
2:55:30	30.1	9496	13693	16696	128	20161	21539	10226	14161	15896	17605	18658	19025
2:55:48	30.1	9471	13613	16586	126	19879	21698	10102	14219	15807	17429	18642	18846
2:56:06	30.1	9490	13611	16585	126	19912	21266	10178	14269	15734	17442	18569	18917
2:56:24	30.1	9450	13625	16395	141	19819	21478	10137	14161	15748	17608	18556	18848
2:56:42	30.1	9430	13762	16345	132	19598	21434	10186	14257	15775	17606	18676	18846
2:57:00	30.1	9489	13740	16547	132	19903	21569	10160	14265	15850	17699	18527	18879
2:57:18	30.1	9382	13757	16333	138	19712	21413	10126	14112	15837	17450	18656	19130
2:57:36	30.1	9440	13603	16527	129	19749	21200	10121	14124	15807	17338	18397	19071
2:57:54	30.1	9359	13557	16383	139	19758	21416	10068	14151	15694	17577	18670	18818
2:58:12	30.1	9338	13676	16491	144	19687	21211	10120	14053	15723	17308	18612	18935
2:58:30	30.1	9442	13611	16460	137	19437	21409	10134	14092	15524	17688	18576	18959
2:58:48	30.1	9508	13730	16592	140	19653	21409	10191	14073	15806	17700	18468	18991
2:59:06	30.1	9515	13913	16541	132	19725	21546	10152	14197	15829	17452	18416	18558
2:59:24	30.1	9319	13719	16378	133	19602	21119	9935	14165	15813	17365	18487	18689
2:59:42	30.1	9344	13594	16473	126	19629	21224	9953	14021	15798	17526	18529	18809
3:00:00	30.1	9355	13615	16521	118	19649	21233	10087	14027	15544	17450	18548	18840

Results
	1	2	3	4	5	6	7	8	9	10	11	12
A													Max V [295,335]
													R-Squared [295,335]
													t at Max V [295,335]
													Lagtime [295,335]
B													Max V [295,335]
													R-Squared [295,335]
													t at Max V [295,335]
													Lagtime [295,335]
C	-2070000.000	-2100000.000	-2713333.333	-110000.000	-2390000.000	-3613333.333	-1893333.333	-2063333.333	-1480000.000	-1860000.000	-2140000.000	-2333333.333	Max V [295,335]
	1.000	1.000	1.000	1.000	1.000	1.000	1.000	1.000	1.000	1.000	1.000	1.000	R-Squared [295,335]
	0:00:09	0:00:27	0:01:03	2:26:15	0:00:45	0:00:09	0:00:09	0:07:03	0:05:15	0:02:51	0:05:33	0:04:03	t at Max V [295,335]
	0:00:00	0:00:12	0:00:27	2:25:58	0:00:36	0:00:00	0:00:00	0:05:46	0:03:54	0:02:11	0:04:36	0:03:28	Lagtime [295,335]
D													Max V [295,335]
													R-Squared [295,335]
													t at Max V [295,335]
													Lagtime [295,335]
E													Max V [295,335]
													R-Squared [295,335]
													t at Max V [295,335]
													Lagtime [295,335]
F													Max V [295,335]
													R-Squared [295,335]
													t at Max V [295,335]
													Lagtime [295,335]
G													Max V [295,335]
													R-Squared [295,335]
													t at Max V [295,335]
													Lagtime [295,335]
H													Max V [295,335]
													R-Squared [295,335]
													t at Max V [295,335]
													Lagtime [295,335]

