

Software Version	3.03.14

Procedure Details

Plate Type	96 WELL PLATE
Set Temperature	Setpoint 30°C
	Preheat before moving to next step
Start Kinetic	Runtime 1:23:00 (HH:MM:SS), Interval 0:00:05, 997 Reads
    Read	Fluorescence Endpoint
	E1..E12
	Filter Set 1
	    Excitation: 295,  Emission: 335
	    Optics: Top,  Gain: 80
	Light Source: Xenon Flash,  Lamp Energy: High
	Read Speed: Normal,  Delay: 0 msec,  Measurements/Data Point: 5
	Read Height: 8 mm
End Kinetic	

Layout
	1	2	3	4	5	6	7	8	9	10	11	12
A													Well ID
B													Well ID
C													Well ID
D													Well ID
E	SPL1	SPL2	SPL3	SPL4	SPL5	SPL6	SPL7	SPL8	SPL9	SPL10	SPL11	SPL12	Well ID
F													Well ID
G													Well ID
H													Well ID

295,335

Time	T° 295,335	E1	E2	E3	E4	E5	E6	E7	E8	E9	E10	E11	E12
0:00:00	30.0	6590	8194	9590	12767	4471	5226	5921	7720	6710	8286	9679	11961
0:00:05	30.0	6635	8235	9644	12741	4532	5219	5887	7787	6675	8274	9593	12170
0:00:10	30.0	6589	8303	9717	12774	4457	5267	5919	7888	6670	8272	9556	12054
0:00:15	30.0	6649	8227	9749	12721	4485	5175	5837	7830	6783	8310	9607	11940
0:00:20	30.0	6647	8279	9738	12827	4382	5237	5928	7743	6727	8116	9595	11934
0:00:25	30.0	6742	8265	9710	12930	4292	5174	5873	7691	6612	8090	9485	11938
0:00:30	30.0	6593	8334	9660	12711	4371	5112	5860	7695	6663	8068	9380	11975
0:00:35	30.0	6668	8259	9823	12665	4395	5127	5848	7545	6569	8012	9284	11924
0:00:40	30.0	6661	8292	9668	12952	4212	5059	5766	7565	6438	8085	9467	11692
0:00:45	30.0	6536	8383	9805	12702	4200	5098	5898	7602	6361	7895	9259	11521
0:00:50	30.0	6683	8301	9691	12820	4204	5108	5790	7367	6403	7852	9237	11533
0:00:55	30.0	6645	8218	9716	12800	4143	5045	5768	7431	6295	7780	9191	11551
0:01:00	30.0	6675	8291	9656	12618	4168	5089	5673	7434	6247	7712	9153	11489
0:01:05	30.0	6529	8298	9623	12689	4123	5052	5717	7368	6385	7708	8974	11563
0:01:10	30.0	6571	8238	9578	12662	4132	5024	5713	7258	6265	7646	9016	11351
0:01:15	30.0	6612	8266	9574	12661	4138	4944	5621	7261	6241	7666	8889	11217
0:01:20	30.0	6572	8129	9393	12605	4095	4932	5625	7131	6236	7568	8957	11260
0:01:25	30.0	6481	8226	9613	12672	4073	4902	5647	7188	6113	7507	8918	11181
0:01:30	30.0	6538	8172	9648	12640	4022	4983	5668	7072	6005	7458	8885	11079
0:01:35	30.0	6483	8188	9590	12537	4065	4846	5590	7081	6105	7452	8751	11132
0:01:40	30.0	6588	8205	9474	12570	3954	4856	5548	7110	6005	7505	8741	11088
0:01:45	30.0	6508	8207	9450	12509	3947	4813	5555	6996	6073	7405	8797	10859
0:01:50	30.0	6432	8164	9528	12629	3960	4810	5519	6934	5929	7410	8662	11073
0:01:55	30.0	6522	8243	9456	12494	3886	4778	5579	7050	5951	7418	8647	11022
0:02:00	30.0	6495	8180	9577	12451	3984	4817	5497	6936	5852	7371	8652	10815
0:02:05	30.0	6430	8142	9398	12596	3869	4866	5495	6938	6018	7272	8419	10825
0:02:10	30.0	6450	8087	9382	12540	3875	4824	5522	6911	5899	7215	8673	10761
0:02:15	30.0	6435	8060	9325	12449	3861	4742	5469	6902	5825	7154	8429	10846
0:02:20	30.0	6511	8096	9395	12452	3813	4720	5412	6937	5721	7170	8448	10739
0:02:25	30.0	6446	8068	9396	12523	3794	4723	5466	6873	5741	7250	8503	10579
0:02:30	30.0	6448	8017	9432	12390	3794	4764	5429	6787	5770	7172	8524	10647
0:02:35	30.0	6402	8082	9410	12444	3758	4813	5362	6745	5697	6991	8297	10569
0:02:40	30.0	6420	8098	9384	12320	3668	4726	5408	6852	5718	7157	8434	10553
0:02:45	30.0	6368	8013	9353	12271	3785	4657	5416	6788	5653	7055	8343	10546
0:02:50	30.0	6408	7940	9488	12289	3731	4679	5313	6703	5600	7012	8321	10450
0:02:55	30.0	6397	8066	9385	12320	3722	4676	5368	6806	5562	7018	8319	10458
0:03:00	30.0	6337	8112	9407	12196	3694	4584	5243	6709	5663	7030	8222	10367
0:03:05	30.0	6293	7970	9359	12349	3723	4603	5214	6603	5650	6883	8146	10326
0:03:10	30.0	6246	7953	9362	12264	3636	4691	5338	6630	5526	6895	8055	10307
0:03:15	30.0	6329	8058	9161	12323	3676	4607	5198	6609	5509	6794	8129	10299
0:03:20	30.0	6437	7984	9232	12414	3677	4590	5244	6568	5511	6935	8077	10115
0:03:25	30.0	6279	7926	9332	12052	3667	4594	5285	6597	5473	6879	8060	10279
0:03:30	30.0	6305	7958	9327	12073	3686	4545	5320	6547	5435	6804	7972	10037
0:03:35	30.0	6227	7997	9278	12195	3611	4572	5241	6558	5388	6816	8063	10051
0:03:40	30.0	6303	7951	9241	12285	3594	4544	5227	6559	5392	6848	7959	10120
0:03:45	30.0	6382	7995	9276	12100	3655	4524	5159	6508	5480	6678	8055	9989
0:03:50	30.0	6266	7918	9224	12153	3573	4483	5231	6491	5416	6735	7939	9957
0:03:55	30.0	6283	7913	9121	12056	3608	4498	5268	6529	5466	6741	8016	9903
0:04:00	30.0	6241	7981	9191	12116	3552	4478	5146	6476	5325	6667	7929	9899
0:04:05	30.0	6233	7946	9210	12111	3534	4526	5106	6468	5321	6687	7878	9978
0:04:10	30.0	6213	7924	9176	12167	3522	4566	5108	6488	5290	6659	7893	9893
0:04:15	30.0	6220	7839	9149	12118	3519	4506	5212	6356	5312	6530	7782	9776
0:04:20	30.0	6186	7900	9255	12027	3554	4468	5165	6362	5286	6610	7677	9803
0:04:25	30.0	6249	7878	9119	11951	3524	4397	5125	6485	5383	6539	7800	9738
0:04:30	30.0	6167	7864	9081	11923	3506	4470	5027	6318	5263	6531	7809	9934
0:04:35	30.0	6200	7795	9080	12132	3443	4483	5026	6381	5158	6466	7785	9756
0:04:40	30.0	6242	7872	8996	11915	3503	4416	5102	6310	5163	6493	7697	9519
0:04:45	30.0	6207	7772	9072	12022	3457	4422	4968	6346	5185	6520	7675	9639
0:04:50	30.0	6172	7794	8950	11988	3430	4380	5016	6268	5143	6432	7713	9656
0:04:55	30.0	6147	7740	9186	11937	3392	4452	5007	6337	5176	6371	7676	9615
0:05:00	30.0	6143	7776	8970	11761	3447	4365	5037	6313	5170	6381	7557	9566
0:05:05	30.0	6150	7695	9027	11939	3451	4341	4943	6249	5151	6451	7557	9631
0:05:10	30.0	6108	7715	9011	11877	3439	4410	4973	6232	5040	6410	7532	9514
0:05:15	30.0	6116	7621	9117	11950	3417	4339	4934	6228	5143	6466	7518	9571
0:05:20	30.0	6115	7793	9119	11819	3403	4332	4988	6255	5147	6329	7435	9585
0:05:25	30.0	6076	7813	9046	11970	3329	4388	4961	6183	5083	6409	7438	9428
0:05:30	30.0	6173	7719	8960	11701	3324	4328	4979	6190	5089	6294	7587	9478
0:05:35	30.0	6118	7708	8918	11867	3386	4329	4883	6132	5038	6279	7453	9438
0:05:40	30.0	6054	7679	8893	11717	3341	4308	4958	6178	5092	6276	7540	9330
0:05:45	30.0	6105	7705	9027	11778	3350	4245	4891	6196	4957	6267	7366	9296
0:05:50	30.0	6100	7654	8931	11758	3347	4299	4885	6228	4958	6251	7462	9247
0:05:55	30.0	6067	7661	8845	11683	3338	4289	4876	6113	4957	6220	7369	9385
0:06:00	30.0	6005	7640	8896	11766	3351	4231	4919	6137	4962	6259	7589	9189
0:06:05	30.0	6051	7637	8950	11836	3324	4299	4880	6105	4926	6232	7408	9141
0:06:10	30.0	6156	7611	8878	11672	3313	4271	4892	6106	5018	6218	7429	9248
0:06:15	30.0	6063	7646	8765	11602	3368	4169	4822	6041	4949	6158	7402	9265
0:06:20	30.0	5963	7577	8838	11608	3288	4220	4948	5982	4970	6260	7390	9223
0:06:25	30.0	5989	7577	8868	11669	3291	4239	4876	6085	4956	6105	7309	9160
0:06:30	30.0	6027	7566	8787	11665	3302	4196	4770	6073	4990	6151	7298	9124
0:06:35	30.0	5952	7608	8742	11776	3325	4189	4766	6064	4875	6030	7285	9260
0:06:40	30.0	6016	7669	8794	11599	3229	4201	4811	6001	4946	6098	7244	9211
0:06:45	30.0	5906	7504	8921	11743	3284	4203	4771	6062	4897	6141	7245	9122
0:06:50	30.0	6029	7590	8899	11571	3222	4163	4771	6004	4882	6075	7203	9059
0:06:55	30.0	5953	7500	8912	11657	3240	4153	4785	6095	4880	6001	7237	9103
0:07:00	30.0	6027	7486	8766	11601	3183	4142	4800	6012	4840	6175	7189	9000
0:07:05	30.0	5939	7590	8808	11535	3185	4196	4780	6009	4814	6105	7279	9058
0:07:10	30.0	5977	7483	8797	11549	3230	4168	4765	5909	4858	6043	7177	9021
0:07:15	30.0	5841	7387	8719	11450	3226	4209	4800	5922	4775	5992	7163	8934
0:07:20	30.0	5902	7415	8820	11454	3227	4197	4763	5999	4800	6017	7129	8952
0:07:25	30.0	5959	7486	8859	11443	3202	4123	4699	5889	4818	6067	7201	8827
0:07:30	30.0	5825	7391	8601	11536	3233	4114	4768	5887	4775	5966	7156	8819
0:07:35	30.0	5846	7506	8712	11438	3169	4162	4727	5848	4811	6118	7106	9000
0:07:40	30.0	5930	7400	8816	11401	3191	4161	4739	5915	4768	5931	7120	9012
0:07:45	30.0	5823	7490	8658	11544	3174	4089	4714	5926	4818	5896	7145	8917
0:07:50	30.0	5802	7378	8803	11496	3170	4085	4702	5849	4843	5930	7097	8879
0:07:55	30.0	5879	7488	8737	11436	3144	4056	4751	5896	4704	5903	7102	8886
0:08:00	30.0	5845	7575	8539	11465	3141	4085	4693	5944	4737	5921	7042	8953
0:08:05	30.0	5800	7386	8602	11219	3127	4089	4607	5887	4771	5989	7049	8792
0:08:10	30.0	5855	7367	8689	11355	3173	4095	4689	5796	4743	5917	6949	8857
0:08:15	30.0	5832	7353	8560	11395	3201	4007	4673	5789	4766	5974	6977	8872
0:08:20	30.0	5903	7371	8615	11396	3173	4084	4662	5853	4705	5954	7013	8917
0:08:25	30.0	5787	7368	8551	11345	3124	4036	4694	5829	4709	5931	6942	8873
0:08:30	30.0	5777	7273	8569	11345	3187	4117	4629	5879	4678	5880	6971	8892
0:08:35	30.0	5704	7319	8645	11290	3132	4019	4632	5829	4650	5830	6973	8743
0:08:40	30.0	5799	7372	8626	11356	3141	4012	4665	5913	4680	5857	6978	8793
0:08:45	30.0	5805	7254	8517	11261	3127	4038	4656	5823	4632	5855	6828	8674
0:08:50	30.0	5760	7224	8456	11257	3127	4057	4592	5739	4634	5876	6940	8745
0:08:55	30.0	5794	7314	8500	11308	3127	4059	4570	5700	4701	5847	6984	8679
0:09:00	30.0	5757	7236	8495	11297	3157	4033	4636	5763	4673	5855	6964	8799
0:09:05	30.0	5709	7291	8543	11272	3080	4001	4569	5792	4709	5846	6814	8652
0:09:10	30.0	5694	7218	8569	11088	3106	4034	4574	5764	4640	5826	6810	8553
0:09:15	30.0	5710	7191	8515	11108	3128	4055	4570	5761	4658	5761	6935	8636
0:09:20	30.0	5768	7184	8430	11126	3157	4017	4565	5809	4676	5762	6860	8696
0:09:25	30.0	5721	7187	8505	11127	3093	3977	4533	5733	4600	5761	6948	8695
0:09:30	30.0	5682	7172	8429	11153	3149	3956	4649	5711	4611	5772	6839	8614
0:09:35	30.0	5721	7197	8386	11031	3047	4043	4521	5824	4643	5726	6948	8699
0:09:40	30.0	5648	7190	8526	11048	3076	4008	4555	5783	4663	5804	6888	8640
0:09:45	30.0	5689	7190	8459	11156	3077	3957	4537	5695	4566	5738	6830	8546
0:09:50	30.0	5682	7229	8328	11171	3123	3988	4575	5636	4637	5709	6813	8599
0:09:55	30.0	5592	7171	8432	11123	3112	3971	4604	5680	4580	5730	6738	8664
0:10:00	30.0	5603	7179	8464	11236	3054	3941	4486	5716	4636	5773	6818	8606
0:10:05	30.0	5671	7159	8356	10971	3083	3958	4574	5704	4598	5715	6894	8610
0:10:10	30.0	5621	7164	8454	11009	3036	3921	4531	5680	4706	5687	6695	8659
0:10:15	30.0	5626	7141	8505	11187	3153	3944	4478	5724	4580	5740	6727	8572
0:10:20	30.0	5638	7110	8340	11006	3103	3976	4513	5668	4555	5757	6801	8654
0:10:25	30.0	5579	7155	8320	10986	3081	3984	4517	5738	4551	5642	6759	8623
0:10:30	30.0	5580	7114	8433	10985	3090	3956	4535	5607	4552	5669	6750	8537
0:10:35	30.0	5613	7084	8363	11015	3017	3934	4502	5663	4492	5664	6727	8468
0:10:40	30.0	5605	7121	8272	11017	3072	3986	4494	5680	4560	5686	6666	8517
0:10:45	30.0	5602	7029	8304	10940	3072	3944	4560	5695	4505	5672	6778	8526
0:10:50	30.0	5584	6965	8314	10900	3073	3900	4558	5698	4543	5627	6729	8539
0:10:55	30.0	5490	7189	8265	11143	3030	3892	4526	5683	4542	5633	6778	8473
0:11:00	30.0	5596	7037	8300	10972	3058	3922	4497	5601	4527	5678	6736	8351
0:11:05	30.0	5583	6951	8270	10953	3026	3886	4458	5637	4553	5596	6683	8473
0:11:10	30.0	5530	7069	8261	10911	3086	3921	4512	5622	4524	5615	6571	8598
0:11:15	30.0	5546	7039	8130	10953	3020	3880	4480	5622	4426	5542	6646	8517
0:11:20	30.0	5604	6937	8293	10856	3042	3930	4487	5522	4453	5613	6768	8459
0:11:25	30.0	5502	7132	8309	10820	3041	3892	4413	5639	4541	5598	6683	8498
0:11:30	30.0	5504	6995	8311	10758	3080	3832	4573	5631	4586	5671	6658	8387
0:11:35	30.0	5484	6995	8229	10816	3005	3926	4529	5552	4514	5656	6691	8568
0:11:40	30.0	5560	6890	8178	10828	3042	3867	4430	5585	4442	5702	6605	8415
0:11:45	30.0	5485	6977	8186	10892	3010	3935	4440	5592	4532	5642	6741	8408
0:11:50	30.0	5455	6898	8266	10713	3068	3850	4487	5565	4469	5610	6644	8421
0:11:55	30.0	5501	6962	8185	10903	3060	3911	4467	5626	4557	5572	6631	8447
0:12:00	30.0	5480	6963	8023	10781	3103	3890	4421	5614	4466	5581	6594	8458
0:12:05	30.0	5472	6952	8219	10885	3059	3844	4431	5503	4490	5631	6584	8431
0:12:10	30.0	5432	6902	8172	10841	3022	3879	4452	5568	4629	5586	6633	8420
0:12:15	30.0	5460	6959	8123	10714	2988	3904	4465	5524	4499	5592	6548	8551
0:12:20	30.0	5402	6903	8075	10692	3012	3931	4400	5612	4442	5518	6639	8414
0:12:25	30.0	5502	6953	8045	10694	2995	3903	4496	5519	4435	5596	6515	8378
0:12:30	30.0	5412	6965	8052	10781	3068	3826	4398	5528	4495	5571	6571	8518
0:12:35	30.0	5425	6935	8039	10672	3044	3900	4446	5614	4443	5507	6581	8435
0:12:40	30.0	5442	6807	8167	10762	3003	3807	4369	5596	4443	5530	6606	8332
0:12:45	30.0	5357	6998	8046	10817	2989	3886	4424	5552	4524	5655	6579	8376
0:12:50	30.0	5458	6849	8145	10678	3008	3881	4499	5539	4490	5575	6528	8460
0:12:55	30.0	5429	6858	8062	10704	3024	3821	4377	5557	4465	5530	6522	8404
0:13:00	30.0	5448	6870	8069	10566	3009	3844	4369	5547	4464	5677	6573	8430
0:13:05	30.0	5362	6865	8114	10640	3005	3795	4337	5612	4447	5539	6581	8322
0:13:10	30.0	5425	6912	8020	10649	2976	3777	4364	5490	4508	5610	6535	8317
0:13:15	30.0	5353	6909	7973	10640	3001	3824	4369	5449	4394	5547	6604	8345
0:13:20	30.0	5384	6940	7980	10748	3073	3834	4410	5477	4390	5536	6610	8289
0:13:25	30.0	5406	6756	8008	10629	3015	3834	4287	5506	4408	5539	6475	8344
0:13:30	30.0	5355	6770	8110	10559	2971	3766	4412	5511	4481	5448	6462	8307
0:13:35	30.0	5329	6832	7911	10541	3028	3852	4360	5497	4418	5505	6644	8347
0:13:40	30.0	5283	6797	8008	10705	3060	3874	4393	5511	4450	5547	6541	8361
0:13:45	30.0	5338	6840	7925	10732	3013	3802	4363	5565	4378	5414	6453	8290
0:13:50	30.0	5333	6811	7898	10513	2994	3802	4283	5515	4448	5461	6518	8259
0:13:55	30.0	5355	6780	7910	10502	2955	3843	4286	5443	4391	5590	6534	8305
0:14:00	30.0	5309	6769	8054	10529	3011	3785	4441	5397	4452	5487	6456	8436
0:14:05	30.0	5402	6680	7909	10599	3025	3847	4400	5489	4465	5415	6555	8214
0:14:10	30.0	5302	6767	7960	10536	3006	3836	4400	5547	4379	5493	6576	8224
0:14:15	30.0	5323	6742	7940	10514	3032	3781	4347	5446	4404	5545	6490	8294
0:14:20	30.0	5338	6671	7910	10656	2972	3817	4340	5398	4409	5472	6428	8193
0:14:25	30.0	5283	6771	7895	10469	3065	3833	4327	5453	4393	5453	6386	8278
0:14:30	30.0	5304	6796	7876	10464	3021	3805	4277	5445	4369	5496	6539	8274
0:14:35	30.0	5283	6753	7905	10482	3035	3827	4290	5437	4348	5475	6487	8129
0:14:40	30.0	5327	6755	7905	10489	3012	3838	4313	5424	4461	5482	6467	8312
0:14:45	30.0	5254	6709	7906	10457	3028	3790	4252	5386	4371	5432	6470	8308
0:14:50	30.0	5355	6757	7817	10445	3048	3774	4292	5451	4382	5416	6482	8293
0:14:55	30.0	5294	6634	7804	10524	3030	3790	4357	5471	4382	5380	6402	8299
0:15:00	30.0	5243	6669	7778	10352	3046	3797	4295	5485	4385	5442	6427	8178
0:15:05	30.0	5247	6705	7840	10245	2994	3788	4321	5468	4352	5400	6426	8343
0:15:10	30.0	5238	6680	7852	10361	3054	3733	4289	5387	4401	5472	6463	8225
0:15:15	30.0	5175	6704	7949	10302	3015	3775	4237	5385	4342	5432	6375	8263
0:15:20	30.0	5286	6640	7831	10479	3037	3754	4338	5396	4364	5433	6350	8245
0:15:25	30.0	5214	6587	7845	10362	3007	3769	4266	5553	4417	5422	6423	8219
0:15:30	30.0	5297	6465	7816	10360	2991	3773	4303	5445	4334	5482	6410	8303
0:15:35	30.0	5212	6588	7849	10322	3013	3718	4295	5381	4294	5423	6365	8137
0:15:40	30.0	5227	6591	7764	10277	3011	3729	4354	5354	4403	5409	6290	8069
0:15:45	30.0	5297	6632	7919	10333	3009	3797	4327	5468	4410	5452	6387	8218
0:15:50	30.0	5174	6589	7818	10342	2992	3784	4275	5370	4367	5474	6354	8231
0:15:55	30.0	5169	6620	7779	10411	2983	3778	4313	5398	4360	5421	6449	8299
0:16:00	30.0	5161	6612	7979	10319	3011	3821	4443	5343	4311	5431	6430	8157
0:16:05	30.0	5137	6667	7823	10140	2961	3734	4262	5417	4297	5437	6440	8181
0:16:10	30.0	5166	6624	7651	10260	2993	3719	4310	5325	4353	5454	6401	8329
0:16:15	30.0	5194	6574	7775	10244	3034	3738	4343	5359	4333	5428	6382	8132
0:16:20	30.0	5220	6430	7792	10251	2954	3809	4256	5466	4330	5409	6389	8186
0:16:25	30.0	5304	6611	7727	10214	2998	3810	4302	5351	4368	5444	6418	8129
0:16:30	30.0	5121	6577	7719	10226	3030	3717	4315	5391	4257	5408	6332	8300
0:16:35	30.0	5131	6471	7744	10178	2979	3717	4148	5340	4315	5378	6335	8149
0:16:40	30.0	5094	6544	7773	10258	3043	3751	4296	5411	4301	5375	6337	8208
0:16:45	30.0	5170	6534	7691	10200	2997	3737	4331	5424	4337	5506	6424	8186
0:16:50	30.0	5156	6551	7625	10177	3038	3707	4242	5309	4290	5391	6321	8180
0:16:55	30.0	5175	6510	7696	10104	2988	3739	4235	5340	4283	5408	6378	8301
0:17:00	30.0	5174	6533	7584	10167	3006	3738	4222	5328	4283	5449	6366	8242
0:17:05	30.0	5089	6541	7629	10320	3006	3691	4278	5430	4348	5332	6391	8155
0:17:10	30.0	5189	6546	7557	10113	3005	3780	4216	5277	4408	5396	6305	8093
0:17:15	30.0	5144	6550	7561	10204	3016	3808	4266	5344	4347	5428	6340	8090
0:17:20	30.0	5146	6454	7677	10269	3003	3756	4241	5298	4306	5433	6329	8205
0:17:25	30.0	5011	6394	7678	10142	2998	3673	4264	5344	4327	5400	6277	8110
0:17:30	30.0	5127	6616	7583	10042	2991	3748	4154	5290	4266	5349	6325	8112
0:17:35	30.0	5145	6479	7651	10126	3012	3741	4193	5397	4342	5394	6321	8219
0:17:40	30.0	5106	6453	7626	10043	3003	3777	4271	5286	4294	5394	6377	8213
0:17:45	30.0	5017	6508	7665	10058	3027	3772	4233	5356	4362	5332	6357	8178
0:17:50	30.0	5035	6529	7560	9962	3020	3678	4322	5346	4398	5386	6360	8216
0:17:55	30.0	5036	6423	7591	10115	2955	3775	4237	5369	4335	5390	6291	8171
0:18:00	30.0	5140	6484	7538	10023	3003	3704	4264	5313	4310	5377	6355	8149
0:18:05	30.0	5086	6459	7725	10087	2967	3682	4263	5378	4299	5383	6350	8228
0:18:10	30.0	5021	6443	7569	9981	3000	3715	4199	5367	4367	5414	6396	8211
0:18:15	30.0	5000	6457	7596	9919	3004	3714	4240	5390	4321	5455	6371	8119
0:18:20	30.0	4988	6438	7579	9980	2913	3739	4211	5376	4335	5312	6319	8134
0:18:25	30.0	5078	6471	7576	10049	3007	3613	4185	5315	4327	5358	6381	8067
0:18:30	30.0	5086	6462	7497	10096	3047	3771	4174	5373	4331	5369	6273	8098
0:18:35	30.0	5047	6372	7559	9949	3003	3746	4122	5363	4288	5417	6331	8154
0:18:40	30.0	4970	6433	7573	9955	2969	3645	4238	5337	4270	5393	6234	8148
0:18:45	30.0	4967	6383	7576	9908	2974	3630	4244	5290	4377	5296	6379	8059
0:18:50	30.0	5011	6353	7472	9922	2935	3647	4202	5320	4403	5298	6271	8088
0:18:55	30.0	5010	6416	7567	10009	2960	3729	4158	5363	4322	5437	6269	8079
0:19:00	30.0	5018	6317	7465	9893	2996	3678	4238	5235	4354	5387	6345	8198
0:19:05	30.0	4919	6411	7485	10085	3084	3776	4242	5348	4304	5351	6238	8037
0:19:10	30.0	4982	6371	7496	9884	2970	3722	4180	5427	4379	5357	6247	8095
0:19:15	30.0	5026	6316	7441	9899	2947	3719	4236	5276	4299	5385	6210	8114
0:19:20	30.0	4977	6341	7536	9963	3046	3727	4157	5302	4336	5369	6331	8122
0:19:25	30.0	5035	6362	7484	9942	2933	3717	4197	5287	4335	5337	6221	8040
0:19:30	30.0	4954	6351	7513	9857	2939	3790	4232	5279	4333	5394	6244	8124
0:19:35	30.0	5070	6349	7440	9948	2972	3841	4205	5402	4277	5360	6309	8120
0:19:40	30.0	4975	6411	7509	10033	2982	3704	4180	5324	4310	5431	6318	8125
0:19:45	30.0	4918	6314	7449	9940	3024	3658	4200	5366	4301	5252	6330	8180
0:19:50	30.0	4890	6298	7431	9828	3070	3747	4176	5305	4230	5359	6349	8173
0:19:55	30.0	4917	6270	7377	9909	2978	3687	4192	5367	4274	5263	6251	8021
0:20:00	30.0	4928	6260	7366	9902	2949	3665	4281	5296	4309	5427	6337	8010
0:20:05	30.0	4940	6334	7469	9806	2955	3678	4230	5318	4250	5379	6330	8166
0:20:10	30.0	4897	6218	7483	9806	2999	3785	4205	5290	4304	5373	6285	8017
0:20:15	30.0	4937	6280	7401	9858	2991	3754	4150	5275	4241	5288	6198	8107
0:20:20	30.0	4909	6300	7416	9728	2988	3667	4191	5259	4333	5359	6208	8163
0:20:25	30.0	4973	6250	7484	9736	2983	3678	4226	5314	4255	5279	6224	8018
0:20:30	30.0	4924	6223	7424	9832	2990	3661	4208	5288	4244	5372	6249	8029
0:20:35	30.0	4885	6277	7395	9880	2983	3593	4177	5333	4271	5276	6340	8074
0:20:40	30.0	4955	6296	7358	9692	2972	3688	4196	5294	4300	5404	6399	7944
0:20:45	30.0	4979	6250	7334	9685	2971	3628	4116	5306	4285	5315	6222	8010
0:20:50	30.0	4940	6202	7257	9914	2984	3720	4166	5255	4270	5333	6236	7983
0:20:55	30.0	4925	6281	7396	9695	3022	3637	4138	5250	4267	5275	6185	8032
0:21:00	30.0	4956	6215	7369	9802	2961	3657	4179	5312	4332	5290	6202	8022
0:21:05	30.0	4879	6197	7414	9703	3016	3705	4122	5251	4230	5330	6229	8055
0:21:10	30.0	4872	6175	7460	9702	3014	3719	4051	5353	4276	5324	6273	8040
0:21:15	30.0	4872	6176	7271	9789	2990	3734	4057	5260	4272	5301	6175	7956
0:21:20	30.0	4863	6218	7394	9713	3082	3670	4140	5216	4211	5328	6244	8075
0:21:25	30.0	4897	6226	7253	9665	2990	3752	4134	5273	4245	5352	6261	8139
0:21:30	30.0	4766	6184	7331	9680	3002	3655	4178	5269	4309	5310	6192	8123
0:21:35	30.0	4855	6125	7244	9747	2962	3640	4222	5242	4179	5375	6325	8006
0:21:40	30.0	4855	6225	7278	9783	3032	3676	4154	5250	4241	5332	6260	8145
0:21:45	30.0	4852	6243	7235	9700	3001	3628	4172	5313	4316	5273	6257	7987
0:21:50	30.0	4849	6133	7254	9740	2964	3744	4133	5276	4218	5380	6240	8028
0:21:55	30.0	4897	6181	7304	9765	2974	3684	4198	5358	4282	5302	6295	8031
0:22:00	30.0	4900	6123	7261	9539	2981	3774	4113	5250	4251	5207	6187	8098
0:22:05	30.0	4883	6164	7326	9532	2971	3617	4167	5385	4257	5284	6237	8088
0:22:10	30.0	4832	6102	7305	9690	3043	3680	4135	5299	4225	5287	6201	8067
0:22:15	30.0	4846	6089	7330	9685	3048	3686	4143	5320	4245	5348	6235	7899
0:22:20	30.0	4878	6207	7223	9606	3041	3720	4095	5255	4180	5406	6172	8128
0:22:25	30.0	4799	6235	7217	9687	2994	3611	4105	5263	4272	5311	6244	7977
0:22:30	30.0	4745	6214	7246	9701	3021	3633	4156	5352	4255	5301	6279	7904
0:22:35	30.0	4785	6085	7288	9605	2997	3725	4134	5316	4339	5329	6219	8064
0:22:40	30.0	4830	6100	7286	9720	3002	3657	4144	5289	4221	5281	6263	8037
0:22:45	30.0	4844	6024	7174	9682	2974	3779	4136	5322	4278	5302	6235	7963
0:22:50	30.0	4781	6155	7292	9664	2931	3646	4127	5303	4221	5327	6312	7986
0:22:55	30.0	4765	6070	7265	9563	3004	3614	4157	5267	4208	5234	6264	8006
0:23:00	30.0	4816	6088	7322	9525	3001	3601	4111	5229	4271	5364	6174	8082
0:23:05	30.0	4830	6054	7285	9699	3035	3621	4116	5301	4204	5337	6275	8038
0:23:10	30.0	4839	6179	7213	9559	3078	3681	4153	5279	4234	5343	6185	7980
0:23:15	30.0	4781	6152	7187	9722	3000	3687	4146	5342	4183	5239	6217	7905
0:23:20	30.0	4790	6080	7124	9376	2998	3649	4178	5273	4243	5328	6283	7938
0:23:25	30.0	4828	6120	7257	9446	2976	3630	4155	5212	4322	5220	6207	7950
0:23:30	30.0	4750	6049	7161	9699	3046	3675	4172	5245	4240	5332	6234	7940
0:23:35	30.0	4761	6110	7068	9527	3012	3662	4108	5262	4279	5343	6248	8009
0:23:40	30.1	4699	6043	7204	9459	3012	3637	4111	5289	4252	5260	6155	8039
0:23:45	30.0	4796	6072	7173	9638	3049	3654	4107	5287	4167	5273	6250	7968
0:23:50	30.0	4772	6128	7193	9479	3029	3612	4168	5224	4254	5290	6298	8081
0:23:55	30.0	4696	6102	7066	9609	3086	3610	4205	5278	4239	5305	6164	7945
0:24:00	30.0	4752	6120	7283	9536	3019	3730	4122	5292	4307	5312	6240	7925
0:24:05	30.0	4772	6089	7166	9558	3052	3661	4119	5234	4227	5252	6228	8025
0:24:10	30.0	4695	6008	7176	9446	2977	3616	4090	5305	4248	5285	6213	8020
0:24:15	30.0	4794	6010	7240	9586	3075	3646	4117	5329	4265	5322	6228	7891
0:24:20	30.0	4803	6091	7110	9395	3054	3633	4109	5212	4327	5272	6271	8046
0:24:25	30.0	4731	5989	7100	9453	3029	3622	4168	5334	4198	5248	6252	7982
0:24:30	30.0	4750	6139	7159	9541	3090	3636	4126	5269	4259	5347	6155	8000
0:24:35	30.0	4756	6003	7139	9491	3078	3720	4176	5321	4254	5294	6226	7943
0:24:40	30.0	4804	6030	7145	9482	3028	3673	4125	5267	4210	5226	6217	7987
0:24:45	30.0	4750	6068	7007	9403	3050	3674	4139	5288	4225	5315	6075	8027
0:24:50	30.0	4695	6121	7192	9586	3057	3723	4105	5284	4287	5337	6218	7900
0:24:55	30.0	4736	6036	7000	9410	3132	3666	4082	5253	4238	5179	6140	7971
0:25:00	30.0	4728	5959	7104	9426	3020	3671	4107	5343	4264	5284	6196	7981
0:25:05	30.0	4774	6099	7129	9466	3045	3655	4031	5253	4186	5326	6179	7908
0:25:10	30.0	4699	5992	7143	9375	3057	3668	4092	5377	4292	5184	6122	7990
0:25:15	30.1	4685	6025	7103	9292	3057	3630	4095	5312	4209	5299	6215	7964
0:25:20	30.0	4737	5904	7057	9336	3041	3620	4215	5283	4222	5326	6206	7954
0:25:25	30.0	4721	5955	7132	9279	3040	3641	4073	5282	4229	5201	6195	8009
0:25:30	30.0	4688	5969	7133	9260	3028	3588	4115	5160	4236	5233	6205	7926
0:25:35	30.0	4729	6059	7139	9484	3065	3691	4091	5325	4212	5221	6176	7880
0:25:40	30.0	4728	6009	7075	9334	3021	3640	4190	5271	4185	5279	6179	8027
0:25:45	30.0	4723	5974	7063	9352	3006	3628	4143	5280	4255	5213	6149	7994
0:25:50	30.0	4714	5997	7099	9369	3005	3600	4141	5270	4212	5240	6257	8060
0:25:55	30.0	4673	5836	7081	9378	2997	3667	4131	5341	4194	5247	6097	7956
0:26:00	30.0	4717	5988	6964	9350	3086	3610	4106	5306	4235	5282	6204	7957
0:26:05	30.0	4684	5966	6945	9426	3071	3653	4073	5296	4223	5277	6152	7977
0:26:10	30.0	4776	5952	7119	9538	3108	3606	4063	5324	4184	5239	6139	7935
0:26:15	30.0	4714	5912	6927	9377	2998	3655	4151	5338	4189	5268	6202	7865
0:26:20	30.0	4671	5962	6994	9362	3064	3654	4092	5264	4215	5321	6165	8070
0:26:25	30.0	4674	6016	6999	9330	3040	3694	4085	5287	4211	5217	6210	7934
0:26:30	30.0	4625	5909	7047	9324	2993	3610	4074	5391	4207	5253	6142	7970
0:26:35	30.0	4662	5897	6997	9312	3020	3627	4054	5310	4238	5257	6190	7961
0:26:40	30.0	4655	5906	7019	9344	3044	3618	4016	5333	4272	5250	6206	7957
0:26:45	30.0	4715	5924	6905	9367	3040	3649	4098	5301	4197	5253	6149	7939
0:26:50	30.0	4729	5814	6924	9259	3104	3586	4103	5279	4259	5265	6135	7890
0:26:55	30.0	4674	5979	6955	9459	3104	3646	4127	5311	4202	5182	6053	7915
0:27:00	30.0	4693	5923	7021	9167	3040	3611	4134	5364	4218	5195	6250	7874
0:27:05	30.0	4660	5949	7021	9335	3011	3692	4044	5277	4175	5234	6165	7884
0:27:10	30.0	4626	5931	6966	9289	3027	3596	4061	5273	4180	5289	6186	7830
0:27:15	30.0	4731	5895	7004	9394	3010	3571	4051	5283	4249	5143	6131	7996
0:27:20	30.0	4570	5969	7027	9305	3018	3654	4115	5293	4242	5208	6211	7909
0:27:25	30.0	4683	5796	7061	9337	2993	3631	4084	5336	4229	5242	6121	7858
0:27:30	30.0	4624	5956	6919	9315	3028	3601	4042	5302	4168	5264	6125	7937
0:27:35	30.0	4627	5876	6980	9356	3031	3636	4148	5245	4224	5200	6208	7929
0:27:40	30.0	4645	5921	7071	9328	3065	3578	4086	5303	4177	5198	6102	7911
0:27:45	30.0	4598	5915	6881	9213	2970	3657	4037	5384	4158	5296	6105	7824
0:27:50	30.0	4614	5917	6952	9327	3082	3578	4090	5376	4211	5228	6150	7901
0:27:55	30.0	4633	5965	6879	9304	3067	3567	4069	5300	4246	5174	6189	7981
0:28:00	30.0	4613	5873	6967	9308	3058	3562	4076	5341	4181	5199	6132	7957
0:28:05	30.0	4645	5916	6822	9165	3021	3603	4157	5348	4237	5251	6133	7829
0:28:10	30.0	4619	5978	6860	9301	3050	3598	3988	5272	4215	5234	6161	7902
0:28:15	30.0	4594	5863	6850	9207	3016	3595	4097	5301	4243	5246	6126	8039
0:28:20	30.0	4594	5791	6871	9265	3071	3572	4088	5336	4148	5256	6176	7898
0:28:25	30.0	4646	5858	6966	9331	3046	3665	4039	5412	4259	5336	6038	7917
0:28:30	30.0	4603	5912	6866	9164	3072	3581	4085	5419	4152	5245	6135	7906
0:28:35	30.0	4543	5851	6909	9088	3035	3588	4087	5359	4280	5228	6175	7826
0:28:40	30.0	4605	5899	6917	9190	3005	3635	4051	5337	4181	5227	6064	8005
0:28:45	30.0	4621	5733	6871	9116	3016	3586	4006	5390	4183	5284	6163	7958
0:28:50	30.0	4612	5956	6859	9250	3078	3624	4077	5439	4144	5165	6142	7979
0:28:55	30.0	4533	5797	6912	9212	2997	3658	4036	5489	4185	5228	6017	7906
0:29:00	30.0	4572	5784	6966	9091	3053	3655	4058	5363	4168	5274	6079	7856
0:29:05	30.0	4533	5775	6820	9144	3047	3589	4188	5358	4149	5198	6095	7845
0:29:10	30.0	4580	5915	6881	9056	3065	3577	4087	5383	4189	5210	6141	7835
0:29:15	30.0	4585	5866	6854	9212	3007	3567	4025	5365	4156	5240	6060	7965
0:29:20	30.0	4546	5696	6879	9276	2977	3559	4095	5392	4130	5166	6165	8050
0:29:25	30.0	4501	5857	6854	9094	3005	3650	4031	5373	4175	5116	6176	7837
0:29:30	30.0	4473	5815	6920	9154	3047	3534	3990	5378	4193	5287	6090	7937
0:29:35	30.0	4519	5785	6947	9125	3081	3529	4045	5418	4199	5179	6123	7883
0:29:40	30.0	4579	5755	6882	9111	3009	3580	4077	5452	4124	5219	6100	7864
0:29:45	30.0	4605	5838	6914	9177	2938	3588	4042	5317	4182	5281	6089	7857
0:29:50	30.1	4509	5846	6750	9090	2985	3600	4035	5343	4106	5199	6189	8007
0:29:55	30.0	4566	5831	6761	9022	3057	3570	4010	5467	4152	5279	6118	7882
0:30:00	30.0	4571	5867	6729	9070	3024	3566	4025	5382	4162	5232	6084	7850
0:30:05	30.0	4499	5794	6801	9110	3004	3549	4048	5428	4228	5180	6037	7944
0:30:10	30.0	4599	5787	6783	9189	3031	3627	4016	5417	4139	5158	6093	7814
0:30:15	30.0	4544	5754	6886	9116	3039	3563	4067	5378	4144	5195	6106	7932
0:30:20	30.0	4617	5766	6820	9157	2997	3539	4046	5426	4162	5218	6100	7967
0:30:25	30.0	4532	5834	6806	9183	3002	3617	4034	5465	4165	5191	6113	7793
0:30:30	30.0	4482	5731	6856	9093	3024	3550	4052	5380	4197	5261	6051	7981
0:30:35	30.0	4514	5751	6844	9035	3037	3610	4032	5400	4191	5156	6132	7799
0:30:40	30.0	4598	5768	6846	9098	3000	3593	3986	5521	4184	5235	6074	7786
0:30:45	30.0	4508	5816	6788	9095	3022	3544	4027	5458	4224	5147	6133	7974
0:30:50	30.0	4540	5757	6795	8943	2994	3554	4078	5434	4233	5225	6171	7947
0:30:55	30.0	4489	5808	6880	8931	2993	3580	4081	5465	4137	5199	6089	7856
0:31:00	30.0	4500	5788	6775	9034	3006	3535	4049	5445	4182	5173	6071	7905
0:31:05	30.0	4509	5818	6732	9066	2994	3603	4043	5311	4188	5220	6155	7822
0:31:10	30.0	4563	5738	6863	9116	3034	3566	4085	5402	4218	5176	6026	8034
0:31:15	30.0	4459	5747	6735	9066	3011	3492	4038	5433	4158	5258	6039	7788
0:31:20	30.0	4569	5776	6810	9025	2969	3563	3990	5419	4176	5196	6088	7728
0:31:25	30.0	4513	5768	6766	9120	3002	3582	4029	5381	4146	5243	6140	7987
0:31:30	30.0	4441	5757	6803	9072	3079	3584	4131	5447	4132	5183	6138	7929
0:31:35	30.0	4485	5721	6729	8944	3018	3559	4001	5418	4123	5167	6122	7885
0:31:40	30.0	4476	5752	6789	9003	3020	3552	4004	5332	4166	5121	5992	7825
0:31:45	30.0	4516	5787	6700	8956	2974	3627	4025	5397	4163	5167	6076	7788
0:31:50	30.0	4427	5773	6764	9120	3004	3611	4051	5378	4194	5129	6090	7848
0:31:55	30.0	4463	5779	6788	9004	3064	3572	4055	5376	4192	5232	6112	7742
0:32:00	30.0	4470	5786	6804	9087	2961	3611	4038	5401	4216	5246	6137	7826
0:32:05	30.0	4511	5671	6757	9180	3051	3608	4033	5268	4138	5308	6097	7928
0:32:10	30.0	4499	5733	6735	8927	3020	3556	4028	5381	4170	5228	6157	7859
0:32:15	30.0	4498	5677	6776	9007	3016	3592	4069	5374	4144	5285	6042	7814
0:32:20	30.0	4431	5726	6749	9008	2990	3559	4057	5455	4204	5182	6128	7963
0:32:25	30.0	4448	5657	6729	9001	3049	3596	4004	5386	4085	5224	6177	7862
0:32:30	30.1	4439	5750	6721	8910	2976	3638	4084	5507	4186	5254	6054	7746
0:32:35	30.1	4446	5618	6677	8966	2967	3559	4049	5338	4208	5190	6038	7823
0:32:40	30.1	4521	5671	6704	9066	3000	3555	3998	5436	4096	5277	6062	7788
0:32:45	30.0	4426	5729	6698	8914	3018	3563	4040	5420	4052	5198	6102	7908
0:32:50	30.0	4376	5635	6740	8989	3018	3528	3998	5427	4161	5170	6125	7890
0:32:55	30.1	4529	5670	6692	8951	3034	3629	4121	5369	4209	5131	6102	7821
0:33:00	30.1	4466	5727	6669	8899	3003	3570	4033	5456	4154	5205	6080	7853
0:33:05	30.1	4428	5776	6723	8996	2985	3588	3973	5378	4156	5164	6110	7906
0:33:10	30.1	4473	5624	6744	8968	3013	3527	3991	5376	4084	5246	6110	7889
0:33:15	30.1	4412	5617	6700	9045	2947	3614	4027	5336	4164	5196	6042	7876
0:33:20	30.1	4464	5673	6691	8973	2976	3541	4010	5382	4118	5189	6048	7793
0:33:25	30.1	4377	5639	6733	8903	2968	3610	4038	5389	4121	5179	6073	7925
0:33:30	30.0	4468	5756	6718	8990	3001	3560	4039	5376	4142	5178	6028	7971
0:33:35	30.0	4461	5578	6693	8920	3037	3561	4005	5409	4106	5214	6095	7906
0:33:40	30.1	4377	5721	6663	8929	3001	3542	4042	5380	4174	5231	6054	7808
0:33:45	30.1	4512	5681	6665	8899	2980	3523	3990	5412	4142	5144	6178	7859
0:33:50	30.1	4439	5632	6647	8816	3015	3586	4038	5353	4194	5181	6060	7765
0:33:55	30.1	4383	5626	6714	9001	2917	3600	3991	5315	4143	5081	6009	7939
0:34:00	30.1	4391	5598	6686	8845	2982	3591	4018	5493	4180	5158	6032	7810
0:34:05	30.1	4430	5697	6638	8805	2982	3618	3998	5440	4156	5182	6158	7824
0:34:10	30.1	4434	5656	6658	8869	3017	3566	4071	5359	4182	5168	6034	7865
0:34:15	30.1	4432	5646	6758	8873	2994	3520	3975	5454	4134	5231	6033	7785
0:34:20	30.0	4484	5662	6658	8854	3007	3580	3971	5383	4175	5149	6077	7818
0:34:25	30.1	4371	5589	6679	8960	2978	3529	4011	5379	4120	5132	6061	7784
0:34:30	30.1	4427	5578	6737	8748	2993	3466	4067	5426	4121	5157	6078	7844
0:34:35	30.1	4502	5759	6704	8859	3008	3529	4036	5389	4170	5164	6110	7772
0:34:40	30.1	4440	5623	6725	8868	2966	3585	3962	5354	4097	5202	6095	7905
0:34:45	30.1	4511	5624	6645	8898	3018	3516	3999	5352	4196	5183	6134	7916
0:34:50	30.1	4363	5711	6659	8841	2983	3612	4013	5402	4076	5170	6052	7789
0:34:55	30.1	4443	5646	6607	9031	3024	3582	3986	5423	4132	5147	6092	7857
0:35:00	30.0	4398	5679	6613	8877	2932	3550	4045	5414	4177	5130	6086	7860
0:35:05	30.0	4435	5640	6691	8962	2929	3549	4003	5330	4197	5067	6125	7816
0:35:10	30.1	4442	5615	6644	8975	3006	3579	4032	5318	4224	5169	6115	7782
0:35:15	30.1	4402	5635	6575	8884	2995	3537	4035	5360	4163	5186	6053	7910
0:35:20	30.1	4408	5548	6659	8758	2955	3517	4008	5409	4149	5215	6034	7853
0:35:25	30.1	4377	5598	6604	8840	2950	3484	4007	5360	4125	5172	6067	7695
0:35:30	30.1	4387	5639	6667	8819	3015	3536	4025	5335	4149	5221	6041	7781
0:35:35	30.1	4499	5611	6519	8793	3016	3562	3962	5393	4152	5087	6095	7812
0:35:40	30.1	4475	5468	6635	8891	2920	3572	3986	5390	4128	5156	6092	7771
0:35:45	30.1	4355	5646	6670	8919	3029	3658	3980	5348	4121	5121	6021	7818
0:35:50	30.0	4391	5638	6543	8826	2953	3540	4047	5355	4161	5143	6054	7744
0:35:55	30.1	4347	5554	6583	8840	2993	3517	4011	5371	4228	5169	6062	7769
0:36:00	30.1	4404	5629	6542	8800	2953	3517	4002	5411	4188	5100	6053	7800
0:36:05	30.1	4473	5600	6491	8782	2994	3530	3993	5444	4173	5179	6017	7882
0:36:10	30.1	4376	5544	6508	8790	2966	3567	3999	5377	4175	5210	6109	7864
0:36:15	30.1	4361	5540	6508	8787	3003	3488	3990	5376	4187	5077	6065	7799
0:36:20	30.1	4391	5636	6566	8822	2976	3503	4080	5310	4087	5206	6005	7761
0:36:25	30.1	4371	5546	6694	8788	3016	3515	3985	5242	4152	5219	6072	7778
0:36:30	30.0	4341	5622	6718	8769	2989	3544	3957	5424	4116	5274	6009	7787
0:36:35	30.0	4405	5553	6548	8715	2953	3571	3952	5347	4136	5221	5985	7923
0:36:40	30.1	4311	5538	6522	8829	2966	3605	3991	5350	4126	5156	6068	7784
0:36:45	30.1	4283	5594	6475	8713	2959	3471	4018	5392	4215	5135	5987	7746
0:36:50	30.1	4326	5628	6567	8844	3013	3596	4025	5353	4119	5112	6056	7816
0:36:55	30.1	4415	5564	6535	8823	2951	3505	4018	5419	4161	5114	6041	7794
0:37:00	30.1	4431	5582	6507	8708	3032	3493	4012	5301	4108	5120	6088	7711
0:37:05	30.1	4359	5660	6588	8702	2976	3585	3980	5316	4092	5099	5931	7808
0:37:10	30.1	4410	5551	6441	8809	2931	3608	3981	5344	4103	5116	6115	7712
0:37:15	30.0	4383	5599	6583	8778	2975	3504	4022	5404	4110	5150	6050	7755
0:37:20	30.0	4316	5562	6610	8810	2969	3502	3999	5308	4122	5198	6039	7750
0:37:25	30.1	4400	5607	6531	8730	2976	3517	3988	5373	4169	5138	5995	7776
0:37:30	30.1	4349	5587	6591	8781	2959	3474	4070	5303	4146	5132	6064	7749
0:37:35	30.1	4344	5584	6535	8776	2997	3563	3939	5333	4126	5114	6010	7677
0:37:40	30.1	4363	5473	6487	8767	2988	3525	3976	5367	4102	5100	5965	7705
0:37:45	30.1	4297	5472	6492	8772	2898	3615	3961	5390	4233	5114	5994	7818
0:37:50	30.1	4308	5470	6486	8810	2981	3554	3950	5352	4150	5163	6026	7675
0:37:55	30.1	4375	5534	6520	8803	2981	3506	4007	5317	4170	5129	5954	7684
0:38:00	30.0	4325	5585	6568	8742	2963	3566	3951	5365	4139	5209	6034	7727
0:38:05	30.0	4321	5563	6587	8787	3000	3476	3958	5311	4171	5172	6014	7732
0:38:10	30.1	4384	5511	6514	8694	2995	3478	3977	5289	4034	5011	6083	7674
0:38:15	30.1	4350	5509	6531	8756	2910	3593	4030	5337	4121	5166	5994	7735
0:38:20	30.1	4293	5585	6474	8803	2964	3598	3927	5343	4101	5096	6076	7751
0:38:25	30.1	4336	5496	6394	8753	2958	3491	4005	5284	4124	5122	6030	7659
0:38:30	30.1	4329	5570	6564	8764	2930	3416	3947	5310	4095	5141	6062	7828
0:38:35	30.1	4358	5557	6561	8720	3019	3502	3996	5266	4188	5081	5966	7782
0:38:40	30.1	4268	5459	6531	8740	2972	3598	4034	5400	4058	5049	6030	7775
0:38:45	30.1	4395	5508	6448	8641	2968	3550	3983	5288	4165	5100	5933	7742
0:38:50	30.0	4274	5592	6592	8803	2927	3534	3929	5310	4110	5156	6053	7716
0:38:55	30.1	4386	5574	6439	8752	2909	3459	3951	5237	4181	5099	6036	7813
0:39:00	30.1	4318	5507	6539	8816	3002	3477	3998	5385	4184	5093	5968	7734
0:39:05	30.1	4285	5536	6556	8764	2948	3499	3971	5304	4124	5085	6001	7844
0:39:10	30.1	4287	5488	6485	8521	2986	3510	3943	5237	3996	5072	6024	7760
0:39:15	30.1	4310	5567	6443	8610	2930	3534	4025	5279	4117	5090	6001	7721
0:39:20	30.1	4354	5586	6496	8605	2965	3561	3971	5315	4136	5116	5988	7723
0:39:25	30.1	4342	5500	6538	8696	3013	3640	4013	5403	4102	5165	5999	7838
0:39:30	30.0	4268	5623	6494	8649	2994	3521	3955	5244	4119	5108	5942	7734
0:39:35	30.1	4335	5497	6452	8643	2981	3473	4010	5329	4106	5059	5977	7669
0:39:40	30.1	4294	5548	6508	8642	2942	3454	3893	5321	4152	5099	6055	7737
0:39:45	30.1	4347	5521	6441	8708	2933	3526	3974	5289	4057	5079	5971	7802
0:39:50	30.1	4322	5454	6452	8703	2982	3540	3921	5311	4081	5148	6028	7727
0:39:55	30.1	4308	5510	6443	8638	2940	3484	3982	5308	4146	5079	5984	7838
0:40:00	30.1	4316	5560	6446	8632	2930	3519	3870	5350	4105	5187	5938	7647
0:40:05	30.1	4292	5547	6512	8684	2937	3550	4037	5287	4091	5059	5996	7845
0:40:10	30.1	4300	5403	6509	8691	2897	3493	3936	5320	4156	5069	5988	7780
0:40:15	30.1	4304	5391	6363	8603	2923	3495	3916	5325	4048	5059	6021	7765
0:40:20	30.1	4330	5399	6466	8528	2957	3436	3909	5301	4061	5113	6038	7730
0:40:25	30.1	4289	5380	6455	8734	2934	3500	3963	5273	4078	5101	5998	7649
0:40:30	30.1	4396	5468	6505	8728	2934	3555	3912	5278	4119	5054	5975	7646
0:40:35	30.1	4313	5443	6452	8669	2936	3496	3955	5285	4087	5021	6031	7683
0:40:40	30.1	4262	5446	6514	8509	2943	3511	3934	5314	4110	5184	5966	7761
0:40:45	30.1	4274	5432	6449	8541	2991	3517	3964	5349	4086	5080	5857	7572
0:40:50	30.1	4241	5439	6454	8546	2962	3448	3988	5343	4084	5126	5975	7760
0:40:55	30.1	4323	5447	6488	8590	2941	3523	3905	5209	4099	5126	5889	7653
0:41:00	30.1	4257	5482	6406	8614	2917	3580	3948	5314	4103	5043	5942	7688
0:41:05	30.1	4257	5478	6460	8561	2931	3405	4006	5283	4110	5046	5991	7680
0:41:10	30.1	4291	5397	6412	8613	2942	3493	3946	5289	4113	5167	6071	7713
0:41:15	30.1	4232	5420	6243	8550	2957	3469	3916	5408	4044	5138	5926	7698
0:41:20	30.1	4248	5475	6390	8535	2940	3531	3882	5322	4074	5137	5953	7693
0:41:25	30.1	4239	5502	6401	8616	3013	3489	4026	5290	4052	5072	5892	7765
0:41:30	30.1	4163	5393	6438	8657	2918	3562	3934	5235	4088	5076	5992	7563
0:41:35	30.1	4189	5423	6382	8662	2958	3420	3892	5282	4071	5203	6013	7605
0:41:40	30.1	4246	5460	6298	8620	2898	3483	3961	5312	3997	5074	6015	7766
0:41:45	30.1	4198	5401	6281	8553	2922	3494	3930	5297	4001	5124	5919	7626
0:41:50	30.1	4241	5402	6309	8530	2935	3476	3958	5274	4089	5054	5896	7826
0:41:55	30.1	4263	5436	6488	8661	2997	3459	3913	5271	4141	5157	5989	7707
0:42:00	30.1	4161	5384	6426	8607	2913	3469	3873	5298	4068	5048	5909	7797
0:42:05	30.1	4256	5322	6431	8490	2940	3478	3926	5223	4064	5107	5927	7636
0:42:10	30.1	4213	5434	6413	8528	2901	3484	3967	5192	4057	5013	5895	7686
0:42:15	30.1	4230	5449	6455	8499	2947	3469	3988	5211	4077	5071	6017	7607
0:42:20	30.1	4279	5321	6391	8595	2907	3436	3946	5319	4084	4970	5951	7676
0:42:25	30.1	4166	5424	6473	8595	2939	3409	3989	5259	4008	5022	5991	7644
0:42:30	30.1	4268	5425	6384	8613	2933	3431	3929	5312	4073	5008	5906	7643
0:42:35	30.1	4238	5385	6321	8542	2924	3387	3953	5255	3997	5091	5996	7668
0:42:40	30.1	4215	5405	6387	8605	2933	3433	4000	5302	4035	5087	6020	7531
0:42:45	30.1	4278	5375	6302	8534	2969	3456	3932	5307	4079	5038	5914	7702
0:42:50	30.1	4285	5396	6301	8573	2978	3493	3880	5206	4072	4997	5948	7716
0:42:55	30.1	4213	5373	6355	8485	2909	3430	3895	5230	4096	5023	5981	7606
0:43:00	30.1	4254	5365	6401	8575	2907	3493	3942	5229	4009	5048	5985	7665
0:43:05	30.1	4161	5381	6362	8478	2974	3461	3936	5263	4043	5096	5916	7733
0:43:10	30.1	4211	5349	6437	8532	2938	3478	3890	5295	4055	4991	5948	7714
0:43:15	30.1	4211	5379	6259	8596	2990	3527	3893	5246	3991	5046	5941	7619
0:43:20	30.1	4172	5328	6332	8497	2868	3487	3983	5294	4093	5108	5902	7622
0:43:25	30.1	4195	5334	6394	8555	2893	3470	3901	5273	4062	5109	5994	7648
0:43:30	30.1	4257	5357	6308	8489	2957	3461	3930	5230	4113	5084	5827	7708
0:43:35	30.1	4214	5335	6335	8471	2934	3401	3920	5265	4038	5068	5932	7685
0:43:40	30.1	4232	5364	6298	8452	2884	3519	3929	5284	4028	5017	5969	7597
0:43:45	30.1	4144	5291	6303	8467	2905	3478	3933	5292	4043	5060	5896	7608
0:43:50	30.1	4206	5328	6337	8530	2907	3464	3903	5194	4037	5065	5973	7667
0:43:55	30.1	4222	5346	6310	8545	2928	3429	3917	5243	4025	5029	6010	7694
0:44:00	30.1	4110	5391	6190	8441	2945	3407	3901	5280	4081	5065	5957	7640
0:44:05	30.1	4193	5452	6393	8650	2829	3455	3894	5191	4050	5041	5891	7576
0:44:10	30.1	4210	5360	6329	8516	2927	3550	3918	5182	4013	5092	5989	7599
0:44:15	30.1	4202	5366	6267	8595	2899	3522	3955	5259	4071	5019	5950	7598
0:44:20	30.1	4228	5338	6172	8527	2935	3455	3941	5178	4094	5086	5958	7583
0:44:25	30.1	4224	5313	6249	8559	2900	3442	3913	5170	4116	4981	5905	7534
0:44:30	30.1	4186	5331	6265	8508	2873	3443	3952	5248	4050	5022	5889	7617
0:44:35	30.1	4130	5398	6279	8434	2885	3399	3839	5227	4014	5026	5969	7672
0:44:40	30.1	4177	5403	6425	8410	2888	3503	3890	5206	3994	5016	6001	7595
0:44:45	30.1	4226	5391	6288	8489	2909	3508	3915	5173	4078	5072	5859	7597
0:44:50	30.1	4214	5317	6368	8405	2972	3579	3934	5236	4061	5028	5898	7558
0:44:55	30.1	4201	5309	6248	8429	2833	3430	3957	5146	4005	5093	5907	7614
0:45:00	30.1	4264	5384	6311	8495	2877	3344	3860	5216	4044	5114	5918	7490
0:45:05	30.1	4246	5315	6293	8386	2848	3480	3921	5229	4029	5076	5836	7540
0:45:10	30.1	4177	5331	6240	8427	2875	3405	3947	5217	4041	5021	5937	7596
0:45:15	30.1	4229	5393	6297	8417	2859	3456	3922	5172	4045	5047	5994	7565
0:45:20	30.1	4146	5317	6268	8541	2956	3462	3898	5206	4089	5021	5903	7579
0:45:25	30.1	4130	5355	6352	8411	2913	3429	3861	5255	3961	5022	5825	7516
0:45:30	30.1	4189	5295	6314	8426	2963	3518	3869	5273	4065	5000	5982	7580
0:45:35	30.1	4155	5300	6251	8529	2925	3481	3890	5260	4013	5041	5880	7576
0:45:40	30.1	4204	5209	6278	8486	2922	3457	3925	5176	4123	5043	5953	7555
0:45:45	30.1	4217	5265	6291	8413	2906	3519	3931	5142	4099	5012	5872	7577
0:45:50	30.1	4218	5231	6244	8457	2949	3509	3882	5180	4032	5047	5826	7526
0:45:55	30.1	4228	5284	6308	8485	2941	3484	3904	5141	4070	5044	5906	7627
0:46:00	30.1	4178	5301	6220	8386	2929	3505	3934	5180	4083	5015	5894	7663
0:46:05	30.1	4251	5299	6278	8334	2907	3372	3901	5296	4065	5035	5819	7677
0:46:10	30.1	4180	5301	6295	8473	2898	3456	3860	5216	4080	4999	5842	7539
0:46:15	30.1	4250	5287	6202	8482	2851	3383	3873	5245	4132	5073	5870	7559
0:46:20	30.1	4204	5293	6267	8335	2908	3461	3893	5181	4006	4946	5883	7559
0:46:25	30.1	4160	5282	6250	8441	2862	3483	3852	5215	4088	4987	5885	7534
0:46:30	30.1	4169	5261	6247	8359	2889	3420	3882	5234	4025	4902	5899	7562
0:46:35	30.1	4171	5290	6254	8396	2888	3448	3876	5204	4029	5005	5843	7564
0:46:40	30.1	4201	5270	6257	8482	2901	3422	3883	5270	3949	4964	5900	7578
0:46:45	30.1	4088	5324	6302	8371	2906	3497	3891	5192	4040	4994	5888	7518
0:46:50	30.1	4180	5336	6259	8419	2914	3472	3865	5197	3990	5010	5904	7606
0:46:55	30.1	4133	5241	6169	8487	2887	3430	3883	5157	4085	5033	5871	7659
0:47:00	30.1	4139	5248	6337	8433	2844	3425	3833	5201	4032	4923	5839	7511
0:47:05	30.1	4128	5292	6203	8472	2902	3424	3855	5198	3976	4974	5858	7538
0:47:10	30.1	4166	5307	6205	8324	2845	3429	3879	5136	3999	5046	5944	7632
0:47:15	30.1	4026	5287	6188	8290	2905	3348	3871	5186	4044	5069	5903	7552
0:47:20	30.1	4194	5290	6239	8417	2889	3447	3920	5220	4047	5083	5862	7546
0:47:25	30.1	4116	5269	6261	8315	2900	3472	3918	5215	3970	4948	5843	7632
0:47:30	30.1	4171	5273	6190	8414	2875	3451	3904	5213	4091	5071	5884	7498
0:47:35	30.1	4102	5260	6162	8377	2954	3408	3915	5186	4058	4997	5858	7616
0:47:40	30.1	4132	5330	6211	8300	2947	3475	3870	5153	4060	5028	5871	7536
0:47:45	30.1	4149	5300	6355	8510	2928	3538	3911	5217	4036	5035	5849	7539
0:47:50	30.1	4159	5319	6092	8376	2908	3438	3921	5208	3986	4978	5831	7502
0:47:55	30.1	4144	5220	6280	8303	2883	3396	3803	5191	4028	5096	5878	7609
0:48:00	30.1	4125	5280	6216	8499	2863	3370	3843	5145	4021	5026	5928	7603
0:48:05	30.1	4201	5296	6192	8371	2847	3378	3888	5203	4042	4960	5845	7648
0:48:10	30.1	4115	5232	6183	8465	2915	3401	3895	5170	4076	4995	5884	7629
0:48:15	30.1	4138	5243	6186	8325	2906	3456	3866	5176	3943	5030	5860	7535
0:48:20	30.1	4180	5325	6213	8322	2872	3420	3890	5221	4008	5057	5831	7627
0:48:25	30.1	4129	5280	6210	8363	2897	3410	3848	5225	3931	4961	5817	7573
0:48:30	30.1	4096	5211	6318	8470	2877	3491	3847	5184	3980	5047	5909	7503
0:48:35	30.1	4131	5227	6320	8265	2881	3407	3918	5124	4037	5003	5907	7615
0:48:40	30.1	4125	5298	6301	8251	2878	3435	3890	5185	4059	5018	5872	7519
0:48:45	30.1	4141	5297	6212	8363	2893	3426	3776	5189	4004	4999	5887	7502
0:48:50	30.1	4114	5273	6135	8418	2938	3402	3916	5200	4056	5014	5834	7526
0:48:55	30.1	4154	5229	6256	8294	2903	3368	3816	5163	4080	5038	5917	7518
0:49:00	30.1	4076	5291	6262	8342	2868	3400	3885	5222	4044	4966	5855	7583
0:49:05	30.1	4144	5205	6176	8297	2861	3411	3865	5205	4103	4987	5866	7493
0:49:10	30.1	4033	5273	6175	8310	2889	3460	3855	5134	4027	5015	5860	7407
0:49:15	30.1	4115	5266	6226	8281	2887	3468	3880	5168	3997	4900	5882	7512
0:49:20	30.1	4094	5310	6281	8330	2876	3479	3892	5221	4013	4981	5844	7462
0:49:25	30.1	4129	5248	6239	8270	2873	3400	3861	5243	4014	4997	5838	7576
0:49:30	30.1	4146	5185	6287	8320	2875	3381	3816	5216	4017	4957	5881	7561
0:49:35	30.1	4149	5266	6133	8471	2890	3362	3818	5127	4059	4999	5874	7590
0:49:40	30.1	4090	5320	6148	8273	2909	3441	3820	5180	4024	5002	5860	7641
0:49:45	30.1	4115	5289	6197	8380	2935	3433	3804	5173	4030	5014	5807	7563
0:49:50	30.1	4050	5107	6140	8284	2937	3432	3900	5160	4026	5071	5943	7508
0:49:55	30.1	4118	5237	6197	8302	2874	3426	3865	5143	3954	5021	5830	7484
0:50:00	30.1	4100	5226	6238	8250	2875	3446	3904	5192	3974	5031	5823	7512
0:50:05	30.1	4093	5210	6213	8254	2909	3377	3828	5164	3998	4999	5821	7556
0:50:10	30.1	4067	5234	6234	8384	2878	3465	3893	5116	4005	5081	5893	7528
0:50:15	30.1	4041	5288	6215	8356	2840	3476	3933	5238	3964	4938	5946	7600
0:50:20	30.1	4094	5219	6155	8340	2839	3419	3835	5129	3995	4970	5836	7512
0:50:25	30.1	4100	5299	6113	8307	2859	3407	3870	5183	3952	4986	5843	7429
0:50:30	30.1	4036	5204	6161	8306	2928	3423	3839	5240	4088	4949	5843	7568
0:50:35	30.1	4093	5207	6105	8298	2901	3443	3833	5160	3997	4907	5828	7593
0:50:40	30.1	4053	5159	6188	8343	2869	3458	3855	5199	4007	5040	5968	7498
0:50:45	30.1	4097	5161	6110	8235	2845	3386	3850	5199	3935	5000	5864	7635
0:50:50	30.1	4139	5190	6234	8227	2852	3438	3852	5152	4146	4996	5781	7406
0:50:55	30.1	4134	5222	6250	8311	2812	3457	3870	5121	4019	4926	5908	7525
0:51:00	30.1	4055	5200	6216	8367	2906	3442	3836	5187	3937	5049	5946	7517
0:51:05	30.1	4111	5228	6170	8286	2882	3306	3852	5210	4014	4942	5815	7450
0:51:10	30.1	4110	5234	6103	8223	2828	3406	3802	5230	4027	4998	5814	7547
0:51:15	30.1	4087	5191	6159	8265	2853	3415	3868	5139	3948	4976	5773	7566
0:51:20	30.1	4095	5157	6157	8346	2862	3431	3822	5134	4027	4928	5917	7457
0:51:25	30.1	4114	5215	6072	8211	2920	3397	3828	5066	3947	5002	5768	7420
0:51:30	30.1	4013	5202	6126	8368	2909	3414	3905	5168	4040	4984	5760	7491
0:51:35	30.1	4062	5167	6177	8223	2936	3390	3868	5255	4079	5010	5910	7530
0:51:40	30.1	4151	5129	6218	8266	2905	3337	3797	5119	3957	4979	5853	7506
0:51:45	30.1	4091	5260	6210	8284	2907	3418	3819	5151	3974	4988	5939	7505
0:51:50	30.1	4074	5224	6073	8289	2876	3451	3815	5122	4008	4894	5777	7592
0:51:55	30.1	4109	5207	6083	8274	2865	3395	3864	5131	3976	4944	5814	7364
0:52:00	30.1	4120	5262	6072	8232	2898	3306	3833	5152	4017	5035	5814	7524
0:52:05	30.1	4046	5153	6193	8291	2927	3427	3872	5117	4014	4985	5792	7479
0:52:10	30.1	4125	5192	6084	8199	2833	3482	3810	5116	4028	5004	5808	7610
0:52:15	30.1	4084	5175	6211	8230	2872	3374	3915	5154	4044	5011	5813	7546
0:52:20	30.1	4151	5200	6157	8245	2865	3370	3843	5171	4047	5052	5769	7597
0:52:25	30.1	4172	5245	6200	8212	2854	3355	3894	5153	4044	5010	5837	7432
0:52:30	30.1	4107	5209	6209	8297	2870	3422	3780	5075	3999	4929	5911	7485
0:52:35	30.1	4023	5213	6045	8265	2897	3376	3855	5199	4094	4937	5815	7504
0:52:40	30.1	4058	5243	6079	8197	2858	3369	3772	5221	3982	5006	5883	7453
0:52:45	30.1	4012	5129	6148	8326	2872	3467	3855	5181	4022	4972	5739	7433
0:52:50	30.1	4009	5199	6199	8218	2858	3390	3857	5217	3935	5054	5880	7530
0:52:55	30.1	4046	5185	6114	8190	2871	3420	3790	5098	3963	4977	5771	7531
0:53:00	30.1	4066	5209	6059	8189	2884	3401	3862	5082	4007	4956	5849	7452
0:53:05	30.1	4060	5153	6100	8335	2844	3392	3831	5147	4017	4976	5817	7546
0:53:10	30.1	4033	5227	6230	8208	2878	3373	3848	5168	3949	5014	5819	7627
0:53:15	30.1	4058	5174	6147	8238	2933	3437	3866	5108	3977	4931	5773	7432
0:53:20	30.1	4144	5231	6079	8249	2868	3434	3815	5234	3979	4954	5838	7558
0:53:25	30.1	4115	5215	6119	8287	2838	3427	3825	5146	4018	4969	5831	7502
0:53:30	30.1	4043	5252	6208	8262	2899	3451	3906	5080	3940	4938	5814	7616
0:53:35	30.1	4084	5180	6135	8181	2903	3323	3806	5160	3986	4999	5918	7585
0:53:40	30.1	4105	5127	6053	8327	2832	3348	3848	5167	3960	4921	5884	7417
0:53:45	30.1	4020	5254	6131	8223	2902	3379	3864	5147	4031	4953	5905	7625
0:53:50	30.1	4057	5148	6061	8242	2882	3449	3812	5145	4019	5005	5790	7502
0:53:55	30.1	3980	5186	6115	8162	2893	3380	3852	5013	3987	4991	5847	7485
0:54:00	30.1	4070	5120	6058	8203	2814	3417	3825	5136	4016	4938	5818	7395
0:54:05	30.1	4004	5149	6158	8259	2817	3321	3789	5089	3946	4960	5877	7583
0:54:10	30.1	4027	5237	6068	8202	2892	3413	3881	5167	4062	4953	5895	7577
0:54:15	30.1	4029	5171	6100	8203	2834	3372	3777	5079	3986	4977	5881	7583
0:54:20	30.1	4071	5174	6100	8166	2874	3374	3839	5155	3993	4915	5855	7459
0:54:25	30.1	4090	5172	6054	8259	2891	3394	3889	5244	4019	4973	5809	7503
0:54:30	30.1	4034	5119	6091	8136	2922	3409	3872	5120	3965	4930	5849	7515
0:54:35	30.1	3994	5193	6173	8215	2878	3448	3834	5132	4005	4959	5852	7553
0:54:40	30.1	4072	5146	6026	8171	2845	3387	3936	5158	3978	4984	5853	7539
0:54:45	30.1	4111	5200	6213	8170	2862	3400	3864	5141	3933	4947	5839	7459
0:54:50	30.1	4058	5156	6050	8122	2872	3437	3818	5151	3971	4971	5766	7422
0:54:55	30.1	4032	5140	6165	8152	2928	3379	3840	5179	3972	4876	5751	7448
0:55:00	30.1	4023	5042	6103	8127	2838	3320	3849	5116	3912	4981	5819	7529
0:55:05	30.1	4037	5182	6074	8122	2877	3371	3886	5203	3990	4988	5851	7485
0:55:10	30.1	4099	5211	6210	8129	2901	3420	3790	5186	4020	4998	5704	7459
0:55:15	30.1	3997	5041	6009	8187	2862	3365	3743	5102	3936	5023	5782	7531
0:55:20	30.1	4041	5153	6111	8228	2858	3421	3841	5113	3993	4959	5779	7512
0:55:25	30.1	4017	5177	6021	8222	2820	3387	3805	5064	3961	4982	5829	7529
0:55:30	30.1	3941	5188	6072	8136	2878	3443	3799	5124	4003	4913	5839	7490
0:55:35	30.1	4019	5139	6032	8270	2917	3373	3798	5125	4025	4974	5793	7391
0:55:40	30.1	4012	5094	6113	8181	2892	3359	3831	5163	3989	4989	5890	7415
0:55:45	30.1	4015	5081	5993	8199	2837	3419	3897	5027	3943	4930	5814	7415
0:55:50	30.1	3985	5189	6037	8181	2890	3340	3790	5150	3951	4982	5763	7509
0:55:55	30.1	4098	5115	6050	8080	2778	3341	3829	5119	3958	4905	5822	7422
0:56:00	30.1	4091	5146	6070	8154	2857	3379	3795	5105	4009	4937	5720	7520
0:56:05	30.1	4041	5022	6119	8242	2859	3417	3839	5128	3978	4935	5822	7458
0:56:10	30.1	4005	5165	6120	8175	2866	3402	3816	5051	3941	5049	5830	7477
0:56:15	30.1	4040	5090	6021	8137	2852	3409	3785	5106	3965	4919	5795	7549
0:56:20	30.1	4037	5120	6046	8124	2836	3426	3810	5066	3988	4962	5860	7540
0:56:25	30.1	4035	5063	6100	8179	2811	3408	3813	5226	3947	4975	5749	7480
0:56:30	30.1	3985	5147	5982	8159	2888	3348	3900	5093	3982	5011	5836	7517
0:56:35	30.1	4051	5164	6156	8280	2920	3409	3820	5103	3913	5002	5818	7485
0:56:40	30.1	4017	5110	6028	8260	2919	3360	3798	5139	4018	4894	5765	7470
0:56:45	30.1	4146	5189	6012	8334	2826	3355	3830	5188	3985	4990	5812	7533
0:56:50	30.1	3994	5046	5992	8206	2840	3373	3820	5104	3942	4956	5781	7513
0:56:55	30.1	4044	5101	6035	8278	2869	3417	3848	5101	3988	4914	5840	7491
0:57:00	30.1	4047	5111	6067	8117	2794	3362	3852	5048	3959	4930	5838	7470
0:57:05	30.1	4026	5140	6031	8052	2865	3359	3859	5156	3973	4895	5803	7421
0:57:10	30.1	4018	5096	6037	8160	2898	3404	3839	5086	3986	4961	5850	7607
0:57:15	30.1	3948	5137	6061	8086	2865	3389	3881	5144	3965	4958	5875	7393
0:57:20	30.1	4055	5138	6044	8055	2887	3338	3862	5124	4012	4998	5815	7397
0:57:25	30.1	4035	5059	6056	8255	2886	3347	3821	5088	4014	4974	5743	7390
0:57:30	30.1	3991	5129	6027	8202	2847	3405	3846	5100	3941	4967	5852	7500
0:57:35	30.1	3994	5115	6106	8162	2763	3430	3752	5138	4011	4930	5773	7583
0:57:40	30.1	3984	5079	5975	8179	2884	3399	3856	5071	3972	4984	5748	7343
0:57:45	30.1	4031	5100	6072	8176	2865	3410	3763	5087	3953	4903	5847	7521
0:57:50	30.1	3989	5132	6092	8013	2922	3443	3814	5119	3976	4936	5791	7464
0:57:55	30.1	3972	5149	6036	8206	2856	3389	3824	5070	3969	4915	5814	7382
0:58:00	30.1	3973	5154	6076	8119	2807	3305	3832	5062	4002	4928	5785	7417
0:58:05	30.1	4006	5228	6136	8086	2890	3388	3851	5108	3968	4832	5795	7501
0:58:10	30.1	4009	5136	6085	8243	2853	3355	3829	5018	4001	4913	5733	7492
0:58:15	30.1	3991	5226	6048	8192	2882	3386	3863	5136	3992	4889	5776	7475
0:58:20	30.1	4036	5107	6056	8221	2860	3397	3776	5104	3914	4917	5817	7413
0:58:25	30.1	3925	5175	6048	8196	2884	3373	3871	5061	3961	4961	5753	7380
0:58:30	30.1	4023	5064	6089	8029	2820	3423	3796	5083	3992	4914	5793	7528
0:58:35	30.1	4039	5154	5956	8128	2910	3461	3786	5139	3966	4926	5875	7479
0:58:40	30.1	3958	5109	6075	7999	2836	3412	3806	5148	3945	4870	5790	7364
0:58:45	30.1	4030	5157	6055	8162	2825	3331	3735	5091	3939	4891	5687	7521
0:58:50	30.1	4009	5083	6085	8082	2822	3377	3848	5095	3949	4918	5805	7441
0:58:55	30.1	3968	5159	6019	8144	2886	3385	3783	5112	3915	4982	5799	7441
0:59:00	30.1	4022	5074	6125	8010	2864	3412	3868	5070	4074	4911	5921	7589
0:59:05	30.1	4003	5122	6079	8060	2843	3362	3810	5158	3878	4902	5802	7482
0:59:10	30.1	4027	5076	6061	8180	2840	3437	3780	5084	3973	4965	5763	7415
0:59:15	30.1	4008	5166	6065	8220	2831	3335	3810	5100	4005	4959	5869	7417
0:59:20	30.1	3965	5158	5984	8106	2856	3406	3805	5109	3937	4821	5816	7448
0:59:25	30.1	4022	5132	6008	8224	2828	3522	3824	5038	3959	4863	5780	7433
0:59:30	30.1	4039	5106	6011	8099	2795	3353	3759	5124	4044	4963	5877	7506
0:59:35	30.1	4038	5158	5916	8172	2892	3324	3770	5078	3927	4926	5789	7453
0:59:40	30.1	3988	5089	6069	8117	2802	3377	3804	5102	3939	4886	5770	7420
0:59:45	30.1	4029	5111	6058	8072	2901	3363	3858	5056	3987	4937	5800	7415
0:59:50	30.1	4008	5087	6064	8121	2845	3348	3722	5058	3959	4907	5681	7466
0:59:55	30.1	3976	5120	6086	8058	2854	3433	3859	5000	3922	4933	5738	7358
1:00:00	30.1	4021	5138	6032	8110	2851	3334	3742	5052	3962	4954	5740	7370
1:00:05	30.1	3884	5139	6080	8112	2844	3426	3859	5135	3975	4966	5821	7376
1:00:10	30.1	3947	5160	5962	8127	2818	3466	3773	5051	4076	4951	5805	7511
1:00:15	30.1	4013	5028	6095	8033	2844	3499	3836	5096	3977	5006	5736	7393
1:00:20	30.1	4039	5124	5919	8101	2901	3357	3763	5063	3997	4924	5764	7503
1:00:25	30.1	4002	5101	6044	8064	2823	3355	3759	5072	3986	4902	5738	7435
1:00:30	30.1	3986	5106	6075	8103	2794	3371	3775	5062	3976	5017	5770	7542
1:00:35	30.1	3983	5118	5981	8202	2806	3300	3766	5075	4018	4873	5745	7486
1:00:40	30.1	4009	5179	5999	8078	2810	3362	3761	5051	4045	4917	5744	7491
1:00:45	30.1	4011	5100	5974	8133	2869	3406	3832	5140	4014	4894	5822	7519
1:00:50	30.1	3957	5114	6073	7991	2838	3357	3816	5113	3919	4931	5835	7442
1:00:55	30.1	4008	5102	6013	8183	2848	3344	3843	5088	3972	4871	5802	7481
1:01:00	30.1	4003	5034	6045	8156	2856	3443	3844	5075	3974	4911	5734	7448
1:01:05	30.1	3949	5020	5992	8071	2865	3464	3810	5027	3988	4881	5691	7456
1:01:10	30.1	3948	5105	6026	8130	2822	3410	3814	5034	3947	4980	5790	7466
1:01:15	30.1	4003	5031	6032	8137	2807	3385	3814	5136	3950	4939	5723	7439
1:01:20	30.1	4025	5159	6069	8022	2812	3410	3802	5138	3953	4948	5782	7487
1:01:25	30.1	3995	5101	6018	8082	2798	3365	3780	4998	3961	4887	5754	7331
1:01:30	30.1	4006	5128	6038	8044	2895	3352	3818	5066	3909	4861	5779	7397
1:01:35	30.1	3971	5043	5988	8090	2806	3423	3783	5083	3921	4966	5790	7459
1:01:40	30.1	4005	5036	5933	8102	2848	3322	3749	5068	3947	4885	5913	7443
1:01:45	30.1	4025	5075	5950	8136	2892	3368	3794	5151	3986	4887	5815	7356
1:01:50	30.1	4014	5121	6021	8104	2819	3403	3844	5082	3952	4824	5753	7412
1:01:55	30.1	3958	5043	5948	8040	2794	3451	3774	5066	3977	4906	5724	7423
1:02:00	30.1	3974	5106	6049	8066	2823	3396	3803	5105	3958	4920	5797	7487
1:02:05	30.1	3960	5077	6019	8177	2833	3372	3799	5067	3873	4928	5784	7524
1:02:10	30.1	4005	5086	6005	8057	2836	3353	3821	4994	3948	4912	5795	7372
1:02:15	30.1	3940	5117	5913	8175	2857	3406	3740	5064	3908	4874	5702	7398
1:02:20	30.1	3948	5111	6077	8014	2757	3428	3709	5037	3932	4984	5729	7525
1:02:25	30.1	3974	5133	5961	8083	2854	3367	3777	5062	3939	4930	5728	7434
1:02:30	30.1	3980	5025	6047	8037	2824	3335	3775	5142	3945	4833	5787	7372
1:02:35	30.1	3938	5187	5969	8013	2814	3424	3815	5148	3969	4898	5720	7423
1:02:40	30.1	3971	5102	6024	7978	2840	3356	3804	5081	3977	4907	5753	7358
1:02:45	30.1	3982	5060	5937	8080	2803	3376	3793	5116	3948	4966	5761	7382
1:02:50	30.1	3982	5099	6135	7978	2825	3355	3756	5070	4001	4915	5741	7392
1:02:55	30.1	3975	5085	5973	8030	2748	3427	3769	5110	4035	4886	5821	7357
1:03:00	30.1	3976	5049	6043	8113	2881	3347	3735	5000	3949	4931	5732	7399
1:03:05	30.1	3979	5124	5946	8096	2774	3402	3763	5130	3925	4882	5695	7488
1:03:10	30.1	3998	5122	6012	8091	2834	3384	3772	5072	3936	4916	5803	7413
1:03:15	30.1	3970	5050	5954	8091	2810	3390	3807	5042	3963	4921	5803	7509
1:03:20	30.1	3987	5049	6053	8112	2881	3359	3827	5067	3995	4890	5764	7456
1:03:25	30.1	3943	5062	5951	8042	2869	3410	3788	5073	3877	4954	5792	7515
1:03:30	30.1	4019	5063	6001	7971	2882	3383	3846	5087	3971	4850	5903	7393
1:03:35	30.1	3976	4973	6048	8126	2765	3344	3762	5100	3994	4920	5783	7368
1:03:40	30.1	4032	5026	5921	8122	2821	3349	3797	5077	3943	4848	5760	7324
1:03:45	30.1	3953	5047	5911	8024	2799	3400	3823	5045	3914	4924	5803	7412
1:03:50	30.1	3969	4980	5985	8021	2836	3377	3787	5115	3980	4853	5673	7333
1:03:55	30.1	3972	4955	5973	7977	2828	3426	3794	5112	3931	4940	5710	7399
1:04:00	30.1	3960	5068	5955	7980	2857	3299	3776	5081	3956	4979	5764	7441
1:04:05	30.1	3883	5028	5881	8062	2878	3357	3771	5069	3946	4918	5712	7290
1:04:10	30.1	3955	5067	5946	8186	2797	3277	3785	4985	4022	4853	5830	7454
1:04:15	30.1	3969	5065	5974	8131	2785	3355	3775	5058	3955	4918	5767	7389
1:04:20	30.1	3979	5108	6001	7921	2827	3323	3775	5067	3948	4865	5816	7432
1:04:25	30.1	3956	5006	5964	8023	2815	3340	3722	5071	3962	4893	5828	7405
1:04:30	30.1	4076	5104	5960	8026	2829	3314	3720	5092	3966	4887	5829	7442
1:04:35	30.1	3897	5009	6045	8101	2796	3382	3784	5093	3883	4940	5709	7486
1:04:40	30.1	4003	5081	5906	8041	2854	3356	3791	5081	3996	4955	5785	7418
1:04:45	30.1	3969	5113	5937	8024	2771	3338	3777	5143	3967	4872	5712	7381
1:04:50	30.1	3910	5075	5973	8098	2879	3379	3770	5063	3933	4870	5876	7303
1:04:55	30.1	3984	5162	5963	8099	2784	3341	3844	5056	3970	4836	5764	7360
1:05:00	30.1	3846	5013	5861	8072	2841	3386	3710	5056	3973	4895	5707	7404
1:05:05	30.1	3908	5157	5923	8009	2840	3310	3799	5008	3921	4987	5763	7470
1:05:10	30.1	3945	5040	5976	8128	2805	3323	3721	5016	3936	4848	5821	7323
1:05:15	30.1	3963	5015	5978	8072	2882	3313	3805	5031	3970	4878	5745	7446
1:05:20	30.1	3943	5049	5989	8068	2786	3350	3750	5063	3937	4824	5788	7389
1:05:25	30.1	3927	5067	5997	8059	2823	3401	3805	5112	3971	4881	5778	7409
1:05:30	30.1	3924	5077	5975	8147	2821	3348	3821	5047	4003	4945	5821	7466
1:05:35	30.1	3979	5000	5921	8100	2866	3349	3769	4982	3937	4911	5698	7418
1:05:40	30.1	3893	4997	5992	8083	2795	3334	3713	5043	3866	4934	5705	7417
1:05:45	30.1	3983	4989	5921	8112	2859	3346	3809	5067	3954	4836	5738	7324
1:05:50	30.1	3922	5074	5935	8053	2829	3333	3789	4947	3930	4839	5701	7448
1:05:55	30.1	3935	4981	5940	8010	2786	3375	3792	5029	3930	4912	5713	7313
1:06:00	30.1	3931	4937	6021	7993	2841	3321	3758	5145	3926	4930	5695	7310
1:06:05	30.1	3949	5074	5988	8219	2752	3321	3826	5000	3982	4873	5767	7426
1:06:10	30.1	3913	5020	6014	8083	2794	3349	3732	5085	3958	4879	5723	7430
1:06:15	30.1	3959	4962	5979	7942	2779	3330	3777	5043	3865	4826	5727	7414
1:06:20	30.1	3984	5004	5972	8010	2832	3359	3797	5085	3956	4867	5770	7420
1:06:25	30.1	3905	5056	5918	8077	2811	3345	3752	5053	3994	4906	5726	7380
1:06:30	30.1	3908	4940	5994	8031	2811	3322	3761	5060	3936	4809	5737	7329
1:06:35	30.1	3919	5033	5934	8099	2869	3327	3755	5046	3907	4832	5763	7407
1:06:40	30.1	3926	5022	5948	7994	2800	3378	3767	5065	3963	4851	5764	7395
1:06:45	30.1	3920	5029	5884	8023	2785	3334	3731	4955	3926	4845	5799	7356
1:06:50	30.1	3965	5069	5966	8009	2903	3305	3755	5073	3984	4962	5758	7450
1:06:55	30.1	3964	5043	5883	7970	2806	3294	3750	5049	3967	4896	5770	7297
1:07:00	30.1	3951	5030	5914	8012	2763	3380	3733	5062	4003	4930	5790	7418
1:07:05	30.1	3975	5062	5966	8016	2886	3398	3784	5073	3982	4956	5780	7414
1:07:10	30.1	4023	4964	5987	7928	2878	3417	3779	5040	3889	4899	5667	7441
1:07:15	30.1	3903	5044	5936	7993	2812	3261	3768	5063	3926	4884	5662	7376
1:07:20	30.1	3965	5097	5953	8044	2879	3357	3819	5052	3963	4939	5689	7379
1:07:25	30.1	3884	5015	5830	8131	2821	3335	3748	5059	3886	4893	5739	7435
1:07:30	30.1	3964	5000	5934	7934	2778	3358	3772	5074	3914	4845	5642	7246
1:07:35	30.1	3908	5053	5951	8107	2842	3320	3791	5044	3961	4894	5688	7287
1:07:40	30.1	3949	5116	5924	7978	2801	3335	3754	5110	3927	4915	5758	7427
1:07:45	30.1	3882	4966	5983	8003	2881	3353	3690	4973	3972	4894	5789	7353
1:07:50	30.1	3954	4970	5956	7975	2819	3385	3781	5074	3909	4880	5728	7398
1:07:55	30.1	3913	5089	6001	8037	2782	3264	3723	5066	3914	4877	5799	7339
1:08:00	30.1	3894	4974	5976	8089	2836	3385	3775	5040	3967	4848	5736	7369
1:08:05	30.1	3848	4912	5894	7912	2801	3401	3745	5027	3895	4972	5673	7387
1:08:10	30.1	3931	4973	5927	7935	2839	3304	3743	5091	3942	4827	5735	7440
1:08:15	30.1	3903	4983	5874	8056	2835	3350	3791	5103	3942	4802	5668	7312
1:08:20	30.1	3912	4913	5860	8074	2891	3333	3768	5067	3964	4808	5773	7410
1:08:25	30.1	3922	4985	5958	7951	2825	3358	3744	5074	3880	4809	5693	7371
1:08:30	30.1	3883	5048	5931	7909	2836	3355	3786	5050	3945	4875	5631	7283
1:08:35	30.1	3966	5008	5860	8142	2796	3345	3750	5062	3981	4940	5705	7397
1:08:40	30.1	3896	4939	5868	7890	2874	3371	3728	5087	3980	4827	5648	7347
1:08:45	30.1	3871	5020	5865	7985	2820	3346	3710	4990	3948	4938	5782	7448
1:08:50	30.1	3952	5011	5899	7928	2820	3364	3767	4996	3962	4880	5732	7354
1:08:55	30.1	3994	4943	5903	8059	2774	3433	3777	5010	4013	4939	5856	7289
1:09:00	30.1	3874	5057	5883	8000	2779	3328	3759	5108	3922	4829	5755	7261
1:09:05	30.1	3875	5035	5964	8040	2873	3312	3758	5060	3926	4847	5666	7238
1:09:10	30.1	3926	4986	5903	7992	2786	3297	3730	5043	3909	4846	5666	7304
1:09:15	30.0	3925	5034	5940	8006	2820	3391	3705	5013	3978	4894	5725	7328
1:09:20	30.1	3891	4979	5930	7924	2776	3403	3725	5043	3900	4866	5635	7243
1:09:25	30.0	3913	4961	5885	8028	2834	3295	3682	5078	3921	4884	5703	7444
1:09:30	30.1	3946	5027	5934	7929	2827	3366	3767	5055	3988	4838	5701	7421
1:09:35	30.1	3830	4991	5897	7993	2816	3369	3692	5017	3952	4904	5671	7377
1:09:40	30.1	3933	4990	5904	8059	2813	3363	3765	5018	3881	4931	5724	7372
1:09:45	30.1	3900	4964	5892	7995	2850	3431	3784	5060	3902	4856	5652	7380
1:09:50	30.1	3858	4980	5925	8003	2836	3369	3727	4956	3972	4930	5795	7381
1:09:55	30.1	3901	5016	5940	8015	2764	3307	3714	5095	3989	4949	5788	7316
1:10:00	30.1	3927	5016	5903	8028	2775	3313	3739	5038	3987	4877	5772	7395
1:10:05	30.0	3931	4972	6014	8007	2789	3258	3718	5041	3989	4907	5758	7344
1:10:10	30.0	3871	5018	5932	8084	2866	3344	3819	5020	3962	4937	5757	7361
1:10:15	30.1	3912	5017	5908	8041	2798	3350	3761	5101	3907	4867	5632	7318
1:10:20	30.1	3941	5066	5925	7950	2820	3335	3727	5061	3931	4913	5767	7418
1:10:25	30.1	3871	5019	5978	8038	2830	3384	3708	5017	3830	4829	5811	7332
1:10:30	30.1	3859	5023	5877	7991	2761	3300	3741	5080	3947	4814	5741	7358
1:10:35	30.1	3865	4947	5974	7928	2831	3361	3752	4948	3907	4828	5792	7437
1:10:40	30.1	3938	4991	6007	7991	2825	3361	3704	5028	3913	4916	5681	7431
1:10:45	30.1	3910	4998	5922	8021	2819	3313	3740	4981	3924	4927	5774	7325
1:10:50	30.0	3924	4955	5980	8007	2855	3263	3764	5027	3912	4857	5697	7351
1:10:55	30.0	3944	4982	5871	7969	2796	3346	3736	5070	3944	4870	5690	7375
1:11:00	30.1	3950	4967	5823	7955	2828	3349	3737	5058	3959	4840	5775	7353
1:11:05	30.1	3872	5030	5884	7916	2819	3330	3770	5033	3936	4929	5796	7305
1:11:10	30.1	3894	4992	5811	8017	2784	3307	3685	5019	3940	4876	5690	7382
1:11:15	30.1	3900	4992	5856	7962	2835	3308	3769	5124	3948	4929	5805	7316
1:11:20	30.1	3867	4947	5882	8042	2819	3391	3799	5063	3986	4885	5659	7309
1:11:25	30.1	3899	4987	5847	7991	2822	3328	3804	5014	3920	4797	5669	7390
1:11:30	30.0	3929	4991	5864	8005	2821	3332	3746	5053	3951	4903	5736	7359
1:11:35	30.1	3868	4883	5899	7965	2806	3302	3722	4939	3975	4867	5701	7315
1:11:40	30.0	3857	5047	5887	8048	2848	3321	3740	4939	3985	4753	5754	7311
1:11:45	30.1	3942	5016	5918	7956	2814	3285	3770	5041	3980	4929	5733	7358
1:11:50	30.1	3834	4947	5904	7942	2782	3317	3725	5086	3933	4879	5606	7321
1:11:55	30.1	3891	4970	5813	7932	2836	3307	3837	4930	3879	4856	5712	7313
1:12:00	30.1	3881	4970	5865	8056	2854	3307	3824	4979	3832	4801	5736	7292
1:12:05	30.1	3842	5026	5860	7970	2789	3329	3837	5056	3888	4848	5614	7408
1:12:10	30.1	3875	4965	5858	7897	2786	3295	3716	5022	3891	4929	5748	7329
1:12:15	30.0	3897	4952	5806	7948	2762	3270	3782	5011	3918	4860	5677	7472
1:12:20	30.0	3885	5043	5922	7988	2794	3333	3727	5019	3889	4867	5703	7394
1:12:25	30.1	3865	4936	5868	8003	2827	3310	3705	5129	3922	4724	5690	7261
1:12:30	30.1	3891	4955	6006	7862	2821	3311	3769	4968	3928	4915	5811	7383
1:12:35	30.1	3876	4985	5835	7952	2774	3336	3728	5009	3911	4892	5664	7274
1:12:40	30.1	3948	5037	5896	8041	2737	3322	3710	4996	3953	4871	5755	7312
1:12:45	30.1	3912	4982	5883	7974	2764	3259	3739	4993	3928	4899	5713	7332
1:12:50	30.1	3879	5056	5911	7927	2763	3294	3765	5017	3927	4786	5733	7292
1:12:55	30.1	3854	5006	5803	7878	2841	3289	3703	4997	3927	4860	5793	7327
1:13:00	30.1	3824	4915	5837	7908	2830	3279	3721	5083	3855	4821	5643	7314
1:13:05	30.0	3955	4963	5907	8038	2803	3261	3760	5032	3914	4797	5763	7319
1:13:10	30.0	3893	5052	5842	7905	2749	3302	3709	5037	3922	4833	5705	7310
1:13:15	30.1	3906	4940	5915	7852	2812	3295	3717	5076	3885	4879	5625	7310
1:13:20	30.1	3895	4924	5904	8013	2783	3384	3730	5025	3993	4831	5706	7281
1:13:25	30.1	3933	4948	5880	8061	2840	3378	3726	5050	3903	4878	5767	7259
1:13:30	30.1	3839	4942	5885	7888	2811	3314	3733	4989	3936	4882	5709	7395
1:13:35	30.1	3869	4910	5898	7949	2775	3263	3750	4955	3895	4852	5749	7354
1:13:40	30.1	3877	4955	5901	7962	2847	3307	3730	5043	3936	4899	5754	7348
1:13:45	30.1	3849	4941	5993	7895	2777	3297	3673	5042	3850	4920	5634	7424
1:13:50	30.0	3972	4905	5864	7815	2869	3297	3776	5101	3886	4880	5667	7359
1:13:55	30.1	3905	4925	5889	7839	2833	3338	3645	4977	3886	4843	5646	7248
1:14:00	30.1	3866	4966	5892	8001	2841	3329	3754	4987	3894	4832	5718	7329
1:14:05	30.1	3854	4996	5792	7947	2859	3336	3745	4953	3872	4861	5698	7277
1:14:10	30.1	3870	4909	5803	7830	2818	3429	3749	5044	3950	4872	5690	7314
1:14:15	30.1	3797	4937	5875	7926	2827	3321	3727	4978	3913	4908	5720	7314
1:14:20	30.1	3861	5014	5866	8022	2779	3358	3768	5009	3870	4808	5656	7207
1:14:25	30.1	3881	4990	5813	7946	2803	3358	3717	5008	3961	4801	5760	7266
1:14:30	30.1	3904	4969	5873	7979	2770	3278	3771	5008	3951	4850	5783	7326
1:14:35	30.0	3848	4991	5854	7978	2786	3312	3742	5094	3962	4847	5730	7379
1:14:40	30.0	3816	4989	5927	7851	2779	3369	3765	5001	3988	4861	5732	7338
1:14:45	30.1	3865	5037	5852	7804	2801	3329	3738	5072	3976	4806	5631	7317
1:14:50	30.1	3901	4964	5862	7899	2770	3357	3742	5052	3887	4778	5698	7253
1:14:55	30.1	3757	4867	5836	7817	2856	3259	3785	5090	3869	4900	5669	7266
1:15:00	30.1	3865	4963	5854	7864	2862	3299	3837	4974	3962	4884	5769	7342
1:15:05	30.1	3901	4995	5820	8012	2778	3275	3679	4938	3863	4820	5737	7352
1:15:10	30.1	3862	4920	5875	7895	2841	3281	3679	5012	3858	4820	5673	7358
1:15:15	30.1	3977	4987	5792	7888	2767	3350	3758	5006	3899	4838	5758	7364
1:15:20	30.0	3894	5033	5844	7887	2844	3310	3767	5016	3920	4836	5671	7314
1:15:25	30.1	3885	4910	5832	7905	2809	3290	3730	4963	3875	4911	5624	7303
1:15:30	30.0	3851	4955	5759	7785	2813	3337	3782	5062	3846	4926	5715	7388
1:15:35	30.1	3820	5009	5869	7895	2862	3218	3716	5039	3822	4831	5717	7239
1:15:40	30.1	3901	4985	5924	7821	2791	3283	3705	4958	3870	4925	5736	7328
1:15:45	30.1	3901	4938	5815	7805	2791	3315	3701	4960	3951	4819	5673	7213
1:15:50	30.1	3814	5032	5822	7893	2800	3275	3766	5036	3875	4857	5760	7438
1:15:55	30.1	3887	5018	5863	7892	2775	3389	3761	4951	3921	4831	5695	7360
1:16:00	30.1	3856	4948	5871	7860	2783	3362	3795	4977	3875	4847	5682	7174
1:16:05	30.1	3859	4959	5902	7832	2801	3344	3771	4977	3933	4928	5684	7412
1:16:10	30.1	3856	4978	5833	7987	2815	3346	3757	5038	3821	4819	5812	7314
1:16:15	30.1	3843	4865	5809	7887	2738	3364	3694	4993	3885	4797	5703	7313
1:16:20	30.0	3835	4970	5861	7861	2769	3279	3822	5063	3984	4759	5667	7271
1:16:25	30.1	3865	4963	5744	7843	2714	3266	3766	5105	3919	4839	5732	7302
1:16:30	30.1	3848	4965	5829	7993	2786	3288	3713	4872	3880	4854	5726	7262
1:16:35	30.1	3792	5003	5879	7936	2787	3282	3687	4970	3925	4870	5635	7298
1:16:40	30.1	3858	4885	5832	7872	2802	3270	3640	4998	3958	4794	5712	7278
1:16:45	30.1	3872	4954	5817	7912	2814	3385	3730	5087	3897	4854	5788	7314
1:16:50	30.1	3851	4915	5840	8039	2739	3350	3692	4996	3882	4809	5659	7203
1:16:55	30.0	3835	4898	5770	7948	2820	3339	3705	4936	3893	4818	5685	7280
1:17:00	30.1	3841	4943	5825	7934	2776	3324	3751	4965	3892	4857	5665	7331
1:17:05	30.0	3867	4897	5868	7905	2825	3350	3720	4964	3965	4914	5684	7350
1:17:10	30.1	3831	4926	5764	7929	2820	3287	3749	4925	3980	4782	5709	7194
1:17:15	30.1	3895	4943	5817	8006	2820	3290	3702	5038	3841	4818	5709	7328
1:17:20	30.1	3877	4936	5772	7886	2814	3322	3711	5027	3939	4834	5609	7362
1:17:25	30.1	3829	4984	5876	7996	2760	3283	3645	5029	3872	4764	5675	7318
1:17:30	30.1	3856	5030	5880	7875	2766	3303	3737	4957	3880	4815	5677	7268
1:17:35	30.1	3852	4991	5880	7822	2786	3291	3744	5010	3911	4798	5653	7163
1:17:40	30.0	3864	4963	5870	7968	2734	3304	3713	5019	3791	4875	5799	7281
1:17:45	30.1	3844	4977	5924	7855	2826	3231	3740	4995	3886	4774	5643	7339
1:17:50	30.1	3811	4856	5850	7828	2831	3324	3711	4936	3875	4867	5686	7302
1:17:55	30.0	3839	4883	5823	7776	2766	3239	3745	5054	3940	4834	5663	7336
1:18:00	30.1	3842	5008	5809	7910	2777	3257	3734	5086	3880	4807	5735	7354
1:18:05	30.1	3814	4868	5835	7813	2832	3258	3662	5017	3927	4938	5618	7186
1:18:10	30.1	3840	4976	5797	7948	2786	3218	3727	4975	3876	4873	5654	7277
1:18:15	30.1	3917	4823	5842	7888	2775	3222	3764	4938	3942	4807	5773	7223
1:18:20	30.1	3825	5016	5793	7808	2712	3275	3741	4888	3925	4825	5664	7225
1:18:25	30.1	3809	4954	5849	7832	2804	3341	3696	4987	3904	4768	5698	7221
1:18:30	30.0	3879	4917	5848	7984	2813	3321	3736	5009	3887	4797	5627	7236
1:18:35	30.1	3803	4941	5772	7817	2792	3273	3741	4986	3886	4782	5578	7223
1:18:40	30.1	3809	4986	5765	7869	2783	3180	3681	5025	3855	4750	5602	7283
1:18:45	30.1	3833	4943	5797	7909	2775	3301	3723	4876	3894	4864	5667	7260
1:18:50	30.1	3820	4933	5837	7829	2780	3310	3702	4938	3923	4791	5704	7299
1:18:55	30.1	3872	4902	5840	7783	2751	3289	3719	5013	3893	4925	5625	7320
1:19:00	30.1	3809	4948	5828	7820	2785	3302	3741	4980	3802	4825	5686	7314
1:19:05	30.1	3863	4887	5774	7915	2774	3319	3718	5009	3910	4842	5708	7270
1:19:10	30.1	3903	4924	5800	7862	2790	3303	3681	5001	3846	4823	5588	7259
1:19:15	30.1	3874	4956	5846	7824	2799	3281	3735	4933	3913	4819	5702	7226
1:19:20	30.1	3819	4864	5831	7856	2738	3222	3784	5003	3897	4849	5656	7255
1:19:25	30.1	3851	4934	5864	7759	2799	3265	3747	4985	3847	4904	5648	7363
1:19:30	30.0	3845	4868	5815	7876	2785	3214	3657	4979	3848	4823	5750	7201
1:19:35	30.1	3821	4970	5713	7809	2786	3310	3721	4954	3866	4839	5678	7251
1:19:40	30.1	3801	4864	5755	7878	2755	3278	3706	5043	3880	4826	5689	7254
1:19:45	30.1	3843	4895	5868	7807	2781	3266	3733	5030	3888	4827	5739	7274
1:19:50	30.1	3808	4899	5754	7742	2789	3275	3716	4919	3842	4879	5728	7350
1:19:55	30.1	3817	4924	5793	7802	2772	3253	3704	4938	3921	4904	5642	7218
1:20:00	30.0	3851	4869	5824	7914	2839	3280	3682	5019	3859	4773	5572	7259
1:20:05	30.1	3855	4872	5840	7881	2793	3267	3638	4986	3823	4870	5635	7298
1:20:10	30.1	3797	4978	5852	7869	2763	3298	3699	4898	3871	4768	5639	7233
1:20:15	30.0	3850	4892	5823	7878	2756	3288	3678	4923	3948	4809	5726	7311
1:20:20	30.1	3859	4945	5853	7880	2762	3268	3660	4933	3896	4804	5733	7192
1:20:25	30.1	3771	4955	5704	7826	2824	3272	3691	4916	3875	4789	5618	7246
1:20:30	30.1	3781	4810	5815	7923	2808	3364	3681	4935	3922	4806	5651	7245
1:20:35	30.1	3757	4966	5807	7884	2806	3258	3721	4956	3885	4823	5725	7150
1:20:40	30.1	3839	4890	5803	7829	2793	3269	3696	5032	3836	4805	5718	7259
1:20:45	30.1	3854	4876	5830	7878	2807	3295	3708	4950	3931	4837	5685	7291
1:20:50	30.0	3803	4938	5814	7721	2816	3208	3740	4937	3913	4758	5648	7199
1:20:55	30.1	3879	4931	5823	7946	2824	3285	3710	4920	3883	4860	5694	7311
1:21:00	30.0	3823	4893	5749	7832	2789	3231	3685	4932	3874	4783	5650	7318
1:21:05	30.1	3882	4959	5788	7784	2786	3337	3776	4924	3907	4783	5621	7137
1:21:10	30.1	3867	4941	5842	7867	2765	3335	3682	4911	3919	4854	5652	7267
1:21:15	30.1	3811	4873	5871	7814	2769	3183	3773	4977	3872	4793	5662	7221
1:21:20	30.1	3779	4891	5754	7849	2830	3259	3670	4983	3869	4819	5713	7263
1:21:25	30.1	3815	4927	5798	7858	2806	3292	3720	4913	3870	4795	5618	7314
1:21:30	30.1	3856	4964	5880	7910	2765	3240	3673	4947	3834	4772	5717	7257
1:21:35	30.0	3780	4914	5759	7816	2793	3213	3672	4954	3863	4919	5623	7246
1:21:40	30.1	3779	5001	5863	7735	2759	3231	3730	5024	3887	4815	5655	7375
1:21:45	30.0	3868	4910	5871	7898	2749	3257	3696	4983	3874	4800	5649	7255
1:21:50	30.1	3945	4879	5823	7809	2746	3268	3721	4991	3868	4775	5654	7207
1:21:55	30.1	3823	4929	5759	7807	2769	3271	3722	5024	3925	4789	5663	7152
1:22:00	30.1	3791	4911	5791	7992	2756	3253	3630	4884	3897	4832	5574	7190
1:22:05	30.1	3849	4865	5876	7920	2791	3225	3729	4872	3919	4769	5627	7301
1:22:10	30.1	3844	4895	5834	7823	2770	3218	3698	4944	3867	4832	5699	7131
1:22:15	30.1	3872	4944	5764	8019	2726	3315	3751	4941	3864	4809	5602	7277
1:22:20	30.1	3806	4883	5717	7836	2783	3258	3701	4885	3856	4795	5582	7226
1:22:25	30.0	3780	4907	5732	7765	2766	3258	3671	4944	3862	4841	5667	7222
1:22:30	30.1	3852	4909	5827	7848	2720	3280	3748	4996	3887	4799	5644	7176
1:22:35	30.0	3770	4895	5793	7846	2790	3231	3710	4880	3840	4752	5651	7269
1:22:40	30.1	3809	4907	5761	7782	2764	3284	3744	4971	3853	4794	5671	7210
1:22:45	30.1	3854	4916	5839	7791	2748	3298	3601	4998	3828	4786	5550	7284
1:22:50	30.1	3811	4848	5823	7879	2771	3331	3707	5011	3816	4762	5695	7314
1:22:55	30.1	3813	4921	5775	7970	2759	3285	3746	4934	3888	4794	5596	7210
1:23:00	30.1	3870	4912	5850	7883	2732	3293	3697	4973	3793	4836	5702	7158

Results
	1	2	3	4	5	6	7	8	9	10	11	12
A													Max V [295,335]
													R-Squared [295,335]
													t at Max V [295,335]
													Lagtime [295,335]
B													Max V [295,335]
													R-Squared [295,335]
													t at Max V [295,335]
													Lagtime [295,335]
C													Max V [295,335]
													R-Squared [295,335]
													t at Max V [295,335]
													Lagtime [295,335]
D													Max V [295,335]
													R-Squared [295,335]
													t at Max V [295,335]
													Lagtime [295,335]
E	-2196000.000	2688000.000	-3156000.000	-4344000.000	-2196000.000	-2100000.000	-2172000.000	-2820000.000	2532000.000	-2328000.000	3048000.000	3108000.000	Max V [295,335]
	1.000	1.000	1.000	1.000	1.000	1.000	1.000	1.000	1.000	1.000	1.000	1.000	R-Squared [295,335]
	0:16:28	0:10:53	0:47:48	0:03:23	0:00:38	0:41:03	0:16:03	0:00:48	0:50:48	0:00:18	0:02:08	0:31:23	t at Max V [295,335]
	0:15:50	0:11:17	0:46:43	0:03:15	0:00:33	0:40:13	0:15:19	0:00:42	0:51:51	0:00:16	0:02:30	0:32:42	Lagtime [295,335]
F													Max V [295,335]
													R-Squared [295,335]
													t at Max V [295,335]
													Lagtime [295,335]
G													Max V [295,335]
													R-Squared [295,335]
													t at Max V [295,335]
													Lagtime [295,335]
H													Max V [295,335]
													R-Squared [295,335]
													t at Max V [295,335]
													Lagtime [295,335]

