

Software Version	3.03.14

Procedure Details

Plate Type	96 WELL PLATE
Set Temperature	Setpoint 30°C
	Preheat before moving to next step
Start Kinetic	Runtime 0:40:00 (HH:MM:SS), Interval 0:00:05, 481 Reads
    Read	Fluorescence Endpoint
	G1..G12
	Filter Set 1
	    Excitation: 295,  Emission: 335
	    Optics: Top,  Gain: 80
	Light Source: Xenon Flash,  Lamp Energy: High
	Read Speed: Normal,  Delay: 0 msec,  Measurements/Data Point: 5
	Read Height: 8 mm
End Kinetic	

Layout
	1	2	3	4	5	6	7	8	9	10	11	12
A													Well ID
B													Well ID
C													Well ID
D													Well ID
E													Well ID
F													Well ID
G	SPL1	SPL2	SPL3	SPL4	SPL5	SPL6	SPL7	SPL8	SPL9	SPL10	SPL11	SPL12	Well ID
H													Well ID

295,335

Time	T° 295,335	G1	G2	G3	G4	G5	G6	G7	G8	G9	G10	G11	G12
0:00:00	30.0	7359	9004	10943	13400	7207	9072	10787	12641	6250	7826	8769	10445
0:00:05	30.0	7244	8977	10827	13307	6963	8953	10612	12605	6192	7935	8748	10468
0:00:10	30.0	7259	8937	10662	13361	6946	8914	10475	12556	6191	7882	8806	10483
0:00:15	30.0	7355	8816	10654	13329	6806	8838	10421	12487	6190	7935	8679	10355
0:00:20	30.0	7214	8901	10458	12956	6839	8659	10248	12197	6104	7894	8739	10384
0:00:25	30.0	7138	8699	10474	12760	6702	8529	10203	12204	6135	7909	8711	10451
0:00:30	30.0	7097	8670	10353	12796	6666	8424	9947	12056	6136	7744	8610	10250
0:00:35	30.0	6913	8597	10184	12740	6513	8182	9919	11871	6029	7687	8531	10346
0:00:40	30.0	6957	8445	10100	12778	6502	8153	9739	11761	6035	7683	8581	10387
0:00:45	30.0	6798	8520	9970	12628	6169	8126	9746	11582	5936	7613	8631	10242
0:00:50	30.0	6809	8458	9803	12454	6185	8008	9669	11577	5924	7646	8555	10095
0:00:55	30.0	6673	8448	9781	12415	6128	7884	9450	11276	5906	7582	8372	10136
0:01:00	30.0	6660	8158	9803	12222	5998	7822	9569	11390	5762	7524	8457	10106
0:01:05	30.0	6594	8138	9733	12266	5995	7729	9328	11288	5772	7592	8395	10027
0:01:10	30.0	6618	8208	9632	12236	5863	7721	9275	11199	5837	7519	8324	10165
0:01:15	30.0	6530	8194	9617	12171	5807	7644	9215	11022	5795	7366	8503	9991
0:01:20	30.1	6469	8035	9532	12022	5760	7566	9251	11039	5706	7360	8299	9989
0:01:25	30.0	6425	8051	9411	11935	5648	7454	8935	10829	5704	7490	8334	9906
0:01:30	30.0	6291	7925	9208	12003	5618	7490	8998	10876	5658	7511	8302	9940
0:01:35	30.0	6353	7918	9274	11849	5575	7326	8966	10753	5722	7404	8209	9859
0:01:40	30.0	6260	7830	9077	11786	5545	7336	8883	10667	5599	7354	8144	9756
0:01:45	30.0	6248	7759	9125	11579	5516	7195	8760	10575	5570	7395	8185	9936
0:01:50	30.0	6103	7688	9104	11628	5397	7186	8709	10439	5543	7308	8213	9878
0:01:55	30.0	6193	7720	9077	11537	5409	7087	8553	10641	5548	7283	8128	9798
0:02:00	30.0	6129	7526	9097	11383	5335	7203	8575	10465	5553	7257	8071	9787
0:02:05	30.0	6046	7538	8940	11389	5305	7034	8446	10269	5481	7247	8079	9788
0:02:10	30.0	6000	7581	8882	11313	5362	6991	8645	10271	5506	7128	7991	9757
0:02:15	30.0	5907	7526	8801	11250	5238	6883	8417	10300	5497	7153	7972	9714
0:02:20	30.0	5949	7475	8832	11402	5282	6933	8388	10219	5426	7150	8003	9522
0:02:25	30.0	5863	7323	8841	11185	5208	6927	8408	10104	5402	6982	7955	9544
0:02:30	30.0	5827	7399	8670	11190	5193	6798	8366	10085	5396	7093	8025	9671
0:02:35	30.0	5881	7335	8685	11070	5161	6781	8349	10061	5375	7149	8035	9488
0:02:40	30.0	5798	7321	8672	11056	5150	6726	8315	10014	5301	6967	7986	9515
0:02:45	30.0	5767	7245	8576	10983	5142	6881	8268	10036	5348	6892	7890	9602
0:02:50	30.0	5721	7236	8645	10921	5104	6687	8212	10012	5306	6963	7821	9484
0:02:55	30.0	5711	7080	8531	10781	5033	6697	8167	9870	5214	7033	7880	9488
0:03:00	30.0	5641	7109	8462	10734	5097	6776	8043	10025	5236	6960	7746	9449
0:03:05	30.0	5562	7086	8347	10676	5090	6621	8101	9802	5219	6872	7632	9349
0:03:10	30.0	5630	7076	8406	10704	5047	6618	8124	9832	5265	6878	7639	9446
0:03:15	30.0	5535	7012	8345	10623	4901	6507	8053	9739	5173	6749	7756	9394
0:03:20	30.0	5484	6922	8375	10538	5016	6474	8066	9719	5229	6835	7579	9361
0:03:25	30.0	5589	6840	8359	10464	4936	6468	7913	9688	5259	6766	7742	9344
0:03:30	30.0	5512	6784	8272	10497	5008	6479	8106	9688	5132	6761	7542	9354
0:03:35	30.0	5407	6814	8168	10466	4986	6458	7979	9642	5166	6765	7500	9174
0:03:40	30.0	5482	6863	8110	10416	4863	6492	7935	9578	5116	6721	7545	9277
0:03:45	30.0	5517	6780	7999	10314	4934	6463	7922	9555	5092	6674	7644	9096
0:03:50	30.0	5388	6777	8040	10274	4939	6426	7959	9574	5017	6647	7396	9144
0:03:55	30.0	5404	6700	8015	10299	4871	6424	7948	9550	5050	6598	7473	9236
0:04:00	30.0	5358	6732	7994	10294	4896	6355	7855	9557	4973	6718	7451	9180
0:04:05	30.0	5355	6685	7999	10153	4914	6484	7906	9556	4906	6566	7483	9093
0:04:10	30.0	5311	6541	8009	10151	4894	6321	7772	9496	4946	6635	7474	9149
0:04:15	30.0	5307	6584	8024	10080	4824	6395	7768	9289	5017	6544	7398	8991
0:04:20	30.0	5269	6599	8019	10151	4894	6351	7666	9491	5034	6585	7313	9045
0:04:25	30.0	5174	6559	7815	10203	4886	6373	7820	9447	4986	6534	7346	8994
0:04:30	30.0	5229	6531	7795	9954	4813	6249	7846	9335	4982	6585	7416	8898
0:04:35	30.0	5197	6535	7788	9871	4852	6144	7843	9428	4910	6509	7324	8858
0:04:40	30.0	5246	6462	7796	9896	4834	6269	7722	9453	4880	6426	7262	8871
0:04:45	30.0	5213	6359	7696	9848	4876	6349	7603	9441	4884	6399	7288	8935
0:04:50	30.0	5105	6456	7659	9791	4858	6191	7638	9227	4842	6440	7303	8868
0:04:55	30.0	5149	6291	7637	9879	4733	6230	7681	9241	4832	6408	7117	8941
0:05:00	30.0	5147	6382	7682	9856	4799	6247	7709	9358	4839	6366	7271	8930
0:05:05	30.0	5080	6372	7707	9794	4845	6250	7632	9129	4775	6401	7296	8938
0:05:10	30.0	5041	6297	7543	9666	4821	6265	7648	9224	4812	6353	7080	8863
0:05:15	30.0	5110	6309	7564	9772	4806	6219	7570	9316	4803	6357	7186	8772
0:05:20	30.0	5131	6298	7570	9764	4721	6233	7608	9177	4792	6301	7132	8745
0:05:25	30.0	5022	6349	7594	9658	4828	6163	7745	9232	4830	6271	7092	8670
0:05:30	30.0	5033	6248	7475	9607	4790	6217	7604	9109	4736	6265	7097	8718
0:05:35	30.0	4943	6374	7430	9695	4751	6291	7630	9134	4749	6314	6958	8743
0:05:40	30.0	5030	6151	7398	9485	4719	6196	7576	9151	4777	6263	7095	8774
0:05:45	30.0	4994	6257	7401	9565	4762	6172	7461	9097	4681	6295	7059	8766
0:05:50	30.0	4994	6233	7455	9461	4689	6201	7585	9189	4704	6254	6970	8736
0:05:55	30.0	4975	6174	7415	9525	4824	6133	7620	9067	4772	6197	7105	8709
0:06:00	30.0	4989	6177	7448	9464	4763	6290	7532	9110	4650	6255	7044	8632
0:06:05	30.0	4960	6127	7415	9388	4705	6156	7406	9026	4704	6098	7019	8618
0:06:10	30.0	4944	6224	7367	9476	4738	6142	7500	9194	4658	6184	6933	8612
0:06:15	30.0	4935	6093	7237	9472	4770	6077	7502	9164	4673	6192	6970	8598
0:06:20	30.0	4937	6099	7270	9465	4753	6242	7583	9079	4635	6165	7000	8496
0:06:25	30.0	4895	6186	7229	9402	4785	6131	7523	9043	4607	6079	6822	8504
0:06:30	30.0	4870	6032	7242	9394	4790	6075	7503	9115	4631	6167	6901	8437
0:06:35	30.0	4948	6134	7316	9452	4764	6051	7564	9014	4595	6098	6912	8469
0:06:40	30.0	4923	5992	7320	9224	4702	6145	7591	9097	4641	6114	6870	8556
0:06:45	30.0	4920	6075	7175	9396	4730	6108	7566	8990	4658	6088	6893	8469
0:06:50	30.0	4862	5967	7164	9184	4676	6105	7446	8911	4594	6099	6895	8476
0:06:55	30.0	4900	6032	7262	9263	4768	6154	7443	9066	4598	6042	6813	8522
0:07:00	30.0	4897	6021	7165	9323	4714	6165	7541	9034	4581	6020	6772	8535
0:07:05	30.0	4892	5996	7153	9201	4706	6225	7443	9062	4649	5940	6875	8467
0:07:10	30.0	4861	6003	7099	9228	4751	6178	7593	9043	4553	6005	6684	8394
0:07:15	30.0	4833	5878	7107	9122	4710	6101	7428	8953	4554	5994	6772	8391
0:07:20	30.0	4835	6045	7109	9174	4738	6128	7346	9001	4560	6076	6725	8321
0:07:25	30.0	4791	5885	7076	9141	4699	6042	7469	9017	4501	5899	6756	8414
0:07:30	30.0	4846	5856	7117	9131	4706	6026	7360	8999	4577	6094	6785	8381
0:07:35	30.0	4815	5984	7002	9172	4761	6047	7414	9072	4513	6015	6708	8313
0:07:40	30.0	4810	5856	7104	9199	4713	6024	7367	8929	4499	5833	6631	8274
0:07:45	30.0	4750	5873	7107	9053	4693	6087	7486	8990	4561	5910	6725	8336
0:07:50	30.0	4757	5934	7053	9191	4695	6084	7456	8943	4502	5891	6729	8313
0:07:55	30.0	4807	5894	7042	9029	4711	6040	7437	8947	4460	5937	6661	8260
0:08:00	30.0	4742	5874	7053	8975	4722	6040	7334	8968	4502	5883	6651	8315
0:08:05	30.0	4748	5862	6945	9082	4682	6029	7389	8880	4435	5884	6619	8329
0:08:10	30.0	4702	5903	7015	9026	4656	6090	7396	8940	4467	5852	6708	8313
0:08:15	30.0	4731	5847	7038	8891	4718	6064	7401	8948	4437	5890	6624	8161
0:08:20	30.0	4758	5876	7020	8938	4674	6101	7394	8854	4407	5915	6624	8220
0:08:25	30.0	4759	5932	6931	8996	4659	6082	7440	9009	4407	5831	6649	8101
0:08:30	30.0	4700	5866	6987	9076	4636	6077	7498	8980	4486	5855	6600	8156
0:08:35	30.0	4682	5858	6970	8979	4652	6187	7434	8911	4408	5862	6544	8218
0:08:40	30.0	4698	5780	7010	8957	4772	6065	7414	8845	4406	5837	6556	8221
0:08:45	30.0	4748	5848	6955	8899	4672	6117	7361	8931	4409	5725	6499	8032
0:08:50	30.0	4719	5741	6950	8922	4656	6135	7400	8924	4356	5804	6612	8064
0:08:55	30.0	4621	5770	6935	8894	4778	6056	7354	8933	4408	5876	6532	8218
0:09:00	30.0	4729	5803	6900	9028	4703	6131	7378	8885	4381	5771	6524	8132
0:09:05	30.0	4736	5728	6845	8870	4727	6127	7364	8873	4358	5705	6484	8100
0:09:10	30.0	4654	5814	6913	8923	4739	6057	7301	8836	4417	5766	6508	7980
0:09:15	30.0	4694	5750	6884	8868	4708	6112	7401	8856	4366	5842	6485	8112
0:09:20	30.0	4645	5790	6844	8783	4792	6077	7367	8970	4433	5848	6519	7986
0:09:25	30.0	4724	5726	7003	8804	4672	5993	7420	8798	4358	5715	6476	8090
0:09:30	30.0	4665	5819	6838	8853	4734	6073	7391	8837	4383	5778	6470	8028
0:09:35	30.0	4671	5790	6927	8733	4671	6082	7378	8886	4363	5732	6433	7940
0:09:40	30.0	4733	5696	6832	8918	4653	6059	7411	8859	4369	5759	6538	8016
0:09:45	30.0	4617	5702	6892	8757	4656	6092	7326	8781	4355	5703	6458	8017
0:09:50	30.0	4635	5716	6909	8736	4649	6082	7380	8764	4316	5732	6480	7940
0:09:55	30.0	4612	5722	6856	8764	4683	6031	7341	8942	4367	5697	6403	7986
0:10:00	30.0	4578	5627	6772	8774	4763	6148	7470	8903	4356	5619	6342	8002
0:10:05	30.0	4626	5684	6865	8576	4675	5987	7349	8797	4342	5719	6498	7928
0:10:10	30.0	4662	5776	6827	8720	4723	6106	7398	8744	4337	5634	6476	8019
0:10:15	30.0	4657	5753	6849	8632	4633	6018	7285	8821	4292	5694	6385	7773
0:10:20	30.0	4663	5699	6767	8712	4600	5945	7492	8776	4364	5747	6432	7878
0:10:25	30.1	4639	5703	6842	8727	4648	6087	7391	8804	4295	5763	6360	7883
0:10:30	30.0	4660	5641	6674	8819	4705	5984	7214	8866	4333	5658	6406	7910
0:10:35	30.0	4601	5699	6735	8751	4697	6072	7406	8748	4333	5694	6384	7880
0:10:40	30.0	4693	5629	6841	8691	4700	6012	7292	8820	4293	5680	6294	7878
0:10:45	30.0	4597	5664	6774	8596	4702	6072	7332	8856	4294	5676	6414	7886
0:10:50	30.0	4568	5735	6783	8718	4588	6097	7390	8789	4322	5648	6292	7838
0:10:55	30.0	4709	5723	6915	8611	4663	6115	7349	8858	4321	5654	6309	7839
0:11:00	30.0	4584	5661	6736	8665	4636	6060	7313	8809	4295	5616	6215	7788
0:11:05	30.0	4525	5706	6872	8711	4561	6050	7262	8775	4334	5564	6366	7811
0:11:10	30.0	4549	5672	6765	8671	4640	6094	7323	8842	4281	5589	6240	7787
0:11:15	30.0	4617	5689	6779	8682	4580	6065	7262	8825	4154	5580	6270	7771
0:11:20	30.0	4558	5718	6761	8601	4630	6127	7374	8794	4214	5747	6247	7794
0:11:25	30.0	4541	5600	6678	8600	4683	6086	7323	8857	4249	5574	6272	7785
0:11:30	30.0	4607	5695	6667	8511	4693	6092	7304	8846	4238	5664	6185	7794
0:11:35	30.0	4561	5647	6751	8537	4701	6074	7296	8806	4277	5632	6317	7719
0:11:40	30.0	4645	5627	6732	8679	4693	6028	7369	8756	4226	5633	6174	7810
0:11:45	30.0	4628	5680	6795	8592	4593	6083	7279	8719	4217	5740	6211	7755
0:11:50	30.0	4551	5671	6698	8704	4636	6029	7362	8782	4149	5594	6207	7761
0:11:55	30.0	4528	5706	6760	8563	4651	6036	7203	8799	4186	5559	6265	7750
0:12:00	30.0	4637	5644	6730	8527	4660	5980	7322	8864	4181	5565	6301	7819
0:12:05	30.0	4619	5641	6755	8631	4608	6058	7258	8718	4270	5518	6219	7640
0:12:10	30.0	4525	5636	6748	8611	4632	6092	7296	8962	4242	5473	6255	7638
0:12:15	30.0	4546	5648	6678	8582	4659	6023	7341	8784	4147	5525	6315	7707
0:12:20	30.0	4537	5603	6687	8611	4632	6021	7313	8775	4268	5510	6258	7692
0:12:25	30.0	4589	5694	6719	8528	4635	6042	7336	8708	4165	5588	6206	7700
0:12:30	30.0	4565	5673	6675	8566	4645	6126	7273	8810	4168	5460	6205	7759
0:12:35	30.0	4561	5709	6699	8635	4656	5981	7326	8864	4194	5512	6084	7621
0:12:40	30.0	4620	5635	6730	8526	4633	6008	7308	8922	4274	5496	6197	7639
0:12:45	30.0	4560	5640	6753	8536	4611	6109	7312	8843	4145	5507	6104	7709
0:12:50	30.0	4570	5638	6665	8531	4722	6155	7319	8717	4082	5517	6238	7623
0:12:55	30.0	4525	5648	6670	8524	4618	6024	7387	8732	4168	5473	6195	7621
0:13:00	30.0	4503	5646	6682	8479	4677	5980	7257	8674	4217	5590	6220	7588
0:13:05	30.0	4574	5598	6710	8442	4721	6120	7288	8867	4231	5591	6145	7683
0:13:10	30.0	4571	5634	6734	8489	4618	6021	7186	8720	4202	5485	6156	7594
0:13:15	30.0	4556	5601	6715	8518	4656	6023	7316	8616	4202	5488	6201	7600
0:13:20	30.0	4524	5576	6685	8500	4687	6066	7218	8816	4195	5521	6119	7590
0:13:25	30.0	4563	5623	6734	8491	4590	6133	7276	8726	4205	5463	6150	7559
0:13:30	30.0	4539	5660	6763	8551	4614	6047	7325	8727	4214	5464	6197	7637
0:13:35	30.0	4547	5785	6669	8486	4621	6087	7345	8787	4177	5434	6132	7526
0:13:40	30.0	4532	5631	6717	8469	4573	6073	7214	8776	4171	5503	6173	7612
0:13:45	30.0	4506	5606	6681	8547	4650	6069	7268	8800	4172	5456	6214	7556
0:13:50	30.0	4560	5640	6728	8485	4675	6072	7344	8766	4098	5464	6089	7505
0:13:55	30.0	4505	5718	6630	8585	4577	5973	7337	8862	4210	5383	6056	7519
0:14:00	30.0	4485	5670	6652	8537	4652	6062	7307	8666	4160	5513	6113	7468
0:14:05	30.0	4570	5573	6715	8466	4636	6063	7311	8757	4185	5459	6142	7602
0:14:10	30.0	4528	5538	6682	8404	4640	6031	7183	8793	4175	5432	6021	7555
0:14:15	30.0	4594	5511	6627	8556	4654	6045	7400	8703	4156	5491	6133	7417
0:14:20	30.0	4500	5518	6657	8417	4665	6018	7333	8692	4102	5430	6102	7474
0:14:25	30.0	4526	5597	6779	8423	4746	6013	7278	8707	4150	5540	6117	7445
0:14:30	30.0	4500	5626	6562	8472	4711	6026	7204	8690	4128	5456	6079	7486
0:14:35	30.0	4446	5683	6661	8524	4648	6043	7232	8754	4111	5377	5983	7533
0:14:40	30.0	4481	5582	6656	8300	4587	6016	7271	8713	4129	5429	6156	7485
0:14:45	30.0	4513	5534	6669	8485	4711	6074	7282	8866	4172	5449	6053	7376
0:14:50	30.1	4542	5601	6634	8475	4657	6109	7271	8770	4166	5416	6100	7446
0:14:55	30.1	4503	5544	6644	8474	4657	6058	7190	8662	4109	5401	6138	7449
0:15:00	30.0	4510	5559	6715	8420	4605	6059	7253	8732	4123	5386	6038	7537
0:15:05	30.0	4473	5542	6604	8474	4583	6153	7314	8845	4152	5339	6066	7497
0:15:10	30.0	4584	5639	6673	8471	4621	6001	7154	8638	4033	5385	5988	7418
0:15:15	30.0	4553	5659	6579	8449	4640	5981	7265	8769	4135	5356	6005	7458
0:15:20	30.0	4543	5629	6523	8564	4637	5985	7200	8681	4193	5351	6032	7459
0:15:25	30.0	4520	5673	6633	8401	4576	5916	7221	8789	4149	5363	6020	7354
0:15:30	30.0	4478	5594	6691	8445	4608	5958	7238	8774	4143	5318	5980	7322
0:15:35	30.0	4409	5620	6737	8474	4725	6077	7231	8793	4173	5393	6052	7352
0:15:40	30.1	4477	5625	6591	8418	4672	6043	7254	8827	4101	5381	5964	7447
0:15:45	30.1	4466	5607	6703	8469	4638	5973	7200	8746	4115	5375	6062	7488
0:15:50	30.0	4544	5516	6663	8368	4544	6095	7325	8690	4138	5443	5958	7407
0:15:55	30.0	4478	5608	6645	8406	4625	5972	7150	8827	4021	5353	5987	7399
0:16:00	30.0	4450	5518	6649	8471	4661	6031	7197	8695	4092	5420	5925	7381
0:16:05	30.0	4478	5540	6749	8486	4652	6019	7191	8732	4130	5332	6009	7329
0:16:10	30.0	4555	5672	6712	8477	4636	5983	7281	8734	4114	5312	5978	7391
0:16:15	30.0	4498	5588	6655	8373	4538	5995	7255	8704	4171	5376	5990	7314
0:16:20	30.0	4482	5605	6594	8441	4632	5968	7117	8828	4103	5313	5990	7414
0:16:25	30.0	4565	5553	6575	8419	4646	6071	7230	8751	4082	5343	5987	7338
0:16:30	30.0	4519	5581	6666	8518	4631	5991	7164	8637	4178	5341	5972	7394
0:16:35	30.0	4525	5551	6593	8352	4630	6020	7217	8685	4110	5433	5983	7305
0:16:40	30.0	4484	5518	6649	8456	4646	5933	7242	8727	4127	5440	6047	7349
0:16:45	30.0	4551	5559	6631	8533	4579	6011	7167	8777	4085	5344	5919	7381
0:16:50	30.0	4504	5584	6635	8391	4514	5908	7285	8709	4030	5356	5993	7308
0:16:55	30.0	4464	5545	6632	8408	4704	6032	7262	8772	4094	5299	5978	7305
0:17:00	30.0	4469	5558	6736	8539	4576	5970	7167	8695	4064	5310	6059	7371
0:17:05	30.0	4465	5603	6662	8415	4661	6025	7303	8570	4068	5334	5974	7322
0:17:10	30.0	4486	5479	6608	8436	4628	5983	7201	8737	4112	5333	6001	7366
0:17:15	30.0	4520	5544	6512	8440	4658	6024	7268	8691	4078	5353	5902	7370
0:17:20	30.0	4534	5444	6705	8447	4595	6043	7268	8664	4109	5307	5919	7325
0:17:25	30.0	4527	5587	6644	8440	4644	6004	7210	8669	4128	5288	6001	7277
0:17:30	30.0	4523	5525	6583	8314	4554	6009	7233	8643	4074	5284	5979	7320
0:17:35	30.0	4544	5518	6511	8453	4650	5925	7143	8581	4163	5240	5944	7413
0:17:40	30.0	4480	5547	6696	8381	4632	5917	7211	8748	4065	5309	5978	7339
0:17:45	30.0	4421	5587	6677	8404	4620	6005	7082	8616	4082	5243	5894	7235
0:17:50	30.0	4549	5531	6720	8418	4641	5991	7207	8683	4231	5311	5905	7259
0:17:55	30.0	4511	5555	6678	8494	4614	5970	7232	8789	4121	5337	5967	7239
0:18:00	30.0	4446	5602	6667	8321	4647	5930	7399	8698	4127	5257	5933	7206
0:18:05	30.0	4445	5527	6626	8443	4557	5969	7234	8605	4037	5325	5940	7164
0:18:10	30.0	4496	5504	6599	8404	4572	5995	7140	8678	4142	5309	5940	7238
0:18:15	30.0	4419	5531	6703	8430	4596	6033	7204	8760	4091	5327	5887	7245
0:18:20	30.0	4384	5556	6699	8478	4622	6017	7200	8753	4063	5348	5985	7198
0:18:25	30.0	4460	5591	6604	8320	4623	5944	7177	8687	4136	5322	5854	7286
0:18:30	30.0	4513	5595	6719	8468	4608	5979	7240	8676	4145	5254	5875	7290
0:18:35	30.0	4479	5509	6659	8524	4585	6011	7201	8622	4090	5366	5987	7287
0:18:40	30.0	4459	5489	6561	8579	4719	6026	7216	8707	4092	5321	5889	7257
0:18:45	30.0	4495	5502	6584	8498	4610	5951	7211	8663	4049	5308	5955	7372
0:18:50	30.0	4494	5536	6695	8400	4633	5966	7104	8755	4098	5273	5863	7134
0:18:55	30.0	4476	5533	6684	8473	4652	5980	7191	8707	4117	5215	5967	7243
0:19:00	30.0	4428	5565	6658	8298	4650	5988	7217	8691	4103	5230	5895	7210
0:19:05	30.0	4444	5471	6617	8455	4603	6028	7214	8699	4064	5222	5793	7164
0:19:10	30.0	4459	5552	6584	8451	4679	6047	7292	8690	4093	5320	5839	7193
0:19:15	30.0	4450	5545	6630	8397	4633	5972	7209	8672	4043	5319	5895	7222
0:19:20	30.0	4440	5482	6654	8534	4629	5978	7118	8629	4061	5275	5943	7182
0:19:25	30.1	4488	5576	6710	8420	4595	5971	7189	8651	4069	5249	5859	7248
0:19:30	30.1	4462	5563	6625	8418	4550	5996	7285	8676	4048	5180	5875	7297
0:19:35	30.1	4454	5547	6585	8440	4652	6038	7241	8701	4053	5336	5841	7182
0:19:40	30.0	4470	5505	6713	8477	4615	5986	7222	8697	4084	5248	5801	7143
0:19:45	30.1	4488	5456	6681	8486	4708	5956	7237	8602	4085	5326	5912	7023
0:19:50	30.1	4537	5533	6601	8459	4651	6003	7165	8675	4058	5329	5836	7118
0:19:55	30.1	4470	5474	6632	8402	4602	6002	7161	8561	4098	5284	5863	7040
0:20:00	30.1	4456	5496	6729	8528	4636	5967	7214	8739	4102	5260	5787	7187
0:20:05	30.0	4499	5545	6748	8421	4554	5943	7061	8546	4036	5253	5808	7054
0:20:10	30.1	4477	5557	6698	8353	4642	6036	7239	8636	4111	5182	5773	7248
0:20:15	30.1	4529	5430	6586	8524	4644	5900	7135	8600	4089	5338	5968	7184
0:20:20	30.1	4486	5517	6617	8474	4613	6030	7265	8646	4109	5235	5830	7118
0:20:25	30.1	4448	5594	6524	8426	4654	5951	7196	8677	4094	5273	5752	7104
0:20:30	30.1	4529	5528	6543	8449	4625	5960	7171	8705	4073	5282	5883	7219
0:20:35	30.1	4473	5552	6689	8469	4574	5962	7173	8623	4100	5223	5868	7157
0:20:40	30.1	4495	5494	6609	8420	4601	5999	7128	8583	4066	5250	5836	7151
0:20:45	30.1	4458	5486	6618	8338	4678	5979	7086	8650	4098	5312	5900	7069
0:20:50	30.0	4462	5461	6613	8417	4649	5915	7182	8700	4040	5229	5845	7137
0:20:55	30.1	4422	5548	6613	8443	4681	6002	7210	8652	4069	5275	5767	7104
0:21:00	30.1	4447	5479	6570	8507	4633	5942	7199	8605	4035	5127	5828	7261
0:21:05	30.1	4450	5469	6558	8467	4652	5945	7128	8727	4055	5288	5821	7095
0:21:10	30.0	4359	5486	6633	8419	4647	5938	7210	8653	4031	5277	5872	7137
0:21:15	30.1	4509	5533	6590	8463	4628	5995	7079	8509	4029	5296	5773	7025
0:21:20	30.1	4441	5517	6667	8553	4657	5954	7199	8680	4062	5289	5857	7026
0:21:25	30.1	4433	5550	6611	8506	4680	5953	7112	8653	4029	5253	5854	7164
0:21:30	30.1	4396	5532	6594	8434	4592	5935	7116	8546	4119	5215	5748	7119
0:21:35	30.0	4427	5478	6742	8435	4602	5988	7119	8708	3970	5127	5796	6989
0:21:40	30.1	4441	5488	6609	8447	4586	5944	7046	8636	4107	5216	5846	7105
0:21:45	30.1	4412	5498	6630	8474	4645	5929	7136	8552	4047	5279	5786	7104
0:21:50	30.1	4378	5510	6665	8509	4639	5921	7072	8652	4034	5207	5839	7039
0:21:55	30.1	4466	5536	6590	8469	4598	5972	7109	8549	4059	5228	5766	7177
0:22:00	30.1	4467	5427	6615	8534	4653	5861	7084	8535	4103	5202	5897	7175
0:22:05	30.1	4448	5463	6605	8528	4602	5933	7105	8557	3994	5174	5760	7123
0:22:10	30.1	4462	5532	6537	8475	4594	5853	7167	8627	3996	5271	5779	7159
0:22:15	30.1	4480	5459	6690	8525	4601	6040	7115	8742	4005	5218	5785	7112
0:22:20	30.1	4496	5561	6562	8538	4650	5973	7219	8533	4088	5209	5824	6981
0:22:25	30.1	4467	5457	6713	8426	4627	5877	7139	8584	3976	5240	5802	7085
0:22:30	30.1	4420	5522	6650	8410	4626	5980	7168	8602	4042	5182	5824	7113
0:22:35	30.1	4461	5406	6527	8437	4681	6057	7230	8602	3968	5307	5794	7021
0:22:40	30.1	4397	5481	6554	8498	4652	5976	7081	8655	3967	5205	5810	7090
0:22:45	30.1	4387	5432	6636	8488	4675	5933	7142	8608	4065	5185	5694	7096
0:22:50	30.1	4485	5476	6622	8395	4633	6071	7152	8581	4004	5168	5904	7074
0:22:55	30.1	4405	5455	6755	8513	4637	5942	7058	8587	4074	5202	5821	7126
0:23:00	30.1	4531	5436	6643	8353	4667	5932	7135	8550	4060	5300	5797	7025
0:23:05	30.1	4506	5554	6625	8410	4655	5895	7216	8617	3990	5207	5758	6980
0:23:10	30.1	4467	5466	6453	8624	4588	5898	7128	8590	3971	5139	5791	7112
0:23:15	30.1	4436	5467	6642	8538	4666	5841	7198	8656	4001	5256	5784	7113
0:23:20	30.1	4477	5475	6675	8411	4634	5946	7047	8628	4014	5192	5660	6964
0:23:25	30.1	4437	5489	6625	8450	4745	5990	7123	8627	4001	5093	5742	7078
0:23:30	30.1	4456	5463	6528	8586	4648	5949	7023	8484	3938	5186	5773	7014
0:23:35	30.1	4434	5488	6713	8474	4613	5986	7128	8585	4013	5171	5762	7024
0:23:40	30.1	4463	5508	6663	8538	4612	5960	7149	8488	4073	5192	5780	7018
0:23:45	30.1	4381	5451	6676	8453	4599	5988	7096	8477	4051	5194	5752	6907
0:23:50	30.1	4356	5480	6597	8559	4674	6012	7131	8579	4050	5221	5786	6869
0:23:55	30.1	4410	5551	6584	8610	4681	5972	7156	8522	4008	5183	5674	7058
0:24:00	30.1	4398	5406	6578	8589	4615	5864	7107	8512	4041	5195	5714	7101
0:24:05	30.1	4427	5487	6584	8487	4650	5976	7057	8658	4036	5172	5771	6957
0:24:10	30.1	4385	5476	6600	8478	4694	5946	7121	8593	4072	5137	5809	6979
0:24:15	30.1	4388	5477	6585	8488	4707	5987	7159	8737	3973	5177	5711	7011
0:24:20	30.1	4305	5452	6642	8520	4760	5978	7047	8541	3996	5202	5782	6983
0:24:25	30.1	4488	5482	6553	8533	4690	5969	7110	8611	4090	5260	5720	7071
0:24:30	30.1	4451	5418	6616	8559	4685	5937	6971	8646	4022	5067	5749	7036
0:24:35	30.1	4354	5472	6601	8531	4629	5907	7117	8475	4064	5202	5969	6931
0:24:40	30.1	4381	5443	6545	8494	4646	5977	7139	8555	3949	5171	5788	6943
0:24:45	30.1	4476	5501	6559	8468	4715	5986	7122	8651	3978	5210	5768	6960
0:24:50	30.1	4428	5531	6584	8593	4650	5908	7204	8597	3969	5156	5654	7008
0:24:55	30.1	4467	5497	6552	8553	4738	5918	7128	8506	4035	5100	5783	6981
0:25:00	30.1	4459	5371	6505	8524	4708	5942	7096	8454	4020	5160	5787	7002
0:25:05	30.1	4419	5435	6599	8420	4703	5880	7157	8677	4018	5092	5670	7047
0:25:10	30.1	4522	5470	6496	8646	4801	5951	7317	8601	4061	5174	5704	6980
0:25:15	30.1	4429	5413	6583	8524	4713	5837	7127	8562	4022	5183	5738	6965
0:25:20	30.1	4394	5438	6624	8468	4691	5875	7166	8573	4037	5237	5734	7000
0:25:25	30.1	4393	5484	6490	8514	4637	5868	7073	8673	3964	5191	5715	6948
0:25:30	30.1	4393	5448	6575	8485	4715	5875	7123	8526	4018	5227	5722	6877
0:25:35	30.1	4468	5368	6506	8488	4759	5933	7124	8570	4058	5159	5781	6978
0:25:40	30.1	4440	5471	6630	8517	4670	5929	7178	8615	4008	5260	5783	6996
0:25:45	30.1	4452	5377	6597	8513	4747	5862	7090	8620	3940	5225	5765	6927
0:25:50	30.1	4403	5397	6594	8527	4737	5915	7100	8493	4000	5125	5690	7001
0:25:55	30.1	4396	5492	6553	8453	4737	5953	7054	8635	4044	5171	5775	6914
0:26:00	30.1	4483	5424	6508	8444	4759	5939	7130	8551	4056	5159	5674	6882
0:26:05	30.1	4414	5408	6614	8539	4764	5804	7057	8624	4073	5096	5638	6900
0:26:10	30.1	4454	5493	6539	8468	4740	5923	7076	8575	3977	5264	5773	6965
0:26:15	30.1	4435	5499	6470	8427	4694	5879	7120	8592	3981	5159	5702	6995
0:26:20	30.1	4474	5403	6449	8442	4726	6001	7116	8499	3970	5246	5846	6979
0:26:25	30.1	4346	5425	6545	8483	4784	5842	7000	8555	3993	5099	5757	6932
0:26:30	30.1	4343	5403	6615	8462	4748	5956	7116	8551	4029	5140	5711	6903
0:26:35	30.1	4410	5469	6620	8499	4771	5913	7180	8671	4002	5119	5692	6970
0:26:40	30.1	4353	5496	6537	8483	4726	5900	7144	8496	3998	5117	5694	7006
0:26:45	30.1	4338	5417	6582	8425	4664	6010	7055	8491	4075	5189	5754	6974
0:26:50	30.1	4410	5335	6631	8485	4807	5849	6997	8572	3997	5245	5702	6846
0:26:55	30.1	4358	5385	6578	8478	4790	5822	7117	8499	4035	5195	5705	6951
0:27:00	30.1	4378	5428	6513	8463	4684	5926	7085	8555	4008	5128	5776	6895
0:27:05	30.1	4423	5412	6473	8382	4764	5864	7015	8598	4035	5146	5741	6876
0:27:10	30.1	4351	5462	6619	8503	4700	5824	7110	8610	4012	5109	5741	6794
0:27:15	30.1	4364	5422	6553	8471	4697	5912	7076	8529	3926	5131	5665	6964
0:27:20	30.1	4335	5424	6556	8581	4732	5898	7117	8478	4009	5120	5667	6882
0:27:25	30.1	4394	5338	6503	8465	4794	5874	7122	8507	4023	5199	5656	6858
0:27:30	30.1	4424	5360	6584	8450	4757	5941	7101	8566	3962	5148	5648	6846
0:27:35	30.1	4414	5400	6468	8486	4813	5874	7024	8447	4012	5160	5681	6808
0:27:40	30.1	4405	5441	6529	8482	4715	5899	7123	8453	3977	5122	5731	6976
0:27:45	30.1	4326	5356	6504	8426	4677	5813	7028	8517	4020	5070	5656	6874
0:27:50	30.1	4439	5448	6576	8496	4649	5808	7081	8439	3976	5177	5681	6904
0:27:55	30.1	4414	5406	6468	8536	4791	5856	7037	8376	3993	5121	5724	6923
0:28:00	30.1	4369	5307	6596	8463	4820	5890	7052	8422	4008	5079	5676	6899
0:28:05	30.1	4365	5407	6508	8332	4665	5852	7104	8435	3993	5178	5721	6861
0:28:10	30.1	4356	5413	6570	8498	4698	5859	7020	8531	3994	5131	5741	6863
0:28:15	30.1	4430	5381	6463	8458	4674	5915	7039	8489	3962	5132	5720	6906
0:28:20	30.1	4389	5483	6570	8373	4741	5932	7075	8559	3980	5145	5709	6839
0:28:25	30.1	4422	5382	6463	8352	4742	5819	7071	8466	3959	5092	5764	6882
0:28:30	30.1	4335	5449	6512	8502	4704	5811	7053	8561	3952	5189	5666	6874
0:28:35	30.1	4321	5416	6486	8413	4708	5935	6884	8455	3988	5121	5552	6912
0:28:40	30.1	4368	5419	6440	8458	4735	5835	6914	8348	3969	5045	5687	6857
0:28:45	30.1	4341	5377	6490	8360	4680	5830	7030	8478	4012	5155	5739	6905
0:28:50	30.1	4390	5374	6435	8416	4715	5895	7021	8448	4030	5156	5707	6819
0:28:55	30.1	4394	5369	6458	8356	4705	5862	6922	8491	4030	5129	5655	6861
0:29:00	30.1	4358	5376	6447	8366	4704	5796	6946	8445	3963	5136	5654	6844
0:29:05	30.1	4360	5369	6529	8356	4754	5979	7072	8466	3964	5027	5676	6871
0:29:10	30.1	4361	5410	6486	8385	4713	5835	7028	8567	3974	5061	5642	6854
0:29:15	30.1	4331	5356	6489	8457	4730	5841	6971	8331	3963	5194	5601	6829
0:29:20	30.1	4311	5428	6615	8519	4675	5831	7043	8458	3947	5116	5638	6895
0:29:25	30.1	4321	5418	6484	8365	4677	5828	7049	8249	3912	5086	5704	6900
0:29:30	30.1	4356	5436	6536	8462	4682	5836	6973	8514	3972	5117	5693	6976
0:29:35	30.1	4425	5411	6532	8383	4750	5818	7071	8540	3987	5157	5670	6818
0:29:40	30.1	4372	5408	6557	8279	4775	5889	7007	8439	3981	5059	5610	6867
0:29:45	30.1	4373	5377	6455	8470	4665	5797	7085	8448	3909	5115	5619	6752
0:29:50	30.1	4330	5369	6459	8340	4637	5866	6904	8454	3939	5037	5613	6838
0:29:55	30.1	4428	5402	6464	8329	4651	5888	6928	8383	3954	5171	5636	6802
0:30:00	30.1	4357	5355	6442	8306	4688	5799	7034	8307	3972	5087	5682	6922
0:30:05	30.1	4323	5325	6510	8346	4689	5908	6925	8481	3936	5083	5682	6723
0:30:10	30.1	4308	5409	6516	8299	4790	5912	6994	8423	3925	5091	5670	6793
0:30:15	30.1	4327	5338	6506	8317	4701	5821	6995	8377	3937	5067	5689	6739
0:30:20	30.1	4386	5359	6516	8361	4728	5861	7013	8393	3956	5104	5622	6893
0:30:25	30.1	4328	5366	6539	8313	4745	5749	7007	8440	3942	4943	5626	6804
0:30:30	30.1	4340	5312	6496	8403	4752	5768	6947	8465	3982	5095	5604	6781
0:30:35	30.1	4344	5312	6486	8312	4735	5887	7010	8422	3979	4991	5715	6756
0:30:40	30.1	4270	5333	6454	8397	4768	5920	7059	8431	3895	5093	5638	6731
0:30:45	30.1	4284	5394	6442	8289	4758	5823	7019	8371	3896	5089	5659	6831
0:30:50	30.1	4337	5326	6450	8314	4642	5833	6922	8407	3893	5067	5618	6838
0:30:55	30.1	4316	5328	6398	8458	4756	5789	6963	8476	3946	5030	5667	6801
0:31:00	30.1	4384	5412	6470	8380	4681	5893	6983	8511	3923	5148	5702	6739
0:31:05	30.1	4296	5331	6565	8545	4619	5805	6977	8314	4016	5046	5630	6769
0:31:10	30.1	4330	5370	6506	8362	4665	5797	6965	8469	3897	5159	5645	6826
0:31:15	30.1	4313	5325	6360	8473	4654	5844	6995	8438	3960	5016	5620	6707
0:31:20	30.1	4342	5384	6471	8326	4667	5784	6967	8457	3932	5011	5680	6747
0:31:25	30.1	4355	5295	6391	8282	4575	5814	7012	8395	3938	5010	5684	6695
0:31:30	30.1	4283	5402	6407	8249	4694	5812	6969	8350	3909	5025	5622	6849
0:31:35	30.1	4311	5389	6402	8435	4754	5808	6948	8375	4000	5036	5567	6751
0:31:40	30.1	4342	5414	6429	8271	4678	5784	7028	8371	3898	5009	5695	6805
0:31:45	30.1	4324	5364	6515	8241	4650	5833	7012	8469	3956	5108	5599	6726
0:31:50	30.1	4373	5335	6413	8310	4651	5821	7128	8510	3966	5072	5651	6748
0:31:55	30.1	4372	5444	6375	8361	4642	5803	7016	8408	3946	5141	5536	6734
0:32:00	30.1	4358	5280	6425	8325	4768	5804	6970	8399	3919	5099	5596	6701
0:32:05	30.1	4339	5515	6414	8258	4689	5755	6914	8389	3975	5129	5642	6793
0:32:10	30.1	4370	5386	6408	8458	4634	5766	7041	8418	3918	5070	5617	6750
0:32:15	30.1	4296	5298	6417	8240	4701	5838	6963	8339	3938	5067	5558	6700
0:32:20	30.1	4309	5356	6392	8423	4709	5905	7023	8422	3963	5013	5571	6755
0:32:25	30.1	4385	5396	6449	8283	4688	5902	6989	8427	3884	5003	5588	6851
0:32:30	30.1	4270	5323	6438	8280	4660	5735	7036	8388	3935	5099	5655	6872
0:32:35	30.1	4355	5302	6507	8289	4649	5867	6947	8407	3936	5074	5566	6770
0:32:40	30.1	4403	5357	6494	8311	4681	5768	6982	8415	3931	5118	5575	6771
0:32:45	30.1	4318	5276	6491	8251	4760	5797	6976	8359	3994	5067	5527	6807
0:32:50	30.1	4297	5374	6425	8217	4677	5783	6990	8288	3927	5060	5614	6710
0:32:55	30.1	4268	5341	6401	8324	4691	5831	6944	8490	3932	5015	5602	6779
0:33:00	30.1	4413	5337	6435	8275	4758	5834	7023	8279	3909	5064	5683	6794
0:33:05	30.1	4372	5375	6409	8247	4609	5676	7002	8353	3903	5148	5579	6808
0:33:10	30.1	4272	5338	6368	8364	4694	5695	7038	8401	3983	4980	5622	6698
0:33:15	30.1	4308	5331	6396	8335	4756	5769	6963	8512	3926	5135	5642	6642
0:33:20	30.1	4353	5391	6473	8315	4648	5866	7068	8343	3955	5093	5610	6719
0:33:25	30.1	4318	5340	6473	8278	4587	5685	7027	8372	3908	5045	5648	6781
0:33:30	30.1	4238	5258	6484	8229	4713	5734	6996	8417	3840	5005	5626	6764
0:33:35	30.1	4313	5420	6450	8349	4733	5776	7017	8432	3950	5091	5527	6707
0:33:40	30.1	4297	5340	6326	8308	4627	5779	7035	8310	3874	5049	5567	6735
0:33:45	30.1	4361	5323	6392	8202	4720	5758	6979	8386	3832	5021	5613	6797
0:33:50	30.1	4412	5363	6496	8418	4652	5830	7010	8285	3874	5015	5543	6769
0:33:55	30.1	4302	5279	6367	8387	4656	5819	6924	8387	3960	5055	5623	6788
0:34:00	30.1	4349	5309	6507	8263	4648	5790	6964	8354	3918	5000	5616	6817
0:34:05	30.1	4326	5327	6383	8303	4691	5705	6880	8373	3865	5037	5607	6695
0:34:10	30.1	4293	5390	6427	8203	4631	5749	6926	8302	3969	5055	5592	6736
0:34:15	30.1	4319	5351	6490	8319	4589	5832	6904	8380	3937	5111	5583	6731
0:34:20	30.1	4310	5290	6414	8423	4721	5823	6841	8399	3887	5053	5633	6643
0:34:25	30.1	4297	5329	6471	8297	4659	5835	6914	8387	3904	5077	5666	6680
0:34:30	30.1	4326	5292	6433	8393	4666	5857	6880	8317	3906	5072	5613	6663
0:34:35	30.1	4325	5398	6416	8384	4680	5767	6987	8302	3859	4982	5572	6749
0:34:40	30.1	4367	5323	6457	8360	4587	5738	6997	8323	3933	5060	5565	6623
0:34:45	30.1	4307	5324	6399	8230	4615	5827	6960	8347	3918	5069	5524	6706
0:34:50	30.1	4241	5292	6411	8238	4658	5776	6983	8332	3969	4982	5635	6810
0:34:55	30.1	4326	5356	6404	8336	4660	5784	6854	8360	3835	5150	5614	6605
0:35:00	30.1	4336	5297	6526	8315	4674	5854	6999	8274	3886	5024	5555	6716
0:35:05	30.1	4300	5350	6379	8340	4629	5807	6880	8346	3869	5047	5587	6715
0:35:10	30.1	4381	5325	6504	8163	4677	5772	7021	8435	3897	4984	5552	6764
0:35:15	30.1	4322	5318	6407	8287	4656	5731	6931	8446	3877	4992	5534	6588
0:35:20	30.1	4309	5344	6261	8378	4648	5759	6841	8370	3868	5000	5599	6648
0:35:25	30.1	4231	5335	6368	8369	4639	5754	6886	8412	3972	5031	5643	6730
0:35:30	30.1	4343	5285	6517	8256	4680	5854	6905	8293	3893	5040	5500	6677
0:35:35	30.2	4274	5349	6450	8315	4584	5751	6967	8312	3840	5060	5583	6612
0:35:40	30.1	4252	5340	6392	8296	4671	5730	6916	8463	3935	5038	5624	6771
0:35:45	30.1	4288	5373	6322	8234	4726	5775	6923	8361	3898	5071	5506	6683
0:35:50	30.1	4328	5334	6401	8236	4628	5723	6920	8393	3888	5120	5520	6754
0:35:55	30.1	4305	5303	6348	8334	4660	5793	6891	8368	3913	5045	5600	6616
0:36:00	30.1	4274	5342	6357	8326	4676	5749	6910	8316	3925	5017	5529	6715
0:36:05	30.1	4273	5309	6419	8296	4638	5749	6976	8394	3910	5001	5592	6723
0:36:10	30.1	4245	5204	6479	8426	4671	5768	6912	8231	3939	5038	5592	6690
0:36:15	30.1	4230	5280	6461	8203	4700	5771	6879	8400	3995	5043	5556	6702
0:36:20	30.1	4260	5280	6383	8419	4634	5751	6899	8247	3892	5040	5525	6793
0:36:25	30.1	4312	5297	6452	8333	4641	5838	6980	8303	3949	4993	5553	6762
0:36:30	30.1	4303	5342	6457	8184	4620	5838	7114	8306	3916	4991	5521	6511
0:36:35	30.1	4273	5369	6440	8260	4688	5809	6941	8246	3929	5003	5533	6745
0:36:40	30.1	4292	5393	6296	8181	4616	5817	6909	8425	3952	5065	5544	6678
0:36:45	30.1	4315	5342	6411	8350	4641	5861	6986	8343	3914	5035	5622	6766
0:36:50	30.1	4302	5304	6355	8291	4676	5741	6889	8312	3895	4988	5590	6624
0:36:55	30.1	4386	5215	6399	8189	4653	5809	6960	8338	3946	5030	5583	6758
0:37:00	30.1	4310	5365	6433	8301	4609	5802	6935	8198	3980	5017	5626	6747
0:37:05	30.1	4253	5313	6392	8259	4661	5761	6894	8284	3908	4984	5523	6653
0:37:10	30.1	4360	5281	6385	8294	4635	5750	6972	8296	3896	4993	5621	6747
0:37:15	30.1	4240	5350	6300	8186	4638	5777	7025	8414	3906	5034	5637	6727
0:37:20	30.1	4285	5308	6389	8226	4658	5785	6941	8248	3906	5106	5601	6676
0:37:25	30.1	4294	5247	6441	8222	4560	5767	6965	8317	3937	5126	5528	6698
0:37:30	30.1	4196	5303	6474	8384	4627	5721	6962	8367	3936	5045	5635	6689
0:37:35	30.1	4203	5353	6418	8242	4694	5760	6998	8400	3909	5019	5598	6749
0:37:40	30.1	4322	5280	6432	8230	4644	5700	6780	8343	3897	5023	5573	6724
0:37:45	30.1	4316	5341	6354	8213	4515	5744	6884	8264	3812	5002	5546	6702
0:37:50	30.1	4334	5299	6415	8291	4600	5719	6903	8289	3892	5031	5526	6737
0:37:55	30.1	4228	5291	6411	8242	4616	5695	6916	8360	3876	5082	5521	6770
0:38:00	30.1	4272	5290	6373	8215	4618	5801	6897	8343	3917	5057	5559	6717
0:38:05	30.1	4316	5237	6378	8269	4560	5842	6882	8273	3952	4992	5510	6656
0:38:10	30.1	4293	5293	6365	8205	4542	5778	6931	8397	3930	5034	5592	6611
0:38:15	30.1	4286	5307	6347	8286	4587	5790	6897	8359	3919	4991	5522	6664
0:38:20	30.1	4257	5297	6384	8279	4682	5716	6917	8387	3844	4954	5500	6612
0:38:25	30.1	4300	5282	6392	8290	4608	5669	6885	8357	3861	5017	5497	6688
0:38:30	30.1	4262	5380	6533	8281	4597	5769	6950	8348	3891	5048	5557	6665
0:38:35	30.1	4258	5274	6352	8276	4572	5711	6918	8313	3794	5001	5523	6700
0:38:40	30.1	4268	5270	6427	8291	4589	5793	6914	8394	3886	4923	5555	6667
0:38:45	30.1	4267	5224	6337	8200	4656	5758	6827	8229	3910	4964	5486	6674
0:38:50	30.1	4319	5300	6325	8242	4588	5777	6886	8290	3850	5058	5639	6713
0:38:55	30.1	4295	5406	6431	8217	4623	5788	6944	8312	3984	5000	5510	6685
0:39:00	30.1	4231	5262	6287	8312	4612	5697	6859	8275	3899	4961	5578	6661
0:39:05	30.1	4295	5235	6329	8108	4681	5671	6961	8295	3951	4992	5581	6657
0:39:10	30.1	4221	5347	6380	8222	4577	5730	6830	8287	3873	4953	5537	6656
0:39:15	30.1	4296	5280	6398	8279	4665	5805	6884	8352	3815	5028	5548	6620
0:39:20	30.1	4253	5224	6429	8305	4718	5749	6985	8307	3856	5015	5522	6650
0:39:25	30.1	4290	5282	6303	8242	4590	5721	6953	8303	3916	4937	5477	6767
0:39:30	30.1	4250	5362	6388	8316	4574	5767	6937	8231	3889	5005	5557	6585
0:39:35	30.1	4208	5378	6362	8278	4640	5747	6911	8372	3927	5055	5553	6607
0:39:40	30.1	4265	5243	6368	8202	4655	5817	6908	8232	3879	5031	5536	6667
0:39:45	30.1	4259	5254	6359	8183	4662	5731	6890	8349	3879	5080	5590	6767
0:39:50	30.1	4230	5286	6386	8153	4597	5830	6899	8335	3844	5006	5533	6729
0:39:55	30.1	4247	5206	6369	8250	4609	5750	6862	8359	3855	4973	5522	6720
0:40:00	30.1	4197	5296	6434	8242	4622	5768	6917	8311	3887	5019	5529	6550

Results
	1	2	3	4	5	6	7	8	9	10	11	12
A													Max V [295,335]
													R-Squared [295,335]
													t at Max V [295,335]
													Lagtime [295,335]
B													Max V [295,335]
													R-Squared [295,335]
													t at Max V [295,335]
													Lagtime [295,335]
C													Max V [295,335]
													R-Squared [295,335]
													t at Max V [295,335]
													Lagtime [295,335]
D													Max V [295,335]
													R-Squared [295,335]
													t at Max V [295,335]
													Lagtime [295,335]
E													Max V [295,335]
													R-Squared [295,335]
													t at Max V [295,335]
													Lagtime [295,335]
F													Max V [295,335]
													R-Squared [295,335]
													t at Max V [295,335]
													Lagtime [295,335]
G	-2208000.000	-3480000.000	-2604000.000	-4476000.000	-3996000.000	-2904000.000	-3792000.000	-3612000.000	1788000.000	2340000.000	-2976000.000	-3012000.000	Max V [295,335]
	1.000	1.000	1.000	1.000	1.000	1.000	1.000	1.000	1.000	1.000	1.000	1.000	R-Squared [295,335]
	0:00:33	0:00:58	0:14:28	0:00:18	0:00:43	0:00:33	0:01:23	0:00:53	0:17:48	0:07:28	0:03:48	0:36:28	t at Max V [295,335]
	0:00:23	0:00:45	0:12:49	0:00:14	0:00:29	0:00:17	0:00:56	0:00:32	0:18:58	0:08:14	0:03:22	0:35:12	Lagtime [295,335]
H													Max V [295,335]
													R-Squared [295,335]
													t at Max V [295,335]
													Lagtime [295,335]

