

Software Version	3.03.14

Procedure Details

Plate Type	96 WELL PLATE
Set Temperature	Setpoint 30°C
	Preheat before moving to next step
Start Kinetic	Runtime 1:10:00 (HH:MM:SS), Interval 0:00:05, 841 Reads
    Read	Fluorescence Endpoint
	G1..G12
	Filter Set 1
	    Excitation: 295,  Emission: 335
	    Optics: Top,  Gain: 80
	Light Source: Xenon Flash,  Lamp Energy: High
	Read Speed: Normal,  Delay: 0 msec,  Measurements/Data Point: 5
	Read Height: 8 mm
End Kinetic	

Layout
	1	2	3	4	5	6	7	8	9	10	11	12
A													Well ID
B													Well ID
C													Well ID
D													Well ID
E													Well ID
F													Well ID
G	SPL1	SPL2	SPL3	SPL4	SPL5	SPL6	SPL7	SPL8	SPL9	SPL10	SPL11	SPL12	Well ID
H													Well ID

295,335

Time	T° 295,335	G1	G2	G3	G4	G5	G6	G7	G8	G9	G10	G11	G12
0:00:00	30.0	693	1575	2884	4587	6737	10409	791	2074	2604	4246	6424	8855
0:00:05	30.1	656	1542	2798	4616	6777	10484	749	1969	2577	4390	6510	9008
0:00:10	30.1	660	1530	2885	4633	6804	10307	772	1983	2593	4395	6562	8999
0:00:15	30.0	635	1533	2821	4497	6619	10384	748	1934	2561	4411	6495	8923
0:00:20	30.0	625	1510	2848	4440	6539	10340	762	1967	2577	4442	6473	8974
0:00:25	30.0	616	1459	2703	4462	6500	10270	763	1946	2601	4457	6526	9105
0:00:30	30.0	609	1446	2702	4365	6371	10108	745	1979	2620	4425	6332	9009
0:00:35	30.0	589	1383	2664	4386	6423	10112	733	1999	2619	4374	6422	9009
0:00:40	30.0	582	1351	2669	4366	6262	9991	748	1931	2584	4420	6447	8951
0:00:45	30.0	571	1346	2657	4280	6275	9867	747	1970	2545	4374	6496	8933
0:00:50	30.0	537	1331	2653	4169	6111	9907	735	1950	2497	4437	6421	8900
0:00:55	30.0	546	1284	2549	4161	6093	9808	734	1923	2576	4406	6503	8971
0:01:00	30.0	545	1275	2483	4177	6110	9703	728	1888	2541	4367	6545	8806
0:01:05	30.0	545	1287	2485	4128	5981	9648	705	1946	2580	4363	6404	8909
0:01:10	30.0	556	1273	2466	4050	5892	9742	737	1910	2542	4361	6454	8879
0:01:15	30.0	532	1263	2406	3962	5852	9417	705	1894	2541	4311	6417	8832
0:01:20	30.0	537	1222	2425	3962	5793	9436	723	1907	2507	4382	6485	8845
0:01:25	30.0	507	1230	2379	3952	5784	9488	728	1893	2514	4344	6518	8900
0:01:30	30.0	521	1227	2404	3837	5781	9423	715	1915	2532	4323	6416	8916
0:01:35	30.0	536	1198	2279	3899	5794	9152	719	1860	2554	4282	6380	8750
0:01:40	30.0	524	1175	2328	3879	5794	9097	686	1923	2512	4327	6373	8832
0:01:45	30.0	517	1203	2272	3714	5670	9154	705	1893	2480	4300	6403	8879
0:01:50	30.0	534	1157	2327	3842	5683	9081	672	1871	2465	4259	6419	8807
0:01:55	30.0	514	1155	2267	3762	5607	9039	736	1856	2482	4209	6364	8780
0:02:00	30.0	510	1145	2255	3786	5460	8948	703	1877	2477	4332	6237	8872
0:02:05	30.0	520	1132	2245	3757	5451	9097	730	1867	2530	4191	6351	8767
0:02:10	30.0	521	1120	2222	3709	5463	8988	695	1855	2507	4247	6304	8759
0:02:15	30.0	524	1126	2205	3611	5473	8751	685	1824	2460	4235	6382	8838
0:02:20	30.0	499	1110	2164	3655	5362	8993	700	1866	2483	4243	6184	8809
0:02:25	30.0	528	1130	2185	3669	5355	8792	684	1851	2407	4249	6253	8687
0:02:30	30.0	514	1152	2161	3617	5302	8758	696	1821	2385	4135	6267	8749
0:02:35	30.0	511	1134	2200	3497	5275	8745	708	1805	2447	4167	6164	8753
0:02:40	30.0	502	1116	2092	3569	5342	8697	673	1831	2465	4235	6293	8701
0:02:45	30.0	502	1110	2138	3584	5210	8693	664	1850	2443	4172	6209	8662
0:02:50	30.0	521	1136	2166	3547	5244	8546	690	1805	2454	4174	6240	8759
0:02:55	30.1	519	1106	2131	3513	5213	8468	672	1768	2421	4145	6167	8706
0:03:00	30.1	510	1108	2171	3548	5217	8489	676	1741	2397	4101	6200	8676
0:03:05	30.0	526	1093	2083	3487	5089	8497	659	1768	2398	4158	6179	8535
0:03:10	30.0	497	1140	2073	3450	5096	8552	674	1801	2376	4184	6210	8598
0:03:15	30.0	492	1117	2086	3481	5128	8521	670	1768	2386	4198	6237	8617
0:03:20	30.0	523	1096	2123	3424	5108	8395	668	1747	2382	4122	6155	8599
0:03:25	30.0	494	1103	2071	3450	5051	8427	660	1768	2367	4172	6106	8641
0:03:30	30.0	515	1100	2047	3436	5071	8356	649	1789	2344	4135	6110	8584
0:03:35	30.0	512	1093	2070	3329	5030	8404	641	1759	2324	4075	6103	8573
0:03:40	30.0	498	1081	2040	3354	4937	8344	667	1749	2426	4131	6111	8697
0:03:45	30.0	491	1117	2029	3366	4962	8214	648	1738	2380	4104	6165	8627
0:03:50	30.0	511	1111	2021	3349	4927	8194	655	1736	2345	4078	6160	8409
0:03:55	30.0	488	1079	2006	3388	4987	8159	638	1742	2325	4039	6110	8476
0:04:00	30.0	505	1104	2044	3359	4983	8127	660	1781	2347	4001	6080	8438
0:04:05	30.0	499	1072	2041	3341	4905	8221	622	1737	2359	4061	6087	8510
0:04:10	30.0	508	1067	2057	3349	4836	8096	659	1770	2306	4060	6110	8521
0:04:15	30.0	507	1099	2049	3334	4900	8084	643	1772	2346	4018	6009	8398
0:04:20	30.0	486	1074	2000	3329	4887	7961	637	1746	2346	4143	6135	8554
0:04:25	30.0	486	1087	2050	3356	4924	8039	644	1716	2301	4045	6051	8496
0:04:30	30.0	499	1082	2078	3238	4806	7949	653	1731	2308	4075	6061	8382
0:04:35	30.0	496	1054	2040	3277	4798	8013	635	1730	2301	3974	6035	8546
0:04:40	30.0	494	1080	2010	3257	4847	7991	642	1692	2298	4057	6058	8451
0:04:45	30.0	516	1068	1994	3257	4834	7779	641	1697	2311	4001	6023	8518
0:04:50	30.0	513	1066	2014	3267	4743	7921	636	1700	2281	3983	6058	8374
0:04:55	30.0	480	1067	1978	3271	4748	7863	620	1702	2304	4004	6027	8349
0:05:00	30.1	515	1039	2025	3241	4774	7921	637	1707	2302	3949	6067	8510
0:05:05	30.0	488	1073	1964	3247	4720	7800	616	1715	2273	3993	5932	8493
0:05:10	30.0	527	1067	1996	3175	4761	7749	628	1680	2284	3962	5980	8450
0:05:15	30.0	498	1097	1982	3250	4724	7872	649	1714	2207	3975	6045	8374
0:05:20	30.0	508	1061	1960	3217	4756	7873	604	1663	2256	3936	5979	8425
0:05:25	30.0	496	1056	1982	3202	4741	7794	640	1686	2334	4013	5992	8411
0:05:30	30.0	507	1043	1985	3171	4674	7831	635	1669	2259	3941	5956	8380
0:05:35	30.0	504	1035	1998	3195	4768	7690	626	1696	2250	3970	5966	8489
0:05:40	30.0	490	1064	1988	3166	4664	7615	628	1648	2289	3959	5889	8325
0:05:45	30.0	513	1081	1924	3167	4781	7741	620	1668	2252	3950	5920	8296
0:05:50	30.0	495	1042	1943	3206	4703	7642	607	1672	2304	3932	6033	8305
0:05:55	30.0	510	1052	2015	3131	4624	7678	603	1646	2261	3969	5937	8334
0:06:00	30.0	496	1069	1962	3204	4596	7664	614	1647	2238	4000	5868	8369
0:06:05	30.0	493	1093	1939	3136	4611	7656	592	1658	2205	3912	5830	8341
0:06:10	30.0	504	1060	1962	3149	4559	7584	611	1673	2231	3900	5883	8365
0:06:15	30.0	496	1095	1959	3191	4665	7607	594	1627	2242	3931	5856	8323
0:06:20	30.0	496	1072	2010	3168	4607	7560	587	1628	2234	3914	5871	8273
0:06:25	30.0	500	1054	1947	3181	4569	7559	603	1647	2298	3944	5803	8417
0:06:30	30.0	490	1081	1929	3124	4598	7555	614	1637	2212	3961	5873	8331
0:06:35	30.0	485	1078	1975	3125	4630	7544	594	1650	2210	3904	5844	8329
0:06:40	30.0	502	1084	1949	3088	4538	7484	624	1665	2216	3879	5853	8349
0:06:45	30.0	493	1018	1942	3151	4634	7518	574	1623	2182	3963	5933	8383
0:06:50	30.0	490	1069	1958	3127	4548	7533	592	1637	2188	3849	5891	8264
0:06:55	30.0	493	1074	1929	3152	4568	7579	606	1636	2188	3854	5839	8326
0:07:00	30.0	477	1066	1929	3166	4566	7539	592	1638	2184	3850	5834	8266
0:07:05	30.0	483	1036	1949	3112	4516	7587	598	1635	2176	3849	5846	8279
0:07:10	30.0	490	1062	1963	3107	4476	7433	596	1614	2187	3847	5791	8307
0:07:15	30.0	513	1064	1958	3147	4485	7596	586	1622	2186	3854	5785	8344
0:07:20	30.0	471	1093	1973	3149	4599	7447	592	1613	2160	3835	5811	8243
0:07:25	30.0	493	1094	1924	3164	4577	7454	591	1587	2166	3795	5754	8300
0:07:30	30.0	517	1065	1961	3195	4487	7418	603	1554	2172	3783	5882	8304
0:07:35	30.1	496	1064	1934	3058	4472	7298	579	1609	2128	3844	5808	8269
0:07:40	30.0	498	1054	1953	3109	4498	7420	611	1622	2162	3774	5873	8174
0:07:45	30.1	497	1054	1976	3125	4557	7412	582	1598	2182	3830	5830	8218
0:07:50	30.1	498	1049	1954	3083	4471	7279	578	1608	2170	3814	5779	8156
0:07:55	30.1	483	1090	1955	3115	4524	7411	612	1568	2143	3831	5752	8249
0:08:00	30.0	519	1099	1948	3143	4556	7321	602	1594	2143	3737	5793	8264
0:08:05	30.1	475	1085	1956	3149	4523	7410	574	1598	2166	3795	5815	8248
0:08:10	30.1	473	1074	1958	3121	4538	7456	595	1563	2154	3847	5784	8198
0:08:15	30.1	500	1077	1921	3094	4493	7333	565	1566	2123	3741	5761	8322
0:08:20	30.1	484	1075	1960	3099	4517	7299	587	1569	2151	3761	5774	8207
0:08:25	30.0	488	1062	1930	3140	4419	7277	572	1551	2155	3673	5689	8194
0:08:30	30.1	474	1081	1936	3098	4461	7398	553	1560	2133	3840	5801	8141
0:08:35	30.1	485	1042	1947	3071	4585	7292	557	1583	2124	3805	5789	8128
0:08:40	30.1	497	1039	1968	3090	4472	7318	586	1555	2161	3758	5694	8166
0:08:45	30.1	489	1069	1936	3086	4494	7270	572	1571	2100	3762	5720	8077
0:08:50	30.0	488	1058	1955	3106	4485	7264	572	1578	2087	3739	5753	8229
0:08:55	30.1	492	1086	1949	3104	4474	7313	580	1558	2139	3838	5698	8186
0:09:00	30.1	513	1070	1951	3095	4421	7195	583	1570	2112	3774	5699	7922
0:09:05	30.1	474	1036	1938	3119	4468	7257	570	1529	2092	3746	5724	8163
0:09:10	30.1	508	1058	1943	3005	4425	7224	572	1537	2060	3715	5662	8105
0:09:15	30.1	493	1078	1909	3069	4440	7265	562	1505	2105	3704	5611	8021
0:09:20	30.1	477	1090	1939	3127	4409	7254	567	1538	2088	3690	5658	8026
0:09:25	30.1	480	1059	1904	3050	4451	7277	539	1524	2102	3732	5653	8138
0:09:30	30.1	494	1088	1939	3123	4465	7291	583	1496	2089	3738	5663	8123
0:09:35	30.1	480	1074	1925	3121	4426	7190	565	1515	2073	3726	5578	8011
0:09:40	30.1	483	1058	1916	3043	4436	7251	574	1548	2079	3703	5627	7981
0:09:45	30.0	478	1059	1901	3041	4429	7217	557	1513	2034	3719	5716	7958
0:09:50	30.0	496	1068	1908	3116	4380	7130	552	1529	2058	3694	5549	8096
0:09:55	30.1	500	1069	1930	3094	4476	7096	559	1524	2088	3728	5701	8012
0:10:00	30.1	465	1046	1910	3140	4487	7193	561	1520	2096	3652	5595	8119
0:10:05	30.1	513	1043	1945	3103	4405	7203	562	1522	2068	3674	5644	8101
0:10:10	30.1	504	1076	1948	3035	4400	7145	550	1505	2110	3710	5611	7965
0:10:15	30.1	492	1026	1969	3067	4482	7174	557	1526	2044	3673	5664	8024
0:10:20	30.1	487	1073	1908	3089	4454	7176	532	1482	2064	3705	5632	8036
0:10:25	30.1	491	1044	1940	3083	4444	7162	564	1509	2027	3695	5577	8011
0:10:30	30.0	497	1046	1912	3028	4447	7206	545	1519	2073	3686	5576	8064
0:10:35	30.0	497	1064	1907	3058	4432	7182	538	1495	2035	3606	5607	8039
0:10:40	30.1	490	1063	1964	3090	4442	7207	574	1480	2023	3601	5586	7988
0:10:45	30.1	504	1053	1919	3102	4432	7145	528	1505	2016	3678	5622	7972
0:10:50	30.1	468	1051	1939	3085	4411	7091	536	1465	2027	3651	5492	7932
0:10:55	30.1	500	1088	1965	3099	4477	7141	547	1482	2004	3650	5594	7947
0:11:00	30.1	484	1059	1929	3116	4483	6988	532	1447	2019	3686	5550	8052
0:11:05	30.1	510	1049	1934	3066	4476	7217	545	1486	2035	3596	5516	7950
0:11:10	30.1	488	1081	1926	3067	4385	7234	528	1495	2026	3679	5438	8032
0:11:15	30.0	475	1051	1950	3074	4405	7098	543	1499	2051	3678	5627	7909
0:11:20	30.0	494	1043	1909	3119	4392	7114	533	1506	2041	3627	5501	7876
0:11:25	30.1	497	1022	1908	3062	4421	7244	536	1469	2010	3603	5549	7946
0:11:30	30.1	488	1064	1944	3064	4433	7126	519	1501	2022	3638	5560	7951
0:11:35	30.1	480	1038	1907	3023	4493	7117	543	1461	1999	3628	5530	7844
0:11:40	30.1	481	1032	1963	3060	4407	7146	512	1492	2001	3681	5500	7963
0:11:45	30.1	477	1051	1907	3083	4392	7178	540	1425	1959	3536	5490	8014
0:11:50	30.1	468	1043	1915	3026	4489	7100	529	1479	1982	3608	5614	7903
0:11:55	30.1	507	1046	1891	3116	4433	7122	546	1486	2019	3644	5505	7930
0:12:00	30.0	483	1038	1927	3052	4385	7164	544	1465	1998	3546	5591	7998
0:12:05	30.0	483	1037	1932	3033	4351	7125	514	1462	1981	3602	5510	7866
0:12:10	30.1	494	1040	1926	3044	4455	7125	541	1463	1970	3597	5468	7933
0:12:15	30.1	468	1054	1883	3038	4404	7232	528	1441	2027	3599	5495	7939
0:12:20	30.1	492	1040	1920	3120	4389	7191	530	1458	1957	3594	5511	7929
0:12:25	30.1	482	1035	1932	3083	4399	7155	518	1463	1951	3663	5449	7808
0:12:30	30.1	478	1066	1925	3053	4408	7178	546	1451	1972	3637	5550	7863
0:12:35	30.1	466	1044	1930	3068	4452	7144	552	1460	1962	3569	5467	7908
0:12:40	30.1	494	1032	1894	3036	4324	7100	563	1449	1928	3578	5410	7984
0:12:45	30.1	484	1084	1937	3095	4408	7109	518	1438	1994	3582	5465	7982
0:12:50	30.0	504	1033	1879	3030	4361	7021	525	1447	1961	3511	5543	7895
0:12:55	30.1	473	1037	1939	3067	4316	7068	515	1435	1963	3604	5383	7856
0:13:00	30.1	499	1053	1944	3042	4436	7111	530	1480	1982	3541	5477	7899
0:13:05	30.1	490	1036	1892	3064	4428	7102	519	1509	1955	3512	5529	7858
0:13:10	30.1	492	1041	1952	3096	4365	7059	521	1432	1987	3499	5409	7850
0:13:15	30.1	459	1046	1947	3094	4468	7128	527	1470	1957	3565	5425	7924
0:13:20	30.1	474	1056	1922	3132	4393	7112	543	1458	1937	3543	5413	7815
0:13:25	30.1	496	1052	1921	3105	4370	7107	487	1446	1971	3561	5450	7792
0:13:30	30.1	494	1034	1894	3071	4392	7102	505	1437	1948	3519	5385	7794
0:13:35	30.0	507	1061	1918	3062	4425	7062	530	1427	1929	3586	5423	7903
0:13:40	30.1	470	1037	1961	3082	4378	7130	508	1445	1939	3513	5506	7839
0:13:45	30.1	485	1083	1946	3066	4426	7027	525	1434	1907	3554	5510	7713
0:13:50	30.1	480	1078	1904	3031	4382	7121	516	1482	1973	3593	5424	7827
0:13:55	30.1	489	1050	1963	3053	4391	7109	536	1453	1948	3477	5463	7758
0:14:00	30.1	494	1075	1949	3061	4361	7210	516	1425	1942	3510	5388	7859
0:14:05	30.1	493	1047	1880	3055	4397	7064	539	1447	1918	3560	5406	7748
0:14:10	30.1	475	1058	1873	3042	4400	7038	522	1444	1915	3553	5438	7683
0:14:15	30.0	487	1064	1912	3047	4398	7049	525	1396	1903	3553	5397	7864
0:14:20	30.1	486	1057	1888	3091	4383	7059	524	1423	1961	3487	5364	7813
0:14:25	30.1	496	1016	1915	3064	4357	7043	508	1399	1899	3463	5432	7654
0:14:30	30.1	472	1048	1896	3066	4417	7072	505	1411	1901	3485	5424	7660
0:14:35	30.1	479	1036	1867	3059	4452	7092	522	1400	1884	3520	5356	7743
0:14:40	30.1	486	1052	1908	3084	4413	7061	532	1395	1903	3431	5395	7694
0:14:45	30.1	484	1044	1877	3084	4406	7045	519	1436	1925	3489	5378	7748
0:14:50	30.1	501	1051	1928	3054	4430	7130	520	1429	1906	3490	5405	7713
0:14:55	30.1	480	1046	1922	3053	4318	7012	520	1394	1878	3488	5314	7838
0:15:00	30.1	480	1055	1910	3064	4365	7053	532	1416	1878	3522	5368	7753
0:15:05	30.1	492	1074	1954	3069	4375	7049	512	1431	1881	3507	5317	7700
0:15:10	30.0	488	1047	1909	3073	4381	7046	515	1386	1842	3482	5365	7786
0:15:15	30.1	490	1047	1911	3039	4397	7049	512	1415	1890	3439	5296	7786
0:15:20	30.1	492	1056	1921	3079	4342	7079	520	1405	1867	3541	5308	7683
0:15:25	30.1	492	1036	1918	3095	4393	7114	521	1419	1911	3439	5341	7769
0:15:30	30.1	489	1046	1942	3079	4362	7027	495	1392	1888	3420	5432	7670
0:15:35	30.1	491	1018	1896	3120	4379	7070	513	1360	1874	3487	5262	7689
0:15:40	30.1	486	1036	1900	3050	4363	7141	514	1355	1850	3457	5223	7620
0:15:45	30.0	492	1033	1921	3056	4371	7038	510	1379	1895	3476	5294	7709
0:15:50	30.1	489	1018	1850	3112	4390	7116	500	1388	1848	3421	5371	7719
0:15:55	30.1	489	1062	1911	3009	4401	7079	507	1376	1859	3421	5315	7634
0:16:00	30.1	486	1047	1943	3069	4402	7036	500	1395	1897	3433	5340	7692
0:16:05	30.1	488	1032	1953	3051	4329	6905	498	1380	1843	3475	5273	7688
0:16:10	30.1	499	1035	1932	3072	4366	7143	514	1357	1857	3401	5281	7677
0:16:15	30.1	475	1054	1912	3078	4359	7083	496	1378	1887	3471	5269	7653
0:16:20	30.1	478	1043	1914	3009	4361	7022	511	1388	1849	3417	5279	7648
0:16:25	30.1	485	1054	1886	3067	4396	7074	515	1371	1857	3372	5194	7579
0:16:30	30.1	502	1042	1880	3085	4368	7134	470	1357	1806	3397	5251	7673
0:16:35	30.1	496	1049	1959	3033	4422	7074	497	1386	1852	3418	5264	7691
0:16:40	30.1	482	1069	1919	3038	4345	7095	515	1372	1822	3401	5307	7605
0:16:45	30.1	494	1040	1894	3039	4360	7037	511	1385	1871	3366	5185	7673
0:16:50	30.1	502	1029	1924	3045	4308	7135	516	1385	1840	3324	5344	7526
0:16:55	30.1	493	1041	1914	3095	4430	7063	489	1332	1857	3338	5272	7590
0:17:00	30.1	501	1048	1898	3039	4371	7094	505	1342	1809	3377	5257	7661
0:17:05	30.1	492	1056	1918	3044	4405	7060	485	1353	1844	3391	5308	7663
0:17:10	30.1	494	1040	1940	3061	4400	7118	500	1323	1783	3343	5233	7613
0:17:15	30.1	476	1052	1902	3069	4367	6977	494	1359	1876	3387	5205	7519
0:17:20	30.1	495	1058	1923	3039	4405	6998	488	1349	1846	3392	5232	7549
0:17:25	30.1	481	1064	1925	3034	4413	6912	471	1365	1846	3361	5250	7568
0:17:30	30.1	477	1066	1893	3060	4443	6970	489	1351	1808	3327	5208	7562
0:17:35	30.1	489	1061	1916	3032	4371	7019	518	1364	1842	3389	5216	7581
0:17:40	30.1	495	1044	1888	3068	4325	7077	493	1355	1805	3355	5240	7580
0:17:45	30.1	479	1049	1892	3065	4383	7055	489	1369	1827	3402	5122	7499
0:17:50	30.1	473	1046	1885	3001	4343	7024	490	1360	1821	3355	5230	7554
0:17:55	30.1	472	1066	1863	3063	4380	7123	501	1339	1842	3278	5253	7475
0:18:00	30.1	476	1064	1853	3039	4372	6997	503	1305	1845	3325	5240	7509
0:18:05	30.1	475	1040	1880	3011	4303	7004	519	1345	1783	3330	5139	7490
0:18:10	30.1	481	1022	1945	3040	4335	7017	470	1332	1783	3326	5199	7591
0:18:15	30.1	473	1033	1922	3075	4362	6976	523	1341	1826	3339	5147	7569
0:18:20	30.1	487	1047	1926	3014	4291	7011	523	1335	1819	3292	5117	7468
0:18:25	30.1	496	1061	1888	3046	4326	6950	489	1327	1783	3349	5172	7507
0:18:30	30.1	456	1044	1901	3129	4386	6986	496	1324	1816	3349	5174	7595
0:18:35	30.1	486	1036	1897	3097	4390	6984	497	1298	1788	3306	5220	7512
0:18:40	30.1	482	1034	1861	3017	4325	7003	476	1295	1774	3285	5145	7566
0:18:45	30.1	474	1037	1863	3032	4380	6931	470	1341	1845	3348	5274	7513
0:18:50	30.1	481	1035	1916	3073	4397	6918	469	1306	1776	3285	5168	7448
0:18:55	30.1	473	1041	1880	3064	4350	6898	496	1326	1774	3284	5139	7517
0:19:00	30.1	489	1014	1897	3063	4373	6999	486	1354	1798	3297	5087	7463
0:19:05	30.1	489	1035	1934	3050	4355	6907	492	1306	1761	3244	5136	7464
0:19:10	30.1	462	1048	1898	3054	4369	6914	504	1337	1757	3245	5086	7444
0:19:15	30.1	508	1049	1915	3082	4363	6940	478	1278	1796	3320	5057	7330
0:19:20	30.1	472	1054	1939	3078	4329	6969	504	1292	1775	3250	5102	7440
0:19:25	30.1	478	1065	1875	3032	4365	7078	477	1324	1794	3270	5113	7392
0:19:30	30.1	484	1022	1882	3067	4356	6934	478	1347	1799	3303	5040	7510
0:19:35	30.1	485	1074	1914	3044	4419	6995	480	1303	1756	3312	5072	7370
0:19:40	30.1	467	1040	1898	3058	4319	6913	479	1342	1748	3257	5163	7385
0:19:45	30.1	492	1056	1921	3095	4346	6958	505	1318	1791	3273	5082	7406
0:19:50	30.1	467	1052	1892	3091	4299	6894	504	1292	1735	3244	5063	7393
0:19:55	30.1	511	1035	1881	3054	4385	6920	478	1309	1748	3273	5056	7386
0:20:00	30.1	486	1025	1953	3064	4403	7010	480	1284	1781	3307	5101	7413
0:20:05	30.1	471	1054	1888	3091	4359	6848	490	1302	1763	3203	5091	7366
0:20:10	30.1	460	1017	1896	3047	4358	6984	485	1293	1788	3243	5034	7424
0:20:15	30.1	472	1033	1928	3099	4389	7000	484	1314	1738	3204	5123	7284
0:20:20	30.1	477	1047	1939	3075	4381	6941	477	1327	1763	3167	5064	7377
0:20:25	30.1	484	1030	1902	2994	4384	6938	498	1307	1745	3267	5080	7421
0:20:30	30.1	476	1056	1861	3012	4384	7014	496	1317	1748	3224	5017	7355
0:20:35	30.1	483	1045	1884	3062	4297	6979	480	1286	1727	3247	5062	7296
0:20:40	30.1	497	1038	1921	3036	4442	6888	483	1309	1756	3209	5068	7353
0:20:45	30.1	466	1055	1901	3060	4382	6899	471	1258	1771	3255	5040	7338
0:20:50	30.1	487	1059	1888	3050	4362	6942	484	1308	1783	3227	5098	7383
0:20:55	30.1	486	1039	1900	3079	4388	6925	485	1289	1762	3201	5003	7385
0:21:00	30.1	482	1041	1924	3106	4392	6969	474	1299	1762	3198	5005	7402
0:21:05	30.1	490	1028	1935	3093	4398	6949	464	1305	1760	3177	4999	7286
0:21:10	30.1	477	1049	1880	3101	4368	6901	492	1269	1719	3245	4999	7320
0:21:15	30.1	472	1050	1940	3070	4445	6925	457	1281	1728	3215	5009	7236
0:21:20	30.1	500	1015	1862	3064	4457	6888	471	1278	1735	3195	4950	7303
0:21:25	30.1	485	1064	1899	3095	4372	6891	471	1269	1756	3167	5015	7367
0:21:30	30.1	479	1058	1915	3070	4367	6887	472	1238	1701	3236	5027	7236
0:21:35	30.1	466	1022	1990	3047	4375	6831	490	1295	1726	3178	4984	7283
0:21:40	30.1	477	1042	1890	3051	4322	6999	465	1279	1705	3224	4973	7227
0:21:45	30.1	483	1008	1889	2984	4407	6922	475	1283	1717	3199	5022	7273
0:21:50	30.1	488	1031	1888	3098	4433	6930	495	1271	1720	3173	4994	7297
0:21:55	30.1	489	1039	1895	3067	4377	6959	494	1312	1686	3156	5015	7216
0:22:00	30.1	470	1030	1957	3035	4418	6992	463	1290	1721	3176	4987	7310
0:22:05	30.1	486	1051	1874	3067	4420	6890	453	1284	1682	3181	4941	7279
0:22:10	30.1	467	1027	1877	3130	4339	6971	476	1267	1691	3197	4907	7228
0:22:15	30.1	488	1071	1936	3064	4420	6875	483	1269	1718	3194	4925	7270
0:22:20	30.1	469	1038	1902	3063	4371	6919	465	1295	1726	3159	5023	7169
0:22:25	30.1	482	1037	1920	3069	4410	6986	458	1273	1693	3124	5040	7195
0:22:30	30.1	482	1050	1907	3134	4369	6840	466	1244	1708	3195	4990	7233
0:22:35	30.1	507	1062	1918	3068	4423	6965	493	1265	1722	3173	4951	7265
0:22:40	30.1	487	1031	1913	3122	4408	6945	459	1242	1703	3168	4990	7231
0:22:45	30.1	484	1035	1938	3063	4325	6901	464	1278	1750	3174	4940	7250
0:22:50	30.1	504	1069	1907	3114	4412	7016	480	1251	1742	3097	4921	7184
0:22:55	30.1	476	1050	1881	3060	4347	6920	478	1252	1730	3151	4962	7096
0:23:00	30.1	482	1047	1936	3127	4413	6978	475	1265	1703	3170	4947	7153
0:23:05	30.1	492	1058	1919	3061	4385	6840	451	1253	1676	3154	4937	7130
0:23:10	30.1	464	1038	1899	3105	4390	6917	462	1215	1723	3141	4883	7179
0:23:15	30.1	483	1039	1956	3091	4483	6884	467	1274	1709	3137	4905	7143
0:23:20	30.1	474	1039	1949	2996	4367	6857	487	1232	1678	3152	4933	7200
0:23:25	30.1	485	1100	1929	3038	4413	6823	477	1272	1695	3100	4901	7111
0:23:30	30.1	475	1054	1929	3107	4332	6905	476	1220	1689	3087	4890	7133
0:23:35	30.1	500	992	1918	3106	4418	6938	485	1232	1686	3163	4915	7091
0:23:40	30.1	516	1044	1934	3082	4422	7060	475	1281	1691	3099	4941	7127
0:23:45	30.1	498	1050	1926	3018	4395	6934	457	1254	1659	3118	4877	7047
0:23:50	30.1	490	1045	1888	3017	4359	6838	456	1260	1697	3122	4831	7142
0:23:55	30.1	502	1059	1893	3089	4362	6880	471	1242	1695	3130	4896	7148
0:24:00	30.1	502	1051	1929	3115	4419	6979	466	1233	1670	3086	4881	7101
0:24:05	30.1	483	1064	1956	3108	4481	7006	476	1291	1649	3129	4918	7139
0:24:10	30.1	486	1023	1897	3120	4418	6869	468	1242	1680	3143	4777	7211
0:24:15	30.1	475	1068	1926	3113	4419	6776	464	1225	1663	3081	4876	7100
0:24:20	30.1	456	1101	1937	3047	4448	6863	467	1239	1676	3072	4864	7178
0:24:25	30.1	478	1085	1961	3008	4405	6940	459	1228	1673	3136	4862	7188
0:24:30	30.1	493	1057	1889	3102	4496	6901	465	1256	1690	3126	4872	7015
0:24:35	30.1	500	1063	1907	3073	4396	6882	463	1248	1693	3084	4869	7064
0:24:40	30.1	491	1066	1937	3072	4464	6871	472	1257	1719	3105	4834	7074
0:24:45	30.1	487	1062	1943	3045	4380	6984	465	1235	1675	3083	4823	7093
0:24:50	30.1	462	1036	1897	3123	4469	6922	474	1244	1659	3088	4815	7167
0:24:55	30.1	478	1022	1925	3080	4350	6895	468	1233	1667	3050	4864	7019
0:25:00	30.1	481	1071	1911	3049	4373	6882	496	1224	1690	3085	4761	7106
0:25:05	30.1	490	1038	2016	3057	4422	6944	478	1222	1671	3059	4898	7100
0:25:10	30.1	474	1057	1921	3093	4431	6884	481	1248	1667	3077	4829	7087
0:25:15	30.1	493	1038	1949	3080	4466	6855	444	1196	1676	3126	4814	7027
0:25:20	30.1	471	1065	1914	3082	4425	6984	467	1250	1683	3072	4861	7088
0:25:25	30.1	495	1072	1955	3052	4463	6933	472	1278	1679	3064	4771	7075
0:25:30	30.1	493	1065	1963	3059	4387	6860	481	1246	1672	3023	4807	7064
0:25:35	30.1	509	1047	1928	3064	4407	6822	464	1243	1650	3039	4804	7065
0:25:40	30.1	489	1039	1894	3011	4403	6861	458	1240	1637	3066	4769	7065
0:25:45	30.1	475	1044	1882	3056	4428	6934	465	1235	1644	3070	4781	6953
0:25:50	30.1	479	1065	1946	3101	4439	6827	481	1202	1675	3072	4708	7021
0:25:55	30.1	480	1035	1896	3070	4452	6838	449	1198	1649	2998	4769	7066
0:26:00	30.1	503	1075	1932	3021	4430	6896	470	1211	1700	3066	4820	7053
0:26:05	30.1	486	1068	1918	3054	4436	6848	485	1227	1641	3106	4749	6917
0:26:10	30.1	489	1040	1878	3034	4345	6952	458	1204	1673	3008	4793	7062
0:26:15	30.1	458	1035	1948	3139	4359	6926	469	1209	1656	3063	4743	7094
0:26:20	30.1	467	1047	1953	3003	4478	6967	474	1234	1695	3058	4824	7007
0:26:25	30.1	491	1064	1912	3034	4401	6839	491	1175	1668	3014	4796	7027
0:26:30	30.1	496	1065	1947	3007	4364	6891	476	1243	1670	3061	4760	7050
0:26:35	30.0	476	1060	1917	3079	4420	6898	451	1221	1674	3104	4755	7028
0:26:40	30.1	504	1088	1881	3088	4402	6808	451	1209	1610	3080	4786	6993
0:26:45	30.1	479	1054	1947	3050	4398	6839	468	1197	1641	3025	4796	7040
0:26:50	30.1	488	1075	1929	3036	4409	6890	459	1249	1629	3008	4710	7085
0:26:55	30.1	493	1058	1973	3092	4413	6699	467	1217	1645	3023	4784	6938
0:27:00	30.1	490	1041	1894	3013	4472	6998	455	1195	1686	2995	4815	7035
0:27:05	30.1	478	1097	1938	3002	4447	6856	473	1182	1643	3097	4737	6960
0:27:10	30.1	492	1068	1933	3056	4377	6795	452	1229	1634	3025	4767	7026
0:27:15	30.1	499	1049	1905	3047	4427	6844	457	1213	1647	3037	4696	6973
0:27:20	30.1	482	1072	1909	3101	4400	6902	452	1204	1632	2961	4751	6998
0:27:25	30.1	498	1067	1942	3026	4504	6963	446	1203	1674	3048	4790	6975
0:27:30	30.1	506	1053	1938	3053	4388	6868	462	1195	1656	3020	4720	6900
0:27:35	30.1	494	1060	1888	3030	4418	6861	469	1183	1652	3022	4727	6922
0:27:40	30.1	494	1050	1952	3034	4348	6879	475	1217	1643	2999	4789	6994
0:27:45	30.1	482	1065	1894	3068	4337	6744	451	1221	1626	3018	4779	6925
0:27:50	30.1	477	1031	1928	3052	4392	6853	449	1215	1645	3003	4705	7003
0:27:55	30.1	506	1062	1913	3055	4445	6854	469	1230	1615	2975	4744	6905
0:28:00	30.1	484	1006	1952	3092	4401	6824	437	1220	1594	2983	4684	6933
0:28:05	30.1	488	1056	1926	3041	4313	6907	464	1219	1622	3025	4783	6864
0:28:10	30.1	488	1065	1945	3061	4481	6812	445	1195	1639	3024	4621	6960
0:28:15	30.1	480	1043	1918	3033	4323	6796	466	1168	1599	3020	4728	6990
0:28:20	30.1	488	1051	1915	3053	4351	6795	461	1210	1639	2980	4720	6992
0:28:25	30.1	506	1054	1940	3032	4435	6884	470	1167	1639	2976	4721	6971
0:28:30	30.1	481	1053	1944	2982	4423	6829	464	1193	1655	2995	4720	6879
0:28:35	30.1	518	1084	1899	3050	4361	6832	463	1191	1642	2983	4615	6851
0:28:40	30.1	481	1053	1917	3009	4360	6870	462	1188	1642	2978	4714	6913
0:28:45	30.1	479	1050	1914	2984	4364	6927	474	1196	1606	2988	4603	6958
0:28:50	30.1	492	1062	1934	3031	4439	6877	449	1194	1622	3009	4734	6857
0:28:55	30.1	506	1069	1914	3089	4430	6926	443	1199	1639	2967	4728	6808
0:29:00	30.1	483	1073	1895	3086	4355	6853	447	1194	1630	2955	4667	7006
0:29:05	30.1	487	1072	1899	3008	4453	6821	458	1211	1610	2995	4654	6840
0:29:10	30.1	479	1025	1926	3032	4441	6789	451	1208	1619	2980	4592	6847
0:29:15	30.1	475	1062	1955	3089	4327	6845	462	1197	1636	2996	4665	6912
0:29:20	30.1	478	1057	1922	3032	4385	6773	454	1164	1607	2918	4703	6886
0:29:25	30.1	491	1044	1912	3054	4374	6795	438	1203	1589	2939	4630	6917
0:29:30	30.1	477	1058	1959	3018	4398	6814	483	1215	1626	2954	4698	6849
0:29:35	30.1	485	1073	1908	3117	4371	6844	450	1220	1649	2989	4704	6815
0:29:40	30.1	476	1070	1872	3052	4317	6908	468	1170	1642	2882	4661	6908
0:29:45	30.1	500	1045	1892	3036	4354	6829	443	1185	1633	2928	4637	6883
0:29:50	30.1	462	1049	1928	3038	4420	6942	445	1222	1593	2979	4601	6846
0:29:55	30.1	489	1053	1896	3018	4365	6802	458	1188	1582	2921	4636	6865
0:30:00	30.1	506	1037	1923	3006	4362	6818	482	1176	1564	2928	4604	6869
0:30:05	30.1	474	1055	1921	3045	4335	6714	459	1207	1631	2961	4643	6822
0:30:10	30.1	494	1033	1949	3075	4442	6867	438	1163	1636	2964	4615	6905
0:30:15	30.1	487	1057	1891	3050	4388	6867	465	1177	1602	2935	4706	6739
0:30:20	30.1	480	1066	1928	3028	4382	6825	453	1171	1636	2923	4608	6831
0:30:25	30.1	499	1048	1920	3069	4416	6848	465	1169	1658	2950	4623	6885
0:30:30	30.1	486	1032	1938	3019	4412	6873	454	1213	1598	2956	4677	6814
0:30:35	30.1	474	1047	1895	3021	4352	6858	448	1195	1600	2983	4668	6871
0:30:40	30.1	477	1068	1924	3005	4331	6886	454	1188	1607	2968	4620	6782
0:30:45	30.1	476	1047	1915	3078	4411	6883	463	1202	1594	2931	4592	6975
0:30:50	30.1	480	1032	1927	3083	4319	6698	434	1209	1607	2944	4634	6847
0:30:55	30.1	491	1036	1898	3012	4348	6809	459	1190	1569	2930	4634	6808
0:31:00	30.1	499	1078	1903	3072	4358	6860	457	1181	1617	2897	4578	6780
0:31:05	30.1	482	1044	1894	3025	4384	6740	464	1162	1583	2911	4639	6799
0:31:10	30.1	485	1036	1897	3020	4390	6796	425	1188	1625	2940	4663	6771
0:31:15	30.1	496	1058	1855	3017	4442	6865	462	1200	1586	2898	4603	6837
0:31:20	30.1	491	1079	1895	3043	4349	6838	446	1196	1549	2931	4579	6767
0:31:25	30.1	488	1070	1906	3012	4310	6972	446	1176	1548	2940	4593	6869
0:31:30	30.1	494	1016	1912	3036	4412	6889	449	1147	1587	2980	4607	6864
0:31:35	30.1	490	1049	1919	3082	4426	6769	466	1180	1565	2929	4588	6759
0:31:40	30.1	477	1024	1896	3024	4417	6895	431	1177	1553	2937	4655	6811
0:31:45	30.1	472	1030	1895	3017	4411	6746	472	1181	1613	2890	4551	6700
0:31:50	30.1	476	1058	1880	3036	4354	6721	456	1197	1566	2964	4586	6863
0:31:55	30.1	484	1054	1949	3042	4384	6787	458	1196	1604	2908	4485	6729
0:32:00	30.1	480	1025	1963	2969	4346	7003	476	1149	1616	2921	4600	6758
0:32:05	30.1	463	1054	1924	3072	4337	6863	433	1189	1538	2900	4565	6764
0:32:10	30.1	489	1032	1912	3032	4306	6827	464	1178	1590	2896	4668	6719
0:32:15	30.1	490	1063	1875	3052	4406	6750	448	1175	1593	2957	4550	6755
0:32:20	30.1	478	1056	1890	3045	4389	6788	466	1163	1588	2929	4582	6644
0:32:25	30.1	477	1048	1922	3021	4343	6781	442	1173	1587	2971	4538	6821
0:32:30	30.1	493	1070	1912	3055	4338	6773	444	1193	1604	2875	4560	6708
0:32:35	30.1	492	1035	1914	2979	4388	6819	443	1185	1565	2864	4611	6799
0:32:40	30.1	481	1028	1872	2992	4390	6800	457	1168	1604	2871	4582	6771
0:32:45	30.1	484	1041	1881	3098	4403	6816	463	1174	1604	2848	4554	6661
0:32:50	30.1	478	1056	1961	3068	4352	6832	455	1188	1617	2924	4578	6683
0:32:55	30.1	489	1066	1902	2995	4394	6784	427	1175	1597	2879	4553	6704
0:33:00	30.1	476	1060	1891	3013	4412	6788	436	1191	1556	2941	4553	6717
0:33:05	30.1	463	1060	1862	3043	4439	6769	445	1139	1605	2921	4536	6688
0:33:10	30.1	466	1078	1950	3016	4376	6858	444	1158	1575	2908	4530	6709
0:33:15	30.1	498	1032	1939	3061	4369	6825	472	1161	1596	2856	4540	6716
0:33:20	30.1	484	1040	1873	2989	4382	6885	449	1173	1567	2890	4598	6798
0:33:25	30.1	474	1052	1913	3064	4423	6777	448	1165	1573	2871	4573	6786
0:33:30	30.1	478	1039	1916	3043	4333	6926	447	1150	1584	2882	4529	6669
0:33:35	30.1	491	1046	1890	3043	4353	6773	446	1164	1521	2878	4554	6733
0:33:40	30.1	469	1030	1944	3018	4362	6874	456	1164	1546	2876	4608	6727
0:33:45	30.1	488	1052	1934	3033	4358	6813	453	1144	1572	2933	4530	6714
0:33:50	30.1	465	1044	1924	2991	4363	6747	463	1171	1567	2874	4553	6653
0:33:55	30.1	483	1010	1904	3006	4283	6800	452	1176	1568	2860	4521	6763
0:34:00	30.1	475	1038	1915	3038	4351	6849	444	1200	1554	2946	4519	6670
0:34:05	30.1	489	1056	1888	2997	4348	6754	465	1130	1555	2908	4535	6651
0:34:10	30.1	481	1033	1910	3033	4279	6801	469	1150	1541	2934	4573	6589
0:34:15	30.1	487	1048	1905	3058	4351	6839	447	1174	1579	2846	4476	6617
0:34:20	30.1	477	1052	1920	3027	4341	6811	464	1177	1578	2809	4501	6632
0:34:25	30.1	497	1042	1930	3044	4365	6778	452	1176	1568	2856	4523	6801
0:34:30	30.1	463	1034	1890	3031	4347	6716	467	1181	1551	2879	4551	6686
0:34:35	30.1	501	1059	1924	3042	4380	6752	441	1185	1567	2916	4502	6655
0:34:40	30.1	478	1033	1935	3018	4306	6722	449	1176	1530	2846	4462	6747
0:34:45	30.1	478	1053	1930	3036	4369	6801	444	1161	1582	2877	4559	6603
0:34:50	30.1	489	1046	1892	3066	4435	6794	445	1173	1558	2863	4538	6649
0:34:55	30.1	518	1043	1885	3022	4351	6879	483	1145	1562	2874	4432	6553
0:35:00	30.1	465	1069	1943	3050	4420	6770	455	1162	1577	2864	4419	6629
0:35:05	30.1	479	1031	1881	3057	4436	6762	444	1164	1540	2857	4455	6685
0:35:10	30.1	478	1049	1925	2982	4374	6717	432	1198	1546	2896	4485	6607
0:35:15	30.1	488	1049	1869	3028	4384	6777	450	1152	1558	2813	4484	6679
0:35:20	30.1	494	1049	1888	3024	4379	6816	449	1189	1533	2871	4609	6687
0:35:25	30.1	497	1064	1921	3052	4343	6806	451	1150	1509	2843	4486	6578
0:35:30	30.1	483	1067	1890	3029	4373	6867	456	1162	1534	2851	4497	6632
0:35:35	30.1	499	1053	1916	3044	4396	6700	443	1150	1554	2851	4555	6617
0:35:40	30.1	480	1024	1904	3021	4286	6770	445	1150	1575	2891	4442	6567
0:35:45	30.1	476	1061	1953	2997	4360	6803	452	1138	1541	2881	4498	6537
0:35:50	30.1	488	1046	1860	2982	4372	6775	459	1161	1537	2806	4385	6547
0:35:55	30.1	499	1038	1918	3012	4364	6798	436	1126	1540	2866	4528	6619
0:36:00	30.1	466	1042	1869	3007	4322	6845	454	1122	1566	2803	4377	6688
0:36:05	30.1	481	1041	1905	3043	4357	6791	460	1146	1554	2822	4405	6637
0:36:10	30.1	471	1058	1894	2988	4366	6781	442	1152	1569	2821	4461	6648
0:36:15	30.1	472	1065	1942	3026	4329	6702	461	1167	1581	2896	4465	6585
0:36:20	30.1	472	1024	1910	3026	4241	6816	445	1157	1565	2864	4497	6572
0:36:25	30.1	485	1039	1863	2989	4388	6744	445	1188	1534	2807	4438	6571
0:36:30	30.1	486	1014	1888	3013	4325	6774	469	1140	1563	2763	4495	6611
0:36:35	30.1	475	1051	1908	2969	4400	6817	444	1141	1563	2809	4405	6581
0:36:40	30.1	486	1029	1907	3014	4272	6797	446	1184	1557	2841	4478	6664
0:36:45	30.1	478	1032	1867	3014	4315	6804	473	1149	1531	2855	4525	6609
0:36:50	30.1	469	1047	1902	3014	4333	6800	430	1141	1563	2826	4513	6599
0:36:55	30.1	475	1057	1921	2964	4381	6760	451	1148	1532	2867	4457	6547
0:37:00	30.1	469	1042	1924	3014	4372	6752	445	1181	1560	2840	4467	6510
0:37:05	30.1	485	1033	1889	2979	4315	6820	465	1167	1572	2822	4454	6550
0:37:10	30.1	475	1084	1888	3039	4377	6851	445	1145	1569	2807	4433	6575
0:37:15	30.1	471	1080	1896	3004	4313	6758	437	1148	1552	2789	4403	6574
0:37:20	30.1	490	1043	1925	3028	4365	6822	468	1141	1574	2843	4418	6376
0:37:25	30.1	462	1012	1893	2978	4285	6691	440	1145	1537	2814	4443	6517
0:37:30	30.1	497	1038	1916	2986	4359	6733	466	1122	1516	2837	4398	6488
0:37:35	30.1	467	1048	1929	3050	4360	6820	456	1164	1536	2819	4394	6529
0:37:40	30.1	485	1060	1913	3029	4370	6725	466	1167	1538	2787	4352	6507
0:37:45	30.1	497	1040	1885	2989	4351	6726	450	1161	1569	2774	4430	6540
0:37:50	30.1	478	1075	1869	3015	4403	6768	423	1135	1531	2729	4393	6503
0:37:55	30.1	478	1024	1867	3031	4389	6684	435	1160	1520	2812	4433	6586
0:38:00	30.1	485	1060	1918	3027	4381	6742	433	1158	1544	2839	4430	6463
0:38:05	30.1	475	1074	1921	2969	4382	6806	444	1119	1549	2784	4419	6532
0:38:10	30.1	431	1042	1928	2984	4384	6786	441	1131	1545	2807	4474	6462
0:38:15	30.1	506	1069	1884	2981	4382	6947	464	1124	1552	2847	4475	6517
0:38:20	30.1	479	1034	1870	3046	4341	6790	447	1119	1540	2763	4359	6538
0:38:25	30.1	470	1030	1902	2989	4454	6715	445	1159	1540	2817	4427	6489
0:38:30	30.1	477	1056	1910	2978	4285	6800	441	1136	1538	2757	4403	6568
0:38:35	30.1	492	1045	1892	2980	4367	6779	441	1154	1560	2771	4418	6349
0:38:40	30.1	476	1035	1896	2977	4337	6767	463	1126	1557	2803	4396	6621
0:38:45	30.1	502	1056	1898	2971	4375	6659	440	1152	1521	2817	4456	6549
0:38:50	30.1	469	1042	1919	3053	4313	6731	444	1123	1539	2777	4438	6448
0:38:55	30.1	486	1043	1869	3069	4320	6785	449	1157	1507	2777	4379	6497
0:39:00	30.1	491	1060	1876	3058	4326	6807	452	1138	1526	2780	4407	6425
0:39:05	30.1	467	1014	1941	3003	4304	6758	459	1130	1553	2748	4389	6407
0:39:10	30.1	467	1077	1944	2984	4269	6724	440	1134	1505	2769	4396	6469
0:39:15	30.1	457	1059	1903	2998	4241	6800	463	1129	1535	2757	4383	6445
0:39:20	30.1	491	1031	1909	2978	4378	6800	444	1146	1502	2817	4383	6419
0:39:25	30.1	473	1045	1935	2973	4341	6733	444	1143	1504	2800	4364	6476
0:39:30	30.1	493	1048	1858	3070	4341	6859	436	1169	1544	2794	4391	6404
0:39:35	30.1	477	1050	1928	3037	4308	6729	454	1175	1559	2787	4367	6450
0:39:40	30.1	486	1017	1943	2946	4324	6652	446	1127	1503	2766	4444	6355
0:39:45	30.1	480	1048	1865	3028	4275	6728	433	1154	1540	2828	4443	6442
0:39:50	30.1	496	1054	1889	3025	4376	6748	446	1137	1560	2793	4409	6399
0:39:55	30.1	457	986	1909	2983	4333	6752	448	1139	1521	2734	4378	6498
0:40:00	30.1	480	1010	1895	3042	4318	6780	466	1148	1506	2747	4358	6542
0:40:05	30.1	458	1051	1923	3016	4421	6781	444	1127	1523	2749	4394	6460
0:40:10	30.1	460	1033	1933	2986	4359	6766	473	1139	1524	2772	4357	6429
0:40:15	30.1	458	1012	1876	3010	4340	6732	458	1134	1523	2767	4318	6402
0:40:20	30.1	492	1021	1932	3041	4328	6645	438	1100	1482	2729	4319	6399
0:40:25	30.1	491	1029	1888	2995	4376	6712	456	1147	1535	2803	4362	6443
0:40:30	30.1	499	1057	1881	3026	4276	6686	436	1124	1510	2736	4393	6489
0:40:35	30.1	478	1020	1855	3010	4326	6792	464	1117	1520	2758	4399	6504
0:40:40	30.1	481	1023	1883	3001	4313	6734	451	1154	1543	2760	4405	6457
0:40:45	30.1	475	1032	1919	3011	4357	6816	435	1124	1528	2828	4292	6355
0:40:50	30.1	480	1027	1890	2994	4317	6805	446	1137	1519	2712	4337	6399
0:40:55	30.1	463	1044	1919	3014	4350	6841	435	1103	1511	2746	4345	6487
0:41:00	30.1	473	1058	1904	3000	4352	6718	434	1136	1525	2779	4414	6455
0:41:05	30.1	483	991	1861	2969	4369	6641	441	1153	1521	2777	4336	6396
0:41:10	30.1	461	1035	1883	2967	4406	6746	447	1120	1498	2764	4445	6412
0:41:15	30.1	480	1019	1862	2976	4344	6850	446	1156	1519	2777	4348	6389
0:41:20	30.1	481	1013	1909	3033	4264	6790	432	1164	1516	2739	4357	6397
0:41:25	30.1	468	1014	1884	3008	4387	6746	448	1108	1519	2780	4367	6349
0:41:30	30.1	472	1035	1881	2997	4347	6686	442	1127	1512	2780	4341	6381
0:41:35	30.1	481	1051	1871	2994	4300	6702	447	1171	1528	2770	4416	6443
0:41:40	30.1	449	1043	1873	3059	4298	6738	452	1121	1496	2741	4311	6414
0:41:45	30.1	469	1045	1919	3065	4299	6702	439	1120	1487	2731	4305	6485
0:41:50	30.1	478	1027	1890	3012	4352	6839	436	1103	1500	2774	4305	6347
0:41:55	30.1	488	1028	1920	2989	4312	6750	453	1112	1447	2701	4350	6450
0:42:00	30.1	484	1026	1869	3029	4334	6704	432	1128	1487	2721	4353	6421
0:42:05	30.1	494	1054	1924	3003	4325	6683	444	1150	1522	2760	4330	6328
0:42:10	30.1	460	1017	1910	2989	4306	6741	465	1145	1508	2754	4310	6398
0:42:15	30.1	470	1024	1856	3006	4297	6841	450	1132	1511	2753	4371	6362
0:42:20	30.1	478	1044	1875	3023	4223	6729	436	1125	1494	2736	4275	6409
0:42:25	30.1	486	1026	1902	3023	4262	6779	446	1125	1562	2716	4236	6337
0:42:30	30.1	497	1029	1903	3023	4299	6818	429	1110	1483	2755	4309	6404
0:42:35	30.1	483	1037	1886	3000	4396	6681	436	1116	1501	2718	4328	6289
0:42:40	30.1	489	1041	1868	3020	4322	6756	435	1132	1497	2720	4262	6328
0:42:45	30.1	477	1039	1891	3001	4340	6675	473	1088	1509	2749	4365	6327
0:42:50	30.1	481	1043	1853	3052	4281	6700	443	1152	1498	2680	4309	6354
0:42:55	30.1	480	1026	1924	2991	4331	6698	448	1141	1511	2722	4277	6307
0:43:00	30.1	483	998	1873	2988	4325	6785	439	1155	1530	2775	4293	6340
0:43:05	30.1	484	998	1895	3007	4318	6735	433	1105	1541	2709	4324	6380
0:43:10	30.1	477	1049	1869	3031	4327	6755	447	1134	1501	2771	4290	6406
0:43:15	30.1	473	1053	1857	3000	4268	6667	438	1122	1479	2728	4276	6474
0:43:20	30.1	487	1016	1889	3034	4403	6709	448	1130	1507	2727	4373	6287
0:43:25	30.1	481	1008	1881	2976	4331	6724	439	1083	1516	2744	4341	6299
0:43:30	30.1	479	1011	1862	3004	4328	6788	423	1127	1476	2692	4291	6373
0:43:35	30.1	471	1056	1888	2942	4368	6734	420	1117	1493	2768	4324	6263
0:43:40	30.1	480	1064	1847	2989	4272	6712	444	1121	1515	2699	4245	6354
0:43:45	30.1	461	1038	1881	3021	4399	6736	449	1130	1514	2718	4305	6320
0:43:50	30.1	487	1052	1859	2951	4287	6711	447	1118	1485	2731	4248	6342
0:43:55	30.1	485	1029	1894	3030	4293	6626	462	1104	1499	2678	4254	6431
0:44:00	30.1	477	1034	1899	3064	4345	6601	448	1133	1498	2711	4220	6284
0:44:05	30.1	492	1027	1916	3021	4278	6709	440	1097	1474	2732	4191	6379
0:44:10	30.1	485	1067	1901	2945	4235	6726	445	1136	1489	2733	4337	6375
0:44:15	30.1	474	1009	1872	3049	4265	6624	434	1142	1532	2715	4249	6330
0:44:20	30.1	461	1056	1837	2940	4349	6678	442	1140	1483	2721	4310	6282
0:44:25	30.1	487	1056	1895	2957	4414	6672	440	1124	1487	2668	4255	6283
0:44:30	30.1	465	986	1891	3027	4356	6590	429	1096	1499	2723	4289	6349
0:44:35	30.1	447	1029	1900	3015	4289	6714	449	1154	1480	2657	4266	6299
0:44:40	30.1	466	1062	1892	2981	4328	6642	440	1127	1529	2728	4202	6326
0:44:45	30.1	491	995	1873	3021	4270	6724	445	1143	1485	2723	4208	6280
0:44:50	30.1	487	1027	1879	3039	4288	6714	459	1133	1502	2679	4208	6322
0:44:55	30.1	465	1037	1912	2995	4288	6684	435	1098	1498	2679	4262	6276
0:45:00	30.1	482	1040	1875	2956	4255	6719	430	1134	1501	2713	4271	6293
0:45:05	30.1	484	1020	1892	3004	4352	6745	474	1133	1482	2716	4218	6287
0:45:10	30.1	478	1004	1888	2989	4372	6689	450	1141	1491	2714	4175	6258
0:45:15	30.1	469	1040	1880	2933	4241	6678	441	1131	1523	2708	4279	6264
0:45:20	30.1	471	1047	1872	2996	4282	6676	438	1138	1509	2694	4296	6283
0:45:25	30.1	479	1022	1872	3010	4269	6546	446	1118	1502	2610	4298	6267
0:45:30	30.1	457	1031	1907	2933	4303	6705	446	1122	1465	2655	4222	6257
0:45:35	30.1	487	1019	1908	2998	4279	6614	456	1124	1464	2713	4210	6288
0:45:40	30.1	478	1050	1896	2934	4281	6665	449	1127	1511	2716	4244	6328
0:45:45	30.1	464	1021	1860	2930	4373	6651	463	1125	1490	2702	4229	6272
0:45:50	30.1	489	1047	1887	2983	4316	6728	468	1169	1484	2719	4301	6246
0:45:55	30.1	480	1021	1875	3008	4317	6657	441	1154	1497	2697	4214	6265
0:46:00	30.1	466	1048	1936	3027	4324	6689	440	1122	1501	2646	4240	6268
0:46:05	30.1	460	1031	1854	2963	4302	6753	426	1119	1482	2671	4228	6286
0:46:10	30.1	484	1005	1882	2979	4286	6671	414	1094	1467	2689	4241	6176
0:46:15	30.1	473	1053	1828	2984	4328	6623	443	1105	1492	2667	4130	6370
0:46:20	30.1	488	1009	1879	3040	4263	6682	424	1097	1480	2711	4235	6237
0:46:25	30.1	482	1042	1865	2992	4192	6662	440	1104	1492	2612	4288	6226
0:46:30	30.1	473	1043	1887	2973	4363	6778	449	1115	1466	2683	4227	6316
0:46:35	30.1	461	1023	1893	2992	4264	6640	464	1105	1466	2702	4232	6154
0:46:40	30.1	479	1029	1877	3021	4284	6744	447	1100	1456	2720	4261	6167
0:46:45	30.1	477	1039	1857	2975	4351	6719	451	1115	1465	2672	4210	6273
0:46:50	30.1	469	1021	1884	2987	4261	6744	445	1115	1529	2663	4220	6357
0:46:55	30.1	474	1028	1907	2972	4333	6713	449	1115	1466	2718	4224	6272
0:47:00	30.1	482	1029	1861	2961	4263	6624	450	1100	1468	2673	4216	6264
0:47:05	30.1	476	1004	1858	2953	4296	6745	449	1108	1481	2670	4225	6155
0:47:10	30.1	467	1033	1872	2987	4353	6742	446	1102	1482	2674	4224	6168
0:47:15	30.1	476	1027	1872	3029	4330	6709	454	1100	1467	2645	4250	6226
0:47:20	30.1	483	1035	1839	2965	4288	6662	443	1095	1466	2687	4135	6270
0:47:25	30.1	484	1025	1898	2972	4353	6708	430	1125	1468	2697	4227	6175
0:47:30	30.1	482	1016	1847	2952	4314	6656	436	1097	1470	2652	4192	6307
0:47:35	30.1	467	1033	1875	3033	4313	6653	446	1100	1492	2659	4180	6194
0:47:40	30.1	468	1024	1870	2966	4323	6618	452	1091	1495	2698	4257	6241
0:47:45	30.1	475	1002	1862	2999	4245	6645	441	1131	1477	2688	4219	6228
0:47:50	30.1	483	1013	1889	2985	4295	6706	432	1117	1509	2660	4145	6246
0:47:55	30.1	473	1006	1867	3002	4351	6667	448	1110	1497	2663	4189	6220
0:48:00	30.1	464	1037	1905	2945	4245	6684	439	1142	1449	2653	4172	6205
0:48:05	30.1	463	1032	1879	2948	4322	6743	441	1136	1490	2679	4179	6213
0:48:10	30.1	493	1027	1894	2999	4211	6750	451	1129	1448	2708	4170	6266
0:48:15	30.1	469	1034	1906	2957	4317	6619	439	1114	1490	2678	4179	6137
0:48:20	30.1	476	1044	1870	2989	4286	6668	459	1133	1480	2662	4184	6288
0:48:25	30.1	482	1044	1858	2974	4279	6711	445	1125	1488	2644	4219	6208
0:48:30	30.1	450	1037	1891	3003	4267	6646	433	1090	1438	2698	4150	6161
0:48:35	30.1	469	999	1828	3017	4316	6633	441	1125	1475	2636	4170	6174
0:48:40	30.1	487	1037	1860	3000	4278	6616	426	1122	1449	2694	4184	6233
0:48:45	30.1	463	1012	1861	2994	4217	6714	433	1143	1495	2655	4189	6233
0:48:50	30.1	474	1044	1813	2935	4287	6585	445	1112	1455	2630	4165	6283
0:48:55	30.1	478	1022	1866	2995	4270	6733	455	1103	1456	2620	4214	6230
0:49:00	30.1	474	1007	1875	2914	4332	6687	447	1087	1473	2658	4186	6160
0:49:05	30.1	454	1039	1860	2919	4269	6610	427	1070	1477	2659	4165	6102
0:49:10	30.1	477	1023	1882	3004	4276	6671	443	1106	1503	2644	4165	6216
0:49:15	30.1	479	1019	1908	3007	4314	6678	428	1120	1448	2618	4187	6140
0:49:20	30.1	470	1041	1878	2922	4294	6696	452	1084	1484	2653	4146	6141
0:49:25	30.1	486	1004	1846	3011	4309	6692	442	1157	1479	2659	4175	6277
0:49:30	30.1	482	1036	1906	3045	4289	6774	449	1106	1477	2649	4228	6287
0:49:35	30.0	471	1036	1918	2995	4351	6636	432	1065	1450	2691	4229	6066
0:49:40	30.0	482	1029	1866	3002	4311	6719	437	1110	1457	2665	4216	6110
0:49:45	30.1	487	1041	1897	2988	4249	6692	447	1124	1501	2631	4219	6221
0:49:50	30.1	483	1018	1864	2973	4294	6583	446	1133	1452	2645	4160	6099
0:49:55	30.1	461	1041	1884	2979	4264	6662	442	1117	1414	2704	4149	6118
0:50:00	30.1	469	1008	1845	2980	4259	6683	456	1093	1474	2561	4147	6146
0:50:05	30.1	497	1018	1841	2970	4253	6718	431	1106	1495	2633	4193	6206
0:50:10	30.1	452	1013	1865	2928	4316	6691	443	1120	1516	2686	4179	6211
0:50:15	30.1	449	1032	1859	2994	4247	6732	426	1119	1433	2655	4180	6194
0:50:20	30.0	479	1030	1864	2984	4267	6680	472	1095	1445	2641	4138	6139
0:50:25	30.1	487	1032	1852	2952	4275	6694	431	1094	1461	2615	4142	6246
0:50:30	30.0	485	1027	1899	2934	4250	6715	449	1103	1487	2719	4153	6206
0:50:35	30.1	479	1043	1837	2984	4318	6627	453	1120	1433	2661	4107	6220
0:50:40	30.1	471	1044	1900	3006	4252	6602	434	1110	1496	2669	4170	6078
0:50:45	30.1	492	1052	1833	2950	4318	6615	461	1103	1499	2620	4157	6187
0:50:50	30.1	483	1020	1831	3003	4279	6661	442	1149	1461	2628	4132	6180
0:50:55	30.1	471	990	1858	2987	4307	6596	449	1170	1479	2627	4163	6160
0:51:00	30.1	477	1011	1895	2953	4275	6642	443	1128	1527	2647	4122	6230
0:51:05	30.1	466	1037	1915	2965	4275	6638	444	1089	1417	2640	4103	6106
0:51:10	30.1	484	1027	1873	3002	4355	6600	459	1124	1475	2631	4171	6168
0:51:15	30.1	456	1034	1895	2994	4284	6643	429	1096	1470	2662	4113	6163
0:51:20	30.0	493	1028	1913	2966	4281	6682	451	1089	1424	2654	4147	6125
0:51:25	30.1	489	1032	1858	2957	4267	6647	425	1104	1513	2614	4133	6198
0:51:30	30.1	460	1034	1854	2980	4332	6636	423	1090	1456	2649	4116	6154
0:51:35	30.1	447	1013	1863	2883	4272	6606	456	1118	1479	2593	4120	6204
0:51:40	30.1	469	1038	1885	2934	4251	6660	444	1079	1472	2653	4138	6073
0:51:45	30.1	480	993	1862	2957	4281	6670	456	1097	1488	2672	4094	6032
0:51:50	30.1	484	1024	1877	2969	4313	6640	456	1156	1443	2612	4125	6112
0:51:55	30.0	456	1012	1843	2952	4298	6659	444	1087	1461	2642	4109	6015
0:52:00	30.1	455	1007	1907	2942	4297	6560	437	1118	1450	2588	4161	6128
0:52:05	30.1	461	1012	1874	2967	4320	6641	438	1117	1472	2639	4142	6143
0:52:10	30.1	460	1029	1821	2918	4295	6597	434	1101	1469	2646	4071	6036
0:52:15	30.0	466	1037	1850	2936	4340	6731	442	1096	1460	2599	4056	6080
0:52:20	30.1	484	1041	1897	2923	4296	6638	448	1106	1497	2633	4116	6166
0:52:25	30.1	476	1051	1879	3025	4281	6642	434	1125	1480	2599	4134	6128
0:52:30	30.1	465	1023	1863	2930	4229	6605	428	1132	1505	2649	4116	6158
0:52:35	30.1	481	1054	1838	3001	4268	6597	445	1066	1453	2605	4031	6110
0:52:40	30.0	484	1029	1853	2984	4343	6594	429	1103	1457	2650	4129	6144
0:52:45	30.0	493	993	1915	3050	4300	6653	430	1086	1464	2575	4075	6147
0:52:50	30.1	469	1020	1846	2965	4252	6596	454	1089	1425	2669	4108	6144
0:52:55	30.1	492	1019	1862	3020	4259	6685	449	1106	1438	2683	4056	6165
0:53:00	30.1	473	1031	1898	3049	4322	6651	424	1066	1441	2609	4081	6133
0:53:05	30.0	478	1043	1897	2971	4254	6652	439	1085	1490	2606	4109	6046
0:53:10	30.1	459	1050	1886	2965	4240	6764	446	1061	1439	2635	4174	6085
0:53:15	30.1	476	1021	1905	3012	4215	6596	436	1107	1440	2576	4124	6069
0:53:20	30.1	455	997	1871	2954	4229	6647	432	1075	1451	2596	4054	6135
0:53:25	30.1	486	1044	1922	2930	4184	6604	442	1126	1448	2603	4138	5964
0:53:30	30.1	466	998	1854	2907	4281	6637	440	1099	1462	2638	4120	6120
0:53:35	30.0	485	1035	1902	3015	4278	6662	447	1104	1470	2583	4107	6159
0:53:40	30.1	478	1034	1864	2913	4192	6603	435	1086	1482	2613	4047	6012
0:53:45	30.1	481	1022	1875	2982	4242	6631	438	1054	1452	2603	4144	6062
0:53:50	30.1	470	1017	1842	2952	4280	6604	428	1102	1433	2593	4104	6109
0:53:55	30.0	471	1016	1850	2936	4338	6626	443	1108	1445	2623	4109	6046
0:54:00	30.1	463	1033	1858	2991	4251	6673	446	1085	1471	2647	4058	6033
0:54:05	30.1	469	1017	1844	2919	4274	6552	452	1112	1471	2614	4067	6037
0:54:10	30.1	462	1001	1866	2948	4264	6638	432	1122	1430	2645	4069	6025
0:54:15	30.1	470	1030	1828	2983	4272	6658	443	1110	1452	2625	4056	6007
0:54:20	30.1	481	1013	1843	2913	4240	6665	455	1105	1426	2546	4080	5999
0:54:25	30.0	460	1032	1832	2932	4289	6710	444	1139	1434	2616	4077	6047
0:54:30	30.1	491	1055	1918	2940	4271	6628	447	1098	1452	2641	4068	6009
0:54:35	30.1	465	1022	1883	2949	4187	6547	459	1133	1445	2605	4062	6068
0:54:40	30.1	473	1030	1839	2945	4303	6630	430	1109	1488	2620	4142	6085
0:54:45	30.0	471	1048	1888	3010	4252	6675	438	1132	1481	2624	4086	5986
0:54:50	30.1	467	1020	1871	2928	4235	6602	437	1091	1463	2584	4084	6073
0:54:55	30.1	468	1063	1878	2951	4324	6586	445	1082	1468	2630	4138	6082
0:55:00	30.1	477	990	1876	2952	4250	6643	438	1085	1442	2553	4064	5996
0:55:05	30.1	488	1046	1847	2898	4332	6594	455	1097	1440	2601	4019	6054
0:55:10	30.0	471	1007	1899	2951	4173	6732	450	1060	1469	2627	4105	6020
0:55:15	30.1	485	1042	1906	2972	4222	6613	446	1118	1475	2602	4008	5959
0:55:20	30.1	471	1022	1866	2919	4288	6647	435	1109	1416	2608	4125	5998
0:55:25	30.1	472	1046	1838	2960	4244	6676	448	1092	1460	2585	4068	5976
0:55:30	30.0	484	1000	1885	3020	4304	6647	434	1103	1475	2579	4078	5996
0:55:35	30.1	474	1001	1911	2953	4319	6621	444	1076	1419	2669	4038	6041
0:55:40	30.1	483	994	1889	2931	4229	6677	433	1079	1447	2630	4039	6049
0:55:45	30.1	469	1034	1847	2943	4281	6537	433	1089	1466	2570	4084	5914
0:55:50	30.1	479	1037	1845	2972	4254	6573	429	1108	1453	2588	4085	5957
0:55:55	30.1	463	1020	1847	2976	4314	6541	442	1095	1460	2595	4071	6023
0:56:00	30.1	484	1010	1902	2945	4242	6623	422	1064	1413	2586	4077	5956
0:56:05	30.1	459	1026	1896	2911	4208	6659	446	1066	1426	2526	4064	6006
0:56:10	30.1	468	1035	1868	3023	4221	6589	433	1108	1431	2596	4045	5950
0:56:15	30.1	460	1020	1861	2963	4211	6617	442	1072	1459	2563	4059	5958
0:56:20	30.1	447	1002	1851	2915	4286	6662	444	1108	1415	2616	4017	5956
0:56:25	30.1	463	1035	1869	2969	4262	6678	431	1100	1405	2592	4041	6117
0:56:30	30.1	457	1009	1882	2940	4292	6551	441	1072	1454	2582	4074	6034
0:56:35	30.1	477	1028	1808	2969	4344	6739	438	1112	1455	2560	4068	5989
0:56:40	30.1	467	1009	1889	2924	4270	6547	437	1122	1448	2567	4082	6024
0:56:45	30.0	472	1000	1876	3022	4268	6659	463	1107	1431	2606	4172	5991
0:56:50	30.1	467	1036	1849	3000	4259	6512	428	1092	1428	2579	4074	6015
0:56:55	30.1	479	1018	1863	2910	4261	6654	439	1103	1409	2579	4132	6056
0:57:00	30.1	471	1021	1863	2968	4243	6617	432	1111	1424	2611	4106	5940
0:57:05	30.1	479	1024	1868	2895	4248	6676	424	1108	1468	2623	4118	5962
0:57:10	30.0	467	1018	1886	2866	4249	6685	426	1079	1461	2590	4047	6041
0:57:15	30.1	466	1011	1862	2920	4231	6553	438	1134	1444	2596	4104	5977
0:57:20	30.1	454	999	1887	2915	4182	6638	444	1105	1463	2613	4067	5989
0:57:25	30.1	488	1007	1846	2929	4248	6632	425	1090	1448	2592	4088	6059
0:57:30	30.1	466	1023	1884	2946	4322	6574	458	1071	1442	2569	4025	6018
0:57:35	30.1	482	1016	1844	2962	4195	6557	428	1082	1444	2661	4035	5944
0:57:40	30.1	478	1019	1862	2894	4268	6651	446	1083	1446	2611	4088	5984
0:57:45	30.1	469	996	1856	2948	4290	6614	445	1087	1391	2577	3993	5991
0:57:50	30.1	459	1023	1900	2998	4223	6677	434	1065	1425	2558	3984	6016
0:57:55	30.0	457	1001	1881	2948	4267	6594	450	1126	1438	2589	4035	5933
0:58:00	30.1	486	1004	1874	2894	4236	6587	437	1086	1411	2563	3996	5951
0:58:05	30.1	460	1018	1840	2917	4210	6629	439	1075	1450	2598	4051	5903
0:58:10	30.1	477	1021	1864	2959	4290	6633	437	1098	1473	2575	3929	5994
0:58:15	30.0	490	1039	1837	2887	4257	6589	444	1091	1449	2543	4040	5932
0:58:20	30.1	457	1011	1872	2847	4269	6601	443	1092	1424	2553	3984	5968
0:58:25	30.1	448	1031	1848	2924	4242	6609	454	1100	1473	2616	4016	6027
0:58:30	30.1	470	988	1872	2985	4230	6612	439	1103	1466	2575	3977	5925
0:58:35	30.1	467	1011	1846	2899	4237	6527	446	1070	1451	2573	3998	5895
0:58:40	30.0	483	986	1865	2974	4228	6593	452	1078	1430	2555	4085	5961
0:58:45	30.1	488	1015	1886	2920	4247	6554	446	1101	1490	2584	4046	5913
0:58:50	30.1	467	1041	1845	2875	4217	6680	436	1080	1458	2600	3979	5912
0:58:55	30.1	456	993	1801	2954	4256	6631	445	1112	1446	2579	3997	5958
0:59:00	30.0	475	1006	1840	2982	4245	6641	445	1082	1421	2596	4025	5919
0:59:05	30.1	465	1009	1828	2916	4143	6612	422	1106	1420	2566	4035	5952
0:59:10	30.1	472	1045	1826	2956	4370	6662	415	1086	1413	2497	3966	5929
0:59:15	30.1	456	1007	1859	2930	4220	6626	451	1051	1407	2588	3976	5937
0:59:20	30.1	482	1014	1873	2945	4256	6633	431	1105	1414	2560	4019	5971
0:59:25	30.1	477	996	1910	2932	4226	6579	440	1063	1419	2567	3969	5940
0:59:30	30.0	472	1041	1858	2977	4209	6685	430	1095	1454	2509	4063	5913
0:59:35	30.1	479	991	1873	2949	4226	6567	432	1074	1393	2556	4017	5918
0:59:40	30.1	475	991	1865	2952	4276	6596	454	1088	1446	2520	4042	5885
0:59:45	30.1	453	1029	1834	2964	4210	6646	415	1098	1429	2568	3946	5928
0:59:50	30.1	472	993	1836	2932	4308	6540	421	1109	1442	2565	4081	5916
0:59:55	30.1	450	1027	1873	2897	4190	6694	446	1076	1444	2521	3964	5899
1:00:00	30.1	455	1031	1857	2922	4298	6571	455	1099	1437	2562	3955	5875
1:00:05	30.1	461	1007	1845	2932	4249	6613	434	1076	1430	2502	4038	5880
1:00:10	30.1	486	1043	1878	2941	4189	6567	432	1060	1453	2610	3993	5925
1:00:15	30.1	480	1008	1857	2945	4303	6577	436	1105	1469	2536	3999	5941
1:00:20	30.1	451	1029	1852	2949	4271	6587	443	1099	1420	2553	4011	5879
1:00:25	30.0	467	1019	1849	2934	4252	6675	448	1047	1427	2558	4018	5878
1:00:30	30.1	461	988	1820	2941	4208	6556	430	1097	1437	2543	3932	5900
1:00:35	30.1	492	1026	1849	2915	4244	6622	452	1086	1441	2578	3912	5892
1:00:40	30.1	465	1046	1874	2934	4198	6597	439	1099	1429	2522	3984	5839
1:00:45	30.1	436	1035	1858	2960	4261	6600	452	1078	1465	2556	3989	5906
1:00:50	30.1	477	1015	1843	2939	4259	6542	448	1080	1462	2522	3995	5892
1:00:55	30.1	469	977	1848	2851	4245	6609	418	1090	1428	2533	4025	5823
1:01:00	30.1	486	1024	1823	2976	4232	6702	430	1043	1445	2528	4079	5921
1:01:05	30.1	461	1020	1839	2951	4202	6565	438	1096	1435	2501	4020	5924
1:01:10	30.0	467	1048	1902	2943	4222	6602	436	1069	1477	2503	3946	5848
1:01:15	30.1	468	1044	1877	2909	4245	6523	439	1066	1397	2575	3998	5948
1:01:20	30.0	460	993	1827	2905	4210	6578	448	1064	1400	2540	3942	5821
1:01:25	30.1	480	1013	1826	2912	4262	6560	456	1061	1456	2551	3930	5967
1:01:30	30.1	455	1010	1829	2998	4269	6478	446	1098	1436	2556	4030	5877
1:01:35	30.1	472	997	1889	2936	4187	6590	427	1095	1428	2497	3947	5860
1:01:40	30.1	469	1025	1879	2922	4260	6617	439	1096	1449	2571	4011	5900
1:01:45	30.1	473	991	1841	2945	4286	6587	436	1078	1424	2546	3935	5906
1:01:50	30.1	491	978	1864	2906	4235	6582	435	1093	1420	2479	4032	5900
1:01:55	30.1	468	1015	1814	2980	4189	6615	449	1079	1415	2575	3925	5856
1:02:00	30.1	477	990	1862	2955	4223	6602	418	1094	1432	2555	4083	5839
1:02:05	30.1	461	1026	1844	2913	4245	6563	445	1108	1394	2543	3962	5848
1:02:10	30.1	467	1032	1872	2927	4220	6506	461	1072	1420	2573	3962	5899
1:02:15	30.1	464	1029	1888	2973	4269	6638	423	1102	1388	2513	3994	5872
1:02:20	30.1	467	1005	1829	2883	4255	6529	439	1076	1450	2581	3992	5910
1:02:25	30.1	450	1035	1827	2899	4232	6558	421	1088	1456	2526	4022	5806
1:02:30	30.1	465	1003	1814	2858	4239	6590	428	1083	1444	2550	3947	5867
1:02:35	30.1	465	971	1837	2935	4269	6564	430	1086	1435	2523	3941	5928
1:02:40	30.1	471	1023	1839	2923	4222	6563	434	1072	1426	2533	3970	5916
1:02:45	30.0	457	1020	1880	2913	4263	6636	438	1064	1431	2513	3946	5856
1:02:50	30.1	457	1006	1842	2948	4197	6575	463	1078	1429	2515	3935	5869
1:02:55	30.1	460	1002	1854	3010	4272	6560	442	1084	1416	2577	3997	5798
1:03:00	30.1	460	1014	1864	2936	4206	6574	425	1118	1445	2526	3955	5884
1:03:05	30.1	459	1009	1863	2919	4202	6601	432	1081	1410	2535	3952	5818
1:03:10	30.1	471	1030	1822	2868	4244	6613	437	1094	1402	2538	3909	5824
1:03:15	30.1	500	1033	1868	2968	4188	6668	420	1091	1401	2554	4005	5805
1:03:20	30.1	461	1005	1799	2900	4274	6471	444	1112	1422	2533	3913	5856
1:03:25	30.0	449	980	1844	2879	4246	6646	454	1062	1482	2533	3960	5937
1:03:30	30.1	470	1008	1818	2891	4248	6589	425	1071	1440	2533	3909	5847
1:03:35	30.1	469	1021	1868	2901	4175	6540	423	1073	1414	2567	4009	5786
1:03:40	30.1	466	1028	1847	2943	4233	6572	420	1050	1430	2525	3946	5788
1:03:45	30.1	481	1016	1816	2921	4192	6456	438	1085	1420	2509	3969	5755
1:03:50	30.1	464	1053	1833	2871	4258	6545	433	1084	1413	2519	3910	5785
1:03:55	30.1	475	1008	1842	2916	4227	6604	436	1068	1426	2527	3885	5851
1:04:00	30.1	497	997	1854	2902	4188	6514	452	1067	1401	2553	3986	5862
1:04:05	30.1	476	1028	1838	2984	4167	6563	457	1072	1415	2481	4017	5865
1:04:10	30.1	465	1019	1831	2940	4255	6639	413	1080	1418	2560	3997	5854
1:04:15	30.0	460	1024	1852	2940	4216	6564	440	1057	1443	2473	3974	5796
1:04:20	30.1	463	1016	1878	2952	4181	6583	437	1092	1398	2466	3941	5914
1:04:25	30.1	476	995	1863	2940	4266	6517	421	1065	1480	2540	3896	5908
1:04:30	30.1	461	985	1775	2894	4183	6586	422	1088	1406	2540	3943	5808
1:04:35	30.1	460	1012	1871	2965	4215	6502	425	1075	1437	2503	3975	5822
1:04:40	30.1	458	1018	1865	2972	4229	6551	438	1091	1406	2520	3917	5839
1:04:45	30.1	461	950	1837	2961	4229	6490	431	1061	1438	2523	3943	5854
1:04:50	30.0	468	1009	1825	2891	4194	6614	427	1092	1471	2537	3935	5822
1:04:55	30.1	448	1007	1815	2912	4219	6644	421	1068	1401	2543	3913	5745
1:05:00	30.1	470	1016	1851	2945	4187	6564	438	1069	1416	2517	3957	5793
1:05:05	30.0	497	1034	1836	2892	4209	6517	418	1086	1442	2500	3973	5818
1:05:10	30.1	455	1024	1821	2979	4215	6549	458	1101	1448	2527	3888	5788
1:05:15	30.1	486	1023	1839	2872	4205	6600	445	1066	1444	2523	3980	5751
1:05:20	30.1	474	987	1845	2923	4189	6592	422	1095	1391	2491	3960	5799
1:05:25	30.1	475	992	1861	2947	4240	6603	435	1071	1430	2516	3910	5770
1:05:30	30.1	459	995	1841	2905	4269	6520	433	1093	1426	2509	3953	5851
1:05:35	30.0	471	1016	1870	2847	4244	6558	429	1088	1398	2472	3899	5849
1:05:40	30.1	451	1027	1861	2893	4171	6494	422	1074	1396	2493	3968	5883
1:05:45	30.1	476	988	1816	2977	4211	6596	444	1072	1404	2467	3966	5821
1:05:50	30.0	475	988	1830	2884	4202	6595	450	1085	1407	2562	3902	5802
1:05:55	30.1	471	1029	1803	2907	4172	6529	417	1068	1419	2512	3927	5755
1:06:00	30.1	443	999	1842	2941	4199	6598	438	1084	1403	2522	3945	5796
1:06:05	30.1	454	986	1799	2910	4204	6610	421	1086	1413	2488	3934	5780
1:06:10	30.1	458	978	1827	2921	4166	6622	425	1098	1417	2539	3845	5752
1:06:15	30.1	454	1025	1813	2920	4296	6529	424	1078	1446	2540	3923	5763
1:06:20	30.1	460	984	1873	2981	4160	6486	424	1078	1411	2438	3939	5745
1:06:25	30.0	464	990	1810	2887	4253	6576	414	1073	1397	2583	3915	5828
1:06:30	30.1	461	1028	1873	2913	4270	6605	443	1094	1431	2530	3853	5812
1:06:35	30.0	473	1005	1837	2911	4249	6677	442	1060	1416	2488	3938	5751
1:06:40	30.0	463	995	1828	2897	4081	6578	444	1042	1418	2504	3873	5785
1:06:45	30.1	471	1008	1816	2928	4290	6529	433	1058	1407	2489	3941	5791
1:06:50	30.1	448	1004	1812	2947	4215	6615	441	1064	1414	2542	3990	5816
1:06:55	30.1	468	970	1814	2919	4277	6623	444	1057	1408	2492	3942	5790
1:07:00	30.1	472	1018	1857	2909	4193	6527	439	1091	1443	2520	3894	5802
1:07:05	30.1	461	998	1840	2960	4209	6631	437	1099	1433	2515	3840	5730
1:07:10	30.0	463	992	1798	3018	4208	6571	417	1083	1374	2438	3871	5680
1:07:15	30.1	450	1008	1832	2900	4238	6551	420	1091	1404	2509	3906	5730
1:07:20	30.1	472	990	1829	2965	4132	6621	431	1076	1425	2478	3866	5695
1:07:25	30.1	466	1018	1845	2903	4180	6474	468	1065	1423	2427	3863	5822
1:07:30	30.0	484	1012	1848	2924	4205	6537	437	1024	1455	2537	3867	5830
1:07:35	30.1	438	988	1855	2906	4188	6554	425	1062	1417	2530	3909	5761
1:07:40	30.1	459	1019	1817	2920	4165	6623	430	1071	1432	2499	3904	5702
1:07:45	30.1	461	1008	1837	2895	4194	6582	427	1047	1409	2445	3852	5764
1:07:50	30.1	481	1008	1872	2893	4206	6559	437	1051	1437	2503	3830	5686
1:07:55	30.1	465	981	1839	2956	4205	6581	446	1079	1373	2543	3916	5630
1:08:00	30.0	458	999	1849	2893	4148	6593	430	1072	1421	2487	3887	5753
1:08:05	30.1	497	991	1843	2928	4238	6564	417	1049	1378	2530	3908	5734
1:08:10	30.1	463	1010	1799	2940	4152	6505	431	1043	1414	2487	3908	5792
1:08:15	30.0	472	990	1818	2910	4202	6493	421	1042	1430	2489	3945	5779
1:08:20	30.1	463	1019	1843	2893	4151	6514	445	1071	1430	2519	3863	5722
1:08:25	30.1	458	988	1853	2948	4248	6564	426	1075	1422	2525	3875	5815
1:08:30	30.1	459	1021	1830	2947	4182	6439	441	1070	1433	2477	3874	5736
1:08:35	30.1	476	1015	1821	2886	4223	6547	443	1062	1359	2495	3903	5700
1:08:40	30.1	453	976	1826	2946	4292	6539	448	1073	1387	2501	3891	5784
1:08:45	30.0	481	1017	1802	2908	4204	6482	427	1062	1403	2512	3858	5746
1:08:50	30.1	450	1010	1803	2899	4227	6538	446	1069	1426	2504	3891	5752
1:08:55	30.1	474	998	1789	2920	4188	6504	442	1063	1402	2497	3883	5774
1:09:00	30.0	455	997	1801	2905	4297	6552	430	1070	1404	2454	3914	5719
1:09:05	30.1	471	1038	1846	2930	4160	6618	439	1092	1366	2532	3853	5760
1:09:10	30.1	461	1006	1832	2876	4221	6519	431	1090	1425	2476	3851	5754
1:09:15	30.1	467	1019	1806	2882	4169	6556	428	1073	1437	2495	3935	5694
1:09:20	30.1	464	1015	1842	2829	4239	6597	442	1069	1447	2498	3871	5692
1:09:25	30.0	459	1009	1826	2905	4220	6525	443	1088	1426	2460	3939	5738
1:09:30	30.1	454	1042	1880	2895	4232	6473	454	1076	1404	2469	3902	5674
1:09:35	30.1	457	1002	1842	2896	4203	6489	443	1040	1383	2512	3818	5748
1:09:40	30.1	449	993	1843	2874	4231	6525	439	1078	1418	2464	3887	5729
1:09:45	30.1	467	1001	1840	2879	4177	6496	401	1079	1386	2459	3919	5702
1:09:50	30.1	481	1007	1824	2876	4199	6627	436	1078	1393	2555	3890	5660
1:09:55	30.1	476	997	1837	2872	4217	6590	426	1072	1386	2470	3833	5610
1:10:00	30.1	446	1005	1847	2930	4223	6568	421	1089	1404	2470	3867	5743

Results
	1	2	3	4	5	6	7	8	9	10	11	12
A													Max V [295,335]
													R-Squared [295,335]
													t at Max V [295,335]
													Lagtime [295,335]
B													Max V [295,335]
													R-Squared [295,335]
													t at Max V [295,335]
													Lagtime [295,335]
C													Max V [295,335]
													R-Squared [295,335]
													t at Max V [295,335]
													Lagtime [295,335]
D													Max V [295,335]
													R-Squared [295,335]
													t at Max V [295,335]
													Lagtime [295,335]
E													Max V [295,335]
													R-Squared [295,335]
													t at Max V [295,335]
													Lagtime [295,335]
F													Max V [295,335]
													R-Squared [295,335]
													t at Max V [295,335]
													Lagtime [295,335]
G	900000.000	-876000.000	-1740000.000	-1980000.000	2724000.000	-3900000.000	768000.000	-1260000.000	-1320000.000	2004000.000	-2376000.000	3264000.000	Max V [295,335]
	1.000	1.000	1.000	1.000	1.000	1.000	1.000	1.000	1.000	1.000	1.000	1.000	R-Squared [295,335]
	0:38:13	0:54:58	0:00:23	0:01:43	0:59:08	0:01:13	0:01:53	0:00:03	0:51:03	0:08:28	0:02:18	0:38:38	t at Max V [295,335]
	0:38:27	0:54:20	0:00:19	0:01:19	1:00:02	0:01:00	0:01:59	0:00:00	0:50:11	0:08:42	0:02:14	0:39:21	Lagtime [295,335]
H													Max V [295,335]
													R-Squared [295,335]
													t at Max V [295,335]
													Lagtime [295,335]

