

Software Version	3.03.14

Procedure Details

Plate Type	96 WELL PLATE
Set Temperature	Setpoint 30°C
	Preheat before moving to next step
Start Kinetic	Runtime 1:20:00 (HH:MM:SS), Interval 0:00:05, 961 Reads
    Read	Fluorescence Endpoint
	A1..A12
	Filter Set 1
	    Excitation: 295,  Emission: 335
	    Optics: Top,  Gain: 62
	Light Source: Xenon Flash,  Lamp Energy: High
	Read Speed: Normal,  Delay: 0 msec,  Measurements/Data Point: 5
	Read Height: 8 mm
End Kinetic	

Layout
	1	2	3	4	5	6	7	8	9	10	11	12
A	SPL1	SPL2	SPL3	SPL4	SPL5	SPL6	SPL7	SPL8	SPL9	SPL10	SPL11	SPL12	Well ID
B													Well ID
C													Well ID
D													Well ID
E													Well ID
F													Well ID
G													Well ID
H													Well ID

295,335

Time	T° 295,335	A1	A2	A3	A4	A5	A6	A7	A8	A9	A10	A11	A12
0:00:00	30.0	505	1515	2275	3798	5545	6835	8215	9798	11526	12514	13990	18363
0:00:05	30.0	507	1506	2288	3837	5642	6982	8395	9971	11683	12591	14214	18315
0:00:10	30.0	498	1515	2302	3848	5621	6913	8290	9995	11666	12607	14297	18411
0:00:15	30.0	507	1551	2279	3778	5597	7079	8426	9975	11579	12726	14273	18353
0:00:20	30.0	505	1546	2271	3823	5673	7013	8393	10008	11699	12648	14164	18400
0:00:25	30.0	505	1534	2226	3789	5593	6980	8413	10011	11584	12746	14159	18409
0:00:30	30.0	485	1517	2253	3817	5620	7086	8481	10048	11701	12697	14353	18308
0:00:35	30.0	492	1510	2237	3821	5638	7070	8355	9990	11703	12624	14208	18251
0:00:40	30.0	482	1506	2230	3864	5664	7048	8341	9996	11587	12661	14159	18400
0:00:45	30.0	489	1505	2213	3816	5593	6983	8396	9988	11674	12699	14250	18256
0:00:50	30.0	482	1487	2251	3861	5623	6920	8418	9913	11633	12617	14154	18262
0:00:55	30.0	483	1497	2221	3856	5620	6988	8332	9940	11625	12614	14157	18281
0:01:00	30.0	489	1505	2234	3826	5601	6900	8398	9963	11633	12553	14318	18445
0:01:05	30.0	475	1468	2206	3780	5597	6891	8401	9937	11584	12713	14126	18232
0:01:10	30.0	485	1484	2207	3852	5644	6855	8316	9949	11535	12664	14150	18262
0:01:15	30.0	473	1497	2202	3818	5583	6825	8318	9997	11571	12550	14091	18180
0:01:20	30.0	473	1469	2161	3750	5556	6889	8349	9924	11598	12684	14124	18179
0:01:25	30.0	468	1483	2162	3771	5576	6819	8346	9854	11532	12612	14156	18213
0:01:30	30.0	465	1468	2159	3727	5559	6786	8334	9846	11582	12540	14083	18174
0:01:35	30.0	472	1475	2166	3764	5556	6796	8222	9889	11599	12567	14120	18168
0:01:40	30.0	454	1447	2157	3793	5618	6804	8248	9860	11571	12431	14073	18177
0:01:45	30.0	460	1453	2157	3727	5594	6803	8351	9795	11543	12517	14089	18198
0:01:50	30.0	458	1457	2143	3729	5593	6796	8267	9765	11413	12467	14126	18151
0:01:55	30.0	456	1459	2149	3764	5509	6760	8199	9831	11446	12637	13908	18156
0:02:00	30.0	449	1455	2149	3762	5501	6794	8202	9857	11437	12429	14037	18038
0:02:05	30.0	452	1440	2163	3727	5539	6809	8186	9790	11379	12414	14023	18069
0:02:10	30.0	453	1435	2123	3709	5492	6769	8203	9818	11475	12326	14102	18065
0:02:15	30.0	455	1455	2152	3704	5521	6707	8127	9806	11398	12413	14041	18169
0:02:20	30.0	438	1438	2129	3692	5503	6777	8236	9794	11393	12473	13925	18079
0:02:25	30.0	441	1428	2146	3675	5479	6697	8173	9731	11347	12332	14040	18015
0:02:30	30.0	447	1428	2107	3702	5468	6729	8144	9841	11392	12297	14029	18080
0:02:35	30.0	448	1421	2102	3737	5420	6768	8177	9798	11400	12381	13929	18019
0:02:40	30.0	440	1401	2109	3719	5476	6698	8246	9644	11365	12326	13844	18018
0:02:45	30.0	426	1416	2097	3700	5442	6704	8172	9703	11407	12269	13967	18001
0:02:50	30.0	429	1418	2114	3639	5447	6698	8169	9681	11331	12295	13935	18004
0:02:55	30.0	423	1406	2097	3685	5436	6703	8132	9751	11398	12375	13980	17950
0:03:00	30.0	419	1414	2080	3655	5415	6685	8093	9738	11357	12304	13787	18019
0:03:05	30.0	421	1403	2085	3630	5405	6674	8131	9610	11289	12328	13955	17983
0:03:10	30.0	428	1414	2102	3630	5376	6678	8112	9623	11311	12280	13874	18044
0:03:15	30.0	422	1399	2105	3607	5377	6651	8149	9751	11282	12388	13921	17802
0:03:20	30.0	421	1409	2066	3583	5419	6641	8063	9672	11188	12341	13833	17899
0:03:25	30.0	412	1392	2085	3631	5413	6667	8070	9568	11275	12329	13855	17843
0:03:30	30.0	414	1379	2061	3566	5442	6699	8107	9571	11281	12338	13781	17948
0:03:35	30.0	413	1362	2062	3608	5399	6619	8039	9632	11211	12220	13857	17892
0:03:40	30.0	410	1379	2065	3581	5401	6729	8129	9700	11267	12235	13811	17920
0:03:45	30.0	408	1383	2067	3571	5381	6571	8041	9742	11222	12251	13774	17830
0:03:50	30.0	414	1353	2031	3572	5380	6604	8024	9724	11206	12194	13687	17872
0:03:55	30.0	405	1364	2049	3582	5338	6566	8079	9682	11212	12297	13731	17691
0:04:00	30.0	400	1344	2051	3585	5380	6665	8037	9668	11215	12208	13735	17682
0:04:05	30.0	386	1339	2036	3592	5368	6547	8056	9456	11162	12199	13709	17839
0:04:10	30.0	407	1369	2021	3547	5320	6608	8008	9557	11242	12177	13806	17717
0:04:15	30.0	400	1356	2024	3545	5336	6604	8043	9587	11214	12236	13725	17872
0:04:20	30.0	402	1368	2044	3525	5386	6618	8050	9508	11197	12288	13658	17705
0:04:25	30.0	395	1354	2026	3544	5324	6570	7973	9493	11153	12214	13678	17705
0:04:30	30.0	388	1342	2022	3562	5303	6537	7961	9546	11028	12087	13676	17821
0:04:35	30.0	394	1332	1999	3475	5237	6582	8008	9524	11094	12162	13652	17665
0:04:40	30.0	382	1330	2009	3552	5267	6540	7984	9520	11114	12051	13612	17704
0:04:45	30.0	396	1328	1997	3537	5275	6560	7978	9507	11182	12118	13606	17752
0:04:50	30.0	393	1322	1984	3514	5300	6561	7891	9490	11169	12193	13634	17727
0:04:55	30.0	389	1344	2002	3539	5313	6518	7918	9458	11132	12121	13512	17645
0:05:00	30.0	380	1325	1988	3492	5308	6567	7886	9582	11080	12119	13585	17648
0:05:05	30.0	379	1303	1986	3492	5283	6531	7878	9508	11094	12079	13639	17588
0:05:10	30.0	379	1313	2004	3511	5192	6552	7920	9402	11055	12156	13585	17703
0:05:15	30.0	379	1297	1969	3474	5297	6502	8013	9497	10995	12052	13467	17826
0:05:20	30.0	376	1305	1973	3446	5234	6494	7914	9538	11000	12046	13585	17605
0:05:25	30.0	383	1314	1978	3493	5211	6431	7886	9443	11056	12054	13673	17684
0:05:30	30.0	380	1303	1958	3439	5265	6491	7811	9384	11015	12102	13541	17657
0:05:35	30.0	371	1314	1953	3467	5207	6450	7890	9430	11015	11940	13543	17647
0:05:40	30.0	374	1297	1942	3446	5265	6441	7838	9499	11106	12068	13531	17653
0:05:45	30.0	371	1286	1983	3442	5255	6491	7913	9413	10809	12132	13648	17566
0:05:50	30.0	373	1292	1976	3482	5247	6495	7838	9502	11093	12098	13571	17542
0:05:55	30.0	366	1289	1951	3408	5206	6456	7915	9452	11131	12029	13444	17416
0:06:00	30.0	373	1277	1905	3452	5180	6437	7868	9395	10966	11984	13474	17554
0:06:05	30.0	362	1298	1932	3415	5179	6440	7829	9443	10942	11839	13408	17618
0:06:10	30.0	357	1292	1960	3432	5126	6404	7866	9399	10839	12001	13490	17473
0:06:15	30.0	368	1272	1927	3431	5173	6463	7880	9334	10890	11965	13456	17453
0:06:20	30.0	365	1266	1892	3430	5162	6432	7845	9410	10823	12086	13392	17478
0:06:25	30.0	358	1271	1920	3435	5201	6444	7847	9351	10980	11868	13424	17386
0:06:30	30.0	360	1260	1928	3391	5250	6462	7797	9392	10782	11967	13448	17532
0:06:35	30.0	354	1266	1921	3384	5173	6433	7855	9212	10832	11827	13500	17461
0:06:40	30.0	355	1261	1904	3413	5162	6364	7739	9375	10879	11944	13318	17507
0:06:45	30.0	357	1242	1903	3381	5182	6373	7887	9370	10977	11997	13364	17417
0:06:50	30.0	350	1247	1914	3457	5157	6370	7790	9381	10864	11924	13399	17266
0:06:55	30.0	349	1246	1914	3427	5133	6397	7701	9290	11023	11909	13372	17327
0:07:00	30.0	343	1232	1913	3385	5166	6406	7717	9332	10924	11736	13470	17145
0:07:05	30.0	354	1255	1888	3392	5111	6373	7788	9294	10971	11873	13347	17453
0:07:10	30.0	343	1246	1904	3364	5095	6388	7745	9252	10956	11750	13439	17498
0:07:15	30.0	338	1236	1897	3353	5148	6335	7743	9300	10789	11772	13428	17367
0:07:20	30.0	344	1235	1885	3372	5134	6323	7755	9332	10779	11851	13427	17351
0:07:25	30.0	344	1224	1877	3356	5074	6342	7748	9327	10797	11795	13325	17300
0:07:30	30.0	344	1249	1882	3398	5173	6237	7699	9335	10850	11776	13324	17388
0:07:35	30.0	339	1221	1898	3359	5179	6352	7681	9256	10877	11905	13371	17220
0:07:40	30.0	344	1215	1860	3332	5087	6375	7728	9224	10910	11830	13309	17468
0:07:45	30.0	342	1242	1875	3373	5086	6341	7727	9191	10943	11738	13425	17255
0:07:50	30.0	338	1210	1846	3354	5131	6343	7639	9238	10845	11718	13313	17247
0:07:55	30.0	336	1227	1861	3317	5078	6335	7679	9184	10936	11765	13397	17188
0:08:00	30.0	347	1202	1859	3358	5108	6381	7646	9195	10835	11855	13370	17360
0:08:05	30.0	334	1190	1845	3307	5087	6298	7667	9251	10712	11787	13389	17282
0:08:10	30.0	351	1197	1866	3333	5082	6254	7703	9235	10884	11737	13251	17164
0:08:15	30.0	330	1222	1872	3321	5094	6325	7626	9242	10817	11871	13155	17106
0:08:20	30.0	321	1213	1860	3344	5070	6309	7661	9203	10839	11773	13254	17212
0:08:25	30.0	335	1188	1841	3296	5096	6307	7744	9233	10700	11749	13103	17174
0:08:30	30.0	340	1199	1818	3292	5078	6260	7675	9160	10728	11556	13197	17252
0:08:35	30.0	328	1197	1825	3310	5086	6252	7654	9214	10786	11660	13204	17121
0:08:40	30.0	324	1193	1843	3281	5074	6253	7714	9183	10754	11688	13217	17118
0:08:45	30.0	320	1171	1827	3334	5055	6255	7666	9061	10722	11804	13242	17125
0:08:50	30.0	325	1202	1835	3268	5089	6220	7672	9031	10832	11822	13258	17199
0:08:55	30.0	328	1184	1831	3334	5070	6275	7670	9123	10766	11679	13178	17229
0:09:00	30.0	324	1182	1821	3282	5002	6252	7667	9092	10735	11665	13153	17209
0:09:05	30.0	324	1180	1808	3281	5035	6234	7705	9135	10784	11729	13092	17133
0:09:10	30.0	315	1171	1792	3287	5063	6293	7640	9100	10743	11680	13318	17361
0:09:15	30.0	326	1177	1795	3263	5013	6290	7548	9103	10813	11543	13264	17095
0:09:20	30.0	320	1173	1831	3273	5056	6289	7638	9168	10751	11541	13177	17130
0:09:25	30.0	321	1159	1825	3261	5064	6192	7620	9103	10679	11593	13044	16874
0:09:30	30.0	327	1157	1816	3262	4985	6212	7570	9171	10693	11621	13194	17036
0:09:35	30.0	319	1156	1793	3261	4982	6184	7600	9128	10811	11640	13242	17041
0:09:40	30.0	315	1181	1818	3277	5045	6213	7547	9089	10631	11685	13199	17074
0:09:45	30.0	309	1166	1809	3279	5010	6252	7619	9057	10723	11686	13218	17081
0:09:50	30.0	315	1153	1804	3288	5030	6205	7626	9137	10614	11658	13123	17006
0:09:55	30.0	320	1151	1818	3255	4999	6271	7619	9118	10662	11588	13204	16945
0:10:00	30.0	322	1160	1810	3244	5035	6245	7584	9085	10706	11605	13032	17172
0:10:05	30.0	309	1143	1778	3247	5024	6263	7609	9092	10652	11592	13124	17071
0:10:10	30.0	321	1154	1801	3240	4997	6181	7544	9102	10691	11668	13125	16835
0:10:15	30.0	320	1159	1777	3241	5018	6268	7582	9002	10595	11676	13209	16971
0:10:20	30.0	308	1131	1794	3233	4971	6243	7538	9059	10595	11655	13151	17022
0:10:25	30.0	303	1152	1796	3214	4993	6227	7498	9112	10658	11534	13122	16982
0:10:30	30.0	306	1144	1792	3269	4951	6202	7535	9058	10623	11525	13134	16986
0:10:35	30.0	320	1146	1782	3224	4926	6251	7478	8973	10615	11460	13212	16970
0:10:40	30.0	314	1140	1774	3198	4948	6223	7529	9105	10629	11602	13092	17056
0:10:45	30.0	313	1145	1767	3247	5025	6229	7542	9028	10645	11541	13106	17009
0:10:50	30.0	303	1138	1787	3228	4987	6204	7547	9041	10716	11646	13134	16993
0:10:55	30.0	309	1130	1771	3214	4950	6224	7574	9043	10659	11503	13179	17041
0:11:00	30.0	302	1141	1764	3191	4943	6215	7529	9031	10624	11543	13110	16922
0:11:05	30.0	305	1131	1786	3217	4917	6194	7519	9005	10516	11571	13081	16968
0:11:10	30.0	310	1113	1762	3227	4972	6175	7480	8987	10492	11610	13070	16850
0:11:15	30.0	308	1132	1753	3224	4953	6191	7484	9050	10520	11484	12970	16946
0:11:20	30.0	297	1132	1722	3201	4980	6123	7508	9051	10639	11559	13005	16879
0:11:25	30.0	308	1103	1755	3184	4936	6150	7479	9039	10593	11476	12917	16846
0:11:30	30.0	299	1107	1729	3196	4956	6135	7508	9036	10569	11589	12964	16862
0:11:35	30.0	302	1105	1751	3189	4901	6102	7563	8914	10563	11473	12978	16944
0:11:40	30.0	290	1112	1741	3208	4945	6140	7375	8925	10505	11550	12974	16982
0:11:45	30.0	287	1103	1758	3191	4895	6134	7453	8958	10552	11482	13004	16931
0:11:50	30.0	303	1110	1735	3142	4893	6149	7458	8928	10459	11315	12963	16937
0:11:55	30.0	301	1116	1749	3192	4973	6139	7408	8957	10505	11352	12902	16885
0:12:00	30.0	295	1100	1730	3194	4928	6167	7451	8913	10510	11388	12910	16741
0:12:05	30.0	298	1101	1751	3194	4910	6169	7450	8932	10565	11440	13047	16828
0:12:10	30.0	295	1086	1739	3162	4882	6090	7460	8921	10570	11563	13031	17039
0:12:15	30.0	302	1090	1746	3202	4870	6130	7394	8933	10494	11450	13009	16883
0:12:20	30.0	298	1090	1746	3213	4858	6096	7424	8924	10463	11426	12832	16748
0:12:25	30.0	299	1092	1743	3166	4901	6076	7434	8920	10538	11341	13084	16687
0:12:30	30.0	291	1085	1724	3164	4868	6158	7465	8805	10538	11383	12948	16771
0:12:35	30.0	294	1090	1695	3174	4928	6118	7422	8886	10414	11477	13118	16646
0:12:40	30.0	282	1078	1718	3165	4903	6126	7357	8848	10487	11447	12955	16759
0:12:45	30.0	299	1080	1720	3134	4885	6074	7409	8895	10523	11502	12928	16697
0:12:50	30.0	299	1091	1721	3170	4928	6162	7404	8966	10558	11270	12858	16715
0:12:55	30.0	286	1078	1702	3151	4828	6129	7349	8905	10430	11361	12790	16707
0:13:00	30.0	292	1068	1721	3121	4864	6089	7325	8787	10450	11437	12925	16788
0:13:05	30.0	296	1067	1690	3182	4876	6128	7443	8912	10401	11444	12882	16707
0:13:10	30.0	296	1081	1724	3156	4865	6126	7431	8855	10418	11380	12947	16739
0:13:15	30.0	293	1081	1679	3168	4863	6110	7433	8840	10475	11360	12823	16787
0:13:20	30.0	296	1085	1706	3143	4784	6122	7361	8786	10390	11425	12975	16543
0:13:25	30.0	290	1065	1704	3153	4827	6116	7355	8858	10339	11384	12941	16704
0:13:30	30.0	290	1078	1706	3122	4851	6085	7375	8868	10347	11352	12822	16760
0:13:35	30.0	292	1065	1706	3195	4830	6060	7321	8899	10435	11340	12772	16605
0:13:40	30.0	280	1068	1712	3168	4812	6110	7337	8775	10451	11378	12838	16596
0:13:45	30.0	286	1058	1722	3107	4813	6092	7310	8825	10431	11386	12912	16829
0:13:50	30.0	289	1058	1702	3131	4833	6054	7342	8839	10370	11360	12970	16680
0:13:55	30.0	287	1056	1697	3141	4789	6138	7307	8807	10404	11303	12747	16669
0:14:00	30.0	282	1062	1676	3134	4852	6116	7373	8892	10381	11373	12828	16707
0:14:05	30.0	286	1067	1709	3167	4803	6066	7322	8886	10335	11330	12879	16605
0:14:10	30.0	287	1050	1711	3105	4831	6039	7321	8822	10307	11245	12732	16557
0:14:15	30.0	282	1044	1696	3163	4803	6036	7313	8780	10307	11257	12857	16742
0:14:20	30.0	279	1054	1673	3143	4859	6075	7269	8777	10333	11293	12961	16544
0:14:25	30.0	281	1049	1701	3108	4818	6062	7263	8789	10382	11177	12871	16634
0:14:30	30.0	278	1047	1707	3113	4745	6080	7350	8761	10291	11317	12871	16598
0:14:35	30.0	288	1051	1685	3129	4804	5948	7318	8759	10296	11332	12788	16394
0:14:40	30.0	279	1041	1685	3153	4792	6082	7268	8742	10309	11295	12741	16359
0:14:45	30.0	287	1037	1663	3111	4732	6056	7262	8757	10386	11385	12741	16333
0:14:50	30.0	284	1030	1683	3145	4752	6064	7259	8813	10323	11290	12594	16477
0:14:55	30.0	277	1040	1682	3126	4792	6097	7189	8675	10307	11213	12852	16637
0:15:00	30.0	275	1042	1703	3110	4707	6018	7340	8741	10266	11280	12733	16679
0:15:05	30.0	282	1039	1685	3139	4759	6014	7296	8723	10213	11341	12765	16521
0:15:10	30.0	278	1038	1691	3134	4782	6082	7276	8807	10310	11356	12687	16651
0:15:15	30.0	279	1021	1681	3098	4815	6078	7222	8764	10331	11154	12916	16652
0:15:20	30.0	283	1019	1674	3115	4746	6071	7221	8836	10228	11183	12750	16417
0:15:25	30.0	277	1028	1686	3136	4740	6062	7267	8747	10193	11180	12682	16463
0:15:30	30.0	281	1032	1672	3133	4736	6013	7273	8743	10206	11168	12705	16490
0:15:35	30.0	279	1031	1678	3058	4735	6115	7204	8698	10232	11239	12688	16428
0:15:40	30.0	273	1012	1669	3049	4735	6072	7206	8649	10217	11074	12770	16544
0:15:45	30.0	279	1003	1676	3124	4740	6043	7188	8755	10240	11142	12695	16486
0:15:50	30.0	271	1014	1680	3132	4782	6040	7198	8674	10227	11237	12634	16532
0:15:55	30.0	275	1019	1669	3081	4747	6085	7231	8676	10266	11195	12623	16382
0:16:00	30.0	278	1008	1688	3078	4727	6052	7109	8716	10248	11169	12669	16597
0:16:05	30.0	275	1011	1641	3092	4710	6042	7254	8675	10193	11186	12648	16377
0:16:10	30.0	276	1010	1677	3104	4720	6034	7182	8703	10230	11196	12650	16623
0:16:15	30.0	279	1012	1665	3096	4685	6088	7210	8662	10205	11195	12630	16468
0:16:20	30.0	282	1022	1665	3063	4649	6041	7197	8667	10058	11079	12547	16327
0:16:25	30.0	276	1004	1649	3086	4664	6117	7195	8706	10142	11092	12580	16345
0:16:30	30.0	280	1007	1666	3095	4655	6008	7149	8680	10265	11204	12549	16404
0:16:35	30.0	276	1004	1675	3067	4697	6094	7224	8632	10171	11117	12669	16622
0:16:40	30.0	276	994	1655	3088	4641	6029	7165	8585	10208	11195	12480	16236
0:16:45	30.0	276	996	1640	3093	4648	6004	7180	8703	10193	11103	12620	16417
0:16:50	30.0	271	1006	1669	3077	4704	6040	7182	8600	10148	11060	12594	16468
0:16:55	30.0	269	990	1656	3048	4675	6049	7120	8621	10194	11036	12730	16350
0:17:00	30.0	283	992	1637	3068	4625	6049	7073	8632	10059	10965	12655	16469
0:17:05	30.0	268	979	1648	3061	4625	5990	7112	8671	10227	11142	12661	16385
0:17:10	30.0	270	998	1655	3062	4715	6023	7027	8642	10096	11058	12527	16380
0:17:15	30.0	272	994	1658	3080	4693	6006	7109	8637	10149	11076	12532	16491
0:17:20	30.0	272	993	1649	3080	4668	5993	7145	8585	10123	11017	12527	16425
0:17:25	30.0	270	987	1639	3048	4661	6027	7166	8657	10141	11107	12723	16308
0:17:30	30.0	273	982	1665	3077	4621	6020	7179	8602	10150	11061	12473	16358
0:17:35	30.0	281	971	1643	3015	4646	6021	7144	8546	10088	11008	12588	16338
0:17:40	30.0	273	972	1657	3044	4624	5983	7118	8610	10104	11120	12409	16516
0:17:45	30.0	265	972	1640	3025	4656	5971	7103	8561	10128	10975	12564	16306
0:17:50	30.0	276	990	1616	3075	4621	6022	7060	8528	10080	10931	12718	16564
0:17:55	30.0	270	987	1630	3037	4653	5915	7054	8503	10052	11090	12464	16357
0:18:00	30.0	261	964	1632	3065	4610	5968	7099	8499	10039	11065	12561	16253
0:18:05	30.0	269	972	1622	3053	4671	5990	7071	8501	10053	11012	12525	16382
0:18:10	30.0	268	973	1601	3027	4600	5965	7031	8546	10042	10999	12483	16325
0:18:15	30.0	270	977	1609	3038	4620	5985	7088	8570	10027	11067	12481	16182
0:18:20	30.0	267	970	1641	3014	4616	5929	7124	8609	10077	10921	12553	16259
0:18:25	30.0	273	983	1643	3002	4641	5921	7013	8580	10131	11052	12524	16267
0:18:30	30.0	269	970	1605	3011	4581	5971	7081	8513	10035	11003	12418	16235
0:18:35	30.0	278	962	1623	3024	4618	6000	7003	8525	10048	11006	12507	16382
0:18:40	30.0	275	965	1597	3031	4572	5983	7022	8514	10011	10992	12547	16326
0:18:45	30.0	264	967	1606	3019	4605	5981	7012	8533	9956	11023	12487	16305
0:18:50	30.0	270	966	1623	2993	4553	5959	7073	8473	10026	10966	12469	16158
0:18:55	30.0	252	968	1622	2960	4564	5942	7001	8506	10013	11049	12374	16362
0:19:00	30.0	263	970	1620	3005	4561	5983	7017	8505	10108	10986	12418	16186
0:19:05	30.0	265	955	1585	3011	4571	5936	6930	8516	10018	10980	12485	16179
0:19:10	30.0	268	960	1604	3003	4546	5888	6957	8508	10040	11016	12358	16220
0:19:15	30.0	262	950	1597	2983	4514	5882	7013	8471	9999	10970	12428	16229
0:19:20	30.0	261	966	1596	2995	4573	5926	7036	8432	9948	10976	12422	16235
0:19:25	30.0	271	952	1613	2954	4555	5884	6980	8529	9907	10858	12363	16243
0:19:30	30.0	261	946	1596	2972	4560	5984	6931	8434	9943	10979	12447	16153
0:19:35	30.0	273	954	1599	3012	4537	5869	6948	8418	9963	10912	12338	16039
0:19:40	30.0	267	961	1593	2989	4516	5932	6958	8393	9971	10884	12339	16111
0:19:45	30.0	260	953	1589	2964	4585	5943	6959	8336	10028	10918	12410	15984
0:19:50	30.0	261	944	1593	2969	4509	5910	7065	8467	10014	10798	12340	16121
0:19:55	30.0	263	943	1590	2966	4548	5876	6950	8423	9956	10860	12401	16170
0:20:00	30.0	276	964	1580	2967	4492	5886	6966	8374	9982	10934	12477	16272
0:20:05	30.0	263	933	1602	2952	4524	5886	6974	8440	9980	10874	12415	16141
0:20:10	30.0	262	941	1579	2961	4527	5866	6986	8448	9963	10865	12356	16063
0:20:15	30.0	266	938	1566	2954	4508	5875	6983	8418	9923	10920	12419	15981
0:20:20	30.0	271	941	1575	2938	4547	5913	6923	8396	9948	10795	12408	16079
0:20:25	30.0	267	946	1583	2940	4522	5895	6957	8410	9909	10799	12285	16056
0:20:30	30.0	267	926	1559	2921	4499	5901	6909	8366	9983	10897	12345	16070
0:20:35	30.0	268	947	1590	2923	4470	5867	6924	8340	9905	10935	12437	16035
0:20:40	30.0	260	926	1572	2950	4548	5820	6964	8329	9939	10858	12266	16195
0:20:45	30.0	260	934	1588	2915	4493	5830	6901	8395	9883	10838	12326	16086
0:20:50	30.0	265	930	1593	2944	4483	5898	6922	8355	9965	10765	12437	16007
0:20:55	30.0	269	933	1558	2935	4464	5836	6936	8432	9932	10826	12375	16111
0:21:00	30.0	265	930	1578	2937	4465	5784	6906	8445	9944	10851	12321	16117
0:21:05	30.0	263	924	1553	2933	4515	5792	6852	8409	9873	10814	12386	15975
0:21:10	30.0	257	929	1572	2935	4415	5790	6811	8378	9906	10860	12409	16004
0:21:15	30.0	266	940	1560	2917	4488	5742	6964	8378	9779	10806	12321	16011
0:21:20	30.0	263	917	1549	2930	4487	5802	6911	8330	9859	10810	12233	16083
0:21:25	30.0	255	942	1543	2882	4420	5858	6892	8371	9824	10751	12249	16092
0:21:30	30.0	261	923	1552	2911	4468	5832	6905	8354	9847	10740	12151	15944
0:21:35	30.0	258	928	1562	2901	4506	5874	6971	8357	9847	10786	12275	16062
0:21:40	30.0	259	925	1562	2948	4456	5819	6900	8336	9939	10822	12236	15949
0:21:45	30.0	250	899	1561	2913	4422	5805	6864	8246	9846	10734	12274	16046
0:21:50	30.1	261	931	1557	2929	4448	5791	6829	8343	9821	10778	12279	16109
0:21:55	30.1	259	914	1530	2892	4439	5843	6882	8340	9758	10706	12218	15962
0:22:00	30.0	263	922	1550	2899	4464	5783	6825	8328	9812	10715	12164	15924
0:22:05	30.1	262	913	1542	2918	4411	5796	6867	8327	9796	10852	12164	15986
0:22:10	30.1	265	914	1539	2862	4437	5792	6863	8324	9763	10723	12172	16036
0:22:15	30.1	256	919	1537	2903	4429	5753	6829	8242	9869	10691	12205	15889
0:22:20	30.1	260	926	1538	2887	4385	5755	6839	8224	9727	10703	12137	15895
0:22:25	30.1	261	900	1527	2872	4435	5745	6912	8258	9792	10766	12166	15946
0:22:30	30.1	252	918	1514	2885	4392	5835	6842	8235	9821	10707	12181	15989
0:22:35	30.1	259	913	1529	2870	4417	5706	6851	8242	9838	10718	12190	15925
0:22:40	30.1	265	914	1507	2867	4403	5810	6856	8264	9739	10763	12119	15837
0:22:45	30.0	261	926	1520	2884	4402	5766	6814	8198	9857	10659	12200	15955
0:22:50	30.1	260	894	1525	2884	4389	5764	6854	8281	9716	10663	12281	15887
0:22:55	30.1	255	925	1516	2862	4414	5727	6808	8349	9717	10614	12135	15852
0:23:00	30.1	261	900	1514	2860	4372	5701	6821	8250	9793	10705	12144	15840
0:23:05	30.1	260	913	1522	2892	4436	5764	6787	8217	9675	10779	12181	15886
0:23:10	30.1	262	896	1532	2859	4405	5696	6799	8224	9707	10698	12144	15919
0:23:15	30.0	251	908	1513	2842	4421	5754	6818	8201	9781	10657	12117	15921
0:23:20	30.1	264	895	1524	2835	4375	5707	6801	8150	9752	10629	12191	15922
0:23:25	30.1	266	899	1504	2829	4417	5737	6786	8205	9828	10664	12175	15826
0:23:30	30.0	261	900	1518	2852	4361	5710	6783	8243	9795	10629	12215	15892
0:23:35	30.1	256	882	1500	2827	4410	5750	6750	8195	9772	10641	12100	15908
0:23:40	30.1	265	886	1501	2850	4376	5719	6777	8172	9711	10696	12079	15979
0:23:45	30.1	253	890	1512	2846	4364	5684	6801	8232	9876	10582	12079	15888
0:23:50	30.1	254	893	1522	2862	4351	5715	6764	8215	9714	10597	12012	15898
0:23:55	30.1	264	903	1509	2827	4322	5695	6741	8150	9707	10577	12190	15829
0:24:00	30.1	257	902	1504	2816	4355	5664	6743	8171	9693	10650	12122	15800
0:24:05	30.0	260	884	1508	2839	4323	5712	6736	8118	9695	10635	12125	15866
0:24:10	30.1	255	895	1503	2832	4361	5664	6805	8223	9637	10615	12118	15734
0:24:15	30.1	261	897	1498	2837	4390	5623	6734	8193	9711	10685	12090	15756
0:24:20	30.1	251	886	1505	2824	4340	5649	6720	8134	9590	10640	12042	15897
0:24:25	30.1	258	886	1501	2825	4365	5691	6673	8108	9671	10745	12061	15815
0:24:30	30.1	257	891	1493	2840	4295	5646	6731	8182	9633	10574	12059	15750
0:24:35	30.1	259	891	1486	2841	4381	5661	6711	8173	9706	10510	12030	15671
0:24:40	30.1	253	905	1499	2789	4309	5666	6763	8138	9658	10570	12013	15733
0:24:45	30.1	265	886	1476	2828	4288	5651	6733	8200	9619	10536	12077	15881
0:24:50	30.1	253	895	1496	2817	4336	5698	6701	8132	9623	10542	12087	15673
0:24:55	30.1	251	877	1502	2802	4361	5655	6737	8067	9559	10545	12186	15695
0:25:00	30.1	256	877	1484	2810	4310	5669	6734	8160	9698	10642	12039	15778
0:25:05	30.1	256	876	1478	2799	4357	5658	6710	8110	9661	10626	12094	15725
0:25:10	30.1	257	897	1477	2803	4297	5626	6694	8056	9669	10491	11936	15772
0:25:15	30.1	250	878	1474	2807	4343	5582	6691	8150	9665	10574	11871	15645
0:25:20	30.1	255	870	1475	2757	4298	5609	6707	8097	9565	10536	11998	15788
0:25:25	30.1	259	871	1489	2806	4281	5627	6664	8078	9639	10454	11987	15760
0:25:30	30.1	247	874	1480	2795	4252	5612	6668	8143	9619	10586	12081	15604
0:25:35	30.1	252	876	1496	2814	4243	5654	6680	8100	9660	10536	12085	15828
0:25:40	30.1	254	873	1491	2763	4281	5599	6622	8107	9557	10555	11858	15730
0:25:45	30.1	251	880	1482	2749	4285	5572	6683	8037	9572	10517	11943	15651
0:25:50	30.1	260	865	1472	2773	4296	5614	6602	8042	9644	10432	12055	15845
0:25:55	30.1	256	874	1469	2808	4275	5597	6627	8123	9656	10461	11922	15597
0:26:00	30.1	247	878	1462	2758	4251	5639	6733	7980	9579	10521	12005	15608
0:26:05	30.1	250	867	1463	2748	4273	5594	6608	8084	9636	10580	12044	15856
0:26:10	30.1	250	872	1450	2755	4246	5588	6665	8090	9587	10478	11914	15586
0:26:15	30.1	250	867	1462	2752	4287	5576	6630	8081	9520	10504	11936	15613
0:26:20	30.1	247	862	1466	2734	4278	5574	6553	8004	9530	10528	12020	15630
0:26:25	30.1	259	880	1474	2741	4248	5593	6655	8088	9511	10522	11855	15664
0:26:30	30.1	258	858	1464	2732	4275	5574	6648	8044	9474	10510	11841	15697
0:26:35	30.1	243	870	1461	2721	4290	5588	6530	8089	9533	10541	11964	15667
0:26:40	30.1	257	862	1450	2777	4229	5580	6628	8023	9575	10471	11971	15658
0:26:45	30.1	266	855	1464	2734	4267	5555	6563	8047	9568	10468	11881	15676
0:26:50	30.1	253	869	1458	2780	4261	5587	6654	7932	9477	10513	11930	15586
0:26:55	30.1	252	849	1457	2763	4237	5560	6640	7980	9467	10439	11770	15517
0:27:00	30.1	260	856	1454	2722	4224	5526	6640	8015	9553	10518	11851	15679
0:27:05	30.1	246	867	1469	2748	4245	5513	6576	7994	9443	10503	11891	15567
0:27:10	30.1	254	856	1454	2720	4247	5554	6605	7970	9505	10371	11832	15590
0:27:15	30.1	253	868	1435	2737	4255	5595	6530	8086	9489	10416	11958	15543
0:27:20	30.1	257	867	1448	2712	4219	5532	6582	7983	9546	10320	11953	15470
0:27:25	30.1	255	860	1433	2707	4189	5551	6571	8008	9436	10419	11905	15483
0:27:30	30.1	252	865	1436	2711	4233	5500	6592	7958	9553	10437	11896	15588
0:27:35	30.1	250	847	1445	2724	4204	5506	6551	8007	9520	10276	11877	15679
0:27:40	30.1	250	855	1442	2707	4202	5514	6601	7961	9412	10396	11827	15587
0:27:45	30.1	250	853	1434	2711	4206	5490	6624	8000	9501	10470	11778	15520
0:27:50	30.1	251	855	1439	2724	4202	5530	6463	7986	9441	10406	11847	15428
0:27:55	30.1	258	853	1425	2734	4185	5523	6566	8013	9464	10412	11801	15666
0:28:00	30.1	248	844	1424	2713	4189	5524	6563	7915	9401	10287	11886	15430
0:28:05	30.1	251	832	1439	2737	4192	5492	6555	7987	9408	10356	11681	15379
0:28:10	30.1	246	838	1422	2723	4172	5494	6517	7851	9537	10374	11741	15456
0:28:15	30.1	252	852	1440	2723	4211	5504	6554	7969	9371	10338	11737	15572
0:28:20	30.1	258	850	1451	2695	4180	5524	6525	7935	9359	10346	11782	15424
0:28:25	30.1	246	834	1426	2653	4181	5477	6502	7956	9433	10367	11877	15535
0:28:30	30.1	251	847	1428	2675	4177	5504	6569	7970	9410	10283	11733	15552
0:28:35	30.1	249	841	1415	2683	4181	5475	6496	7962	9401	10355	11827	15434
0:28:40	30.1	253	862	1407	2713	4150	5433	6473	7930	9375	10293	11759	15470
0:28:45	30.1	246	847	1426	2689	4208	5473	6577	7890	9359	10240	11778	15403
0:28:50	30.1	249	839	1424	2692	4190	5439	6519	7864	9500	10357	11708	15507
0:28:55	30.1	240	837	1414	2674	4177	5498	6522	7922	9408	10418	11790	15489
0:29:00	30.1	254	837	1422	2698	4173	5468	6546	7968	9349	10299	11709	15374
0:29:05	30.1	244	827	1433	2677	4179	5487	6481	7930	9304	10213	11787	15511
0:29:10	30.1	251	838	1418	2666	4157	5440	6475	7960	9352	10330	11791	15491
0:29:15	30.1	242	830	1385	2673	4106	5476	6511	7934	9340	10247	11635	15257
0:29:20	30.1	245	837	1420	2670	4143	5462	6438	7849	9368	10269	11768	15322
0:29:25	30.1	254	834	1396	2678	4136	5471	6471	7939	9396	10208	11759	15422
0:29:30	30.1	245	823	1406	2656	4141	5402	6448	7894	9355	10270	11679	15243
0:29:35	30.1	255	836	1399	2675	4103	5408	6524	7908	9323	10321	11641	15380
0:29:40	30.1	242	814	1427	2665	4160	5407	6475	7882	9376	10309	11683	15336
0:29:45	30.1	246	851	1417	2649	4118	5420	6412	7796	9324	10290	11695	15486
0:29:50	30.1	247	848	1405	2620	4086	5395	6525	7921	9388	10174	11711	15310
0:29:55	30.1	258	827	1404	2650	4136	5381	6532	7830	9380	10226	11615	15409
0:30:00	30.1	253	833	1392	2638	4150	5476	6421	7840	9323	10215	11698	15307
0:30:05	30.1	249	833	1408	2645	4137	5449	6475	7821	9303	10212	11729	15369
0:30:10	30.1	251	827	1412	2633	4110	5388	6454	7883	9315	10227	11631	15288
0:30:15	30.1	256	828	1393	2631	4107	5427	6470	7819	9303	10216	11593	15331
0:30:20	30.1	248	827	1379	2623	4101	5433	6428	7853	9203	10193	11546	15280
0:30:25	30.1	248	814	1400	2639	4079	5444	6478	7829	9291	10049	11666	15225
0:30:30	30.1	251	820	1388	2610	4100	5370	6470	7785	9297	10140	11545	15229
0:30:35	30.1	243	829	1408	2628	4080	5421	6439	7803	9274	10149	11624	15384
0:30:40	30.1	248	826	1387	2676	4074	5366	6404	7831	9359	10164	11666	15418
0:30:45	30.1	252	816	1368	2624	4062	5344	6427	7742	9277	10203	11575	15382
0:30:50	30.1	249	823	1378	2622	4063	5390	6392	7740	9291	10225	11686	15345
0:30:55	30.1	246	816	1374	2601	4093	5335	6383	7770	9224	10145	11650	15317
0:31:00	30.1	251	821	1375	2624	4118	5369	6398	7695	9250	10092	11488	15280
0:31:05	30.1	245	819	1393	2616	4050	5291	6321	7748	9229	10180	11583	15236
0:31:10	30.1	249	823	1385	2643	4029	5355	6400	7743	9205	10109	11569	15308
0:31:15	30.1	246	813	1376	2631	4019	5372	6323	7731	9183	10124	11479	15205
0:31:20	30.1	251	821	1384	2630	4064	5333	6360	7770	9185	10056	11540	15191
0:31:25	30.1	255	814	1378	2585	4034	5321	6418	7703	9195	10156	11643	15180
0:31:30	30.1	250	806	1382	2590	4052	5365	6336	7764	9222	10065	11506	15344
0:31:35	30.1	252	804	1362	2595	4031	5321	6382	7772	9211	10082	11582	15077
0:31:40	30.1	243	812	1376	2599	4084	5364	6352	7733	9185	10076	11547	15069
0:31:45	30.1	247	819	1372	2573	4022	5283	6382	7758	9159	10127	11534	15126
0:31:50	30.1	245	806	1368	2617	4034	5332	6389	7741	9181	10099	11488	15153
0:31:55	30.1	239	808	1348	2609	3991	5328	6312	7736	9204	10101	11475	15283
0:32:00	30.1	240	811	1378	2579	4035	5323	6285	7727	9122	10079	11522	15042
0:32:05	30.1	242	795	1361	2577	4032	5340	6348	7698	9095	10012	11472	15170
0:32:10	30.1	241	805	1374	2582	4032	5304	6250	7705	9164	10045	11454	15134
0:32:15	30.1	244	818	1357	2605	4033	5304	6311	7786	9179	10029	11500	15159
0:32:20	30.1	244	803	1347	2595	4006	5270	6334	7682	9097	9980	11501	15094
0:32:25	30.1	250	804	1341	2575	4019	5298	6309	7628	9141	10033	11419	15077
0:32:30	30.1	256	807	1354	2572	4004	5302	6281	7638	9094	10097	11361	15255
0:32:35	30.1	244	817	1347	2610	4004	5267	6259	7618	9202	10021	11426	15087
0:32:40	30.1	251	810	1348	2572	3959	5276	6326	7667	9188	10116	11460	15023
0:32:45	30.1	244	813	1369	2580	3987	5229	6359	7649	9126	10032	11406	14973
0:32:50	30.1	241	809	1360	2563	4039	5328	6248	7681	9133	10067	11439	15171
0:32:55	30.1	246	792	1347	2558	4016	5266	6325	7684	9067	9957	11419	14994
0:33:00	30.1	255	824	1351	2584	3974	5296	6283	7714	9096	9994	11451	15134
0:33:05	30.1	247	793	1349	2564	3994	5221	6277	7604	9091	9903	11437	15103
0:33:10	30.1	241	817	1340	2558	3989	5285	6224	7685	9073	9951	11477	15011
0:33:15	30.1	247	802	1345	2547	3994	5264	6284	7639	9167	9980	11357	14985
0:33:20	30.1	254	807	1365	2531	3998	5244	6240	7637	9120	10003	11378	15007
0:33:25	30.1	248	800	1372	2538	4000	5269	6256	7656	8992	9919	11389	15006
0:33:30	30.1	248	811	1330	2536	3991	5244	6296	7611	9057	9921	11341	15099
0:33:35	30.1	246	804	1368	2544	3958	5261	6236	7578	9103	9937	11351	15142
0:33:40	30.1	244	796	1352	2528	3951	5276	6331	7615	9007	9901	11432	14959
0:33:45	30.1	248	793	1342	2523	3943	5250	6259	7632	8972	9989	11319	15030
0:33:50	30.1	238	799	1324	2534	3953	5281	6294	7655	9124	9948	11228	14879
0:33:55	30.1	248	792	1339	2531	3917	5194	6195	7599	9088	10002	11472	14911
0:34:00	30.1	242	779	1344	2547	3956	5183	6271	7561	9086	10008	11317	15103
0:34:05	30.1	254	799	1359	2558	3973	5246	6215	7609	9083	10022	11465	14885
0:34:10	30.1	244	815	1309	2521	3941	5249	6193	7528	9030	9881	11339	15021
0:34:15	30.1	242	790	1336	2525	3958	5230	6189	7574	9070	9899	11225	14939
0:34:20	30.1	252	802	1326	2529	3943	5170	6241	7682	9036	9843	11302	15043
0:34:25	30.1	239	794	1346	2528	3938	5237	6209	7566	8991	9879	11253	14987
0:34:30	30.1	243	803	1335	2522	3922	5179	6246	7510	9016	9981	11394	14812
0:34:35	30.1	245	791	1328	2514	3908	5224	6206	7569	8960	9918	11264	14922
0:34:40	30.1	239	807	1333	2535	3914	5162	6310	7608	8964	9823	11255	14952
0:34:45	30.1	242	785	1328	2518	3936	5222	6158	7617	9057	9957	11222	14898
0:34:50	30.1	250	784	1316	2514	3923	5209	6182	7563	9057	9945	11298	14924
0:34:55	30.1	239	793	1343	2513	3890	5142	6183	7560	9009	9844	11206	14847
0:35:00	30.1	250	782	1321	2519	3907	5192	6204	7551	8971	9894	11249	15023
0:35:05	30.1	238	793	1332	2506	3903	5159	6171	7543	8994	9889	11360	14832
0:35:10	30.1	242	791	1321	2498	3892	5117	6209	7557	9012	9882	11251	14822
0:35:15	30.1	244	792	1332	2499	3902	5199	6169	7520	8980	9803	11301	14830
0:35:20	30.1	244	792	1314	2531	3900	5159	6258	7524	8931	9943	11289	14960
0:35:25	30.1	248	787	1329	2493	3916	5154	6163	7558	8916	9835	11191	14807
0:35:30	30.1	244	790	1298	2507	3910	5168	6124	7534	9027	9900	11245	14785
0:35:35	30.1	240	792	1307	2482	3937	5167	6163	7437	8917	9934	11233	14792
0:35:40	30.1	248	786	1323	2470	3947	5135	6136	7539	8951	9792	11293	14834
0:35:45	30.1	243	792	1330	2515	3879	5132	6161	7506	8877	9890	11157	14861
0:35:50	30.1	240	784	1324	2494	3887	5184	6169	7506	8945	9836	11286	14847
0:35:55	30.1	244	785	1309	2485	3890	5166	6169	7554	8877	9868	11188	14828
0:36:00	30.1	236	774	1302	2500	3862	5083	6168	7445	8955	9819	11271	14825
0:36:05	30.1	241	780	1307	2506	3829	5200	6172	7479	8966	9833	11217	14867
0:36:10	30.1	236	794	1309	2487	3874	5119	6146	7542	8918	9799	11179	14883
0:36:15	30.1	246	792	1304	2514	3881	5063	6144	7436	8990	9811	11190	14790
0:36:20	30.1	237	784	1306	2448	3863	5120	6078	7476	8993	9869	11265	14809
0:36:25	30.1	243	786	1297	2459	3868	5128	6110	7472	8849	9831	11206	14726
0:36:30	30.1	242	792	1289	2487	3876	5053	6107	7450	8975	9807	11242	14828
0:36:35	30.1	243	791	1302	2460	3870	5152	6110	7458	8914	9721	11187	14695
0:36:40	30.1	242	776	1316	2484	3903	5137	6102	7497	8918	9804	11228	14787
0:36:45	30.1	240	780	1300	2456	3840	5137	6132	7438	8939	9834	11269	14688
0:36:50	30.1	252	785	1307	2447	3851	5082	6107	7437	8924	9860	11255	14727
0:36:55	30.1	240	793	1306	2484	3872	5157	6068	7478	8871	9708	11130	14765
0:37:00	30.1	233	768	1306	2467	3893	5084	6082	7480	8925	9704	11130	14814
0:37:05	30.1	246	793	1314	2457	3846	5116	6099	7432	8837	9787	11145	14668
0:37:10	30.1	240	784	1312	2471	3845	5148	6100	7444	8895	9891	11202	14659
0:37:15	30.1	239	787	1304	2472	3869	5126	6129	7418	8782	9785	11194	14725
0:37:20	30.1	237	781	1307	2483	3839	5124	6087	7464	8758	9800	11167	14721
0:37:25	30.1	234	778	1288	2465	3848	5090	6070	7452	8870	9803	11188	14699
0:37:30	30.1	243	783	1292	2441	3839	5086	6062	7438	8850	9674	11170	14703
0:37:35	30.1	235	770	1291	2470	3866	5052	6106	7359	8873	9730	11144	14657
0:37:40	30.1	233	773	1282	2426	3866	5086	6068	7421	8902	9772	11114	14714
0:37:45	30.1	247	778	1294	2453	3821	5115	6071	7413	8816	9751	11131	14604
0:37:50	30.1	241	770	1295	2460	3835	5093	6053	7375	8902	9667	11158	14673
0:37:55	30.1	239	770	1295	2460	3804	5086	6113	7436	8864	9763	11149	14667
0:38:00	30.1	245	778	1281	2430	3840	5097	6064	7372	8863	9744	11024	14709
0:38:05	30.1	242	773	1280	2475	3825	5035	6079	7390	8806	9724	11110	14677
0:38:10	30.1	240	770	1284	2421	3811	5115	6051	7361	8844	9763	11081	14573
0:38:15	30.1	247	772	1285	2453	3822	5039	6114	7360	8833	9761	11139	14635
0:38:20	30.1	245	772	1292	2457	3825	5034	6076	7384	8821	9718	11025	14687
0:38:25	30.1	240	780	1266	2416	3800	5048	5999	7392	8778	9707	11071	14477
0:38:30	30.1	237	775	1292	2437	3801	5071	6051	7383	8846	9688	10974	14651
0:38:35	30.1	241	771	1277	2419	3794	5033	6028	7375	8850	9788	11030	14793
0:38:40	30.1	237	785	1272	2433	3805	5035	6049	7366	8777	9654	11068	14639
0:38:45	30.1	232	766	1300	2414	3778	5058	6035	7356	8860	9561	11088	14596
0:38:50	30.1	247	780	1285	2446	3799	5030	5997	7338	8771	9626	10973	14711
0:38:55	30.1	236	777	1283	2424	3786	5066	6017	7372	8852	9709	11018	14698
0:39:00	30.1	241	766	1274	2420	3820	5029	6026	7357	8812	9636	10989	14622
0:39:05	30.1	247	759	1288	2408	3799	4984	5977	7314	8795	9630	11151	14558
0:39:10	30.1	244	768	1267	2421	3798	4996	5990	7411	8801	9642	11009	14640
0:39:15	30.1	242	762	1283	2426	3804	5045	5952	7318	8798	9731	11139	14513
0:39:20	30.1	241	757	1270	2408	3773	4984	5964	7390	8750	9638	10978	14584
0:39:25	30.1	237	744	1282	2411	3790	5016	5988	7296	8744	9718	11005	14617
0:39:30	30.1	237	768	1278	2427	3721	5065	5989	7379	8784	9704	11026	14546
0:39:35	30.1	241	769	1277	2437	3787	5043	5972	7389	8734	9605	10982	14500
0:39:40	30.1	245	770	1264	2411	3764	4981	5991	7374	8806	9691	11060	14535
0:39:45	30.1	245	775	1270	2413	3787	5047	6044	7323	8787	9664	11003	14527
0:39:50	30.1	243	780	1278	2429	3777	4979	6020	7312	8753	9570	11006	14631
0:39:55	30.1	243	764	1273	2388	3784	4971	6018	7333	8810	9578	11057	14583
0:40:00	30.1	239	770	1275	2408	3807	4987	5985	7301	8737	9560	10998	14605
0:40:05	30.1	249	757	1265	2387	3774	5069	5947	7360	8793	9583	10924	14611
0:40:10	30.1	240	769	1274	2400	3761	4978	5960	7386	8802	9581	10973	14482
0:40:15	30.1	241	763	1277	2396	3781	4999	5982	7410	8754	9540	10986	14519
0:40:20	30.1	234	758	1265	2375	3728	5039	5973	7213	8704	9652	11016	14571
0:40:25	30.1	234	764	1252	2416	3714	5020	5986	7297	8786	9542	10982	14542
0:40:30	30.1	240	754	1281	2391	3772	4968	5995	7314	8765	9538	10866	14442
0:40:35	30.1	242	765	1263	2390	3791	4993	5967	7252	8639	9556	10977	14569
0:40:40	30.1	244	774	1264	2390	3754	5028	5923	7266	8684	9575	10918	14552
0:40:45	30.1	240	754	1267	2414	3770	4974	5971	7286	8682	9637	10892	14398
0:40:50	30.1	238	773	1255	2384	3776	4932	5895	7273	8787	9604	10988	14531
0:40:55	30.1	240	766	1253	2388	3757	4999	5965	7262	8637	9565	10986	14364
0:41:00	30.1	241	754	1269	2406	3743	4938	5884	7280	8741	9498	10920	14349
0:41:05	30.1	245	764	1255	2401	3721	4937	5895	7255	8692	9591	10940	14561
0:41:10	30.1	241	773	1253	2355	3729	4919	5939	7306	8766	9502	10904	14443
0:41:15	30.1	244	762	1262	2390	3738	4964	5927	7268	8686	9482	10918	14624
0:41:20	30.1	238	764	1258	2393	3693	4899	5951	7304	8679	9519	10970	14495
0:41:25	30.1	240	761	1264	2374	3750	4939	5945	7266	8667	9529	10846	14503
0:41:30	30.1	231	752	1257	2368	3714	4908	5948	7268	8618	9555	10901	14443
0:41:35	30.1	242	747	1264	2391	3678	4923	5915	7244	8654	9517	10941	14422
0:41:40	30.1	240	765	1262	2390	3703	4987	5870	7266	8680	9570	10829	14534
0:41:45	30.1	242	762	1268	2389	3726	4944	5956	7267	8631	9517	10874	14313
0:41:50	30.1	238	759	1261	2387	3764	4920	5938	7287	8622	9484	10914	14431
0:41:55	30.1	229	754	1246	2330	3743	4926	5962	7308	8716	9481	11027	14446
0:42:00	30.1	242	753	1233	2373	3732	4914	5875	7212	8699	9504	10879	14396
0:42:05	30.1	235	758	1267	2391	3707	4941	6002	7260	8625	9506	10878	14408
0:42:10	30.1	242	770	1257	2384	3718	4918	5905	7180	8688	9547	10935	14336
0:42:15	30.1	238	769	1245	2360	3701	4927	5917	7171	8623	9484	10811	14369
0:42:20	30.1	233	757	1238	2395	3758	4953	5907	7146	8581	9495	10880	14375
0:42:25	30.1	242	755	1241	2325	3731	4896	5885	7183	8606	9467	10823	14385
0:42:30	30.1	239	752	1240	2360	3730	4926	5879	7177	8651	9505	10853	14500
0:42:35	30.1	241	763	1252	2362	3655	4902	5926	7177	8540	9469	10805	14489
0:42:40	30.1	238	763	1231	2354	3693	4907	5858	7212	8641	9457	10854	14467
0:42:45	30.1	237	752	1232	2324	3684	4919	5830	7176	8653	9609	10922	14311
0:42:50	30.1	239	761	1248	2338	3716	4954	5897	7178	8646	9504	10895	14408
0:42:55	30.1	238	758	1242	2341	3679	4919	5873	7283	8625	9468	10950	14243
0:43:00	30.1	238	746	1241	2352	3711	4932	5902	7153	8615	9425	10764	14400
0:43:05	30.1	244	738	1243	2363	3683	4917	5837	7138	8610	9509	10804	14409
0:43:10	30.1	235	743	1253	2374	3632	4927	5914	7163	8610	9425	10917	14507
0:43:15	30.1	243	735	1226	2363	3714	4894	5877	7247	8559	9476	10861	14347
0:43:20	30.1	243	745	1224	2312	3699	4882	5815	7211	8640	9544	10774	14281
0:43:25	30.1	239	759	1244	2326	3682	4882	5816	7211	8581	9542	10796	14277
0:43:30	30.1	233	745	1239	2361	3655	4888	5841	7132	8554	9473	10800	14392
0:43:35	30.1	244	756	1223	2336	3688	4885	5825	7177	8582	9435	10777	14396
0:43:40	30.1	240	750	1220	2334	3666	4845	5808	7167	8643	9455	10801	14251
0:43:45	30.1	237	745	1254	2349	3666	4905	5900	7116	8533	9402	10874	14208
0:43:50	30.1	239	756	1229	2349	3670	4910	5785	7211	8591	9445	10838	14327
0:43:55	30.1	238	743	1231	2352	3654	4857	5832	7136	8582	9506	10871	14301
0:44:00	30.1	243	744	1230	2347	3696	4858	5836	7186	8469	9428	10862	14366
0:44:05	30.1	244	738	1226	2314	3653	4914	5821	7183	8514	9449	10724	14197
0:44:10	30.1	242	739	1247	2330	3662	4874	5847	7114	8564	9303	10758	14363
0:44:15	30.1	238	746	1213	2331	3632	4869	5854	7049	8524	9410	10751	14270
0:44:20	30.1	234	732	1220	2327	3673	4839	5818	7172	8562	9379	10785	14310
0:44:25	30.1	236	749	1252	2318	3646	4863	5759	7136	8470	9402	10732	14135
0:44:30	30.1	244	744	1231	2322	3655	4840	5870	7118	8525	9361	10669	14242
0:44:35	30.1	242	753	1232	2337	3649	4835	5794	7139	8510	9370	10783	14275
0:44:40	30.1	236	742	1234	2328	3664	4869	5840	7117	8524	9346	10693	14262
0:44:45	30.1	237	751	1238	2340	3623	4842	5782	7124	8510	9347	10791	14296
0:44:50	30.1	243	747	1217	2330	3650	4875	5838	7066	8524	9298	10755	14223
0:44:55	30.1	235	753	1227	2321	3640	4849	5777	7065	8500	9377	10773	14322
0:45:00	30.1	240	746	1240	2306	3612	4825	5821	7065	8560	9366	10729	14281
0:45:05	30.1	235	745	1215	2342	3606	4820	5815	7134	8478	9314	10720	14208
0:45:10	30.1	238	751	1212	2345	3675	4840	5741	7080	8451	9311	10766	14207
0:45:15	30.1	240	746	1226	2342	3622	4847	5818	7062	8595	9424	10744	14272
0:45:20	30.1	238	748	1219	2306	3665	4784	5789	7094	8497	9338	10757	14167
0:45:25	30.1	233	740	1229	2330	3609	4818	5805	7085	8567	9382	10761	14290
0:45:30	30.1	238	749	1219	2298	3649	4803	5765	7110	8506	9431	10605	14140
0:45:35	30.1	239	740	1226	2292	3612	4799	5783	7130	8481	9278	10652	14206
0:45:40	30.1	237	748	1229	2305	3677	4824	5815	7111	8550	9360	10721	14211
0:45:45	30.1	235	734	1208	2299	3646	4783	5771	7111	8542	9329	10762	14189
0:45:50	30.1	242	741	1231	2308	3641	4825	5813	7085	8538	9328	10646	14329
0:45:55	30.1	237	737	1219	2306	3618	4829	5727	7070	8439	9315	10704	14220
0:46:00	30.1	246	730	1213	2306	3614	4781	5779	7054	8503	9299	10690	14100
0:46:05	30.1	236	750	1209	2321	3644	4805	5761	7033	8426	9321	10703	14185
0:46:10	30.1	233	732	1232	2268	3635	4798	5741	7034	8450	9280	10744	14097
0:46:15	30.1	243	738	1219	2276	3642	4814	5762	7099	8486	9332	10682	14185
0:46:20	30.1	233	738	1216	2288	3634	4784	5742	7035	8532	9260	10729	14127
0:46:25	30.1	232	744	1205	2291	3617	4806	5809	7042	8430	9288	10738	14134
0:46:30	30.1	235	743	1207	2317	3583	4762	5768	7026	8468	9284	10681	14020
0:46:35	30.1	244	742	1208	2283	3602	4795	5780	7056	8438	9303	10648	14199
0:46:40	30.1	234	735	1207	2288	3588	4793	5729	7050	8440	9307	10623	14146
0:46:45	30.1	235	731	1211	2267	3593	4758	5751	7038	8436	9330	10580	14165
0:46:50	30.1	234	749	1209	2273	3607	4748	5758	7010	8458	9238	10650	14112
0:46:55	30.1	241	744	1210	2276	3588	4770	5666	7046	8464	9279	10659	14059
0:47:00	30.1	233	730	1219	2268	3590	4773	5738	7037	8491	9312	10659	14053
0:47:05	30.1	234	753	1225	2280	3582	4770	5720	7039	8403	9266	10663	14044
0:47:10	30.1	244	730	1205	2298	3585	4789	5714	7019	8415	9229	10658	14101
0:47:15	30.1	241	741	1206	2276	3604	4804	5693	7025	8383	9250	10586	14078
0:47:20	30.1	231	735	1212	2284	3550	4776	5708	7024	8424	9265	10664	14184
0:47:25	30.1	235	749	1208	2284	3562	4774	5774	6995	8399	9270	10616	14024
0:47:30	30.1	239	735	1195	2279	3575	4751	5666	6977	8416	9245	10660	14114
0:47:35	30.1	230	730	1211	2293	3585	4755	5697	6969	8458	9239	10669	14122
0:47:40	30.1	241	733	1206	2250	3561	4753	5763	6994	8315	9247	10644	14066
0:47:45	30.1	239	734	1208	2252	3554	4764	5730	6971	8451	9200	10670	14107
0:47:50	30.1	237	739	1198	2262	3551	4744	5691	6997	8416	9204	10651	14049
0:47:55	30.1	243	735	1214	2278	3559	4773	5720	7002	8388	9165	10564	13963
0:48:00	30.1	231	732	1215	2260	3554	4761	5664	6982	8398	9176	10598	13984
0:48:05	30.1	240	741	1217	2229	3590	4761	5733	7008	8428	9242	10594	13907
0:48:10	30.1	239	737	1209	2293	3540	4739	5739	7045	8331	9180	10609	14097
0:48:15	30.1	230	738	1214	2259	3548	4749	5653	7018	8442	9216	10583	13990
0:48:20	30.1	228	742	1207	2260	3588	4791	5743	7022	8439	9194	10615	14022
0:48:25	30.1	236	730	1213	2254	3536	4755	5667	7052	8260	9227	10678	14076
0:48:30	30.1	236	737	1199	2247	3543	4736	5737	6959	8322	9207	10552	13897
0:48:35	30.1	229	736	1217	2269	3584	4712	5694	6987	8285	9200	10512	14060
0:48:40	30.1	239	741	1205	2275	3540	4795	5716	6911	8306	9142	10564	14092
0:48:45	30.1	233	742	1205	2267	3576	4769	5642	6962	8358	9144	10666	13960
0:48:50	30.1	236	732	1209	2252	3544	4734	5671	6968	8345	9286	10537	14023
0:48:55	30.1	241	721	1189	2247	3526	4690	5602	6979	8356	9244	10539	14021
0:49:00	30.1	230	739	1202	2261	3507	4719	5727	6968	8347	9195	10533	13981
0:49:05	30.1	230	734	1191	2247	3542	4751	5704	7021	8377	9174	10640	13945
0:49:10	30.1	234	725	1186	2249	3559	4742	5712	6992	8401	9235	10518	13965
0:49:15	30.1	237	728	1194	2266	3515	4733	5641	6919	8318	9122	10544	14032
0:49:20	30.1	243	722	1188	2252	3562	4750	5693	6989	8284	9114	10507	14039
0:49:25	30.1	231	726	1180	2255	3550	4683	5638	6977	8375	9228	10359	14011
0:49:30	30.1	235	716	1181	2244	3515	4663	5587	6994	8331	9142	10503	14001
0:49:35	30.1	230	721	1198	2235	3539	4750	5638	6910	8301	9135	10575	13945
0:49:40	30.1	232	732	1196	2259	3519	4727	5650	6973	8345	9069	10554	13998
0:49:45	30.1	244	733	1185	2257	3526	4721	5673	6934	8286	9129	10493	13851
0:49:50	30.1	230	724	1193	2248	3540	4720	5717	6940	8358	9112	10546	14024
0:49:55	30.1	236	735	1202	2227	3527	4694	5645	6865	8348	9211	10553	13872
0:50:00	30.1	229	732	1194	2226	3547	4693	5716	6919	8349	9152	10520	13977
0:50:05	30.1	230	728	1189	2232	3530	4681	5656	6858	8323	9124	10549	14061
0:50:10	30.1	240	733	1182	2249	3502	4663	5591	6922	8344	9116	10452	13931
0:50:15	30.1	238	727	1180	2237	3513	4655	5666	6850	8245	9132	10417	13972
0:50:20	30.1	231	730	1194	2234	3531	4684	5622	6928	8246	9101	10460	13946
0:50:25	30.1	241	736	1198	2216	3553	4688	5637	6891	8308	9094	10573	13874
0:50:30	30.1	225	745	1204	2215	3536	4723	5659	6922	8292	9125	10522	13906
0:50:35	30.1	238	734	1184	2257	3487	4698	5606	6864	8310	9124	10521	13853
0:50:40	30.1	238	734	1181	2221	3502	4654	5631	6848	8316	9130	10449	13895
0:50:45	30.1	235	723	1181	2220	3495	4658	5611	6898	8238	9081	10506	13844
0:50:50	30.1	236	724	1198	2212	3471	4648	5629	6946	8222	9078	10470	13837
0:50:55	30.1	236	731	1178	2209	3516	4660	5591	6845	8333	9115	10479	13864
0:51:00	30.1	242	728	1199	2251	3501	4694	5598	6858	8266	9140	10515	13918
0:51:05	30.1	233	727	1185	2233	3482	4651	5590	6832	8246	9054	10364	13788
0:51:10	30.1	240	715	1179	2224	3498	4651	5587	6908	8265	9097	10458	13843
0:51:15	30.1	236	728	1193	2229	3512	4704	5621	6918	8273	9150	10490	13907
0:51:20	30.1	238	726	1188	2229	3508	4687	5642	6817	8244	9087	10417	13934
0:51:25	30.1	232	729	1185	2248	3546	4643	5602	6905	8274	9138	10406	13761
0:51:30	30.1	232	724	1197	2210	3475	4662	5599	6914	8250	9098	10426	13890
0:51:35	30.1	240	720	1193	2214	3517	4685	5605	6910	8238	9069	10388	13814
0:51:40	30.1	235	716	1176	2190	3489	4628	5604	6915	8294	9018	10412	13855
0:51:45	30.1	238	728	1180	2211	3510	4683	5596	6864	8220	9054	10441	13832
0:51:50	30.1	236	720	1186	2219	3491	4654	5592	6866	8204	9044	10523	13905
0:51:55	30.1	228	738	1197	2218	3506	4699	5587	6832	8220	9046	10432	13865
0:52:00	30.1	233	723	1189	2202	3429	4609	5560	6838	8229	9015	10442	13928
0:52:05	30.1	240	730	1184	2205	3452	4573	5609	6793	8235	9073	10347	13822
0:52:10	30.1	235	723	1170	2232	3521	4614	5549	6880	8254	9066	10490	13894
0:52:15	30.1	236	719	1176	2205	3487	4629	5575	6841	8203	8982	10378	13713
0:52:20	30.1	233	734	1195	2218	3525	4651	5562	6866	8184	9026	10375	13869
0:52:25	30.1	237	729	1201	2210	3496	4620	5552	6813	8208	9012	10309	13877
0:52:30	30.1	237	725	1164	2219	3467	4641	5599	6883	8212	9025	10299	13767
0:52:35	30.1	243	717	1171	2211	3501	4663	5539	6847	8172	8964	10390	13859
0:52:40	30.1	231	719	1193	2201	3432	4651	5618	6868	8237	9018	10261	13780
0:52:45	30.1	228	727	1198	2228	3453	4611	5535	6837	8196	8999	10375	13683
0:52:50	30.1	231	734	1164	2211	3470	4651	5552	6810	8193	8962	10337	13782
0:52:55	30.1	235	724	1181	2199	3498	4644	5591	6775	8228	9024	10365	13865
0:53:00	30.1	236	731	1174	2168	3446	4692	5572	6855	8173	9075	10414	13722
0:53:05	30.1	231	718	1186	2199	3460	4613	5590	6775	8155	9096	10369	13776
0:53:10	30.1	231	722	1178	2208	3415	4560	5538	6792	8193	8963	10363	13705
0:53:15	30.1	240	719	1181	2183	3479	4624	5527	6832	8116	8982	10376	13689
0:53:20	30.1	227	725	1157	2200	3432	4599	5576	6816	8184	9040	10228	13633
0:53:25	30.1	236	706	1186	2191	3442	4585	5560	6812	8153	9010	10410	13798
0:53:30	30.1	240	721	1158	2189	3457	4652	5487	6810	8127	9072	10302	13875
0:53:35	30.1	241	706	1168	2236	3502	4594	5528	6758	8217	8979	10310	13762
0:53:40	30.1	232	729	1187	2197	3473	4583	5494	6836	8140	9050	10349	13648
0:53:45	30.1	233	727	1167	2200	3418	4606	5525	6801	8208	9024	10316	13733
0:53:50	30.1	236	720	1179	2188	3407	4547	5471	6788	8126	9001	10370	13741
0:53:55	30.1	235	734	1181	2187	3456	4599	5452	6730	8169	8926	10266	13718
0:54:00	30.1	235	722	1163	2171	3436	4599	5526	6787	8164	8998	10274	13782
0:54:05	30.1	234	713	1160	2189	3441	4564	5503	6817	8155	9023	10350	13621
0:54:10	30.1	230	717	1156	2185	3423	4610	5500	6754	8105	8936	10293	13722
0:54:15	30.1	232	730	1188	2189	3427	4605	5546	6817	8116	8915	10334	13696
0:54:20	30.1	231	716	1175	2175	3442	4570	5510	6807	8092	9012	10309	13827
0:54:25	30.1	227	732	1178	2195	3466	4606	5510	6745	8204	8913	10302	13697
0:54:30	30.1	230	721	1163	2174	3474	4562	5483	6730	8082	8945	10262	13714
0:54:35	30.1	234	729	1177	2177	3433	4617	5482	6836	8094	8953	10248	13676
0:54:40	30.1	231	717	1165	2182	3446	4620	5545	6733	8137	8994	10302	13714
0:54:45	30.1	236	714	1169	2166	3428	4593	5501	6779	8056	8922	10293	13591
0:54:50	30.1	237	715	1149	2166	3435	4557	5514	6734	8199	8917	10331	13776
0:54:55	30.1	233	718	1154	2191	3386	4573	5527	6775	8110	8898	10152	13656
0:55:00	30.1	232	710	1178	2197	3452	4575	5496	6744	8058	8924	10267	13670
0:55:05	30.1	228	716	1164	2175	3471	4565	5492	6716	8090	8910	10247	13598
0:55:10	30.1	233	713	1167	2195	3449	4546	5506	6785	8194	8952	10205	13625
0:55:15	30.1	233	708	1157	2163	3397	4579	5464	6754	8018	8967	10168	13653
0:55:20	30.1	230	713	1163	2171	3407	4540	5495	6708	8125	9020	10337	13666
0:55:25	30.1	230	728	1156	2165	3399	4491	5529	6766	8119	8896	10211	13609
0:55:30	30.1	232	719	1157	2153	3420	4538	5451	6702	8128	8842	10190	13649
0:55:35	30.1	236	730	1166	2150	3414	4548	5436	6724	8054	8845	10310	13524
0:55:40	30.1	236	740	1159	2170	3430	4529	5463	6701	8124	9004	10267	13530
0:55:45	30.1	237	727	1155	2168	3420	4572	5477	6737	8116	8903	10245	13724
0:55:50	30.1	239	714	1190	2152	3385	4548	5478	6749	8043	8943	10214	13589
0:55:55	30.1	230	716	1165	2162	3409	4520	5466	6638	8112	8884	10223	13619
0:56:00	30.1	230	709	1167	2153	3412	4542	5423	6717	8069	8913	10257	13698
0:56:05	30.1	233	717	1151	2152	3404	4521	5482	6767	8007	8901	10287	13735
0:56:10	30.1	240	718	1154	2181	3417	4546	5468	6759	8097	8841	10282	13557
0:56:15	30.1	239	712	1160	2181	3402	4534	5504	6674	8146	8839	10167	13410
0:56:20	30.1	231	706	1164	2173	3381	4572	5369	6716	8026	8898	10191	13576
0:56:25	30.1	231	715	1139	2175	3400	4526	5483	6772	8094	8883	10223	13607
0:56:30	30.1	237	707	1150	2179	3412	4512	5411	6709	8136	8916	10227	13529
0:56:35	30.1	228	714	1158	2155	3416	4513	5449	6688	8031	8884	10192	13555
0:56:40	30.1	232	713	1176	2153	3399	4606	5436	6689	8096	8837	10157	13689
0:56:45	30.1	226	733	1152	2176	3411	4528	5411	6772	8090	8856	10124	13496
0:56:50	30.1	238	710	1155	2185	3404	4552	5437	6730	8002	8866	10209	13658
0:56:55	30.1	237	706	1152	2156	3410	4505	5430	6647	8027	8874	10245	13382
0:57:00	30.1	228	705	1136	2151	3359	4487	5415	6662	8008	8848	10154	13546
0:57:05	30.1	232	713	1141	2153	3380	4550	5422	6623	8036	8822	10198	13576
0:57:10	30.1	230	712	1158	2167	3361	4445	5432	6697	8040	8883	10224	13495
0:57:15	30.1	232	711	1141	2158	3383	4535	5403	6694	7987	8812	10139	13570
0:57:20	30.1	232	707	1149	2151	3383	4509	5446	6684	8009	8849	10149	13539
0:57:25	30.1	235	715	1148	2173	3386	4464	5478	6693	8023	8795	10145	13472
0:57:30	30.1	230	716	1149	2156	3380	4540	5376	6681	7965	8786	10123	13526
0:57:35	30.1	235	701	1162	2118	3360	4512	5421	6723	8019	8773	10119	13508
0:57:40	30.1	226	706	1146	2149	3361	4539	5425	6689	8041	8832	10101	13476
0:57:45	30.1	241	711	1139	2161	3386	4472	5367	6646	8001	8746	10199	13572
0:57:50	30.1	235	708	1156	2133	3349	4482	5375	6674	7964	8744	10200	13488
0:57:55	30.1	235	709	1154	2130	3331	4473	5392	6704	8037	8806	10189	13546
0:58:00	30.1	227	707	1133	2136	3382	4454	5429	6694	7915	8701	10125	13468
0:58:05	30.1	229	705	1163	2157	3358	4482	5399	6650	8036	8846	10084	13459
0:58:10	30.1	230	705	1150	2151	3364	4519	5414	6614	7968	8783	10173	13404
0:58:15	30.1	229	703	1145	2130	3409	4482	5417	6592	7984	8702	10149	13477
0:58:20	30.1	230	714	1155	2134	3375	4476	5323	6661	7985	8739	10153	13462
0:58:25	30.1	229	697	1160	2145	3342	4460	5388	6678	7993	8808	10101	13483
0:58:30	30.1	232	710	1157	2143	3354	4467	5356	6605	7902	8822	10157	13614
0:58:35	30.1	234	690	1141	2146	3361	4463	5326	6601	7887	8755	10095	13360
0:58:40	30.1	234	713	1139	2124	3327	4480	5398	6630	7978	8787	10082	13328
0:58:45	30.1	238	704	1153	2144	3368	4463	5420	6614	7970	8804	10062	13511
0:58:50	30.1	234	697	1145	2127	3340	4431	5395	6644	7930	8789	10063	13435
0:58:55	30.1	231	693	1144	2140	3381	4451	5378	6605	8021	8734	10027	13481
0:59:00	30.1	229	700	1148	2166	3337	4456	5408	6618	7992	8677	10009	13268
0:59:05	30.1	239	705	1143	2112	3341	4465	5360	6614	7998	8730	10109	13545
0:59:10	30.1	234	716	1133	2121	3360	4470	5390	6555	7936	8761	10068	13512
0:59:15	30.1	233	713	1129	2118	3319	4424	5359	6631	7913	8714	10051	13458
0:59:20	30.1	237	701	1141	2102	3354	4454	5340	6643	7937	8742	10042	13321
0:59:25	30.1	233	712	1143	2120	3362	4451	5349	6590	7956	8712	9977	13281
0:59:30	30.1	228	700	1121	2114	3321	4433	5346	6634	7997	8733	10084	13418
0:59:35	30.1	236	724	1133	2114	3347	4494	5362	6597	7907	8793	10110	13449
0:59:40	30.1	230	690	1141	2148	3316	4480	5349	6630	7894	8769	10083	13461
0:59:45	30.1	228	699	1133	2113	3383	4417	5382	6603	7950	8672	10078	13463
0:59:50	30.1	233	714	1129	2122	3289	4453	5353	6565	7920	8782	10085	13332
0:59:55	30.1	242	724	1136	2112	3311	4429	5369	6507	7903	8716	10008	13292
1:00:00	30.1	227	704	1144	2145	3304	4446	5335	6559	7935	8705	9979	13289
1:00:05	30.1	228	696	1118	2104	3305	4428	5308	6601	7915	8782	10007	13582
1:00:10	30.1	226	704	1138	2124	3312	4483	5370	6654	7945	8697	10053	13384
1:00:15	30.1	228	699	1143	2123	3355	4445	5307	6585	7902	8729	10020	13402
1:00:20	30.1	228	707	1127	2108	3316	4427	5355	6552	7943	8655	9913	13304
1:00:25	30.1	234	709	1130	2127	3317	4395	5377	6576	7862	8640	10008	13305
1:00:30	30.1	230	707	1133	2144	3327	4421	5407	6586	7931	8754	9957	13337
1:00:35	30.1	226	697	1147	2095	3333	4427	5317	6623	7904	8738	10068	13302
1:00:40	30.1	227	702	1146	2105	3319	4435	5360	6583	7891	8708	9923	13302
1:00:45	30.1	225	712	1141	2110	3298	4437	5302	6584	7924	8658	10070	13330
1:00:50	30.1	230	717	1136	2090	3336	4447	5319	6589	7920	8674	10028	13366
1:00:55	30.1	232	704	1152	2106	3329	4410	5344	6583	7894	8713	10027	13424
1:01:00	30.1	228	698	1143	2104	3300	4457	5372	6531	7911	8690	10090	13376
1:01:05	30.1	225	718	1134	2103	3312	4430	5313	6583	7827	8639	9983	13271
1:01:10	30.1	228	703	1141	2111	3324	4421	5323	6588	7863	8722	9979	13313
1:01:15	30.1	225	728	1140	2112	3323	4461	5328	6535	7934	8677	9996	13284
1:01:20	30.1	237	702	1130	2093	3292	4443	5298	6559	7898	8574	10009	13285
1:01:25	30.1	220	705	1125	2076	3311	4404	5321	6520	7890	8674	9961	13395
1:01:30	30.1	227	708	1144	2122	3291	4436	5317	6524	7825	8693	10012	13217
1:01:35	30.1	222	704	1133	2101	3271	4396	5350	6567	7898	8791	9956	13291
1:01:40	30.1	228	710	1119	2091	3306	4372	5316	6514	7810	8694	10035	13359
1:01:45	30.1	227	703	1131	2114	3293	4392	5268	6507	7825	8656	9985	13260
1:01:50	30.1	229	699	1132	2107	3276	4461	5279	6570	7884	8627	9979	13308
1:01:55	30.1	229	706	1133	2086	3300	4383	5307	6559	7874	8632	10017	13382
1:02:00	30.1	233	705	1140	2090	3307	4444	5327	6549	7919	8707	9988	13348
1:02:05	30.1	228	711	1142	2082	3295	4413	5311	6564	7832	8649	9925	13295
1:02:10	30.1	228	705	1116	2114	3318	4364	5319	6515	7802	8662	10006	13218
1:02:15	30.1	234	700	1130	2086	3315	4405	5272	6452	7815	8622	9907	13241
1:02:20	30.1	234	700	1139	2122	3306	4408	5274	6518	7880	8585	9944	13252
1:02:25	30.1	228	700	1133	2103	3289	4419	5312	6471	7816	8644	9975	13197
1:02:30	30.1	235	697	1101	2079	3283	4380	5273	6532	7799	8647	9990	13275
1:02:35	30.1	228	699	1116	2105	3250	4421	5302	6563	7853	8623	9948	13266
1:02:40	30.1	234	710	1126	2095	3304	4421	5280	6488	7836	8629	9857	13166
1:02:45	30.1	231	706	1114	2121	3294	4350	5299	6456	7798	8698	9977	13316
1:02:50	30.1	233	688	1132	2094	3303	4390	5252	6517	7846	8630	9970	13207
1:02:55	30.1	227	711	1122	2108	3281	4390	5334	6536	7782	8573	9887	13240
1:03:00	30.1	233	711	1129	2108	3278	4359	5297	6502	7825	8643	9859	13229
1:03:05	30.1	225	714	1131	2098	3291	4343	5292	6468	7854	8655	9953	13276
1:03:10	30.1	228	700	1136	2088	3267	4380	5232	6526	7758	8581	9895	13263
1:03:15	30.1	228	705	1116	2086	3273	4381	5246	6488	7795	8560	9891	13217
1:03:20	30.1	226	692	1130	2081	3265	4355	5254	6525	7775	8597	9926	13151
1:03:25	30.1	229	697	1143	2089	3297	4389	5266	6524	7803	8591	9934	13167
1:03:30	30.1	225	695	1127	2095	3245	4397	5218	6499	7822	8632	9833	13210
1:03:35	30.1	227	696	1121	2103	3288	4336	5255	6442	7821	8635	9826	13241
1:03:40	30.1	235	691	1126	2078	3311	4332	5198	6495	7799	8562	9889	13238
1:03:45	30.1	230	706	1124	2104	3273	4398	5265	6447	7795	8573	9805	13183
1:03:50	30.1	231	702	1136	2092	3259	4378	5294	6480	7814	8633	9878	13145
1:03:55	30.1	224	697	1116	2072	3302	4361	5229	6441	7730	8499	9733	13172
1:04:00	30.1	224	692	1121	2068	3264	4332	5252	6469	7742	8560	9821	13260
1:04:05	30.1	223	711	1125	2069	3265	4377	5252	6447	7771	8641	9848	13257
1:04:10	30.1	224	703	1122	2110	3266	4369	5242	6528	7805	8563	9879	13067
1:04:15	30.1	226	699	1101	2088	3247	4340	5244	6505	7793	8609	9838	13293
1:04:20	30.1	230	694	1121	2081	3275	4315	5241	6451	7782	8561	9871	13192
1:04:25	30.0	232	704	1127	2066	3242	4324	5190	6498	7787	8549	9844	13194
1:04:30	30.1	224	701	1111	2086	3289	4346	5194	6430	7753	8511	9833	13196
1:04:35	30.1	233	704	1134	2072	3259	4356	5217	6454	7757	8524	9807	13195
1:04:40	30.1	227	691	1125	2075	3252	4385	5231	6449	7802	8558	9943	13171
1:04:45	30.0	226	703	1132	2076	3241	4309	5238	6411	7727	8448	9830	13144
1:04:50	30.1	221	689	1126	2072	3241	4333	5270	6466	7662	8460	9862	13176
1:04:55	30.1	231	694	1106	2086	3263	4344	5251	6455	7747	8581	9862	13122
1:05:00	30.1	227	697	1124	2100	3266	4363	5226	6429	7698	8522	9737	13070
1:05:05	30.1	233	691	1105	2072	3251	4346	5213	6398	7683	8529	9855	13134
1:05:10	30.1	235	701	1112	2076	3289	4345	5185	6418	7833	8469	9873	13269
1:05:15	30.1	228	693	1143	2064	3257	4369	5216	6431	7718	8519	9920	13104
1:05:20	30.1	231	690	1129	2079	3233	4340	5208	6459	7723	8402	9850	13076
1:05:25	30.1	243	709	1115	2051	3216	4343	5246	6407	7788	8497	9869	13090
1:05:30	30.1	232	709	1113	2070	3237	4329	5201	6416	7759	8545	9850	13100
1:05:35	30.0	226	705	1114	2047	3235	4344	5206	6436	7690	8603	9832	13092
1:05:40	30.1	225	696	1128	2048	3220	4323	5217	6423	7760	8543	9881	13196
1:05:45	30.1	230	700	1117	2065	3270	4354	5180	6403	7756	8429	9848	13054
1:05:50	30.1	230	698	1119	2040	3280	4305	5255	6413	7703	8521	9821	13110
1:05:55	30.1	221	704	1121	2043	3228	4328	5217	6383	7817	8477	9744	13083
1:06:00	30.0	235	690	1107	2070	3181	4348	5132	6359	7661	8486	9849	13161
1:06:05	30.1	225	694	1109	2062	3213	4297	5135	6445	7714	8501	9817	13096
1:06:10	30.1	232	697	1132	2057	3228	4349	5195	6417	7695	8468	9716	13066
1:06:15	30.1	232	691	1120	2055	3204	4293	5159	6333	7658	8436	9825	13093
1:06:20	30.0	232	692	1098	2045	3219	4297	5151	6382	7595	8453	9850	13059
1:06:25	30.1	224	694	1118	2061	3221	4304	5191	6397	7673	8500	9829	12982
1:06:30	30.1	228	701	1121	2071	3199	4295	5190	6417	7748	8483	9838	13029
1:06:35	30.1	234	696	1116	2075	3218	4293	5181	6414	7683	8518	9758	13139
1:06:40	30.1	231	696	1127	2059	3230	4334	5151	6380	7679	8440	9807	12988
1:06:45	30.1	242	704	1101	2068	3230	4286	5193	6376	7636	8474	9715	13068
1:06:50	30.1	227	709	1110	2055	3211	4310	5188	6335	7688	8392	9740	13122
1:06:55	30.1	220	703	1117	2037	3204	4250	5142	6390	7685	8502	9733	13126
1:07:00	30.1	233	690	1120	2041	3190	4310	5199	6406	7660	8401	9809	13096
1:07:05	30.1	231	691	1102	2028	3213	4309	5161	6366	7655	8542	9724	13072
1:07:10	30.0	229	692	1131	2055	3232	4313	5197	6388	7728	8453	9775	13007
1:07:15	30.1	235	688	1120	2025	3214	4265	5185	6314	7615	8436	9729	13038
1:07:20	30.1	223	703	1110	2049	3243	4277	5197	6364	7693	8444	9701	12982
1:07:25	30.1	236	696	1123	2062	3200	4260	5189	6397	7691	8371	9663	12971
1:07:30	30.1	229	704	1132	2061	3207	4264	5112	6366	7725	8442	9659	13075
1:07:35	30.1	234	686	1105	2042	3175	4300	5136	6291	7687	8444	9600	13019
1:07:40	30.1	225	691	1108	2056	3211	4279	5199	6329	7750	8435	9786	12909
1:07:45	30.1	231	699	1120	2058	3198	4279	5171	6344	7680	8398	9766	13107
1:07:50	30.1	236	708	1115	2054	3221	4288	5188	6355	7733	8466	9723	13082
1:07:55	30.0	224	697	1122	2029	3214	4303	5090	6378	7663	8448	9700	13006
1:08:00	30.1	230	707	1103	2054	3186	4258	5170	6309	7724	8450	9685	13050
1:08:05	30.1	227	692	1102	2039	3233	4284	5158	6332	7669	8459	9731	13076
1:08:10	30.1	225	715	1112	2062	3172	4272	5144	6334	7636	8389	9779	12936
1:08:15	30.1	222	695	1098	2037	3187	4248	5123	6343	7602	8431	9706	13018
1:08:20	30.1	225	685	1097	2053	3217	4262	5137	6353	7639	8418	9693	12972
1:08:25	30.0	229	679	1085	2049	3218	4268	5080	6363	7612	8503	9716	12941
1:08:30	30.1	232	692	1105	2013	3216	4214	5134	6372	7649	8408	9718	12922
1:08:35	30.1	230	694	1094	2032	3167	4264	5153	6343	7602	8363	9706	12969
1:08:40	30.1	229	684	1130	2035	3224	4279	5114	6384	7638	8428	9668	12995
1:08:45	30.1	225	695	1119	2011	3222	4269	5126	6366	7666	8320	9692	13004
1:08:50	30.1	231	699	1096	2026	3208	4271	5133	6333	7612	8391	9801	13006
1:08:55	30.1	223	694	1094	2017	3181	4261	5106	6313	7634	8401	9753	12967
1:09:00	30.1	225	696	1097	2007	3193	4234	5170	6314	7580	8325	9649	12922
1:09:05	30.1	231	702	1092	2024	3189	4216	5164	6306	7695	8347	9624	12901
1:09:10	30.0	231	683	1105	2038	3158	4274	5152	6311	7621	8362	9672	12879
1:09:15	30.1	227	699	1099	2035	3203	4271	5116	6269	7634	8404	9665	12941
1:09:20	30.0	234	692	1108	2044	3213	4246	5129	6298	7601	8412	9671	12886
1:09:25	30.1	232	697	1111	2024	3172	4289	5121	6311	7587	8330	9658	12902
1:09:30	30.1	234	672	1098	2019	3193	4251	5089	6303	7581	8336	9650	12919
1:09:35	30.1	238	685	1114	2014	3159	4266	5123	6308	7634	8382	9686	12805
1:09:40	30.1	226	685	1115	2024	3182	4280	5075	6257	7607	8405	9687	12930
1:09:45	30.1	224	689	1101	2046	3166	4210	5142	6283	7528	8452	9741	12951
1:09:50	30.1	232	690	1096	2015	3210	4261	5149	6266	7589	8387	9643	12870
1:09:55	30.1	226	682	1108	2020	3163	4229	5158	6286	7527	8401	9655	12937
1:10:00	30.0	229	699	1087	2047	3172	4233	5093	6300	7592	8383	9645	12884
1:10:05	30.1	225	681	1110	2021	3173	4257	5120	6268	7562	8362	9655	12808
1:10:10	30.0	228	702	1112	2017	3168	4218	5075	6346	7588	8384	9590	12861
1:10:15	30.1	224	688	1111	1982	3170	4242	5107	6301	7566	8326	9585	12886
1:10:20	30.1	226	697	1108	2034	3145	4263	5116	6274	7613	8357	9575	12897
1:10:25	30.1	228	691	1084	2010	3195	4254	5113	6247	7569	8283	9620	12889
1:10:30	30.1	229	690	1089	2014	3180	4150	5086	6240	7571	8371	9613	12944
1:10:35	30.1	228	680	1111	2036	3141	4187	5051	6235	7562	8366	9704	12790
1:10:40	30.1	221	687	1117	2024	3157	4220	5102	6288	7510	8387	9510	12874
1:10:45	30.1	225	687	1115	2045	3150	4209	5080	6239	7561	8324	9633	12801
1:10:50	30.1	225	684	1116	2021	3174	4238	5053	6340	7554	8349	9566	12849
1:10:55	30.0	213	689	1111	2017	3182	4262	5051	6257	7594	8273	9718	12832
1:11:00	30.1	227	691	1100	2027	3156	4217	5056	6243	7542	8354	9609	12924
1:11:05	30.1	224	699	1098	2000	3169	4197	5073	6254	7568	8302	9637	12865
1:11:10	30.1	220	691	1104	2027	3166	4223	5078	6202	7483	8277	9673	12830
1:11:15	30.1	226	698	1102	2044	3164	4198	5089	6224	7563	8325	9583	12818
1:11:20	30.1	223	699	1099	2018	3174	4187	5117	6308	7533	8297	9634	12816
1:11:25	30.1	223	683	1089	2045	3163	4210	5080	6287	7488	8317	9556	12764
1:11:30	30.1	228	684	1104	2012	3176	4183	5076	6221	7530	8340	9609	12863
1:11:35	30.1	224	680	1117	2025	3158	4160	5066	6247	7487	8328	9676	12908
1:11:40	30.1	233	699	1106	2023	3190	4207	5039	6284	7501	8257	9520	12917
1:11:45	30.0	233	686	1102	2031	3139	4205	5113	6241	7599	8313	9692	12741
1:11:50	30.0	224	692	1114	2008	3135	4191	5031	6245	7518	8304	9548	12921
1:11:55	30.1	229	688	1097	2008	3147	4226	5035	6248	7535	8236	9527	12912
1:12:00	30.1	222	680	1085	2018	3150	4201	5047	6195	7480	8267	9533	12692
1:12:05	30.1	219	681	1084	2003	3143	4245	5043	6192	7509	8263	9611	12786
1:12:10	30.1	220	685	1107	2003	3119	4205	5013	6214	7578	8286	9577	12786
1:12:15	30.1	224	693	1097	2018	3178	4206	5084	6187	7526	8224	9544	12801
1:12:20	30.1	226	687	1093	2014	3110	4193	4973	6240	7514	8283	9603	12776
1:12:25	30.1	227	695	1092	2012	3123	4236	5074	6290	7505	8197	9578	12670
1:12:30	30.1	234	684	1092	2023	3152	4215	5052	6246	7520	8353	9535	12735
1:12:35	30.0	223	689	1092	2006	3140	4180	4981	6220	7496	8205	9517	12679
1:12:40	30.0	227	695	1100	2018	3127	4186	5041	6275	7518	8278	9570	12647
1:12:45	30.1	227	691	1093	1984	3137	4181	5048	6227	7470	8234	9535	12759
1:12:50	30.1	217	690	1100	2025	3135	4153	5010	6188	7546	8292	9520	12796
1:12:55	30.1	225	697	1100	2017	3139	4154	5019	6169	7528	8286	9518	12869
1:13:00	30.1	225	686	1090	2028	3137	4140	5037	6165	7441	8182	9458	12726
1:13:05	30.1	227	685	1097	2027	3129	4155	5013	6207	7512	8300	9467	12662
1:13:10	30.1	220	686	1097	1999	3118	4145	5029	6224	7514	8312	9521	12671
1:13:15	30.1	217	686	1100	1966	3148	4161	5040	6194	7479	8311	9508	12680
1:13:20	30.0	224	685	1092	1989	3138	4171	5054	6191	7446	8222	9486	12570
1:13:25	30.0	224	679	1074	2010	3116	4156	5021	6180	7498	8291	9447	12616
1:13:30	30.1	231	681	1089	2000	3114	4190	5042	6208	7440	8241	9547	12764
1:13:35	30.1	228	686	1120	2017	3083	4184	4952	6242	7460	8257	9483	12714
1:13:40	30.1	217	705	1095	2010	3109	4145	5013	6201	7458	8214	9454	12820
1:13:45	30.1	221	667	1097	1993	3113	4140	5005	6182	7444	8253	9528	12731
1:13:50	30.1	229	694	1091	1981	3128	4161	5044	6200	7471	8200	9553	12643
1:13:55	30.1	220	683	1088	1980	3106	4173	5038	6144	7470	8210	9504	12698
1:14:00	30.0	227	687	1089	1976	3107	4148	5008	6179	7483	8260	9401	12695
1:14:05	30.1	219	685	1086	1991	3112	4196	5028	6223	7394	8266	9472	12674
1:14:10	30.1	233	699	1094	2000	3098	4170	5020	6144	7445	8202	9514	12666
1:14:15	30.1	225	696	1092	2007	3075	4131	5051	6215	7466	8243	9558	12782
1:14:20	30.1	218	699	1105	2002	3126	4176	5054	6127	7476	8208	9482	12737
1:14:25	30.1	223	682	1075	1992	3125	4118	4985	6140	7487	8331	9522	12678
1:14:30	30.1	231	676	1092	2000	3092	4188	4982	6169	7454	8206	9471	12691
1:14:35	30.1	230	682	1097	1999	3090	4178	4984	6173	7442	8212	9457	12635
1:14:40	30.1	226	676	1097	1986	3106	4157	4949	6180	7372	8217	9483	12675
1:14:45	30.0	226	688	1085	2006	3109	4178	4998	6158	7414	8178	9447	12775
1:14:50	30.1	225	673	1106	2002	3129	4176	4943	6204	7449	8165	9444	12690
1:14:55	30.1	223	690	1087	1994	3116	4139	4928	6160	7434	8289	9540	12489
1:15:00	30.1	221	669	1099	1977	3124	4122	5009	6124	7486	8151	9385	12586
1:15:05	30.1	219	688	1089	1989	3103	4144	4957	6118	7461	8182	9386	12540
1:15:10	30.1	219	677	1107	1981	3101	4136	5026	6162	7440	8235	9471	12600
1:15:15	30.1	224	688	1094	1979	3110	4134	4960	6112	7410	8194	9433	12630
1:15:20	30.1	230	679	1085	1971	3104	4103	4969	6236	7364	8110	9430	12703
1:15:25	30.1	229	694	1084	1987	3094	4178	4942	6135	7390	8128	9504	12657
1:15:30	30.1	221	698	1094	1956	3089	4148	4995	6135	7423	8219	9444	12664
1:15:35	30.1	225	685	1091	1978	3108	4108	5005	6107	7362	8181	9359	12600
1:15:40	30.0	220	698	1091	1958	3073	4110	4978	6161	7407	8212	9483	12396
1:15:45	30.1	225	695	1093	1984	3095	4128	4976	6114	7457	8141	9379	12670
1:15:50	30.1	230	691	1093	2002	3068	4168	4966	6116	7426	8086	9397	12629
1:15:55	30.1	224	680	1095	1983	3093	4149	4965	6134	7420	8153	9517	12578
1:16:00	30.1	223	672	1089	1989	3078	4102	4964	6159	7361	8188	9409	12569
1:16:05	30.1	220	678	1079	1987	3075	4154	4956	6182	7334	8125	9358	12649
1:16:10	30.1	230	685	1092	1998	3111	4119	4993	6161	7322	8132	9423	12595
1:16:15	30.1	219	689	1073	1970	3080	4104	4954	6163	7373	8147	9418	12549
1:16:20	30.1	230	682	1081	1973	3090	4123	4954	6154	7339	8088	9338	12556
1:16:25	30.0	228	683	1098	1987	3093	4119	4966	6081	7348	8100	9442	12563
1:16:30	30.0	221	689	1067	1984	3065	4094	4970	6122	7322	8159	9363	12418
1:16:35	30.1	218	686	1071	1948	3055	4133	4970	6121	7383	8096	9390	12515
1:16:40	30.1	217	676	1083	1986	3092	4078	4925	6148	7320	8132	9348	12632
1:16:45	30.1	228	679	1086	1981	3080	4105	4940	6101	7261	8110	9416	12568
1:16:50	30.1	224	684	1083	1987	3081	4119	4959	6047	7249	8086	9452	12568
1:16:55	30.1	221	684	1082	1939	3051	4082	4903	6146	7271	8188	9357	12589
1:17:00	30.1	219	682	1101	1975	3070	4117	4968	6121	7244	8172	9368	12534
1:17:05	30.1	220	681	1083	1957	3045	4082	4905	6115	7258	8128	9370	12512
1:17:10	30.0	222	677	1096	1971	3041	4071	4988	6074	7360	8140	9327	12567
1:17:15	30.1	222	681	1097	1965	3066	4124	4927	6101	7401	8066	9441	12535
1:17:20	30.0	226	686	1093	1976	3083	4108	4969	6112	7333	8066	9348	12508
1:17:25	30.1	217	681	1055	1988	3083	4076	4936	6102	7320	8062	9418	12611
1:17:30	30.1	224	672	1080	1959	3074	4102	4902	6053	7378	8080	9386	12443
1:17:35	30.1	226	676	1081	1973	3108	4105	4954	6158	7295	8050	9356	12586
1:17:40	30.1	223	673	1072	1968	3051	4111	4939	6074	7195	8176	9382	12508
1:17:45	30.1	229	681	1090	1957	3069	4090	4954	6085	7303	8033	9330	12549
1:17:50	30.1	215	682	1087	1959	3045	4084	4945	6077	7300	8018	9246	12444
1:17:55	30.0	209	684	1088	1966	3040	4056	4912	6122	7240	8050	9328	12501
1:18:00	30.1	226	690	1072	1983	3126	4059	4907	6102	7248	8089	9363	12571
1:18:05	30.0	224	677	1090	1980	3061	4056	4900	6122	7346	8127	9244	12431
1:18:10	30.1	222	688	1082	1932	3067	4046	4905	6049	7293	8051	9349	12431
1:18:15	30.1	221	679	1074	1945	3065	4086	4918	6090	7298	8153	9359	12540
1:18:20	30.1	234	679	1085	1951	3070	4101	4884	6090	7316	8010	9334	12452
1:18:25	30.1	234	664	1089	1942	3045	4076	4879	6092	7373	7991	9275	12420
1:18:30	30.1	225	690	1077	1964	3055	4051	4902	6103	7242	8076	9217	12539
1:18:35	30.1	233	681	1082	1971	3048	4059	4908	6039	7295	8063	9290	12490
1:18:40	30.1	222	694	1090	1964	3054	4053	4889	6053	7319	8008	9266	12559
1:18:45	30.0	222	677	1068	1967	3065	4058	4921	6039	7308	8050	9317	12446
1:18:50	30.1	225	668	1075	1952	3077	4048	4940	6066	7317	8027	9347	12366
1:18:55	30.0	223	693	1073	1933	3045	4044	4878	6081	7316	8088	9296	12511
1:19:00	30.1	221	676	1075	1975	3058	4108	4889	6006	7293	8044	9401	12526
1:19:05	30.1	219	676	1078	1979	3059	4027	4927	6055	7300	7998	9307	12441
1:19:10	30.1	221	662	1082	1945	3091	4054	4910	5992	7234	8089	9304	12447
1:19:15	30.1	215	682	1068	1956	3078	4087	4860	6054	7220	7941	9251	12393
1:19:20	30.1	228	685	1062	1975	3051	4041	4897	6058	7311	7990	9339	12352
1:19:25	30.1	229	677	1077	1969	3074	4074	4905	6099	7306	7995	9271	12577
1:19:30	30.1	232	685	1073	1962	3044	4083	4870	6023	7341	7951	9366	12483
1:19:35	30.1	230	671	1062	1959	3057	4080	4926	6066	7291	8076	9274	12412
1:19:40	30.1	230	672	1057	1938	3073	4052	4892	5997	7294	8091	9295	12496
1:19:45	30.0	219	676	1073	1931	3061	4068	4905	5985	7247	8052	9331	12456
1:19:50	30.1	218	672	1064	1964	3049	4054	4850	6016	7274	8050	9172	12400
1:19:55	30.1	225	677	1076	1979	3021	4085	4835	6064	7214	7993	9347	12327
1:20:00	30.1	223	682	1079	1951	3042	4059	4891	5989	7270	7941	9268	12442

Results
	1	2	3	4	5	6	7	8	9	10	11	12
A	252000.000	-456000.000	-600000.000	-1044000.000	1260000.000	1992000.000	-2256000.000	-2544000.000	-3564000.000	-2784000.000	3096000.000	-4632000.000	Max V [295,335]
	1.000	1.000	1.000	1.000	1.000	1.000	1.000	1.000	1.000	1.000	1.000	1.000	R-Squared [295,335]
	0:04:08	1:13:43	0:34:08	0:04:33	0:05:13	0:00:13	0:11:38	0:04:03	0:05:43	0:12:48	0:14:53	0:16:38	t at Max V [295,335]
	0:04:33	1:11:53	0:32:33	0:04:16	0:05:27	0:00:08	0:11:18	0:03:57	0:05:33	0:12:23	0:15:17	0:16:12	Lagtime [295,335]
B													Max V [295,335]
													R-Squared [295,335]
													t at Max V [295,335]
													Lagtime [295,335]
C													Max V [295,335]
													R-Squared [295,335]
													t at Max V [295,335]
													Lagtime [295,335]
D													Max V [295,335]
													R-Squared [295,335]
													t at Max V [295,335]
													Lagtime [295,335]
E													Max V [295,335]
													R-Squared [295,335]
													t at Max V [295,335]
													Lagtime [295,335]
F													Max V [295,335]
													R-Squared [295,335]
													t at Max V [295,335]
													Lagtime [295,335]
G													Max V [295,335]
													R-Squared [295,335]
													t at Max V [295,335]
													Lagtime [295,335]
H													Max V [295,335]
													R-Squared [295,335]
													t at Max V [295,335]
													Lagtime [295,335]

