

Software Version	3.03.14

Procedure Details

Plate Type	96 WELL PLATE
Set Temperature	Setpoint 30°C
	Preheat before moving to next step
Start Kinetic	Runtime 1:10:00 (HH:MM:SS), Interval 0:00:05, 841 Reads
    Read	Fluorescence Endpoint
	C1..C12
	Filter Set 1
	    Excitation: 295,  Emission: 335
	    Optics: Top,  Gain: 80
	Light Source: Xenon Flash,  Lamp Energy: High
	Read Speed: Normal,  Delay: 0 msec,  Measurements/Data Point: 5
	Read Height: 8 mm
End Kinetic	

Layout
	1	2	3	4	5	6	7	8	9	10	11	12
A													Well ID
B													Well ID
C	SPL1	SPL2	SPL3	SPL4	SPL5	SPL6	SPL7	SPL8	SPL9	SPL10	SPL11	SPL12	Well ID
D													Well ID
E													Well ID
F													Well ID
G													Well ID
H													Well ID

295,335

Time	T° 295,335	C1	C2	C3	C4	C5	C6	C7	C8	C9	C10	C11	C12
0:00:00	30.0	18269	21390	24765	28498	30109	33167	20321	23738	26496	29664	31170	34277
0:00:05	30.0	18398	21934	24885	28184	29771	32723	20160	23884	26317	29757	31070	34183
0:00:10	30.0	18504	22037	24967	28654	29905	33298	20334	23618	26051	30000	30942	33769
0:00:15	30.0	18155	21616	24538	28377	30108	32884	20132	23325	26138	29606	30329	33781
0:00:20	30.0	17771	21579	24412	27979	29953	33224	20295	23480	25961	29669	30599	33766
0:00:25	30.0	17967	20968	24104	28127	30124	32693	20044	23515	25718	29497	30666	33717
0:00:30	30.0	17620	21056	24170	27842	30096	32474	19917	22971	25571	29561	30572	33704
0:00:35	30.0	17384	20721	24022	27376	29625	32400	19829	22941	25459	29007	30191	33832
0:00:40	30.0	17123	20607	23958	27149	29511	32362	19847	22465	25432	29216	30287	33574
0:00:45	30.0	16995	20410	23542	27371	29080	32324	19702	22245	25456	28855	30484	33631
0:00:50	30.0	16795	20497	23146	27119	28961	32306	19635	22351	25470	28964	30085	33117
0:00:55	30.0	16570	20055	23247	26629	28816	31565	19599	22327	25075	28563	29955	33630
0:01:00	30.0	16502	20065	23106	26943	28654	32037	19578	21947	25186	28958	29666	33079
0:01:05	30.0	16259	19605	22796	26602	28394	31566	19451	22066	24770	28421	29605	33071
0:01:10	30.0	16503	19413	22825	26485	28731	31525	19232	22102	24932	28427	29258	33056
0:01:15	30.0	16201	19328	22629	26148	28139	31421	19118	21736	24846	28564	29174	32611
0:01:20	30.0	16144	19363	22491	26368	27972	31288	19000	21856	24539	28300	29007	32759
0:01:25	30.0	15960	19133	22164	26221	27960	31220	18960	21691	24261	28259	29119	32685
0:01:30	30.0	15856	18985	22333	25825	28119	31187	19075	21752	24204	27733	28901	32439
0:01:35	30.1	15744	18744	21911	25979	27908	31230	18835	21566	23846	27650	28907	32453
0:01:40	30.0	15712	18865	22117	25994	27843	30885	18788	21645	24124	27890	28594	32866
0:01:45	30.0	15616	18697	21920	25872	27745	31003	18729	21360	23972	27744	28408	32322
0:01:50	30.0	15424	18625	21805	25784	27579	30871	18649	21685	23800	27782	28508	32110
0:01:55	30.0	15390	18886	21645	25379	27342	30442	18440	21053	23853	27858	28284	32268
0:02:00	30.0	15302	18493	21750	25462	27344	30351	18462	21012	23595	27519	28270	31658
0:02:05	30.0	15218	18461	21676	25482	26881	30511	18357	20927	23506	27442	28246	31822
0:02:10	30.0	15211	18368	21374	25240	27194	30117	18184	20977	23540	27078	28194	32031
0:02:15	30.0	15147	18190	21179	25151	26906	30287	18276	20871	23312	27072	28665	31766
0:02:20	30.0	15032	18011	21268	24946	26858	29315	18237	20913	23216	27340	28050	31776
0:02:25	30.0	14930	17956	21046	24937	26822	30173	18078	20734	22936	27099	28070	31441
0:02:30	30.0	14915	17964	21123	24762	26734	29711	17867	20754	23184	27156	27700	31281
0:02:35	30.0	14835	17839	21290	25051	26458	29918	17943	20703	23206	26837	27694	31333
0:02:40	30.0	14846	17756	20819	24584	26479	29418	17727	20572	22739	26617	27824	31295
0:02:45	30.0	14577	17697	20762	24545	26233	29331	17645	20605	22718	26482	27967	31201
0:02:50	30.0	14408	17460	20801	24422	26312	29384	17612	20402	22589	26538	27541	31570
0:02:55	30.0	14472	17476	20775	24717	25967	29423	17560	20354	22591	26559	27395	31040
0:03:00	30.0	14457	17122	20495	24359	25856	29105	17379	20402	22555	26403	27585	31065
0:03:05	30.0	14388	17367	20541	24122	26059	29036	17461	20025	22236	26337	27593	31242
0:03:10	30.0	14414	17387	20309	23789	26070	28981	17281	20205	22346	26408	27323	31169
0:03:15	30.0	14322	17186	20252	23966	25603	28867	17413	19957	22055	26471	27289	30834
0:03:20	30.0	14253	16986	20269	24067	25605	28687	17414	20243	22410	26352	27279	30656
0:03:25	30.0	14398	16821	20431	24065	25538	28815	16994	20012	22001	26073	27300	30551
0:03:30	30.0	14276	16973	20001	23559	25318	28710	17007	19989	22008	26065	27209	31014
0:03:35	30.0	14180	16920	20107	23785	25547	28474	17062	19814	22155	25888	27054	30705
0:03:40	30.0	14140	16805	20043	23715	25406	28255	16945	19711	22218	25931	27083	30546
0:03:45	30.0	14003	16578	20119	23325	25134	28044	16819	19508	22076	26049	26961	30556
0:03:50	30.0	13960	16612	19814	23668	25137	28022	16693	19889	21877	25880	27170	30197
0:03:55	30.0	13884	16728	19775	23377	25510	28176	16823	19507	21701	25695	26624	30415
0:04:00	30.0	13973	16756	19779	23335	25187	28350	16742	19398	21637	25651	26760	30639
0:04:05	30.0	13918	16494	19791	23338	24928	27900	16639	19346	21816	25563	26559	29970
0:04:10	30.0	13851	16691	19618	23397	24970	27964	16749	19449	21569	25560	26555	30030
0:04:15	30.0	13854	16538	19567	22958	24769	27970	16649	19316	21436	25552	26637	30189
0:04:20	30.0	13895	16512	19572	23176	24662	27740	16733	19376	21656	25433	26376	30171
0:04:25	30.0	13766	16512	19708	23012	24856	27749	16360	19413	21699	25305	26501	30305
0:04:30	30.0	13874	16368	19564	22977	24650	27594	16734	19086	21522	25363	26224	30057
0:04:35	30.0	13586	16357	19509	22792	24391	27631	16536	19315	21356	25195	26246	30166
0:04:40	30.0	13654	16212	19341	22915	24612	27673	16247	19144	21309	25317	26307	30007
0:04:45	30.0	13501	16424	19171	22800	24476	27499	16281	19174	21336	25137	26411	30059
0:04:50	30.0	13738	16416	19378	22591	24680	27216	16219	19017	20986	24961	26046	29682
0:04:55	30.0	13513	16225	19082	22670	24373	27172	16389	18969	21276	24922	26098	29530
0:05:00	30.0	13487	15978	19061	22464	24142	27203	16287	19012	21189	25133	26010	29289
0:05:05	30.0	13628	16085	19173	22564	24574	27183	16083	19082	21151	24842	26081	29158
0:05:10	30.0	13629	16190	19130	22621	24247	26976	16340	18885	20990	24606	26025	29719
0:05:15	30.0	13396	16073	19125	22524	24254	27273	16269	18953	20708	24593	25887	29417
0:05:20	30.0	13487	15951	19020	22202	24326	27164	16043	19167	20979	24662	25679	29301
0:05:25	30.0	13406	16187	18664	22377	24135	27054	15974	18712	20768	24663	25993	29411
0:05:30	30.0	13502	16184	19131	22132	24032	26861	16087	18899	20965	24220	25752	29285
0:05:35	30.0	13331	16117	19089	22561	24094	26963	16027	18663	20679	24236	25742	29310
0:05:40	30.0	13228	15906	19015	22797	24205	26820	16043	18520	20797	24514	25630	29201
0:05:45	30.0	13287	15919	18861	22221	23771	26831	15995	18807	20825	24665	25884	29462
0:05:50	30.0	13395	15841	18665	22589	24078	26674	15857	18569	20574	24566	25858	29162
0:05:55	30.0	13280	15953	18874	22074	23799	26592	15895	18712	20609	24685	25435	29302
0:06:00	30.0	13307	15797	18728	21967	23977	26713	15745	18560	20645	24418	25500	29408
0:06:05	30.0	13118	15813	18770	22404	23791	26480	15994	18418	20600	24293	25488	29174
0:06:10	30.0	13327	15673	18592	21898	23652	26827	15696	18540	20629	24169	25682	29057
0:06:15	30.0	13125	15847	18543	21931	23826	26384	15700	18353	20341	24434	25284	28763
0:06:20	30.0	13212	15744	18437	21955	23782	26285	15709	18377	20434	24171	25147	28971
0:06:25	30.0	13184	15584	18454	21920	23823	26390	15800	18369	20572	24021	25375	28716
0:06:30	30.0	13089	15678	18591	22069	23323	26361	15668	18422	20474	24205	25410	28962
0:06:35	30.0	13270	15720	18391	21871	23453	26434	15507	18345	20510	24112	25048	28890
0:06:40	30.0	13103	15700	18527	21869	23537	26264	15710	18139	20501	24012	25110	28689
0:06:45	30.0	13080	15540	18406	21983	23658	26350	15774	18154	20108	24108	25254	28517
0:06:50	30.0	13284	15898	18207	21797	23086	26315	15545	18231	20289	24146	25392	28289
0:06:55	30.0	12849	15588	18541	21933	23445	26293	15508	18004	20153	23980	24938	28732
0:07:00	30.0	12997	15539	18662	21788	23082	26356	15451	18179	20215	23767	24884	28565
0:07:05	30.0	13159	15462	18351	21819	23493	26125	15513	18168	20029	23713	25005	28459
0:07:10	30.0	12966	15703	18428	21903	23057	26262	15364	18278	20351	23925	25057	28657
0:07:15	30.0	13091	15624	18303	21808	23200	26224	15289	17909	20281	23805	24925	28627
0:07:20	30.0	13028	15408	18354	21645	23223	25831	15169	17818	19910	23653	24831	28446
0:07:25	30.0	12996	15494	18572	21787	23082	26000	15241	18006	19712	23776	24841	28507
0:07:30	30.0	13013	15683	18107	21602	23188	25958	15222	17975	20219	23690	24647	28571
0:07:35	30.0	12905	15265	18441	21477	22983	26113	15124	17937	19822	23628	24825	28372
0:07:40	30.0	12841	15384	18157	21460	23083	26225	15348	17968	19876	23623	24584	28152
0:07:45	30.0	12997	15570	18335	21560	23207	25937	15134	17969	20180	23628	24839	28027
0:07:50	30.0	12933	15516	18150	21614	23310	25859	15285	17923	20016	23364	24488	28116
0:07:55	30.0	12852	15405	18246	21438	22866	25737	15091	17975	20003	23548	24684	28170
0:08:00	30.0	12785	15356	17973	21732	22971	25648	15233	17814	19857	23697	24561	28029
0:08:05	30.0	12830	15250	18114	21693	23090	25895	15041	17710	19821	23568	24547	28093
0:08:10	30.0	12924	15587	18070	21746	22989	25705	14942	17824	19742	23589	24614	27813
0:08:15	30.0	12926	15257	18296	21754	22959	25590	15043	17762	19804	23608	24391	27930
0:08:20	30.0	12949	15393	18130	21418	22912	25716	15012	17583	19817	23327	24642	28210
0:08:25	30.0	12915	15207	18010	21706	22864	25679	15070	17519	19500	23539	24490	27762
0:08:30	30.0	12993	15318	18233	21468	23116	25710	14921	17830	19975	23340	24438	27527
0:08:35	30.0	12843	15155	17897	21225	23111	25783	15073	17637	19501	23381	24261	27969
0:08:40	30.0	13006	15299	17969	21598	23062	25787	14881	17561	19549	23357	24424	27860
0:08:45	30.0	12908	15374	18020	21447	22779	25564	14971	17325	19705	23118	24716	27330
0:08:50	30.0	12934	15139	17981	21621	22848	25534	14937	17596	19851	23412	24340	27826
0:08:55	30.0	12773	15109	17684	21347	22924	25689	15007	17547	19695	23300	24319	27310
0:09:00	30.0	12856	15147	18025	21457	22910	25467	14859	17469	19590	23247	24179	27686
0:09:05	30.0	12846	15247	18044	21117	22912	25457	14964	17516	19501	23194	24175	28123
0:09:10	30.0	12779	15172	17971	21301	22595	25629	14844	17569	19463	23289	24066	27585
0:09:15	30.0	12802	15178	18081	21313	22701	25687	14983	17470	19514	23336	24274	27845
0:09:20	30.0	12842	15186	17761	21216	22835	25439	14862	17670	19518	23074	24445	27804
0:09:25	30.0	12726	15036	17919	21198	22994	25491	14926	17637	19308	23237	24066	27831
0:09:30	30.0	12704	15235	17842	21353	23016	25329	14659	17470	19485	23128	24108	27901
0:09:35	30.0	12817	15220	17871	21157	22832	24991	14704	17576	19536	22943	24162	27835
0:09:40	30.0	12641	15259	17885	21450	22507	25431	14891	17379	19254	23237	24004	27512
0:09:45	30.0	12887	15071	17903	21260	22655	25676	14534	17753	19661	23016	24145	27464
0:09:50	30.0	12655	15155	17860	21280	22701	25492	14787	17123	19216	23050	23851	27346
0:09:55	30.0	12689	15233	18030	21622	22666	25132	14620	17385	19309	23134	24111	27044
0:10:00	30.0	12669	15185	17726	21206	22552	25132	14870	17353	19218	22938	23917	26873
0:10:05	30.0	12808	15070	17843	21325	22689	25302	14821	17383	19304	23245	23810	27333
0:10:10	30.0	12814	15287	17928	21082	22685	25399	14786	17328	19241	22878	23570	27170
0:10:15	30.0	12801	15311	18033	21305	22730	25130	14662	17210	19267	22826	23828	27325
0:10:20	30.0	12744	15228	18083	20878	22573	25127	14748	17223	19194	23168	23746	27183
0:10:25	30.0	12695	15292	18159	21186	22870	25016	14667	17275	19125	22815	23809	27424
0:10:30	30.0	12828	15181	17983	21126	22132	25186	14778	17317	19238	22681	23923	27165
0:10:35	30.0	12894	15073	17929	21369	22587	25282	14689	17243	19118	22880	23841	27282
0:10:40	30.0	12645	15178	17960	21251	22682	25356	14861	17269	19225	22536	23987	27115
0:10:45	30.0	12865	15023	17839	21391	22586	25194	14759	17184	19193	22926	23652	27184
0:10:50	30.0	12752	15232	17843	21156	22472	25104	14675	17023	19185	22789	23862	26640
0:10:55	30.0	12858	15087	17928	21173	22634	25058	14521	16944	19106	23028	23638	26821
0:11:00	30.0	12622	14937	17949	20993	22442	25547	14525	17371	19161	22866	23427	26912
0:11:05	30.0	12758	15282	17743	21234	22502	25470	14616	16883	19250	22728	23701	27155
0:11:10	30.0	12840	14925	17837	21211	22683	24966	14775	17245	19012	22829	24063	26994
0:11:15	30.0	12578	14837	17897	21298	22627	25285	14565	16905	19126	22513	23514	27036
0:11:20	30.0	12828	15282	17581	21301	22713	25265	14521	17139	19089	22621	23677	27020
0:11:25	30.1	12697	15186	17939	21161	22576	25245	14560	16955	19131	22814	23541	26728
0:11:30	30.1	12724	15071	17469	21225	22517	25230	14618	17139	19117	22441	23708	26918
0:11:35	30.1	12713	15035	17818	20948	22609	25392	14591	17167	18867	22776	23583	27177
0:11:40	30.1	12867	14955	17823	21348	22451	25012	14540	17060	19005	22479	23588	27021
0:11:45	30.0	12762	15205	17821	21134	22693	24882	14500	17215	18856	22893	23762	26739
0:11:50	30.1	12759	15021	17769	21112	22411	25339	14587	17074	18941	22572	23540	26719
0:11:55	30.1	12786	15193	17811	21156	22638	25113	14404	17320	18841	22699	23743	26917
0:12:00	30.0	12911	15045	17630	21196	22441	25009	14658	17226	18983	22776	23757	27034
0:12:05	30.1	12776	15028	17665	21052	22519	25373	14538	17028	19056	22623	23794	26907
0:12:10	30.1	12674	14929	17952	21164	22692	25179	14681	17068	18751	22491	23454	27086
0:12:15	30.1	12745	15039	17770	20991	22478	25511	14611	16965	18942	22645	23429	26843
0:12:20	30.1	12835	14889	18025	21162	22596	25243	14412	16977	18994	22648	23376	27043
0:12:25	30.1	12979	15040	17649	21063	22403	25085	14573	17085	18852	22724	23486	27086
0:12:30	30.0	12734	15123	17890	21065	22367	25055	14638	16837	18947	22759	23466	26691
0:12:35	30.1	12656	15085	17912	21354	22572	25186	14598	17078	19007	22436	23435	26437
0:12:40	30.0	12768	14994	17876	20985	22506	25355	14658	16999	19048	22581	23411	26669
0:12:45	30.1	12589	15201	17752	21183	22593	24763	14520	17016	19270	22577	23470	26423
0:12:50	30.1	12795	15041	17768	21073	22634	25048	14596	16961	18820	22632	23456	26387
0:12:55	30.1	12593	14981	17827	20998	22445	25277	14450	17090	18923	22429	23215	26557
0:13:00	30.1	12793	15165	17609	21153	22513	25476	14426	16862	18961	22623	23387	26741
0:13:05	30.1	12872	14980	17724	21017	21997	25064	14663	16969	18927	22524	23222	26652
0:13:10	30.0	12780	15084	17622	21091	22627	25066	14335	17077	18972	22663	23326	26700
0:13:15	30.1	12603	15136	17716	21048	22319	25229	14466	16942	18718	22276	23365	26387
0:13:20	30.1	12702	15081	17738	21018	22391	25063	14509	17324	18865	22441	23200	26626
0:13:25	30.1	12626	14909	17922	21042	22317	24838	14605	16935	18950	22680	23161	26332
0:13:30	30.1	12763	15076	17774	21108	22468	25014	14578	17082	18868	22122	23387	26765
0:13:35	30.1	12622	14927	17565	21147	22542	24998	14515	17262	18718	22342	23557	26572
0:13:40	30.1	12663	14987	17632	21070	22252	25027	14395	16979	18608	22558	23418	26326
0:13:45	30.1	12791	14942	17715	21231	22450	25351	14350	17147	18891	22503	23402	26687
0:13:50	30.0	12718	15036	17921	21002	22594	24841	14676	16939	18916	22275	23092	26585
0:13:55	30.1	12768	15112	17565	20761	22325	24826	14406	16892	18777	22319	23432	26614
0:14:00	30.1	12719	15204	17703	20954	22573	24875	14462	17045	19135	22290	23005	26455
0:14:05	30.1	12896	14890	17605	21008	22485	25137	14383	16970	18889	22142	23305	26558
0:14:10	30.0	12785	15095	17750	20995	22226	24777	14281	16874	18771	22465	23244	26445
0:14:15	30.1	12808	15032	17751	20841	22343	25054	14403	16869	18716	22270	23508	26263
0:14:20	30.1	12732	15096	17583	21019	22375	24901	14342	17308	18571	22407	23068	26306
0:14:25	30.1	12656	14984	17760	21135	22756	25282	14544	16852	18790	22418	23250	26359
0:14:30	30.1	12702	14940	17686	21026	22495	24956	14283	17106	18682	22035	23305	26073
0:14:35	30.0	12686	14914	17722	21301	22498	24989	14303	16948	18534	22292	23162	26098
0:14:40	30.1	12855	15221	17748	21208	22398	24880	14519	17162	18814	22221	23240	26352
0:14:45	30.1	12684	15130	17782	20842	22322	25435	14349	16876	18480	22392	23175	26827
0:14:50	30.0	12536	14914	17545	21264	22455	25028	14365	16971	18611	22306	23149	26456
0:14:55	30.1	12836	14948	18000	21261	22384	24818	14382	16670	18526	22226	23384	26280
0:15:00	30.1	12827	14905	17649	21081	22306	25112	14430	16888	18549	22197	23119	26605
0:15:05	30.1	12758	14908	17789	20924	22255	25134	14328	16807	18914	22158	23120	26326
0:15:10	30.1	12827	15005	17664	21055	22532	24836	14248	16958	18709	22234	23263	26391
0:15:15	30.0	12779	15026	17634	20889	22386	24924	14587	16892	18802	22143	23110	26034
0:15:20	30.1	12814	15113	17979	20856	22262	25082	14294	16824	18817	22307	23428	26226
0:15:25	30.1	12776	15106	17687	20954	22286	25023	14527	16654	18626	22141	23044	26367
0:15:30	30.1	12761	14896	17797	21042	22285	24967	14362	16855	18734	22270	23071	26004
0:15:35	30.0	12931	14921	17740	20955	22347	25236	14613	16770	18656	22038	23088	26522
0:15:40	30.1	12892	15207	17769	20965	22242	25124	14248	16763	18560	22329	23042	26095
0:15:45	30.1	12715	15283	17939	20927	22305	25176	14166	16962	18706	22151	23264	26376
0:15:50	30.1	12807	15125	17644	20912	22354	25136	14317	16619	18884	22005	23087	26120
0:15:55	30.0	12782	15112	17673	20937	22238	25008	14280	16924	18745	22165	23172	26643
0:16:00	30.1	12898	15180	17679	21084	22297	25105	14235	17022	18737	22184	23089	26343
0:16:05	30.1	12742	15140	17590	20931	22454	24827	14141	16837	18622	22375	23166	26393
0:16:10	30.1	12700	15038	17678	20966	22691	24768	14249	16865	18471	21860	23310	26186
0:16:15	30.1	12833	15018	17545	20915	22106	25015	14241	16931	18543	21973	23227	26293
0:16:20	30.0	12763	15241	17512	21015	22502	25087	14356	16954	18639	21920	23369	26034
0:16:25	30.1	12746	15286	17709	20967	22227	25126	14208	17051	18722	21928	23137	26022
0:16:30	30.1	12732	14966	17740	20829	22249	25040	14322	16842	18634	22264	23265	25840
0:16:35	30.1	12690	15292	17513	20823	22150	24972	14343	16875	18563	22073	23123	25854
0:16:40	30.0	12854	15106	17812	20780	22272	24585	14460	16911	18675	22216	23003	26184
0:16:45	30.1	12745	15113	17587	20863	22233	25001	14152	16970	18629	21895	22877	26356
0:16:50	30.1	12763	15121	17677	20798	22406	24885	14234	16818	18706	22078	22944	26297
0:16:55	30.1	12804	15137	17822	20856	22360	25162	14147	16742	18676	22199	23317	26208
0:17:00	30.1	12732	15068	17568	20834	22353	24986	14324	16846	18745	22005	23328	26089
0:17:05	30.0	12828	15160	17916	20982	22455	25149	14323	16668	18759	21970	23052	26194
0:17:10	30.1	12910	15201	17561	20799	22367	24888	14368	16638	18822	21861	23122	26186
0:17:15	30.1	12730	15052	17859	20831	22348	24812	14322	16642	18780	21889	23035	26077
0:17:20	30.1	12876	15007	17720	20897	22346	24947	14284	16753	18509	21848	23050	25921
0:17:25	30.0	12803	15163	17843	21063	22269	24758	14415	17019	18582	22018	23016	25898
0:17:30	30.1	12814	15192	17778	20540	22463	24793	14170	16784	18741	21914	23028	26033
0:17:35	30.1	12951	15022	17784	20717	22271	24801	14312	16747	18651	22172	23011	25773
0:17:40	30.1	12628	15038	17696	20828	22082	24748	14308	16633	18781	22004	23056	26230
0:17:45	30.1	12722	15260	17675	21024	22523	24888	14207	16626	18635	21886	22946	26395
0:17:50	30.0	12803	15079	17717	20725	22108	24689	14243	16980	18728	21829	22940	26360
0:17:55	30.1	12754	15329	17727	20718	22279	24784	14197	16760	18634	22029	22726	25915
0:18:00	30.1	12807	15132	17548	20950	22258	24725	14153	16611	18520	21842	22887	26209
0:18:05	30.1	12827	15286	17695	20743	22397	24870	14023	16800	18703	21986	23219	25910
0:18:10	30.0	12675	15108	17581	20637	22429	25032	14264	16775	18714	21931	23016	26100
0:18:15	30.1	12765	15332	17613	20655	22212	24677	14174	16596	18647	21917	22862	26105
0:18:20	30.1	12769	15145	17577	20712	22087	24870	14177	16611	18769	21784	23138	25895
0:18:25	30.1	12820	15276	17617	20573	22158	24862	14174	16752	18790	21924	23014	26260
0:18:30	30.1	12823	15238	17541	20706	22178	24929	14176	16768	18639	21820	22994	26222
0:18:35	30.1	12793	15302	17470	20716	22077	24641	14064	16838	18799	21845	22970	26203
0:18:40	30.1	12719	15005	17676	20703	22110	24857	14030	16634	18821	21792	22827	26127
0:18:45	30.1	12683	15254	17617	20842	22408	24695	14184	16739	18633	21768	22855	26398
0:18:50	30.1	12690	15150	17662	20715	22479	24874	14082	16685	18814	21746	22898	25973
0:18:55	30.0	12719	15215	17745	20952	22544	24790	14131	16502	18570	21607	23015	26227
0:19:00	30.1	12770	15254	17653	20886	22359	24718	14338	16636	18597	21662	23019	25812
0:19:05	30.1	12872	15286	17780	20790	22291	24624	14191	16538	18625	21861	22815	26113
0:19:10	30.1	12726	15185	17649	20794	22135	24620	14131	16659	18609	21817	22841	26078
0:19:15	30.1	12770	15223	17757	20626	22305	24880	14189	16632	18514	22081	23019	26064
0:19:20	30.1	12738	15078	17740	21031	22033	24993	14170	16655	18680	21689	22922	26023
0:19:25	30.1	12652	15050	17560	20803	22342	24639	14215	16660	18486	21857	22914	26116
0:19:30	30.1	12788	15221	17700	20658	22162	24926	14240	16629	18666	21795	22673	26002
0:19:35	30.1	12887	15252	17741	20599	22138	24990	14159	16558	18726	21789	22977	25856
0:19:40	30.1	12931	15233	17796	20567	22221	24693	14216	16679	18675	21819	22967	26210
0:19:45	30.1	12791	15303	17690	20827	22119	24826	14047	16670	18813	21806	22996	25963
0:19:50	30.1	12728	15372	17617	20940	22173	24734	14231	16555	18921	21788	22855	25780
0:19:55	30.1	12602	15268	17597	20765	22198	24881	14008	16728	18423	21691	22933	26183
0:20:00	30.1	12787	15115	17658	20758	22118	24856	14101	16848	18725	21983	22800	25913
0:20:05	30.1	12789	15282	17811	20621	22364	24423	14042	16703	18827	21641	22880	25984
0:20:10	30.1	12567	15173	17592	20640	22165	24748	14170	16525	18878	21730	22767	26044
0:20:15	30.1	12800	15079	17559	20759	22187	24678	14103	16500	18656	21659	22855	26227
0:20:20	30.1	12604	15207	17666	20856	21903	24352	14193	16820	18743	21745	22915	26107
0:20:25	30.1	12659	15134	17508	20567	22140	24897	14017	16602	18841	21695	22699	25947
0:20:30	30.1	12715	15294	17657	20780	22074	24556	14122	16406	18702	21740	22767	25961
0:20:35	30.1	12738	15238	17319	20569	22388	24564	14115	16698	18683	21446	22834	25876
0:20:40	30.1	12678	15181	17654	21037	22173	24686	14116	16685	18707	21810	22625	25952
0:20:45	30.1	12816	15231	17515	20494	22009	24460	14160	16498	18705	21711	22824	25870
0:20:50	30.1	12694	15201	17599	20357	21851	24647	14038	16502	18579	21720	22593	25853
0:20:55	30.1	12869	15206	17725	20725	22047	25022	14171	16599	18596	21777	22544	25943
0:21:00	30.1	12730	15164	17455	20576	22170	24412	14067	16645	18422	21537	22722	25936
0:21:05	30.1	12801	15168	17445	20676	22177	24709	14029	16695	18572	21561	22490	25926
0:21:10	30.1	12581	15131	17433	20521	22380	24744	14024	16424	18581	21708	22451	25736
0:21:15	30.1	12655	15185	17664	20621	22072	24411	14099	16467	18675	21849	22561	25716
0:21:20	30.1	12756	15088	17523	20536	22181	24786	14191	16689	18630	21590	22681	25716
0:21:25	30.1	12672	14981	17372	20643	21938	24632	13970	16359	18585	21710	22691	25722
0:21:30	30.1	12768	15023	17425	20569	21856	24348	13979	16453	18740	21597	22607	25818
0:21:35	30.1	12773	15080	17537	20703	22095	24490	14050	16541	18656	21603	22473	25810
0:21:40	30.1	12664	15180	17548	20593	21924	24675	14059	16518	18638	21701	22443	25772
0:21:45	30.1	12620	14916	17537	20659	22262	24631	13960	16403	18558	21332	22533	26050
0:21:50	30.1	12625	15128	17499	20569	21868	24475	14077	16590	18484	21646	22563	25323
0:21:55	30.1	12655	15172	17525	20825	22001	24407	13943	16300	18567	21679	22680	25957
0:22:00	30.1	12705	15098	17103	20540	22199	24409	13946	16492	18637	21619	22700	25709
0:22:05	30.1	12618	15091	17444	20491	22149	24615	14138	16397	18590	21543	22507	25626
0:22:10	30.1	12715	15063	17373	20730	22159	24338	13884	16381	18402	21468	22484	25711
0:22:15	30.1	12712	15090	17409	20666	22305	24550	14050	16317	18425	21835	22558	25658
0:22:20	30.1	12651	15124	17599	20512	21907	24187	14067	16427	18535	21340	22409	25816
0:22:25	30.1	12697	14948	17317	20633	21870	24568	13961	16416	18556	21529	22621	25654
0:22:30	30.1	12641	14919	17289	20672	21812	24795	14035	16390	18519	21423	22568	25647
0:22:35	30.1	12693	15176	17273	20578	21961	24603	14027	16505	18442	21453	22532	25554
0:22:40	30.1	12573	15108	17601	20394	22021	24548	13985	16325	18469	21533	22551	25934
0:22:45	30.1	12668	15146	17365	20543	22201	24702	13896	16259	18754	21524	22407	25418
0:22:50	30.1	12531	14862	17304	20469	22011	24222	13945	16581	18478	21379	22630	25804
0:22:55	30.1	12566	15143	17319	20438	21964	24308	13923	16504	18426	21242	22569	25330
0:23:00	30.1	12598	14961	17498	20624	21903	24152	13989	16440	18446	21352	22683	25554
0:23:05	30.1	12476	15003	17508	20457	22344	24364	13982	16306	18508	21536	22423	25565
0:23:10	30.1	12572	14961	17614	20577	22107	24462	13908	16436	18481	21457	22122	25565
0:23:15	30.1	12721	15205	17380	20389	22035	24624	13895	16481	18464	21383	22486	25501
0:23:20	30.1	12632	15024	17433	20672	22367	24508	13931	16561	18735	21556	22242	25516
0:23:25	30.1	12646	15063	17537	20585	21999	24516	14103	16257	18484	21222	22695	25682
0:23:30	30.1	12579	15192	17251	20589	21832	24679	13911	16473	18583	21493	22389	25890
0:23:35	30.1	12485	14836	17051	20688	21890	24255	13781	16429	18461	21330	22405	25557
0:23:40	30.1	12791	14939	17425	20304	21680	24654	13998	16440	18491	21313	22551	25376
0:23:45	30.1	12615	15124	17424	20573	21886	24447	13990	16331	18508	21363	22553	25593
0:23:50	30.1	12563	14957	17294	20637	21937	24352	14050	16243	18580	21182	22254	25503
0:23:55	30.1	12543	14963	17375	20518	22034	24432	13863	16320	18395	21407	22476	25689
0:24:00	30.1	12574	15110	17352	20532	22030	24336	13998	16392	18528	21269	22324	25595
0:24:05	30.1	12491	15159	17398	20426	21862	24342	13819	16371	18499	21443	22425	25566
0:24:10	30.1	12549	15027	17273	20457	21883	24396	13968	16249	18233	21286	22214	25451
0:24:15	30.1	12568	14980	17415	20148	22048	24578	13893	16433	18611	21244	22444	25654
0:24:20	30.1	12617	14954	17293	20425	21820	24219	13862	16329	18381	21586	22397	25466
0:24:25	30.1	12373	14881	17299	20346	22017	24586	13968	16310	18350	21255	22382	25453
0:24:30	30.1	12617	15044	17256	20302	21811	24571	13948	16410	18157	21296	22291	25128
0:24:35	30.1	12681	14908	17172	20395	22134	24716	13856	16590	18565	21205	22403	25292
0:24:40	30.1	12575	15079	17201	20365	21983	24519	13845	16121	18184	21150	22271	25535
0:24:45	30.1	12477	14965	17138	20586	21710	24336	13792	16409	18214	21422	22299	25610
0:24:50	30.1	12491	14950	17397	20537	22062	24377	13890	16282	18315	21425	22256	25329
0:24:55	30.1	12738	15036	17306	20245	21949	24504	13715	16371	18297	21424	22295	25457
0:25:00	30.1	12615	14879	17176	20500	21945	24411	13901	16451	18426	21318	22221	25352
0:25:05	30.1	12399	15335	17190	20368	21845	24275	13896	16209	18288	21362	22158	25232
0:25:10	30.1	12599	14978	17330	20427	21958	24388	13896	16410	18467	21333	22521	25307
0:25:15	30.1	12538	15033	17265	20384	21964	24527	13880	16357	18384	21096	22528	25138
0:25:20	30.1	12653	14978	17272	20385	21761	24369	13831	16067	18216	21314	22170	25521
0:25:25	30.1	12540	14953	17296	20365	21697	24368	13940	16345	18233	21336	22246	25177
0:25:30	30.1	12620	15023	17327	20382	21480	24184	13781	16236	18382	21395	22499	25411
0:25:35	30.1	12351	15034	17263	20351	21768	24331	13724	16288	18371	21387	22174	25258
0:25:40	30.1	12457	15002	17245	20292	21923	24312	13750	16297	18181	21106	22249	25400
0:25:45	30.1	12533	14920	17170	20380	21837	24213	13771	16318	18413	21191	22101	25206
0:25:50	30.1	12530	14900	17280	20363	21907	24431	13921	16179	18319	21206	22186	25348
0:25:55	30.1	12628	14887	17359	20362	21651	24144	13886	16259	18420	21189	22335	25170
0:26:00	30.1	12621	14806	17271	20193	21839	24211	13864	16264	18458	21385	22390	25353
0:26:05	30.1	12413	15175	17373	20181	21807	24392	13858	16249	18325	21212	22257	25461
0:26:10	30.1	12540	14844	17098	20311	21957	24465	13770	16383	18394	21327	22012	25448
0:26:15	30.1	12656	15029	17213	20564	21660	23949	13903	16288	18350	21284	22217	25383
0:26:20	30.1	12736	15140	17131	20492	21804	24544	13911	16216	18373	20982	22384	25292
0:26:25	30.1	12597	14795	17525	20464	21851	24296	13914	16229	18123	21076	22341	25485
0:26:30	30.1	12622	14951	17263	20470	21931	24283	13919	16046	18262	20964	22198	25295
0:26:35	30.1	12369	14920	17146	20442	21821	24369	13905	16296	18306	21113	22149	25216
0:26:40	30.1	12474	14965	17192	20289	21987	24264	13864	16228	18251	21347	22252	25038
0:26:45	30.1	12503	15011	17440	20342	22015	24152	13662	16110	18208	20929	22055	25158
0:26:50	30.1	12484	15087	17440	20373	21971	24542	13764	16222	18238	21242	22391	25391
0:26:55	30.1	12496	14897	17274	20354	21987	24357	13697	16146	18185	21347	22236	25277
0:27:00	30.1	12457	14964	17186	20701	21856	24371	13856	16372	18279	21134	22192	25115
0:27:05	30.1	12539	15071	17258	20166	21732	24078	13901	16180	18366	21390	22165	25321
0:27:10	30.1	12422	14981	17270	20432	21647	24290	13924	16313	18204	21199	22190	24971
0:27:15	30.1	12662	14810	17171	20157	21659	24275	13861	16205	18175	21093	21985	25149
0:27:20	30.1	12534	14961	17217	20274	21794	24237	13756	16320	18112	21165	22258	24982
0:27:25	30.1	12387	14768	17492	20592	21787	24280	13714	16262	18348	21198	22148	25165
0:27:30	30.1	12380	14828	17422	20372	22099	24326	13714	16464	18153	21249	22263	25015
0:27:35	30.1	12547	14866	17241	20292	21752	24566	13841	16269	18292	21175	22010	25181
0:27:40	30.1	12475	14788	17197	20342	21499	24113	13955	16162	18380	21038	22227	25113
0:27:45	30.1	12450	14883	17336	20446	21777	24164	13762	16175	18064	21048	22192	25376
0:27:50	30.1	12576	15017	17186	20139	21862	23908	13845	16063	18110	21116	22000	25071
0:27:55	30.1	12425	14713	17226	20479	21704	24310	13776	16270	18193	21288	22180	25073
0:28:00	30.1	12354	15025	17304	20193	21734	24085	13807	16153	18012	21101	22165	25200
0:28:05	30.1	12586	14856	17209	20280	21610	24514	13689	16215	18417	21125	22024	25021
0:28:10	30.1	12524	14852	17371	20373	21837	24262	13971	16227	18086	21027	21995	25392
0:28:15	30.1	12582	15056	17370	20480	21861	24175	13688	16213	18392	21027	22139	25425
0:28:20	30.1	12479	14657	17238	20362	21952	24290	13785	16146	18233	21084	22111	25507
0:28:25	30.1	12482	14756	17131	20271	21623	24312	13700	16363	18360	21110	22330	25423
0:28:30	30.1	12419	14961	17208	20361	21682	24477	13830	16120	18217	21141	22039	25057
0:28:35	30.1	12500	15045	17097	20633	21767	24167	13828	16188	18373	20975	22318	25121
0:28:40	30.1	12542	15065	17074	20265	21821	24331	13868	16125	18058	21210	22140	25108
0:28:45	30.1	12378	14824	17181	20445	21721	24247	13786	16246	18168	21147	21995	25091
0:28:50	30.1	12397	14832	17173	20358	21432	24274	13629	16046	18224	21211	22230	25228
0:28:55	30.1	12365	14852	17414	20177	21712	24258	13653	16293	18130	21285	21874	25102
0:29:00	30.1	12469	14967	17210	20215	21847	23982	13655	15984	18120	20886	22104	25322
0:29:05	30.1	12449	14898	17169	20282	21717	23882	13843	16209	18127	20955	22178	25147
0:29:10	30.1	12329	14897	17164	20173	21838	24175	13687	15984	18051	20883	21875	25167
0:29:15	30.1	12420	14777	17251	20589	21711	24343	13845	16010	18087	21181	22186	25376
0:29:20	30.1	12471	14864	17122	20070	21665	24141	13792	16253	18383	20962	22106	25270
0:29:25	30.1	12515	14867	17270	20461	21779	24117	13858	16165	18064	21221	22039	25008
0:29:30	30.1	12561	14947	17155	20079	21687	24259	13903	16249	18289	20870	22201	25209
0:29:35	30.1	12452	14819	17072	20407	21773	24307	13869	15922	18288	21120	22137	25073
0:29:40	30.1	12472	14872	17127	20291	21792	24314	13699	16336	18071	20906	22003	24964
0:29:45	30.1	12468	14775	17011	20328	21660	24211	13880	16118	18158	21107	22216	24929
0:29:50	30.1	12452	14692	16998	20092	21631	24293	13859	16218	18153	20889	21945	25026
0:29:55	30.1	12459	15048	17401	20177	21950	24057	13706	16151	18235	21144	21840	24935
0:30:00	30.1	12358	14880	17213	20376	21797	24163	13674	16273	18176	21051	22187	24904
0:30:05	30.1	12350	14775	17118	20323	21735	24269	13742	15979	18157	20837	22005	25119
0:30:10	30.1	12376	14928	17099	20427	21560	24358	13579	16157	18276	21151	22151	25010
0:30:15	30.1	12451	14776	17212	20225	21825	24276	13745	16116	18077	21087	22129	24855
0:30:20	30.1	12369	14764	17194	20136	21663	24083	13704	16296	18245	20974	22013	25225
0:30:25	30.1	12287	14795	17234	20525	21659	23995	13780	16035	18088	21104	21986	24695
0:30:30	30.1	12448	14787	16958	20126	21597	24126	13675	16210	18034	20858	21939	25059
0:30:35	30.1	12422	14872	17097	20315	21723	24052	13691	16075	18189	20880	22122	24942
0:30:40	30.1	12471	14869	17400	20260	21515	23995	13847	16088	18238	20723	22067	24960
0:30:45	30.1	12516	14845	17010	20263	21527	24079	13761	16237	18217	21125	21960	24945
0:30:50	30.1	12372	14749	17183	20096	21573	24388	13788	16191	18174	21000	22151	24952
0:30:55	30.1	12636	14706	17292	20269	21706	24138	13840	16027	18178	21067	21913	24999
0:31:00	30.1	12420	14836	17094	20264	21693	24316	13730	15852	18079	21017	22013	25415
0:31:05	30.1	12324	14723	17179	20223	21787	24136	13699	16033	18170	21016	22015	24851
0:31:10	30.1	12388	14894	17149	20290	21706	24302	13616	16019	18166	21175	22015	25147
0:31:15	30.1	12370	14777	17241	20072	21660	24140	13634	16144	18168	21076	22060	25000
0:31:20	30.1	12492	14755	17130	20041	21702	23817	13765	16237	18063	21221	21894	25042
0:31:25	30.1	12312	14741	17079	20301	21719	24482	13749	16207	18152	20963	22021	25164
0:31:30	30.1	12327	14754	16988	20086	21619	23984	13444	15971	18228	21024	21960	24819
0:31:35	30.1	12460	14859	16976	20443	21575	24267	13748	15967	18158	20924	22208	24962
0:31:40	30.1	12521	14902	17192	20054	21833	24051	13752	16139	18092	20924	22126	24780
0:31:45	30.1	12389	14814	17225	20436	21740	24188	13937	16298	18083	21017	21899	24999
0:31:50	30.1	12301	14831	17299	20471	21538	24118	13680	16023	18138	20992	21928	24854
0:31:55	30.1	12414	14846	17207	20146	21517	23971	13754	15960	18162	20965	21872	25004
0:32:00	30.1	12263	14690	17037	20093	21810	24279	13655	16097	18152	21035	22180	24867
0:32:05	30.1	12418	14852	17130	20547	21661	24071	13593	15856	17955	21084	21962	24828
0:32:10	30.1	12318	14757	17316	20059	21612	24162	13857	15983	17851	20888	21985	24851
0:32:15	30.1	12352	14920	17057	20143	21604	24294	13624	16230	18028	21165	21996	24892
0:32:20	30.1	12397	14843	16987	19940	21526	24166	13887	16188	18107	20776	22069	25017
0:32:25	30.1	12493	14832	17020	19968	21652	24302	13676	15974	18121	21101	22159	24910
0:32:30	30.1	12333	14711	17021	20357	21753	24205	13660	16037	18122	20724	22007	24693
0:32:35	30.1	12324	14774	17114	20336	21523	24209	13704	16246	17975	20979	22083	24634
0:32:40	30.1	12361	14942	17134	19979	21642	24165	13828	16091	18090	20815	22066	24867
0:32:45	30.1	12483	14988	17143	20112	21544	24253	13706	16073	18238	20976	21697	24731
0:32:50	30.1	12335	14803	17174	20136	21689	24077	13619	16012	18294	21011	22055	25021
0:32:55	30.1	12306	14638	17134	20289	21530	24121	13473	16097	18061	20983	21884	24857
0:33:00	30.1	12433	14693	17107	20205	21482	24113	13674	16156	18123	21019	21853	24954
0:33:05	30.1	12276	14702	17134	20133	21484	23953	13585	16093	18084	21037	22100	24671
0:33:10	30.1	12358	14662	17125	20208	21804	24111	13764	15994	18150	20778	21908	24696
0:33:15	30.1	12453	14825	17180	20309	21535	24175	13638	16027	18134	20949	21927	25047
0:33:20	30.1	12261	14860	17250	20236	21682	24040	13614	16156	18051	20822	21775	24822
0:33:25	30.1	12375	14630	17106	20372	21533	24423	13646	16007	18083	21076	21985	24709
0:33:30	30.1	12419	14810	16982	20271	21698	24134	13677	16110	17965	20838	21996	24805
0:33:35	30.1	12186	14706	17113	20217	21489	23862	13677	15949	18150	21002	21935	24915
0:33:40	30.1	12635	14800	17194	20082	21503	24071	13760	15988	17898	20737	21846	25075
0:33:45	30.1	12515	14826	17084	20027	21898	23982	13815	16085	18090	20873	22012	24757
0:33:50	30.1	12245	14811	17224	20308	21884	24378	13541	16035	18070	20957	21981	24699
0:33:55	30.1	12399	14605	17194	20183	21407	24229	13648	16060	18424	20957	21809	24867
0:34:00	30.1	12376	14660	17136	20052	21499	24077	13513	16082	18032	20670	22182	24755
0:34:05	30.1	12484	14843	17061	20350	21444	23913	13673	16002	18043	20987	22016	24806
0:34:10	30.1	12369	14893	17204	20330	21679	24110	13771	15996	17894	20974	21924	24785
0:34:15	30.1	12479	14744	17111	20132	21485	24090	13691	16079	18035	20966	21496	24775
0:34:20	30.1	12370	14822	17051	20043	21665	23977	13719	16062	18074	21129	21959	24825
0:34:25	30.1	12399	14747	17219	20372	21564	24103	13715	15945	17798	20840	21973	24720
0:34:30	30.1	12435	14751	16995	20338	21667	24036	13659	16038	17972	21095	21995	24982
0:34:35	30.0	12250	14961	16923	20068	21542	23998	13875	16024	17951	20914	21902	24701
0:34:40	30.1	12385	14595	17111	20046	21406	23911	13665	15892	18092	21081	21851	24820
0:34:45	30.1	12292	14779	16915	20262	21793	24149	13584	15973	17987	20766	21853	24931
0:34:50	30.1	12327	14853	17046	20154	21580	23983	13765	15936	18187	21140	22049	24894
0:34:55	30.1	12253	14653	17141	20148	21537	24027	13489	15899	17942	20801	21587	24678
0:35:00	30.1	12350	14645	17072	20072	21698	24077	13661	16322	18096	20918	21805	24654
0:35:05	30.1	12305	14741	17083	20134	21593	24030	13758	16064	17876	20979	21765	24765
0:35:10	30.1	12373	14742	16994	19952	21750	24111	13535	16003	17973	21057	22046	24871
0:35:15	30.1	12476	14855	17168	20297	21594	24025	13642	16016	18108	20874	21798	24704
0:35:20	30.1	12259	14687	17193	20196	21485	24068	13560	16040	18190	21060	21968	24742
0:35:25	30.1	12414	14802	16968	20255	21496	23954	13611	15925	18075	21095	21809	24685
0:35:30	30.1	12259	14780	17016	20175	21485	24145	13712	16176	18035	20795	21931	24631
0:35:35	30.1	12367	14885	17049	20118	21509	24294	13775	16118	18069	20892	21927	24826
0:35:40	30.1	12460	14727	17070	20058	21704	24225	13599	15918	17987	20511	21980	25032
0:35:45	30.1	12179	14739	16982	20124	21485	23985	13656	16068	18145	20773	21694	24779
0:35:50	30.1	12428	14666	17043	20255	21438	24153	13647	16109	18095	20919	21676	24509
0:35:55	30.1	12366	14616	17146	20161	21641	23894	13696	16223	17891	20776	21721	24587
0:36:00	30.1	12189	14737	17023	20073	21527	24129	13683	15930	18187	20955	21926	24972
0:36:05	30.1	12280	14843	16964	20233	21578	24037	13520	16126	18067	20962	21964	24667
0:36:10	30.0	12336	14679	16976	20112	21398	24190	13738	16072	17814	20770	21772	24647
0:36:15	30.1	12354	14802	16928	20263	21371	24171	13666	15866	18065	20730	21878	24926
0:36:20	30.1	12461	14582	17157	19925	21323	24135	13670	15921	18214	20955	21809	24730
0:36:25	30.1	12285	14508	17110	20206	21770	24034	13595	15833	17920	20652	21831	24798
0:36:30	30.1	12329	14833	17299	20168	21657	23817	13584	15904	18061	20903	21531	24456
0:36:35	30.1	12326	14779	17082	20046	21448	24000	13561	16060	17980	20751	21837	24666
0:36:40	30.1	12272	14506	16988	20172	21526	23858	13588	15912	18106	20982	21755	24823
0:36:45	30.1	12412	14644	17018	20267	21952	23817	13600	16157	17948	21017	21820	24612
0:36:50	30.1	12124	14702	16778	20067	21479	24050	13772	16020	17848	20916	21595	24618
0:36:55	30.1	12288	14690	16989	20216	21478	24131	13592	15932	18030	20790	21822	24702
0:37:00	30.1	12357	14669	16872	20167	21534	23998	13646	15837	18029	20857	21834	24428
0:37:05	30.1	12350	14697	17132	20050	21421	23738	13669	16021	18117	20907	21849	24986
0:37:10	30.1	12342	14701	16868	20314	21559	23791	13653	15864	18179	20778	21590	24450
0:37:15	30.1	12261	14578	16932	19891	21619	23853	13448	15857	17977	20963	21709	24547
0:37:20	30.1	12406	14655	16967	20184	21374	24285	13607	16025	17936	20754	21677	24375
0:37:25	30.1	12553	14867	17099	20058	21459	23874	13526	15841	18021	20831	21867	24818
0:37:30	30.1	12393	14602	17192	20133	21550	23954	13578	15885	17970	20887	21782	24854
0:37:35	30.1	12214	14727	17169	20153	21639	24179	13610	16008	18021	20677	21636	24792
0:37:40	30.1	12274	14842	17136	20047	21560	23716	13520	16054	17983	20640	21535	24538
0:37:45	30.1	12290	14720	16927	20331	21610	24047	13600	16044	17841	20828	21742	24712
0:37:50	30.1	12178	14606	16947	20136	21560	24096	13642	15968	17785	20788	21809	24611
0:37:55	30.1	12394	14791	17008	20172	21601	24205	13481	16023	17999	20810	21873	24636
0:38:00	30.1	12269	14654	16892	20107	21617	23988	13668	16001	17836	20756	21485	24472
0:38:05	30.1	12361	14593	17142	19837	21470	24054	13712	16065	17769	20777	21777	24594
0:38:10	30.1	12266	14716	16959	20039	21612	24023	13682	16057	18106	20727	21742	24569
0:38:15	30.1	12390	14597	16962	20018	21383	23827	13737	15999	17950	20676	21719	24508
0:38:20	30.1	12298	14902	17080	20226	21384	23989	13578	15909	17905	20876	21673	24668
0:38:25	30.1	12380	14663	17003	20306	21418	23750	13539	15928	17932	20967	21842	24718
0:38:30	30.1	12268	14697	17207	20329	21495	24025	13636	16129	18058	20748	21645	24485
0:38:35	30.1	12356	14719	16870	19994	21548	24027	13581	15916	17781	20907	21599	24566
0:38:40	30.1	12236	14630	17118	20165	21326	23859	13527	15966	17967	20996	21759	24778
0:38:45	30.1	12403	14634	16912	20145	21585	24016	13511	16125	17830	20924	21609	24621
0:38:50	30.1	12253	14596	17059	19987	21648	23817	13610	16027	18032	21108	21916	24333
0:38:55	30.1	12142	14619	17007	20130	21546	23826	13663	16071	17966	20651	21647	24712
0:39:00	30.1	12362	14829	16973	20047	21384	23944	13511	15974	18029	20985	22044	24396
0:39:05	30.1	12239	14628	17059	20192	21676	23958	13591	16021	18074	20821	21585	24723
0:39:10	30.1	12207	14579	17128	20138	21572	23950	13544	15975	17746	20655	22099	24728
0:39:15	30.1	12260	14527	16843	20142	21442	24189	13708	15994	18166	20565	21803	24285
0:39:20	30.1	12476	14640	16753	19939	21419	24094	13646	16059	17734	20709	21799	24766
0:39:25	30.1	12330	14833	16970	20157	21453	23869	13527	16025	17917	20636	21784	24433
0:39:30	30.1	12288	14667	17202	20059	21532	23681	13617	15917	17891	20954	21745	24536
0:39:35	30.1	12281	14614	16823	20001	21486	23940	13623	15822	17831	21046	21702	24612
0:39:40	30.1	12244	14677	17121	20318	21388	23840	13584	15916	18000	20808	21725	24397
0:39:45	30.1	12349	14715	17086	19963	21216	23955	13666	16016	17934	20880	21724	24428
0:39:50	30.1	12242	14556	16841	20061	21539	23949	13591	16204	18187	20858	22021	24982
0:39:55	30.1	12275	14628	16955	20219	21385	24030	13578	15893	18125	21033	21842	24633
0:40:00	30.1	12284	14518	16902	20086	21190	23810	13478	15871	18016	20812	21612	24623
0:40:05	30.1	12242	14613	17056	20186	21421	23820	13569	15922	18098	20887	21873	24260
0:40:10	30.1	12178	14633	17062	19895	21708	23811	13489	16026	18032	20855	21807	24456
0:40:15	30.1	12221	14606	17060	19801	21698	23719	13465	16087	17749	20830	21748	24529
0:40:20	30.1	12271	14798	16831	19988	21370	24092	13603	15967	17946	20793	21656	24372
0:40:25	30.1	12316	14675	16798	20083	21467	24023	13443	15966	17867	20783	21649	24919
0:40:30	30.0	12238	14771	17001	20384	21332	23749	13471	16001	17948	20747	21750	24600
0:40:35	30.1	12311	14749	16897	19879	21391	23987	13566	16015	17943	20911	21690	24397
0:40:40	30.1	12281	14680	16992	20140	21645	23811	13693	15845	17951	20705	21636	24523
0:40:45	30.0	12218	14660	16864	20158	21433	23911	13610	16061	17885	20811	21706	24551
0:40:50	30.1	12254	14748	16852	19934	21471	24055	13586	15819	17934	20842	21443	24480
0:40:55	30.1	12344	14596	17177	20208	21578	24050	13491	15905	17944	20892	21738	24454
0:41:00	30.1	12235	14762	17124	20001	21447	23880	13434	16025	17993	20773	21638	24675
0:41:05	30.1	12261	14646	16872	19881	21248	23685	13511	15992	17710	20614	21980	24284
0:41:10	30.1	12304	14769	17102	20162	21182	24057	13464	15929	17995	20792	21837	24662
0:41:15	30.0	12385	14699	16784	19856	21455	23648	13612	16010	17676	20846	21706	24551
0:41:20	30.1	12216	14589	17027	19986	21446	23875	13626	15921	17912	20808	21667	24547
0:41:25	30.1	12286	14891	17032	20031	21279	24038	13657	15693	17883	20683	21860	24603
0:41:30	30.1	12126	14652	17009	19872	21471	23738	13659	15974	17837	20563	21635	24562
0:41:35	30.0	12080	14657	16745	19932	21208	23971	13553	16075	17897	20885	21736	24467
0:41:40	30.1	12169	14714	16873	20133	21641	23691	13673	16054	17907	20695	21742	24737
0:41:45	30.1	12302	14484	17147	20031	21115	24052	13535	15873	17966	20741	21702	24690
0:41:50	30.1	12241	14632	17064	20141	21453	23813	13473	15792	17787	20742	21615	24573
0:41:55	30.1	12213	14727	16963	20159	21208	23780	13600	15872	18060	20633	21664	24551
0:42:00	30.0	12350	14432	16855	20042	21358	23883	13739	15779	17810	20528	21541	24475
0:42:05	30.1	12298	14604	17148	20086	21429	23971	13673	15974	18123	20512	21632	24324
0:42:10	30.1	12260	14710	16989	19993	21396	23892	13489	15873	17986	20700	21625	24366
0:42:15	30.1	12225	14777	16792	20080	21589	23788	13488	15950	17896	20857	21714	24363
0:42:20	30.1	12077	14552	17017	19853	21348	23844	13574	15779	17662	20778	21701	24467
0:42:25	30.0	12294	14601	16866	20071	21386	23882	13659	15984	17800	20655	21914	24235
0:42:30	30.1	12160	14815	16786	19793	21325	23706	13601	15863	17975	20705	21668	24333
0:42:35	30.1	12459	14646	17062	20024	21284	23988	13715	15894	18087	20755	21623	24474
0:42:40	30.1	12163	14562	17107	20055	21428	23868	13632	15957	17984	20671	21720	24574
0:42:45	30.1	12195	14588	16833	19964	21388	24069	13614	15751	17742	20807	21583	24498
0:42:50	30.0	12369	14729	16878	19974	21466	23809	13477	16082	17794	20722	21570	24496
0:42:55	30.1	12169	14659	17084	20041	21443	23822	13460	15962	17869	20763	21630	24537
0:43:00	30.1	12117	14745	16838	20003	21484	24011	13534	15773	17772	20760	21760	24547
0:43:05	30.1	12310	14688	16976	19861	21541	23960	13635	15852	17984	20482	21729	24524
0:43:10	30.0	12175	14630	17040	19853	21547	23969	13485	15865	17510	20730	21751	24267
0:43:15	30.1	12121	14670	16860	20035	21420	24091	13508	15745	17940	20833	21638	24490
0:43:20	30.1	12320	14741	17053	19917	21720	23940	13513	15898	17938	20662	21497	24269
0:43:25	30.1	12258	14528	16907	20110	21396	23833	13630	16048	17839	20605	21577	24332
0:43:30	30.1	12270	14633	17020	20014	21459	23982	13400	16061	17962	20742	21555	24675
0:43:35	30.1	12233	14599	16862	20023	21316	23829	13710	15961	17984	20636	21678	24758
0:43:40	30.1	12214	14634	17050	20019	21619	23948	13665	16061	17797	20647	21764	24597
0:43:45	30.1	12302	14822	16756	20069	21365	23791	13565	15887	17700	20866	21764	24477
0:43:50	30.1	12134	14733	16822	20133	21513	23793	13500	16079	18072	20794	21790	24288
0:43:55	30.1	12234	14499	16687	19999	21448	24013	13585	16054	17899	20712	21816	24505
0:44:00	30.0	12192	14623	16895	19923	21342	23789	13619	15962	17778	20758	21946	24491
0:44:05	30.1	12151	14541	16656	19920	21540	23962	13534	15997	17916	20354	21708	24520
0:44:10	30.0	12138	14835	16896	20030	21257	23820	13489	15944	18257	20876	21642	24669
0:44:15	30.1	12185	14664	16920	20138	21323	23820	13468	15742	17971	20821	21666	24620
0:44:20	30.1	12381	14667	16804	20195	21360	23814	13586	15901	17948	20854	21724	24501
0:44:25	30.1	12235	14528	16803	20107	21564	23834	13499	15866	17708	20908	21678	24629
0:44:30	30.1	12333	14611	16940	19958	21401	23951	13662	15853	17709	20644	21707	24521
0:44:35	30.1	12319	14722	16776	19934	21525	24064	13589	15772	17740	20701	21597	24406
0:44:40	30.1	12215	14618	16830	19871	21587	23770	13483	15934	17761	20640	21447	24278
0:44:45	30.0	12211	14487	17157	20041	21533	23794	13536	15721	17867	20814	21536	24409
0:44:50	30.1	12366	14575	16930	20095	21311	23891	13664	15912	17882	20722	21683	24635
0:44:55	30.1	12232	14479	16949	19940	21274	23809	13333	15966	17949	20574	21518	24673
0:45:00	30.0	12173	14705	16749	20058	21537	23827	13527	15935	17812	20738	21756	24448
0:45:05	30.1	12043	14727	16865	20050	21277	23800	13399	15790	17890	20727	21596	24161
0:45:10	30.1	12215	14676	16980	20039	21536	23797	13610	15847	17825	20478	21542	24527
0:45:15	30.1	12231	14578	16809	19894	21276	23768	13475	15759	17839	20816	21633	24397
0:45:20	30.1	12109	14451	16813	20142	21335	23789	13526	16035	17928	20537	21769	24435
0:45:25	30.1	12220	14568	17013	19862	21540	23737	13808	15832	17680	20663	21594	24464
0:45:30	30.1	12290	14717	16929	19937	21442	23548	13438	15918	17780	20642	21580	24583
0:45:35	30.0	12253	14612	16928	20150	21290	23798	13574	15903	17662	20777	21666	24274
0:45:40	30.1	12252	14509	16869	20115	21365	23619	13435	16063	17852	20600	21834	24497
0:45:45	30.0	12151	14520	16910	19958	21282	24069	13468	16016	17849	20462	21606	24325
0:45:50	30.1	12419	14710	16817	19872	21428	23772	13457	15939	17887	20733	21629	24390
0:45:55	30.1	12141	14604	16669	19861	21431	23530	13369	15934	17857	20564	21624	24425
0:46:00	30.1	12144	14522	16949	19853	21533	24005	13480	15871	17922	20831	21613	24392
0:46:05	30.1	12085	14524	16858	19805	21445	23878	13588	15928	18029	20717	21685	24406
0:46:10	30.1	12321	14669	16774	19871	21338	23886	13498	15888	17852	20485	21542	24268
0:46:15	30.1	12406	14592	17056	20089	21268	23879	13403	15830	17815	20403	21541	24591
0:46:20	30.0	12208	14398	16997	19933	21442	23823	13665	15870	17755	20650	21610	24528
0:46:25	30.1	12203	14685	16906	19796	21560	23833	13533	15866	17739	20464	21544	24337
0:46:30	30.0	12042	14595	17069	19924	21230	23860	13502	15696	17773	20591	21702	24309
0:46:35	30.1	12212	14382	16914	19971	21384	23761	13438	15697	17874	20598	21735	24441
0:46:40	30.1	12222	14522	16780	20115	21296	23576	13631	15820	17808	20686	21723	24349
0:46:45	30.1	12079	14657	16898	20127	21243	23703	13455	16013	17833	20768	21472	24361
0:46:50	30.1	12268	14500	17006	19954	21342	24079	13414	15604	17878	20700	21611	24538
0:46:55	30.1	12177	14567	17004	19631	21371	23891	13404	15784	17970	20634	21377	24225
0:47:00	30.1	12171	14403	16971	19812	21463	23836	13395	15727	17758	20588	21415	24587
0:47:05	30.0	12185	14512	16787	19657	21385	23656	13458	15874	17806	20707	21590	24281
0:47:10	30.1	12222	14556	16950	20024	21240	23606	13583	15938	17735	20591	21588	24354
0:47:15	30.0	12237	14567	16721	19828	21282	24008	13490	15934	17829	20737	21772	24322
0:47:20	30.1	12086	14708	16854	19817	20987	23746	13395	16010	17948	20620	21533	24343
0:47:25	30.1	12196	14517	17043	19872	21131	23853	13518	15931	17625	20708	21572	24556
0:47:30	30.1	12123	14529	16898	19778	21201	23892	13537	15666	17580	20415	21640	24676
0:47:35	30.1	12149	14499	16929	19909	21159	23829	13485	15662	17666	20892	21597	24278
0:47:40	30.1	12144	14448	16821	20017	21352	23776	13542	15897	17709	20673	21739	24355
0:47:45	30.1	12074	14550	16851	19845	21144	23741	13274	15796	17808	20802	21638	24442
0:47:50	30.0	12026	14597	16696	19913	21306	23703	13393	15875	17839	20667	21360	24200
0:47:55	30.1	12066	14540	16808	19917	21189	23932	13484	15976	17734	20468	21516	24526
0:48:00	30.0	12187	14698	16788	19904	21508	24080	13354	15822	17883	20503	21481	24329
0:48:05	30.1	12280	14596	16761	20049	21241	23460	13615	15875	17743	20449	21549	24596
0:48:10	30.1	12146	14546	16993	20084	21325	23806	13573	15894	17959	20671	21570	24518
0:48:15	30.1	12155	14482	16945	19938	21354	23811	13660	15761	17825	20432	21450	24210
0:48:20	30.1	12345	14580	16768	19860	21285	23858	13577	15879	17896	20520	21711	24381
0:48:25	30.1	12177	14581	16929	19962	20963	23671	13385	15751	17712	20520	21648	24459
0:48:30	30.1	12262	14458	16937	20291	21137	23698	13425	15902	17817	20605	21652	24150
0:48:35	30.0	12132	14588	16589	19883	21597	23746	13562	15734	17799	20595	21427	24506
0:48:40	30.1	12245	14489	16673	19849	21274	23676	13568	15907	17807	20685	21580	24356
0:48:45	30.1	12137	14659	16662	19810	21162	23942	13533	15893	17787	20742	21772	24236
0:48:50	30.0	12215	14519	16813	20215	20999	23436	13325	15722	17861	20659	21517	24320
0:48:55	30.1	12222	14582	16984	19799	21402	23810	13458	15729	17868	20728	21586	24053
0:49:00	30.1	12180	14444	17214	19894	21290	23869	13243	15948	17810	20532	21521	24156
0:49:05	30.1	12148	14538	16670	19931	21433	23638	13452	15585	17834	20499	21519	24427
0:49:10	30.1	12044	14539	16593	19827	21455	23823	13612	15892	17677	20635	21677	24140
0:49:15	30.0	12069	14491	16791	19768	21330	23723	13416	15751	17780	20682	21565	24651
0:49:20	30.1	12074	14497	16878	19812	21089	23977	13302	15655	17702	20619	21679	24363
0:49:25	30.1	12014	14468	16789	19858	21354	23918	13498	15983	17587	20522	21643	24286
0:49:30	30.1	12119	14412	16614	20061	21158	23654	13511	15732	17900	20333	21449	24222
0:49:35	30.0	12186	14414	16735	19638	21325	23820	13519	15819	17828	20566	21473	24402
0:49:40	30.1	12108	14636	16886	19852	21410	23837	13345	15735	17732	20544	21560	24396
0:49:45	30.1	12112	14407	16777	19870	21309	23522	13583	15745	17963	20476	21436	24334
0:49:50	30.1	12209	14555	16811	19942	21464	23609	13473	15842	17741	20281	21376	24436
0:49:55	30.1	12116	14547	16874	19623	21211	23824	13380	15931	17824	20695	21557	24312
0:50:00	30.0	12170	14548	16840	19959	21216	23647	13424	15861	17710	20621	21600	24379
0:50:05	30.1	12168	14365	16652	19814	21189	23685	13456	15860	17855	20897	21546	24330
0:50:10	30.1	12220	14538	16928	19711	21352	23769	13509	15817	17736	20503	21579	24332
0:50:15	30.1	12190	14516	16747	19697	21348	23668	13502	15904	17856	20786	21463	24407
0:50:20	30.0	12058	14705	16770	19899	21276	23837	13430	15704	17674	20535	21664	24271
0:50:25	30.1	12155	14516	16817	19875	21452	23705	13511	15865	17663	20521	21583	24246
0:50:30	30.1	12066	14348	16884	19846	21350	23693	13568	15768	17855	20250	21495	24307
0:50:35	30.1	12264	14518	16827	19749	21258	23762	13469	15765	17745	20790	21533	24370
0:50:40	30.1	12111	14505	16851	19697	21070	23950	13445	15818	17933	20679	21561	24258
0:50:45	30.0	12052	14355	16827	19888	21094	23569	13394	15790	17566	20546	21643	24335
0:50:50	30.1	12108	14615	16843	19684	21125	23527	13468	15817	17756	20495	21361	24537
0:50:55	30.1	12099	14488	16997	19724	21254	23666	13505	15828	17765	20765	21601	24326
0:51:00	30.0	12024	14577	16879	19725	21265	23591	13305	15890	17547	20700	21453	24331
0:51:05	30.1	12034	14532	16689	19801	21178	23743	13471	15827	17744	20682	21693	24524
0:51:10	30.1	12170	14471	16873	19802	21246	23843	13434	15812	17611	20412	21579	24097
0:51:15	30.1	12047	14521	16781	19916	21271	23950	13429	15942	17831	20419	21317	24258
0:51:20	30.1	12160	14551	16678	19878	21167	23768	13602	15903	17600	20478	21455	24385
0:51:25	30.1	12223	14485	16810	19952	21106	23697	13460	15795	17820	20554	21490	24286
0:51:30	30.0	12137	14626	16906	19984	21116	23751	13448	15918	17854	20429	21504	24242
0:51:35	30.1	12129	14522	16962	19793	21418	23567	13570	15876	17642	20497	21636	24353
0:51:40	30.1	12154	14530	16854	19701	21450	23947	13420	15830	17821	20386	21419	24300
0:51:45	30.0	12138	14477	16912	19817	21330	23757	13385	15811	18026	20403	21544	24487
0:51:50	30.1	12216	14580	16880	19676	21478	23679	13370	15829	17595	20514	21655	24144
0:51:55	30.1	12113	14324	16905	19921	21409	23632	13505	15755	17818	20533	21470	24264
0:52:00	30.1	12104	14554	16841	19709	21346	23676	13607	15792	17776	20533	21572	24036
0:52:05	30.1	12131	14436	16744	20050	21495	23749	13359	15851	17778	20462	21715	24201
0:52:10	30.1	12096	14424	16475	19911	21128	23720	13510	15567	17677	20556	21346	24217
0:52:15	30.0	12238	14396	16812	19775	21125	23676	13385	15660	17738	20711	21300	24480
0:52:20	30.1	12189	14601	16735	19628	21352	23674	13576	15699	17661	20671	21405	24102
0:52:25	30.1	12078	14452	16609	19855	21478	23861	13397	15768	17731	20586	21360	24476
0:52:30	30.0	11987	14556	16623	19691	21308	23517	13605	15642	17539	20682	21551	24350
0:52:35	30.1	12160	14630	16909	19864	21296	23821	13377	15775	17747	20453	21807	24268
0:52:40	30.1	12123	14678	16536	19856	21256	23617	13353	15741	17797	20518	21598	24301
0:52:45	30.1	12167	14659	16815	19786	21251	23660	13333	15726	17651	20795	21357	24614
0:52:50	30.1	12074	14547	16891	19990	21173	23615	13462	15604	17628	20527	21408	24180
0:52:55	30.1	12071	14534	16646	20040	21291	23884	13243	15647	17594	20348	21436	24328
0:53:00	30.0	12014	14330	16949	19675	21369	23776	13342	15729	17955	20463	21289	24293
0:53:05	30.1	12136	14452	16537	19603	21285	23812	13421	15845	17688	20520	21541	24217
0:53:10	30.1	12153	14631	16799	19729	21395	23542	13528	15759	17518	20488	21385	24420
0:53:15	30.1	12125	14339	16604	19781	20944	23912	13562	15788	17745	20384	21360	24047
0:53:20	30.1	12188	14525	16753	19824	21178	23681	13226	15749	18056	20524	21354	24190
0:53:25	30.1	12122	14517	16758	19776	21187	23784	13426	15681	17584	20616	21471	24309
0:53:30	30.1	11967	14550	16762	19796	21131	23720	13444	15879	17714	20729	21366	24437
0:53:35	30.1	11922	14382	16928	19756	21063	23913	13481	15743	17932	20534	21558	24408
0:53:40	30.1	12102	14487	16786	19813	21292	24046	13441	15919	17856	20375	21400	24151
0:53:45	30.1	12101	14335	16908	19767	21300	23395	13450	15659	17731	20657	21439	24329
0:53:50	30.1	12180	14551	16813	19917	21232	23397	13541	15778	17628	20509	21568	24187
0:53:55	30.0	12167	14425	16636	19652	21477	23515	13295	15855	17605	20611	21160	24188
0:54:00	30.1	12091	14439	16628	19912	21316	23473	13430	15670	17469	20600	21382	24350
0:54:05	30.1	12110	14404	16830	19851	21205	23736	13470	15745	17784	20672	21309	24052
0:54:10	30.1	11966	14595	16645	19881	21315	23477	13350	15621	17702	20835	21553	24116
0:54:15	30.1	12177	14400	16762	19770	21049	23650	13423	15646	17861	20397	21445	24271
0:54:20	30.1	11972	14523	16838	19804	21256	23387	13444	15857	17724	20512	21257	24062
0:54:25	30.1	12091	14409	16682	19763	21335	23617	13410	15915	17663	20512	21269	24303
0:54:30	30.0	12042	14422	16953	20092	21421	23889	13412	15633	17674	20540	21421	24132
0:54:35	30.1	12144	14428	16657	19620	21207	23895	13243	15657	17690	20452	21482	24523
0:54:40	30.0	12278	14572	16733	19844	21147	23756	13417	15857	17684	20292	21454	24370
0:54:45	30.1	12033	14358	16779	19740	21264	23601	13476	15828	17574	20363	21404	24186
0:54:50	30.1	12054	14173	16685	19631	21162	23743	13357	15777	17353	20475	21354	24163
0:54:55	30.1	12238	14347	16853	19851	21032	23968	13464	15645	17818	20159	21274	24272
0:55:00	30.1	12094	14263	16712	19869	21307	23577	13351	15722	17557	20605	21574	24323
0:55:05	30.1	12050	14510	16715	19856	21199	23588	13420	15621	17743	20756	21363	24178
0:55:10	30.1	12173	14373	16556	19896	21091	23708	13358	15777	17799	20445	21368	24014
0:55:15	30.0	12030	14450	16811	19795	21240	23575	13374	15555	17705	20491	21341	24312
0:55:20	30.1	12083	14454	16723	19897	21246	23807	13472	15795	17538	20417	21383	24231
0:55:25	30.0	12221	14380	16724	19956	21144	23585	13285	15716	17647	20370	21627	24380
0:55:30	30.1	12149	14504	16654	19824	21154	23809	13303	15488	17935	20544	21539	24118
0:55:35	30.1	12018	14442	16635	20004	21139	23802	13382	15584	17757	20228	21576	24296
0:55:40	30.1	12005	14433	16786	19721	21246	23573	13393	15693	17687	20185	21508	24112
0:55:45	30.1	12072	14421	16568	19634	21443	23536	13424	15782	17598	20700	21344	24154
0:55:50	30.1	12033	14385	16742	19545	21005	23528	13418	15729	17661	20428	21442	24058
0:55:55	30.1	12060	14341	16836	19888	21140	23849	13357	15549	17574	20638	21562	24306
0:56:00	30.0	12102	14473	16598	19868	21166	23790	13288	15795	17670	20350	21385	24311
0:56:05	30.1	12127	14429	16655	19757	21194	23677	13433	15695	17701	20586	21198	24046
0:56:10	30.0	12093	14437	16728	19795	21178	23658	13450	15595	17642	20639	21277	24161
0:56:15	30.1	12158	14542	16859	19757	21071	23981	13292	15613	17792	20679	21463	23919
0:56:20	30.1	12078	14431	16732	19683	20947	23488	13428	15887	17783	20724	21230	24016
0:56:25	30.1	12003	14504	16588	19675	21293	23732	13336	15669	17779	20630	21540	24131
0:56:30	30.1	12038	14384	16462	19773	21153	23464	13275	15757	17813	20359	21413	23666
0:56:35	30.1	12178	14422	16734	20069	21357	23755	13406	15631	17783	20350	21471	23991
0:56:40	30.1	12097	14484	16619	19796	21254	23556	13317	15840	17637	20408	21244	23906
0:56:45	30.0	11900	14512	16667	19786	21198	23624	13392	15566	17678	20267	21535	24224
0:56:50	30.1	12005	14542	16635	19681	21466	23660	13262	15604	17563	20339	21228	24197
0:56:55	30.0	12196	14349	16680	19702	21181	23597	13405	15690	17627	20588	21410	24190
0:57:00	30.1	12068	14366	16739	19909	21158	23721	13521	15563	17558	20441	21501	24141
0:57:05	30.1	12085	14374	16782	19714	21422	23863	13424	15662	17683	20423	21330	23983
0:57:10	30.1	12050	14523	16753	19827	21238	23814	13279	15612	17630	20484	21445	24334
0:57:15	30.1	12084	14397	16744	19819	20973	23460	13363	15768	17458	20427	21475	24069
0:57:20	30.1	12049	14251	16670	19822	21327	23783	13256	15780	17718	20510	21104	24068
0:57:25	30.1	11995	14397	16644	19612	21025	23346	13520	15703	17619	20431	21376	24094
0:57:30	30.0	12060	14412	16729	19782	21128	23679	13312	15798	17781	20451	21395	24072
0:57:35	30.0	12070	14305	16474	19623	21223	23744	13426	15784	17600	20384	21231	24123
0:57:40	30.1	12062	14419	16547	19899	21011	23887	13404	15791	17927	20553	21194	24162
0:57:45	30.1	11950	14245	16820	19716	21080	23627	13400	15805	17655	20543	21230	23930
0:57:50	30.1	12046	14309	16732	19564	21202	23566	13475	15653	17635	20597	21680	23735
0:57:55	30.1	11950	14459	16605	19719	21095	23715	13368	15892	17439	20234	21249	24432
0:58:00	30.1	12112	14504	16757	20015	20973	23515	13576	15573	17601	20604	21457	24135
0:58:05	30.1	12180	14323	16782	19680	21177	23483	13234	15572	17605	20301	21329	23908
0:58:10	30.1	12101	14332	16432	19720	21030	23485	13423	15623	17600	20370	21338	24145
0:58:15	30.1	12004	14235	16703	19674	21012	23771	13317	15766	17690	20422	21469	23972
0:58:20	30.0	12087	14595	16716	19697	20936	23651	13174	15510	17721	20505	21324	24208
0:58:25	30.0	11869	14333	16603	19537	21315	23623	13271	15641	17582	20420	21313	23819
0:58:30	30.1	11975	14256	16683	19967	21238	23660	13306	15808	17701	20264	21287	23785
0:58:35	30.1	12032	14378	16497	19789	21150	23252	13427	15697	17511	20245	21435	24090
0:58:40	30.1	12059	14531	16682	19724	21166	23434	13361	15810	17714	20466	21099	23981
0:58:45	30.1	11982	14382	16693	19807	21209	23571	13472	15580	17570	20266	21194	24146
0:58:50	30.1	12146	14494	16744	19954	21037	23638	13371	15689	17654	20272	21174	23928
0:58:55	30.1	12194	14166	16585	19594	21139	23830	13260	15563	17662	20434	21404	24142
0:59:00	30.1	11823	14122	16838	19710	21147	23467	13284	15848	17690	20548	21141	24048
0:59:05	30.0	11958	14472	16561	19607	21228	23588	13457	15586	17695	20574	21260	23998
0:59:10	30.0	12064	14462	16743	19909	21024	23817	13209	15772	17760	20388	21402	23890
0:59:15	30.1	12060	14485	16487	19725	20945	23549	13529	15772	17656	20547	21265	23996
0:59:20	30.1	12039	14364	16888	19619	21389	23440	13320	15843	17620	20320	21108	24172
0:59:25	30.1	12020	14286	16645	19705	21292	23521	13259	15592	17620	20243	21146	24138
0:59:30	30.1	11988	14434	16502	19762	21204	23621	13410	15710	17764	20520	21352	24048
0:59:35	30.1	12060	14609	16582	19724	21223	23670	13276	15667	17606	20412	21409	23989
0:59:40	30.1	11965	14307	16594	19662	21344	23543	13306	15673	17466	20608	21312	24291
0:59:45	30.1	11994	14377	16583	19728	21201	23585	13465	15631	17518	20429	21298	23991
0:59:50	30.0	12073	14301	16683	19769	21076	23472	13434	15684	17559	20539	21351	23782
0:59:55	30.1	12047	14352	16726	19690	21215	23584	13523	15731	17778	20476	21286	24196
1:00:00	30.1	12023	14338	16808	19833	21399	23442	13225	15694	17569	20267	21512	24320
1:00:05	30.1	12037	14410	16569	19821	21171	23494	13461	15603	17479	20444	21576	24076
1:00:10	30.1	12000	14360	16614	19663	21098	23596	13357	15600	17594	20398	21311	24045
1:00:15	30.1	12038	14428	16726	19848	21211	23727	13247	15717	17664	20444	21438	24178
1:00:20	30.1	12024	14258	16644	19649	21319	23568	13400	15678	17519	20453	21422	24137
1:00:25	30.0	12047	14349	16650	19739	21206	23619	13466	15603	17538	20344	21259	23734
1:00:30	30.0	12016	14530	16712	19825	21117	23763	13355	15719	17589	20341	21468	23837
1:00:35	30.1	12024	14343	16888	19677	21038	23553	13316	15882	17691	20210	21345	23945
1:00:40	30.0	11960	14363	16562	19863	21199	23470	13457	15659	17525	20229	21351	23824
1:00:45	30.1	12130	14343	16639	19921	21039	23324	13267	15751	17583	20581	21335	24387
1:00:50	30.1	12114	14540	16606	19897	21212	23735	13440	15735	17770	20411	21347	24302
1:00:55	30.1	12128	14194	16633	19656	21175	23746	13476	15754	17769	20466	21199	23968
1:01:00	30.1	11971	14502	16517	19731	20907	23357	13346	15893	17776	20291	21141	23928
1:01:05	30.1	12015	14554	16665	19810	21293	23565	13392	15665	17618	20302	21237	24074
1:01:10	30.1	12060	14282	16691	19636	21111	23480	13382	15626	17609	20539	21269	23985
1:01:15	30.0	12072	14571	16702	19791	21114	23702	13537	15648	17575	20493	21291	23928
1:01:20	30.1	11884	14479	16901	19535	20935	23576	13229	15732	17831	20454	21283	23984
1:01:25	30.0	11924	14351	16585	19567	20944	23509	13354	15732	17561	20467	21382	23951
1:01:30	30.1	12075	14312	16700	19594	21238	23894	13401	15733	17498	20444	21473	23990
1:01:35	30.1	12021	14453	16649	19726	21139	23513	13446	15648	17570	20559	21405	24198
1:01:40	30.1	11954	14490	16737	20056	21061	23658	13317	15564	17532	20398	21416	24215
1:01:45	30.1	11981	14408	16663	19868	21097	23480	13338	15635	17493	20409	21373	24010
1:01:50	30.1	12042	14339	16656	19943	21058	23318	13196	15706	17675	20344	21490	24075
1:01:55	30.0	11918	14295	16638	19694	21114	23587	13388	15769	17591	20401	21372	23854
1:02:00	30.1	12042	14319	16592	19458	21237	23712	13239	15839	17402	20404	21369	23936
1:02:05	30.0	12032	14381	16619	19661	21185	23580	13279	15726	17530	20508	21221	24150
1:02:10	30.1	11969	14253	16618	19612	21129	23510	13317	15667	17646	20374	21109	24066
1:02:15	30.1	12007	14333	16704	19739	21081	23560	13463	15842	17620	20598	21282	24130
1:02:20	30.1	11929	14400	16664	19778	21151	23539	13256	15780	17616	20420	21353	24115
1:02:25	30.1	12013	14426	16704	19743	20916	23529	13474	15744	17844	20425	21433	24016
1:02:30	30.0	12078	14395	16720	19943	21027	23294	13381	15693	17563	20405	21384	24060
1:02:35	30.1	12099	14363	16527	19639	21218	23644	13366	15800	17592	20322	21284	23982
1:02:40	30.0	11898	14386	16761	19783	21022	23659	13173	15886	17505	20429	21372	23903
1:02:45	30.1	12191	14465	16799	19635	21126	23578	13227	15575	17527	20380	21197	23879
1:02:50	30.0	12094	14245	16756	19671	21233	23368	13209	15663	17627	20324	21192	24135
1:02:55	30.1	12087	14374	16563	19997	20929	23593	13359	15724	17612	20271	21312	24030
1:03:00	30.1	11943	14340	16702	19835	20966	23678	13335	15621	17618	20265	21311	24190
1:03:05	30.1	12139	14485	16501	19743	21142	23650	13275	15658	17521	20406	21405	24025
1:03:10	30.1	11937	14405	16774	20088	21339	23632	13463	15715	17615	20484	21231	23991
1:03:15	30.1	11918	14429	16486	19782	21065	23598	13290	15458	17577	20169	21282	23911
1:03:20	30.1	11797	14348	16685	19788	21001	23486	13311	15635	17630	20120	21442	23792
1:03:25	30.0	12113	14244	16689	19910	21318	23355	13426	15584	17604	20459	21369	23804
1:03:30	30.1	11995	14419	16395	19700	20939	23835	13483	15629	17639	20503	21231	23833
1:03:35	30.0	12101	14230	16883	19812	21041	23809	13389	15551	17575	20502	21359	24084
1:03:40	30.1	12062	14342	16642	19794	21248	23143	13299	15616	17525	20511	21268	23993
1:03:45	30.1	12051	14528	16713	19819	21153	23966	13353	15595	17700	20395	21295	24121
1:03:50	30.1	11996	14207	16673	19708	21200	23936	13258	15681	17663	20476	21288	23964
1:03:55	30.1	12002	14347	16704	19605	21151	23497	13322	15566	17478	20457	21336	24168
1:04:00	30.1	12042	14319	16750	19788	21227	23615	13413	15612	17702	20209	21274	24076
1:04:05	30.1	12032	14415	16696	19462	21052	23663	13334	15782	17483	20422	21415	23955
1:04:10	30.0	11983	14478	16757	19748	21253	23490	13342	15916	17779	20582	21195	23717
1:04:15	30.1	12004	14454	16481	19819	20957	23682	13277	15654	17405	20536	21463	24075
1:04:20	30.1	12019	14375	16791	19705	20982	23627	13350	15578	17591	20481	21535	23958
1:04:25	30.0	11937	14322	16619	19470	21264	23739	13208	15621	17707	20227	21432	24101
1:04:30	30.1	12042	14343	16861	19437	21226	23604	13329	15790	17636	20448	21356	24060
1:04:35	30.1	11954	14434	16659	19861	21360	23437	13248	15676	17574	20254	21444	23990
1:04:40	30.1	11973	14429	16547	19668	20866	23680	13332	15797	17672	20428	21460	24080
1:04:45	30.1	12085	14328	16784	19672	21067	23627	13227	15868	17589	20370	21302	23913
1:04:50	30.0	11907	14504	16558	19671	21261	23649	13337	15680	17686	20391	21211	24208
1:04:55	30.1	12034	14578	16680	19691	21095	23651	13378	15606	17598	20450	21362	23769
1:05:00	30.1	12075	14336	16614	19521	21347	23278	13435	15600	17611	20417	21341	23962
1:05:05	30.0	11904	14283	16631	19640	21094	23644	13331	15694	17716	20306	21167	24029
1:05:10	30.1	11991	14349	16703	19639	21176	23533	13245	15654	17756	20243	21116	23909
1:05:15	30.1	11861	14281	16789	19588	21072	23539	13421	15502	17677	20273	21280	24005
1:05:20	30.1	12036	14309	16696	19629	21000	23447	13264	15684	17578	20373	21211	24154
1:05:25	30.1	11978	14286	16679	19751	21254	23373	13427	15726	17659	20432	21327	24149
1:05:30	30.1	12076	14536	16583	19875	21032	23552	13280	15801	17516	20228	21252	23939
1:05:35	30.0	11979	14378	16715	19738	20897	23737	13403	15712	17708	20218	21204	23950
1:05:40	30.1	11997	14177	16614	19858	21208	23458	13311	15604	17525	20120	21318	24093
1:05:45	30.0	11905	14347	16523	19829	20873	23540	13348	15806	17582	20505	21305	24153
1:05:50	30.0	11877	14245	16567	19758	21057	23555	13383	15727	17528	20414	21325	23775
1:05:55	30.1	12117	14583	16579	19766	21226	23436	13183	15651	17722	20262	21345	23808
1:06:00	30.1	11938	14360	16562	19570	21182	23462	13389	15600	17627	20121	21132	24200
1:06:05	30.1	11816	14381	16623	19721	21078	23611	13399	15729	17692	20504	21273	23940
1:06:10	30.1	12057	14461	16696	19730	21150	23727	13400	15688	17417	20518	21109	23854
1:06:15	30.1	12053	14313	16711	19676	21080	23680	13208	15591	17640	20445	21379	23858
1:06:20	30.0	12038	14485	16688	19672	20822	23582	13383	15635	17453	20534	21356	23940
1:06:25	30.1	11892	14531	16806	19833	20949	23454	13361	15488	17600	20227	21229	24176
1:06:30	30.1	11891	14403	16693	19535	21134	23694	13169	15736	17731	20411	21508	24059
1:06:35	30.0	11978	14182	16701	19773	20941	23714	13334	15596	17878	20168	21012	23947
1:06:40	30.1	12070	14375	16604	19743	20967	23743	13260	15720	17431	20348	21216	24003
1:06:45	30.1	12038	14314	16630	19751	21102	23612	13293	15670	17538	20330	21360	23617
1:06:50	30.1	12022	14338	16597	19818	20907	23552	13325	15650	17435	20175	21262	23895
1:06:55	30.1	11895	14385	16503	19694	21106	23550	13203	15712	17638	20155	21038	23776
1:07:00	30.1	12010	14418	16659	19766	21142	23471	13309	15676	17667	20223	21227	24101
1:07:05	30.0	12097	14369	16684	19672	21018	23508	13406	15753	17503	20412	21398	23840
1:07:10	30.1	11926	14274	16531	19563	21144	23561	13302	15600	17430	20344	21288	23995
1:07:15	30.1	11979	14350	16702	19725	21099	23249	13330	15496	17604	20398	21385	24093
1:07:20	30.0	11983	14386	16472	19620	21282	23355	13405	15641	17421	20476	21141	24052
1:07:25	30.1	11909	14204	16435	19633	21125	23731	13290	15580	17645	20173	21267	24196
1:07:30	30.1	11947	14389	16819	19630	21227	23571	13508	15543	17554	20347	21207	24003
1:07:35	30.1	11884	14324	16716	19625	20994	23629	13467	15438	17537	20175	21144	24052
1:07:40	30.1	11972	14418	16497	19452	20961	23439	13312	15598	17569	20259	21393	23874
1:07:45	30.0	12054	14308	16588	19727	21050	23303	13256	15572	17506	20268	21306	23981
1:07:50	30.1	11944	14506	16641	19833	21068	23233	13380	15562	17588	20305	21329	24122
1:07:55	30.1	11790	14229	16662	19558	21109	23564	13225	15537	17704	20399	21407	24002
1:08:00	30.1	11899	14318	16588	19560	21126	23507	13360	15665	17479	20138	21128	23934
1:08:05	30.1	11922	14226	16542	19632	21049	23707	13222	15546	17515	20417	21219	24178
1:08:10	30.0	12148	14340	16684	19581	21192	23341	13325	15547	17473	20163	21276	23999
1:08:15	30.1	11993	14368	16685	19479	21391	23437	13268	15492	17722	20271	21174	23971
1:08:20	30.1	12050	14117	16641	19650	20975	23188	13349	15539	17725	20362	21063	24004
1:08:25	30.1	11853	14333	16431	19666	20920	23694	13321	15611	17667	20509	21022	24267
1:08:30	30.1	11945	14177	16550	19721	21250	23377	13308	15568	17580	20320	21226	23911
1:08:35	30.0	11994	14242	16776	19562	21284	23420	13262	15579	17480	20173	21115	23762
1:08:40	30.1	12015	14280	16480	19482	21084	23129	13241	15737	17524	20298	21260	24069
1:08:45	30.1	11877	14181	16884	19697	21083	23432	13284	15555	17611	20361	21398	24245
1:08:50	30.1	11827	14445	16323	19622	20911	23375	13238	15584	17559	20323	21124	23889
1:08:55	30.0	12022	14403	16626	19719	21077	23528	13301	15465	17649	20203	21519	24034
1:09:00	30.1	12039	14237	16641	19579	20959	23641	13331	15530	17403	20377	21137	24080
1:09:05	30.1	11850	14384	16665	19468	21262	23324	13232	15570	17501	20263	21222	23774
1:09:10	30.1	11788	14371	16550	19536	21075	23566	13334	15755	17279	20325	21115	23846
1:09:15	30.1	11909	14271	16550	19445	21029	23276	13308	15736	17551	20316	21212	23762
1:09:20	30.1	11981	14175	16656	19798	20939	23692	13226	15559	17575	20148	21311	23961
1:09:25	30.1	11960	14257	16467	19597	20999	23372	13362	15746	17531	20064	21297	23902
1:09:30	30.1	12056	14316	16513	19592	20755	23650	13249	15579	17587	20345	21053	23863
1:09:35	30.1	11830	14330	16470	19723	20792	23633	13101	15538	17410	20405	21203	24107
1:09:40	30.1	11919	14331	16513	19665	20849	23578	13294	15682	17427	20157	20924	23958
1:09:45	30.0	11941	14181	16615	19650	21231	23692	13351	15613	17434	20046	21287	24016
1:09:50	30.1	11803	14342	16518	19619	21074	23382	13294	15529	17629	20343	21150	23944
1:09:55	30.1	12036	14250	16711	19562	21169	23423	13207	15594	17331	20361	21193	23872
1:10:00	30.1	11882	14062	16446	19567	21139	23697	13094	15627	17539	20205	21092	23943

Results
	1	2	3	4	5	6	7	8	9	10	11	12
A													Max V [295,335]
													R-Squared [295,335]
													t at Max V [295,335]
													Lagtime [295,335]
B													Max V [295,335]
													R-Squared [295,335]
													t at Max V [295,335]
													Lagtime [295,335]
C	5388000.000	-7332000.000	-6732000.000	-6912000.000	-8856000.000	-11664000.000	-5040000.000	-7584000.000	6084000.000	-6696000.000	-7380000.000	-8724000.000	Max V [295,335]
	1.000	1.000	1.000	1.000	1.000	1.000	1.000	1.000	1.000	1.000	1.000	1.000	R-Squared [295,335]
	0:33:38	0:00:23	1:08:48	0:05:43	0:10:28	0:02:18	0:03:23	0:01:53	0:07:28	0:13:28	0:02:18	0:21:48	t at Max V [295,335]
	0:34:43	0:00:22	1:07:35	0:04:51	0:09:36	0:02:00	0:02:45	0:01:34	0:08:32	0:12:22	0:01:55	0:20:48	Lagtime [295,335]
D													Max V [295,335]
													R-Squared [295,335]
													t at Max V [295,335]
													Lagtime [295,335]
E													Max V [295,335]
													R-Squared [295,335]
													t at Max V [295,335]
													Lagtime [295,335]
F													Max V [295,335]
													R-Squared [295,335]
													t at Max V [295,335]
													Lagtime [295,335]
G													Max V [295,335]
													R-Squared [295,335]
													t at Max V [295,335]
													Lagtime [295,335]
H													Max V [295,335]
													R-Squared [295,335]
													t at Max V [295,335]
													Lagtime [295,335]

