

Software Version	3.03.14

Procedure Details

Plate Type	96 WELL PLATE
Set Temperature	Setpoint 30°C
	Preheat before moving to next step
Start Kinetic	Runtime 1:00:00 (HH:MM:SS), Interval 0:00:05, 721 Reads
    Read	Fluorescence Endpoint
	A1..A12
	Filter Set 1
	    Excitation: 295,  Emission: 335
	    Optics: Top,  Gain: 80
	Light Source: Xenon Flash,  Lamp Energy: High
	Read Speed: Normal,  Delay: 0 msec,  Measurements/Data Point: 5
	Read Height: 8 mm
End Kinetic	

Layout
	1	2	3	4	5	6	7	8	9	10	11	12
A	SPL1	SPL2	SPL3	SPL4	SPL5	SPL6	SPL7	SPL8	SPL9	SPL10	SPL11	SPL12	Well ID
B													Well ID
C													Well ID
D													Well ID
E													Well ID
F													Well ID
G													Well ID
H													Well ID

295,335

Time	T° 295,335	A1	A2	A3	A4	A5	A6	A7	A8	A9	A10	A11	A12
0:00:00	30.1	6880	11079	12386	14541	16225	17622	18900	21565	24435	26273	29067	32177
0:00:05	30.1	6892	10867	12170	14501	16158	17565	18469	21008	23926	26141	29107	32181
0:00:10	30.1	6794	10883	12029	14352	15950	17548	18435	21024	24175	26296	28834	31966
0:00:15	30.1	6656	10715	11981	14260	15695	17457	18366	21263	23785	26302	28339	31628
0:00:20	30.1	6479	10497	11817	14075	15432	17306	18065	21155	23268	26341	28559	31229
0:00:25	30.1	6192	10481	11770	13741	15238	17278	18032	20981	23249	26111	28012	31094
0:00:30	30.1	6320	10288	11582	13630	15141	16912	17812	20919	23018	26055	27817	30894
0:00:35	30.1	6127	10078	11532	13468	14990	16621	17793	20691	22627	25777	27461	30750
0:00:40	30.0	5950	9860	11210	13354	14811	16457	17448	20451	22501	25447	27552	30265
0:00:45	30.0	5949	9888	11271	13057	14602	16283	17332	20189	22630	25371	27300	30388
0:00:50	30.1	5810	9697	11005	12992	14525	16125	17171	19770	22189	24842	27130	30106
0:00:55	30.1	5813	9609	10915	12985	14431	16074	16983	19562	22057	24849	26985	29998
0:01:00	30.1	5738	9512	10860	12729	14409	15746	16834	19542	21898	24720	26950	29845
0:01:05	30.1	5697	9332	10775	12637	14278	15425	16570	19408	21643	24782	26739	29490
0:01:10	30.1	5578	9387	10707	12411	14112	15477	16583	18925	21705	24533	26482	29512
0:01:15	30.1	5562	9147	10602	12306	13935	15384	16432	18977	21588	24308	26317	29055
0:01:20	30.1	5410	9106	10546	12267	13790	15439	16284	19070	21452	24028	26010	28933
0:01:25	30.1	5422	8965	10293	12252	13720	15202	16140	18868	21279	23991	26132	28808
0:01:30	30.0	5452	8928	10313	12103	13691	15127	16033	18781	21287	23728	26089	28776
0:01:35	30.1	5374	8771	10261	12042	13531	14961	15942	18662	21081	23505	25886	28813
0:01:40	30.1	5333	8733	10098	11962	13387	14769	15853	18300	20887	23427	25799	28643
0:01:45	30.1	5238	8659	10050	11755	13536	14743	15759	18386	20801	23441	25817	28279
0:01:50	30.1	5099	8648	9997	11837	13190	14687	15516	18412	20777	23183	25847	28267
0:01:55	30.1	5130	8589	9955	11649	13369	14675	15484	18152	20621	23039	25324	27963
0:02:00	30.1	4991	8590	9947	11804	13027	14625	15501	18016	20745	22985	25175	28078
0:02:05	30.1	5033	8507	9792	11673	13138	14377	15305	18027	20524	22710	25194	28042
0:02:10	30.1	5090	8497	9735	11404	13106	14508	15432	17853	20401	22717	25029	27836
0:02:15	30.0	4983	8428	9782	11477	12938	14194	14995	17775	20243	22429	24897	28197
0:02:20	30.0	4967	8407	9818	11350	12883	14293	15021	17558	20076	22470	25285	28068
0:02:25	30.1	4985	8263	9784	11317	12796	13962	15115	17747	20121	22510	24722	27865
0:02:30	30.1	4918	8288	9731	11188	12931	14094	15105	17561	19984	22320	24584	27678
0:02:35	30.1	4895	8257	9344	11279	12652	14022	14867	17413	19923	22116	24537	27650
0:02:40	30.1	4896	8206	9464	11291	12488	13976	14790	17513	19852	21799	24473	27430
0:02:45	30.1	4858	8194	9368	11106	12558	13951	14858	17329	19616	22153	24487	27406
0:02:50	30.1	4883	8127	9424	10890	12456	13734	14695	17270	19702	22128	24075	27444
0:02:55	30.1	4805	8051	9422	10959	12418	13873	14657	17224	19487	21999	24206	27007
0:03:00	30.1	4808	8168	9393	10921	12332	13617	14765	17372	19208	21807	24327	27036
0:03:05	30.1	4788	7995	9315	10942	12381	13559	14426	17096	19445	21726	24050	26960
0:03:10	30.1	4770	8036	9257	10956	12300	13466	14591	17192	19338	21715	23884	27053
0:03:15	30.1	4699	7882	9144	10737	12295	13492	14431	16830	19265	21675	24005	26949
0:03:20	30.0	4789	7853	9177	10827	12231	13539	14482	16750	19239	21525	23937	26749
0:03:25	30.1	4689	7899	8997	10749	12196	13424	14291	16860	19120	21483	23827	27030
0:03:30	30.0	4733	7908	9117	10686	12078	13461	14283	16715	19401	21462	23679	26861
0:03:35	30.1	4728	7812	9078	10637	11889	13304	14340	16736	19229	21189	23706	26500
0:03:40	30.1	4719	7817	9095	10659	12052	13335	14362	16611	19095	21377	23745	26510
0:03:45	30.0	4709	7854	9031	10516	11896	13283	14288	16615	18944	21281	23439	26661
0:03:50	30.0	4720	7755	8940	10686	11963	13141	14133	16636	18980	21398	23288	26180
0:03:55	30.0	4635	7627	8949	10528	11845	13142	14064	16408	19018	21266	23215	26355
0:04:00	30.0	4656	7686	8937	10621	11782	13079	14100	16380	18900	21110	23248	26442
0:04:05	30.0	4623	7645	8841	10492	11773	13101	14017	16613	18815	20974	23200	26264
0:04:10	30.0	4596	7645	8837	10516	11666	13150	14046	16541	18742	20929	23077	26100
0:04:15	30.0	4565	7742	8843	10468	11766	13000	13871	16428	19031	20975	23205	26125
0:04:20	30.0	4654	7641	8809	10395	11754	13104	13969	16358	18828	20932	23173	25824
0:04:25	30.0	4561	7546	8889	10506	11778	13079	13858	16356	18860	20631	22843	26017
0:04:30	30.0	4693	7561	8794	10438	11620	12961	13913	16308	18480	20699	22905	25854
0:04:35	30.0	4585	7491	8804	10458	11654	12953	13888	16088	18373	20755	22663	25864
0:04:40	30.0	4593	7483	8754	10260	11668	13133	13815	16268	18602	20684	22899	25665
0:04:45	30.0	4525	7512	8861	10296	11598	12809	13728	16125	18456	20407	22904	25864
0:04:50	30.0	4568	7476	8737	10338	11442	12966	13815	16164	18412	20549	22763	25838
0:04:55	30.0	4556	7467	8701	10123	11652	12756	13752	16081	18317	20534	22670	25984
0:05:00	30.0	4610	7472	8735	10182	11546	12698	13737	16190	18300	20541	22920	25687
0:05:05	30.0	4572	7434	8723	10204	11467	12689	13820	15938	18129	20547	22728	25476
0:05:10	30.0	4494	7491	8585	10139	11488	12814	13680	16098	18261	20359	22597	25884
0:05:15	30.0	4549	7460	8704	10143	11441	12650	13453	15968	18067	20302	22541	25465
0:05:20	30.0	4519	7469	8653	10121	11433	12513	13519	15953	18222	20434	22484	25542
0:05:25	30.0	4467	7441	8642	10126	11463	12606	13596	15908	18102	20351	22547	25538
0:05:30	30.0	4496	7387	8616	10152	11376	12654	13460	16055	17942	20318	22306	25187
0:05:35	30.0	4546	7417	8503	10025	11436	12482	13603	15822	18000	20260	22338	25263
0:05:40	30.0	4501	7428	8593	10209	11353	12651	13630	15850	18007	20230	22273	25437
0:05:45	30.0	4509	7447	8542	10148	11275	12704	13654	15920	18063	20495	22461	25342
0:05:50	30.0	4499	7357	8655	10149	11404	12567	13290	15944	18081	20216	22218	25252
0:05:55	30.0	4482	7363	8517	10083	11419	12603	13486	15952	18113	19811	22213	25328
0:06:00	30.0	4516	7330	8558	10083	11373	12536	13425	15815	17827	20144	22101	24820
0:06:05	30.0	4483	7380	8445	10056	11381	12432	13394	15865	17970	20063	22137	25054
0:06:10	30.0	4557	7410	8486	10030	11275	12502	13415	15751	17919	19874	21986	25075
0:06:15	30.0	4488	7278	8487	9900	11212	12302	13416	15727	17823	19735	22161	25028
0:06:20	30.0	4482	7298	8464	9945	11288	12579	13537	15853	17985	20076	22149	25180
0:06:25	30.0	4462	7375	8487	10011	11218	12454	13361	15514	17804	20185	22273	24985
0:06:30	30.0	4424	7315	8567	9985	11315	12283	13447	15630	17954	19870	22051	24956
0:06:35	30.0	4490	7360	8520	10039	11208	12532	13389	15713	17852	19906	21977	24919
0:06:40	30.0	4427	7324	8370	10036	11109	12356	13373	15647	17723	19718	21949	24993
0:06:45	30.0	4456	7337	8363	9997	11135	12280	13253	15459	17734	19710	22143	25196
0:06:50	30.0	4486	7332	8416	9969	11305	12381	13313	15593	17881	19835	21854	24892
0:06:55	30.0	4514	7237	8423	10029	11236	12195	13307	15645	17727	19827	21857	24836
0:07:00	30.0	4486	7286	8326	9963	11196	12355	13300	15656	17664	19884	21662	24915
0:07:05	30.0	4489	7235	8324	9874	11173	12231	13284	15308	17802	19803	21883	24701
0:07:10	30.0	4452	7330	8314	9914	11080	12283	13423	15478	17628	19916	21805	24497
0:07:15	30.0	4470	7266	8418	9960	11146	12319	13107	15519	17540	19904	21766	24835
0:07:20	30.1	4466	7229	8573	9946	11001	12237	13224	15542	17505	19628	21750	24541
0:07:25	30.1	4507	7258	8460	9918	11229	12207	13142	15432	17527	19518	21842	24685
0:07:30	30.0	4496	7220	8416	9810	11130	12195	13327	15374	17530	19752	21855	24879
0:07:35	30.1	4427	7217	8375	9908	11008	12331	13110	15530	17654	19645	21979	24655
0:07:40	30.1	4467	7336	8432	9882	11310	12262	13198	15482	17569	19757	21903	24564
0:07:45	30.0	4441	7236	8446	9848	10977	12228	13075	15434	17661	19584	21840	24513
0:07:50	30.1	4443	7241	8457	9835	11036	12265	13191	15479	17520	19499	21433	24566
0:07:55	30.1	4482	7193	8440	9760	11088	12175	13214	15438	17576	19596	21744	24461
0:08:00	30.1	4467	7302	8369	9808	11042	12085	13109	15399	17402	19774	21629	24543
0:08:05	30.1	4423	7227	8383	9903	11111	12120	13217	15487	17582	19542	21614	24617
0:08:10	30.1	4470	7207	8506	9847	10997	12079	13153	15265	17434	19624	21552	24530
0:08:15	30.0	4457	7263	8308	9708	11200	12131	13232	15341	17367	19884	21499	24549
0:08:20	30.1	4518	7165	8461	9775	10979	12213	13056	15189	17359	19774	21543	24435
0:08:25	30.1	4484	7216	8299	9919	11013	12178	13079	15326	17577	19363	21470	24333
0:08:30	30.1	4512	7196	8344	9839	11052	12140	13241	15477	17577	19613	21400	24351
0:08:35	30.1	4538	7114	8332	9793	11051	12103	13062	15230	17369	19602	21385	24343
0:08:40	30.1	4459	7254	8292	9901	10928	12057	13041	15445	17432	19525	21427	24335
0:08:45	30.1	4501	7216	8405	9785	11006	12079	13080	15273	17488	19569	21383	24436
0:08:50	30.1	4509	7219	8404	9798	10990	12302	13038	15060	17350	19567	21655	24280
0:08:55	30.1	4466	7252	8327	9820	10932	12141	13007	15115	17291	19359	21547	24187
0:09:00	30.0	4527	7155	8426	9900	11072	12185	13047	15369	17249	19576	21443	24247
0:09:05	30.1	4495	7259	8289	9695	10919	12136	13175	15376	17292	19551	21407	24136
0:09:10	30.1	4477	7097	8328	9831	10873	12010	12944	15299	17232	19339	21572	24103
0:09:15	30.1	4542	7173	8396	9819	10918	12177	13077	15293	17463	19359	21502	24254
0:09:20	30.1	4508	7234	8367	9702	11045	12093	13060	15449	17356	19331	21273	23896
0:09:25	30.0	4508	7190	8254	9788	10840	11929	12941	15189	17221	19217	21330	24225
0:09:30	30.1	4417	7254	8394	9696	10934	12080	12988	15166	17357	19550	21397	24150
0:09:35	30.1	4494	7200	8351	9660	10822	11904	13086	15211	17137	19310	21428	24169
0:09:40	30.1	4456	7224	8455	9841	11017	12126	13077	15314	17080	19428	21396	24227
0:09:45	30.1	4474	7172	8312	9681	10979	11927	12968	15444	17188	19290	21281	24022
0:09:50	30.0	4513	7202	8419	9663	10924	11970	13004	15201	17245	19394	21233	23935
0:09:55	30.1	4445	7349	8252	9781	10988	12156	13085	15243	17203	19453	21261	23880
0:10:00	30.1	4416	7245	8346	9748	10940	12040	12884	15176	17189	19045	21352	24051
0:10:05	30.1	4508	7155	8317	9772	10969	12044	12924	15211	17111	19397	21289	24021
0:10:10	30.0	4461	7242	8468	9732	10985	12085	12921	15419	17221	19292	21352	23989
0:10:15	30.1	4450	7167	8307	9866	10951	12058	12939	15318	17297	19388	21347	23994
0:10:20	30.1	4409	7255	8466	9786	10956	12015	13117	15083	17133	19462	21238	23998
0:10:25	30.1	4505	7287	8388	9581	10867	11929	13082	15174	17171	19260	21388	23756
0:10:30	30.1	4451	7148	8342	9584	10925	11998	13055	15223	17292	19428	20993	23631
0:10:35	30.0	4487	7188	8393	9753	10807	12059	12980	15226	17267	19344	21182	23891
0:10:40	30.1	4467	7243	8359	9584	10790	12024	12937	15109	17186	19254	21111	23854
0:10:45	30.1	4508	7257	8374	9735	10901	12011	12882	15176	17133	19305	21271	23807
0:10:50	30.1	4437	7213	8431	9796	10810	11994	12954	14901	17086	19234	21096	23569
0:10:55	30.1	4431	7140	8305	9720	10732	11899	12816	15130	17204	19281	21176	23837
0:11:00	30.0	4437	7233	8304	9668	10859	12006	12957	15044	16875	19369	20977	23930
0:11:05	30.1	4414	7084	8281	9534	10873	11981	12940	15058	17203	19287	21203	23602
0:11:10	30.1	4483	7148	8462	9774	11045	12125	12880	15121	17291	19146	21104	23694
0:11:15	30.1	4468	7189	8376	9695	10837	11962	12866	15147	17055	19241	21126	23600
0:11:20	30.0	4564	7134	8424	9845	10987	11924	12977	15265	17161	19310	20978	23701
0:11:25	30.1	4484	7228	8246	9719	10954	12008	12891	14930	17196	19363	21206	23767
0:11:30	30.1	4513	7183	8430	9765	10902	11983	12873	15096	17097	19211	21225	23487
0:11:35	30.1	4569	7203	8338	9852	10830	11902	12806	15035	16997	19064	20806	23496
0:11:40	30.1	4362	7083	8367	9682	10740	12002	12853	15338	16954	19122	21153	23793
0:11:45	30.1	4473	7168	8415	9582	10858	12037	12949	14949	16900	19355	21104	23649
0:11:50	30.0	4462	7146	8370	9747	10923	11922	12866	14948	17186	19224	21007	23790
0:11:55	30.1	4525	7181	8446	9618	10868	11845	12851	14990	17002	19174	21006	23672
0:12:00	30.1	4478	7282	8401	9743	10937	11848	12885	15251	17129	19100	21062	23793
0:12:05	30.0	4490	7231	8314	9710	10753	11901	12864	14950	17214	19183	21177	23785
0:12:10	30.1	4501	7140	8266	9713	10808	12037	12823	15024	16885	19295	20982	23631
0:12:15	30.1	4505	7175	8416	9630	10798	11945	12757	15055	17049	19397	21108	23707
0:12:20	30.1	4508	7245	8447	9722	10752	11852	12936	15033	17178	19321	21022	23441
0:12:25	30.1	4388	7066	8274	9722	10716	12041	12870	15087	16951	19061	21188	23346
0:12:30	30.1	4440	7176	8423	9524	10828	12011	12834	15030	17254	19110	20874	23369
0:12:35	30.1	4482	7351	8359	9801	10808	11919	12858	15092	17233	19321	20771	23443
0:12:40	30.1	4501	7196	8244	9639	10882	11957	13046	15065	17044	19164	21108	23716
0:12:45	30.1	4449	7224	8335	9648	10690	11944	12901	14874	16929	19295	21031	23320
0:12:50	30.0	4467	7120	8434	9596	10817	11945	12818	14859	17254	19149	20903	23377
0:12:55	30.1	4457	7244	8416	9608	10846	11899	12806	14942	16926	19225	20953	23322
0:13:00	30.1	4460	7204	8355	9595	10805	11947	12943	14852	17027	19206	21114	23302
0:13:05	30.1	4403	7209	8412	9596	10717	11881	12658	15020	16994	19078	21012	23468
0:13:10	30.1	4504	7168	8297	9630	10824	11966	12911	14946	17049	19049	20944	23289
0:13:15	30.1	4475	7091	8308	9675	10781	11773	12888	14920	17015	19223	20879	23407
0:13:20	30.0	4472	7249	8386	9629	10795	11965	12829	14945	16969	19094	20952	23427
0:13:25	30.1	4487	7209	8386	9606	10751	11994	12842	14880	16934	19081	20815	23409
0:13:30	30.1	4496	7203	8420	9645	10776	11896	12767	15107	17051	19238	21038	23489
0:13:35	30.1	4503	7288	8350	9652	10893	11824	12877	14859	17014	18894	20830	23404
0:13:40	30.1	4493	7266	8281	9685	10910	11978	12790	14882	16966	19233	20764	23302
0:13:45	30.1	4530	7209	8368	9662	10789	11857	12951	14999	17038	19115	20833	23257
0:13:50	30.1	4520	7208	8434	9624	10884	12033	12918	14897	16797	19284	20595	23351
0:13:55	30.1	4481	7186	8522	9557	10806	11895	12932	14997	16860	19128	21013	23346
0:14:00	30.1	4430	7274	8397	9805	10852	11795	12800	14939	16991	19269	20981	23419
0:14:05	30.1	4449	7185	8446	9685	10898	11896	12854	14974	16970	19163	20788	23395
0:14:10	30.1	4457	7193	8420	9672	10836	11869	12891	15084	17051	18916	20867	23500
0:14:15	30.1	4487	7257	8395	9577	10698	11884	12891	14995	16952	19072	20813	23350
0:14:20	30.0	4493	7249	8266	9536	10722	11687	12906	14909	17106	19145	20839	23129
0:14:25	30.1	4454	7280	8346	9618	10791	11784	12742	14956	17100	19150	20983	23126
0:14:30	30.1	4462	7243	8403	9733	10824	11897	12714	14933	17179	19156	20973	23334
0:14:35	30.1	4536	7214	8371	9441	10789	11928	12852	14936	16896	19134	20736	23301
0:14:40	30.1	4484	7354	8386	9674	10869	11921	12850	14930	16897	19265	20835	23198
0:14:45	30.1	4478	7288	8457	9634	10702	11686	12794	14985	17001	19003	20725	23197
0:14:50	30.1	4479	7269	8372	9619	10738	11923	12653	14934	16762	18924	20616	23160
0:14:55	30.0	4515	7251	8383	9526	10723	11980	12877	14951	17018	18985	20751	23179
0:15:00	30.1	4487	7252	8284	9620	10864	11852	12793	14930	16964	18997	20989	23148
0:15:05	30.1	4400	7316	8411	9550	10760	11822	12811	14918	16941	19078	20701	23269
0:15:10	30.1	4482	7300	8255	9557	10730	11808	12901	14901	17017	18979	20770	23185
0:15:15	30.1	4538	7399	8318	9759	10843	11718	12716	14903	16940	18983	20732	23176
0:15:20	30.1	4391	7356	8261	9736	10728	11957	12712	14806	16806	19081	20681	23165
0:15:25	30.1	4505	7270	8570	9632	10737	11823	12663	14944	16854	19046	20956	23088
0:15:30	30.1	4516	7282	8347	9644	10672	11869	12772	14879	16856	18918	20800	23323
0:15:35	30.1	4479	7326	8334	9666	10689	11891	12772	15086	16940	19106	20730	23238
0:15:40	30.0	4446	7291	8387	9564	10781	11910	12804	14983	17001	19124	20593	22993
0:15:45	30.1	4394	7322	8368	9672	10790	11844	12801	14935	16924	19121	20704	23294
0:15:50	30.1	4469	7388	8313	9593	10850	11870	12810	14866	17075	18949	20785	22980
0:15:55	30.0	4480	7221	8389	9577	10929	11667	12672	14949	16726	19035	20766	23223
0:16:00	30.1	4416	7353	8304	9712	10748	11961	12697	14905	16922	19185	20646	22916
0:16:05	30.1	4512	7336	8239	9526	10756	11742	12808	15143	16817	18892	20545	22973
0:16:10	30.1	4381	7297	8358	9630	10795	11815	12864	14933	16873	19065	20823	23169
0:16:15	30.1	4416	7285	8353	9519	10687	11887	12723	14922	16804	19046	20573	23001
0:16:20	30.1	4420	7236	8367	9559	10664	11823	12731	15055	16705	19236	20895	23052
0:16:25	30.1	4451	7313	8363	9530	10690	11759	12741	14865	16788	19339	20592	23000
0:16:30	30.0	4455	7248	8333	9740	10735	11796	12761	14914	16892	19241	20729	22944
0:16:35	30.1	4463	7273	8466	9624	10682	11802	12760	14825	16905	18808	20608	23063
0:16:40	30.1	4445	7350	8400	9515	10738	11789	12738	14805	16842	19098	20547	22764
0:16:45	30.1	4413	7360	8377	9529	10786	11862	12658	14978	16816	19120	20759	22906
0:16:50	30.1	4431	7282	8333	9663	10736	11775	12712	14697	16876	19056	20756	22921
0:16:55	30.1	4523	7300	8216	9575	10558	11820	12745	14827	16932	18894	20654	23114
0:17:00	30.1	4430	7352	8191	9504	10819	11778	12698	14830	16924	19036	20534	23011
0:17:05	30.1	4470	7227	8362	9475	10833	11704	12579	14930	16863	18982	20482	22958
0:17:10	30.1	4401	7351	8352	9565	10760	11942	12856	14791	16891	18885	20604	22773
0:17:15	30.0	4415	7259	8228	9568	10691	11985	12791	14921	17051	18972	20631	22877
0:17:20	30.1	4495	7270	8351	9534	10600	11764	12727	14743	16834	18766	20735	22991
0:17:25	30.1	4464	7163	8382	9563	10811	11888	12794	14825	16793	19131	20666	23016
0:17:30	30.0	4464	7211	8358	9549	10745	11717	12716	14827	16933	18957	20488	22940
0:17:35	30.1	4431	7310	8360	9652	10615	11702	12716	14823	16925	19064	20837	22776
0:17:40	30.1	4453	7267	8360	9643	10634	11724	12565	15034	16889	18915	20607	22832
0:17:45	30.1	4456	7254	8308	9699	10760	11922	12598	14563	16874	19011	20743	22813
0:17:50	30.1	4384	7308	8445	9660	10733	11709	12591	14880	16749	18967	20614	22720
0:17:55	30.1	4427	7354	8359	9453	10652	11909	12846	14955	16806	18955	20711	22834
0:18:00	30.0	4475	7313	8386	9507	10735	11948	12816	15046	16865	18674	20490	23053
0:18:05	30.1	4484	7218	8332	9675	10753	11651	12726	14820	16779	18952	20575	22959
0:18:10	30.1	4394	7226	8270	9648	10740	11755	12661	14926	16806	18934	20533	22794
0:18:15	30.0	4414	7299	8319	9576	10778	11935	12704	14729	16850	18877	20678	22726
0:18:20	30.1	4427	7379	8351	9619	10634	11789	12698	14942	17009	18822	20609	22861
0:18:25	30.1	4440	7325	8264	9688	10841	11717	12645	14730	16964	19003	20525	23043
0:18:30	30.1	4446	7361	8340	9613	10773	11798	12589	14786	16826	18907	20740	22838
0:18:35	30.1	4413	7336	8390	9535	10701	11761	12620	14930	17065	18986	20541	22899
0:18:40	30.0	4433	7336	8313	9585	10767	11744	12735	14856	16877	18990	20463	22831
0:18:45	30.1	4463	7283	8238	9591	10681	11729	12733	14632	17044	19015	20529	22803
0:18:50	30.1	4440	7270	8290	9647	10707	11694	12593	14837	16777	18752	20594	23045
0:18:55	30.1	4480	7308	8402	9666	10759	11856	12669	14891	16772	18953	20782	22706
0:19:00	30.1	4442	7280	8186	9548	10758	11682	12623	14828	16799	18837	20570	22802
0:19:05	30.0	4437	7290	8268	9621	10764	11692	12489	14671	16753	18753	20679	22797
0:19:10	30.1	4376	7406	8305	9673	10692	11703	12773	14911	16648	18981	20641	22681
0:19:15	30.1	4422	7390	8334	9460	10760	11820	12626	14814	16938	18939	20401	22625
0:19:20	30.1	4348	7326	8352	9520	10740	11842	12589	14828	16756	18819	20408	22716
0:19:25	30.1	4438	7315	8289	9546	10784	11780	12587	14743	16746	18799	20411	22843
0:19:30	30.0	4426	7245	8384	9538	10642	11582	12717	14787	16876	19050	20637	22769
0:19:35	30.1	4382	7261	8310	9584	10781	11828	12699	14878	16765	18982	20449	22795
0:19:40	30.1	4474	7276	8351	9468	10625	11657	12796	14866	16738	18864	20580	22780
0:19:45	30.1	4332	7298	8391	9643	10752	11598	12593	14784	16639	19100	20440	22821
0:19:50	30.0	4437	7259	8268	9549	10772	11606	12707	14853	16889	18838	20540	22577
0:19:55	30.1	4399	7210	8341	9654	10639	11711	12638	14712	16972	18739	20546	22575
0:20:00	30.1	4451	7339	8265	9376	10665	11877	12803	14744	16758	18767	20167	22855
0:20:05	30.1	4435	7341	8336	9483	10544	11863	12566	14821	16856	19079	20624	22812
0:20:10	30.1	4427	7259	8365	9446	10712	11826	12601	14829	16800	18841	20316	22773
0:20:15	30.1	4478	7285	8312	9538	10673	11818	12677	14915	16757	18789	20431	22850
0:20:20	30.1	4380	7234	8364	9653	10752	11724	12696	14802	16833	18927	20436	22681
0:20:25	30.1	4374	7264	8330	9463	10659	11690	12960	14592	16726	19027	20808	22621
0:20:30	30.1	4418	7330	8244	9445	10559	11709	12819	14745	16747	18865	20787	22697
0:20:35	30.0	4475	7360	8319	9385	10595	11665	12644	14771	16687	18875	20417	22676
0:20:40	30.1	4379	7397	8314	9577	10630	11763	12646	14774	16673	18805	20520	22846
0:20:45	30.1	4395	7398	8284	9501	10593	11746	12690	14769	16783	18653	20506	22446
0:20:50	30.1	4357	7208	8421	9576	10686	11824	12537	14896	16789	18903	20333	22632
0:20:55	30.1	4503	7137	8260	9571	10583	11740	12639	14789	16780	18868	20458	22605
0:21:00	30.1	4377	7306	8227	9486	10752	11766	12753	14792	16567	18756	20534	22596
0:21:05	30.1	4375	7278	8224	9480	10660	11681	12668	14849	16579	18586	20385	22676
0:21:10	30.1	4358	7305	8271	9457	10686	11785	12667	14750	16581	18974	20561	22630
0:21:15	30.1	4364	7187	8291	9461	10567	11660	12650	14729	16849	18928	20439	22512
0:21:20	30.0	4323	7340	8261	9570	10581	11817	12695	14559	16693	18822	20324	22650
0:21:25	30.1	4409	7374	8296	9466	10739	11536	12617	14691	16595	18976	20480	22540
0:21:30	30.1	4420	7294	8331	9461	10593	11840	12497	15046	16750	18869	20432	22675
0:21:35	30.1	4423	7237	8276	9495	10705	11743	12576	14865	16761	18800	20210	22413
0:21:40	30.1	4402	7282	8356	9596	10616	11760	12686	14720	16934	18915	20486	22754
0:21:45	30.1	4370	7308	8415	9531	10583	11711	12558	14753	16843	18907	20427	22904
0:21:50	30.0	4411	7245	8192	9445	10623	11623	12607	14854	16713	18873	20321	22581
0:21:55	30.1	4438	7253	8243	9468	10691	11666	12741	14863	16594	18741	20676	22661
0:22:00	30.1	4367	7207	8213	9479	10628	11772	12697	14823	16765	18813	20439	22583
0:22:05	30.1	4506	7281	8318	9561	10761	11688	12663	14685	16827	18818	20396	22811
0:22:10	30.0	4403	7219	8327	9551	10582	11656	12505	14709	16694	18786	20441	22693
0:22:15	30.1	4381	7250	8236	9359	10555	11576	12700	14763	16787	18793	20335	22671
0:22:20	30.1	4488	7407	8230	9550	10661	11648	12604	14705	16780	18756	20330	22697
0:22:25	30.1	4410	7243	8338	9526	10637	11680	12552	14582	16552	18654	20457	22406
0:22:30	30.1	4424	7206	8321	9403	10651	11592	12651	14646	16747	18889	20453	22628
0:22:35	30.0	4407	7308	8248	9472	10515	11778	12636	14635	16767	18969	20360	22611
0:22:40	30.1	4423	7311	8356	9580	10699	11748	12548	14769	16704	18723	20341	22504
0:22:45	30.1	4480	7343	8313	9523	10685	11553	12577	14657	16727	18863	20476	22539
0:22:50	30.1	4404	7345	8302	9546	10637	11692	12702	14640	16636	18775	20413	22458
0:22:55	30.0	4404	7403	8189	9451	10668	11579	12683	14646	16813	18703	20404	22715
0:23:00	30.1	4432	7238	8285	9620	10642	11713	12753	14634	16768	18890	20349	22631
0:23:05	30.1	4419	7243	8292	9604	10660	11708	12713	14606	16768	18872	20376	22724
0:23:10	30.1	4388	7197	8229	9326	10643	11667	12651	14954	16652	18950	20651	22420
0:23:15	30.1	4293	7274	8274	9480	10890	11583	12693	14732	16757	19011	20326	22696
0:23:20	30.1	4353	7403	8313	9431	10566	11707	12689	14757	16673	18579	20446	22720
0:23:25	30.1	4391	7182	8190	9562	10598	11756	12638	14703	16773	18718	20607	22451
0:23:30	30.0	4410	7335	8211	9424	10723	11615	12672	14662	16576	18895	20531	22651
0:23:35	30.1	4419	7255	8257	9496	10687	11543	12641	14803	16915	18742	20158	22584
0:23:40	30.0	4315	7297	8266	9445	10510	11744	12571	14686	16887	18719	20657	22521
0:23:45	30.1	4322	7280	8233	9527	10688	11748	12652	14659	16665	18816	20368	22568
0:23:50	30.1	4413	7265	8193	9527	10568	11744	12747	14709	16782	18790	20242	22748
0:23:55	30.1	4375	7202	8223	9525	10587	11678	12719	14746	16716	18858	20479	22575
0:24:00	30.1	4309	7262	8269	9424	10594	11582	12684	14517	16574	18669	20519	22615
0:24:05	30.1	4399	7162	8193	9401	10674	11674	12501	14770	16696	18700	20474	22466
0:24:10	30.1	4438	7142	8328	9421	10488	11647	12455	14682	16763	18631	20475	22464
0:24:15	30.0	4398	7256	8242	9511	10575	11635	12689	14581	16855	18690	20094	22649
0:24:20	30.1	4444	7225	8260	9487	10661	11668	12674	14743	16705	18696	20263	22365
0:24:25	30.0	4457	7185	8344	9550	10620	11689	12528	14747	16729	18887	20477	22526
0:24:30	30.1	4383	7221	8280	9531	10743	11831	12418	14662	16640	18681	20275	22558
0:24:35	30.1	4372	7272	8368	9462	10625	11709	12496	14559	16654	18848	20240	22549
0:24:40	30.1	4322	7232	8330	9409	10687	11627	12652	14750	16657	18854	20318	22314
0:24:45	30.1	4360	7224	8224	9429	10612	11704	12426	14790	16579	18574	20399	22352
0:24:50	30.1	4384	7214	8191	9497	10688	11547	12684	14627	16771	18823	20277	22781
0:24:55	30.1	4338	7177	8260	9412	10654	11612	12479	14690	16637	18718	20350	22476
0:25:00	30.0	4356	7212	8228	9473	10475	11687	12761	14683	16810	18775	20155	22731
0:25:05	30.1	4353	7199	8288	9352	10718	11741	12553	14773	16522	18725	20338	22513
0:25:10	30.1	4315	7237	8230	9430	10637	11565	12646	14758	16681	18661	20174	22416
0:25:15	30.0	4374	7299	8258	9574	10551	11571	12555	14761	16662	18951	20478	22445
0:25:20	30.1	4333	7190	8337	9497	10617	11573	12666	14747	16664	18756	20319	22382
0:25:25	30.1	4351	7270	8218	9388	10592	11556	12590	14706	16512	18982	20431	22527
0:25:30	30.1	4375	7211	8370	9572	10641	11667	12684	14852	16668	18622	20340	22561
0:25:35	30.1	4389	7295	8300	9475	10608	11683	12505	14567	16742	19024	20236	22379
0:25:40	30.1	4422	7236	8319	9505	10563	11688	12611	14706	16565	18946	20325	22557
0:25:45	30.1	4390	7173	8271	9252	10536	11716	12614	14560	16758	18911	20277	22500
0:25:50	30.0	4368	7235	8274	9457	10735	11514	12537	14539	16889	18694	19961	22313
0:25:55	30.1	4309	7236	8162	9512	10615	11683	12596	14650	16838	18961	20324	22467
0:26:00	30.0	4406	7237	8196	9445	10558	11534	12484	14640	16623	18816	20124	22506
0:26:05	30.1	4364	7255	8183	9446	10532	11692	12364	14526	16637	18719	20168	22373
0:26:10	30.1	4367	7178	8238	9403	10596	11564	12691	14606	16581	18916	20216	22418
0:26:15	30.1	4377	7364	8226	9568	10565	11686	12484	14895	16751	18747	20296	22608
0:26:20	30.1	4379	7246	8182	9414	10560	11747	12492	14727	16617	18699	20220	22480
0:26:25	30.1	4447	7201	8233	9475	10572	11694	12534	14760	16531	18879	20295	22570
0:26:30	30.1	4361	7101	8180	9515	10574	11578	12701	14838	16558	18644	20273	22320
0:26:35	30.1	4437	7231	8236	9414	10608	11618	12620	14538	16678	18614	20364	22450
0:26:40	30.1	4381	7225	8276	9464	10596	11736	12541	14694	16545	18774	20383	22516
0:26:45	30.0	4354	7156	8221	9465	10656	11770	12444	14787	16602	18621	20446	22313
0:26:50	30.1	4342	7149	8135	9424	10660	11614	12546	14685	16436	18563	20607	22366
0:26:55	30.1	4346	7192	8144	9524	10574	11551	12410	14782	16645	18600	19970	22249
0:27:00	30.1	4366	7124	8254	9507	10592	11644	12544	14727	16629	18836	20372	22460
0:27:05	30.1	4326	7145	8289	9561	10582	11540	12448	14640	16553	18816	20239	22397
0:27:10	30.1	4444	7311	8202	9521	10626	11604	12354	14515	16587	18781	20207	22549
0:27:15	30.1	4387	7232	8167	9560	10626	11620	12436	14490	16580	18809	20260	22402
0:27:20	30.1	4385	7206	8111	9377	10545	11559	12509	14644	16683	18529	20285	22350
0:27:25	30.1	4334	7369	8182	9406	10452	11528	12580	14830	16448	18749	20039	22453
0:27:30	30.1	4381	7235	8128	9560	10620	11656	12389	14718	16670	18710	20280	22406
0:27:35	30.1	4405	7180	8074	9325	10620	11637	12522	14417	16522	18713	20184	22393
0:27:40	30.1	4350	7174	8142	9396	10503	11668	12744	14547	16589	18782	20353	22559
0:27:45	30.1	4387	7204	8162	9378	10482	11685	12664	14607	16540	18660	20125	22392
0:27:50	30.1	4357	7211	8184	9552	10565	11575	12578	14401	16681	18825	20317	22517
0:27:55	30.1	4355	7194	8215	9466	10481	11666	12679	14713	16602	18600	20263	22410
0:28:00	30.0	4340	7136	8136	9473	10500	11613	12544	14545	16648	18534	20210	22399
0:28:05	30.1	4339	7212	8220	9304	10623	11809	12515	14771	16379	18535	20311	22368
0:28:10	30.1	4442	7317	8251	9424	10477	11735	12412	14556	16493	18542	20209	22521
0:28:15	30.0	4310	7219	8261	9354	10621	11837	12410	14613	16659	18568	20335	22334
0:28:20	30.1	4369	7175	8067	9425	10523	11606	12630	14548	16601	18922	20164	22593
0:28:25	30.1	4326	7127	8161	9401	10483	11541	12428	14655	16725	18541	20028	22404
0:28:30	30.1	4352	7205	8253	9523	10536	11582	12512	14564	16567	18898	20179	22388
0:28:35	30.1	4335	7211	8266	9453	10483	11606	12333	14653	16554	18567	20049	22496
0:28:40	30.1	4315	7272	8209	9317	10532	11704	12475	14659	16624	18513	20135	22400
0:28:45	30.1	4321	7172	8204	9402	10504	11461	12590	14563	16569	18712	20217	22482
0:28:50	30.0	4421	7188	8176	9346	10593	11621	12580	14677	16641	18600	19982	22258
0:28:55	30.1	4334	7177	8226	9344	10567	11531	12501	14514	16624	18510	20218	22171
0:29:00	30.0	4394	7163	8130	9470	10450	11676	12471	14677	16572	18480	20321	22145
0:29:05	30.1	4376	7196	8126	9294	10510	11612	12551	14565	16311	18610	20215	22254
0:29:10	30.1	4338	7065	8171	9457	10470	11609	12487	14630	16587	18600	20117	22349
0:29:15	30.1	4352	7171	8362	9295	10511	11534	12450	14646	16411	18560	20372	22166
0:29:20	30.1	4336	7215	8104	9408	10445	11615	12573	14565	16475	18449	20073	22279
0:29:25	30.1	4354	7203	8160	9476	10481	11673	12576	14521	16433	18509	20104	22572
0:29:30	30.1	4348	7116	8100	9333	10513	11671	12574	14548	16865	18618	20119	22376
0:29:35	30.1	4402	7153	8141	9405	10450	11601	12464	14391	16597	18633	20417	22470
0:29:40	30.0	4270	7125	8100	9426	10694	11578	12573	14438	16515	18599	20159	22141
0:29:45	30.0	4316	7143	8129	9364	10609	11721	12688	14517	16563	18739	20251	22362
0:29:50	30.1	4346	7178	8120	9434	10580	11600	12529	14432	16600	18570	20026	22420
0:29:55	30.1	4287	7118	8108	9553	10315	11623	12440	14541	16490	18706	20296	22308
0:30:00	30.1	4359	7178	8153	9363	10555	11582	12413	14799	16649	18281	19914	22296
0:30:05	30.1	4315	7087	8200	9382	10508	11616	12408	14498	16552	18531	20086	22363
0:30:10	30.1	4362	7159	8165	9440	10508	11639	12581	14445	16494	18623	20286	22335
0:30:15	30.1	4313	7113	8174	9513	10469	11655	12535	14552	16522	18843	20104	22364
0:30:20	30.1	4314	7163	8176	9321	10601	11533	12501	14617	16523	18420	20278	22570
0:30:25	30.0	4379	7225	8136	9363	10549	11528	12624	14652	16601	18627	20332	22182
0:30:30	30.1	4288	7194	8236	9493	10457	11519	12579	14697	16551	18487	20071	22299
0:30:35	30.0	4307	7183	8259	9326	10442	11455	12468	14545	16431	18570	20170	22411
0:30:40	30.1	4327	7208	8120	9295	10585	11557	12369	14496	16524	18603	20082	22130
0:30:45	30.1	4316	7064	8121	9404	10462	11808	12492	14509	16592	18432	20191	22252
0:30:50	30.1	4320	7096	8201	9332	10581	11560	12468	14624	16402	18731	20210	22064
0:30:55	30.1	4249	7111	8051	9352	10480	11651	12459	14610	16457	18597	20256	22374
0:31:00	30.1	4328	7141	7998	9443	10409	11391	12424	14611	16338	18736	20113	22132
0:31:05	30.0	4351	7203	8181	9382	10492	11613	12502	14413	16604	18736	20202	22350
0:31:10	30.1	4265	7099	8069	9429	10613	11459	12592	14645	16306	18507	20106	22497
0:31:15	30.1	4326	7110	8179	9345	10460	11588	12391	14531	16624	18571	20246	22164
0:31:20	30.0	4385	7120	8131	9334	10419	11493	12517	14609	16342	18643	20006	22346
0:31:25	30.1	4313	7248	8127	9292	10494	11529	12594	14461	16513	18404	20114	22320
0:31:30	30.1	4335	7133	8328	9308	10451	11544	12444	14542	16506	18513	20233	22359
0:31:35	30.1	4338	7214	8129	9488	10557	11568	12404	14623	16354	18436	20096	21966
0:31:40	30.1	4328	7118	8146	9239	10549	11657	12227	14440	16519	18743	19934	22309
0:31:45	30.1	4292	7226	8133	9423	10556	11522	12299	14543	16546	18538	20029	22240
0:31:50	30.0	4339	7123	8267	9344	10500	11512	12533	14591	16589	18602	20042	22243
0:31:55	30.1	4316	7167	8179	9194	10462	11683	12347	14380	16469	18439	20040	22228
0:32:00	30.0	4304	7108	8216	9445	10454	11532	12224	14691	16271	18480	20117	22122
0:32:05	30.1	4293	7186	8042	9308	10512	11559	12452	14625	16396	18350	20140	22186
0:32:10	30.1	4273	7105	8195	9372	10387	11638	12569	14442	16448	18636	20053	21922
0:32:15	30.1	4245	7131	8179	9309	10437	11597	12446	14519	16385	18395	19811	21977
0:32:20	30.1	4314	7071	8170	9327	10530	11533	12244	14408	16571	18441	19851	22246
0:32:25	30.1	4339	7179	8055	9286	10333	11417	12399	14464	16643	18541	19847	21855
0:32:30	30.1	4299	7215	8124	9488	10442	11482	12461	14676	16488	18577	19942	22315
0:32:35	30.0	4417	7018	8055	9386	10496	11448	12330	14523	16389	18568	19811	22019
0:32:40	30.1	4349	7092	8129	9370	10510	11629	12456	14375	16496	18479	20026	22333
0:32:45	30.0	4339	7120	8168	9292	10345	11501	12371	14495	16456	18366	20313	22283
0:32:50	30.1	4264	7130	8077	9318	10520	11510	12307	14633	16501	18382	20254	22224
0:32:55	30.1	4267	7191	8110	9364	10475	11447	12412	14533	16288	18542	19984	22449
0:33:00	30.1	4360	7051	8068	9387	10469	11536	12519	14606	16610	18421	20176	22356
0:33:05	30.1	4339	7176	8016	9362	10500	11523	12405	14384	16521	18367	20210	22386
0:33:10	30.1	4263	7134	8097	9412	10421	11466	12554	14556	16426	18591	20018	22225
0:33:15	30.0	4338	7116	8151	9359	10447	11460	12483	14423	16365	18429	20089	22033
0:33:20	30.1	4326	7167	8171	9339	10403	11464	12434	14356	16434	18311	20190	21887
0:33:25	30.0	4328	7115	8051	9327	10333	11527	12386	14556	16491	18432	20091	21919
0:33:30	30.1	4288	7191	8155	9347	10384	11654	12421	14526	16577	18580	19987	22309
0:33:35	30.1	4286	7076	8170	9297	10507	11502	12373	14393	16451	18563	20003	22029
0:33:40	30.1	4297	7123	8275	9409	10494	11479	12486	14459	16565	18510	20177	22110
0:33:45	30.1	4292	7091	8155	9422	10543	11582	12461	14482	16544	18606	20061	22035
0:33:50	30.1	4281	7146	8147	9376	10483	11367	12466	14594	16561	18572	20028	22120
0:33:55	30.1	4368	7043	8155	9362	10362	11385	12372	14521	16600	18319	20063	22159
0:34:00	30.0	4276	7100	8120	9410	10444	11351	12455	14457	16333	18527	20220	22380
0:34:05	30.1	4260	7117	8140	9318	10572	11503	12395	14497	16552	18393	19890	21957
0:34:10	30.1	4295	7140	8080	9332	10542	11344	12446	14306	16302	18522	19969	22408
0:34:15	30.0	4328	7187	8212	9383	10539	11398	12545	14598	16424	18421	20059	22177
0:34:20	30.1	4309	7063	7988	9412	10514	11650	12317	14475	16328	18503	19962	22095
0:34:25	30.1	4300	7118	8124	9369	10562	11521	12450	14471	16326	18409	20257	22146
0:34:30	30.1	4351	7086	8047	9361	10468	11599	12553	14528	16434	18288	19958	22307
0:34:35	30.1	4310	7076	8107	9297	10473	11533	12476	14431	16435	18394	20113	22243
0:34:40	30.1	4276	7026	8170	9279	10571	11444	12462	14468	16492	18653	19970	22159
0:34:45	30.0	4341	7118	8106	9373	10512	11530	12303	14436	16387	18417	20286	22124
0:34:50	30.1	4343	7195	7959	9279	10404	11569	12386	14479	16408	18431	20038	22198
0:34:55	30.1	4267	7056	8123	9399	10330	11453	12392	14470	16318	18435	19970	21863
0:35:00	30.0	4261	7159	8127	9238	10482	11482	12536	14414	16523	18433	19910	22211
0:35:05	30.1	4286	7170	7994	9365	10486	11428	12407	14669	16373	18543	19826	22024
0:35:10	30.1	4296	7169	8113	9357	10470	11451	12488	14492	16151	18333	20200	22264
0:35:15	30.1	4304	7187	8071	9281	10382	11391	12552	14424	16547	18455	19923	22132
0:35:20	30.1	4285	7177	8102	9361	10385	11543	12379	14603	16482	18356	20167	22187
0:35:25	30.0	4276	7150	8039	9387	10389	11458	12502	14486	16450	18413	20146	21968
0:35:30	30.1	4260	7099	8290	9430	10442	11583	12482	14506	16394	18406	19949	22140
0:35:35	30.1	4259	7070	8102	9307	10299	11394	12388	14489	16415	18513	19953	22222
0:35:40	30.1	4317	7166	8100	9419	10513	11391	12418	14419	16421	18381	19935	22092
0:35:45	30.0	4248	7014	8110	9273	10408	11521	12380	14339	16516	18501	19910	21938
0:35:50	30.1	4302	7066	8108	9346	10520	11500	12386	14488	16409	18558	20089	22084
0:35:55	30.1	4294	7047	8015	9384	10425	11454	12291	14479	16318	18441	19876	22121
0:36:00	30.1	4338	7002	8069	9350	10453	11392	12364	14487	16399	18472	19907	22145
0:36:05	30.1	4271	7146	8184	9315	10433	11435	12436	14469	16583	18462	20019	22244
0:36:10	30.0	4314	7131	8047	9301	10376	11414	12242	14449	16479	18429	20082	21777
0:36:15	30.1	4240	7085	8171	9191	10420	11527	12337	14312	16432	18516	19838	22187
0:36:20	30.1	4302	7046	8120	9355	10434	11519	12346	14435	16286	18315	19961	22234
0:36:25	30.1	4239	7077	8057	9292	10398	11420	12295	14486	16368	18473	20056	22261
0:36:30	30.1	4305	7130	7936	9299	10388	11497	12473	14370	16475	18420	19825	22117
0:36:35	30.0	4293	7048	8071	9179	10391	11351	12306	14336	16280	18385	20119	21963
0:36:40	30.1	4265	6986	8014	9275	10489	11489	12249	14274	16406	18288	19935	22324
0:36:45	30.1	4238	7088	8069	9198	10407	11424	12345	14435	16434	18271	19904	22173
0:36:50	30.1	4200	7079	8064	9344	10387	11412	12373	14423	16549	18377	19931	22024
0:36:55	30.1	4297	7154	8116	9326	10369	11484	12389	14349	16517	18362	19737	22127
0:37:00	30.0	4323	7080	8032	9399	10411	11504	12316	14315	16237	18594	20033	22129
0:37:05	30.1	4280	7045	8019	9244	10434	11523	12269	14440	16334	18368	19968	21996
0:37:10	30.1	4299	7054	8227	9360	10357	11391	12447	14353	16394	18313	20126	22278
0:37:15	30.1	4260	7099	8036	9189	10343	11398	12317	14325	16483	18357	19944	22250
0:37:20	30.1	4307	7101	8127	9282	10503	11458	12442	14533	16266	18397	19864	22126
0:37:25	30.1	4279	7062	8108	9379	10394	11460	12353	14371	16249	18322	19886	22110
0:37:30	30.0	4302	7095	7999	9346	10511	11476	12369	14444	16299	18429	19915	22032
0:37:35	30.1	4287	7011	7996	9328	10275	11424	12245	14375	16411	18459	19869	22085
0:37:40	30.0	4261	7118	8120	9291	10228	11379	12374	14292	16535	18464	19985	22048
0:37:45	30.1	4265	7015	8123	9188	10350	11353	12387	14330	16306	18119	19887	22067
0:37:50	30.1	4286	7100	8062	9332	10438	11345	12297	14625	16342	18384	19929	21937
0:37:55	30.1	4285	7139	8100	9243	10355	11413	12396	14387	16266	18349	19939	21910
0:38:00	30.1	4213	7111	8050	9374	10370	11380	12295	14425	16554	18377	20091	21907
0:38:05	30.1	4253	7114	7994	9268	10417	11281	12275	14391	16372	18406	19867	22174
0:38:10	30.1	4321	7037	8011	9235	10477	11397	12236	14277	16271	18376	19929	21906
0:38:15	30.0	4308	7070	8159	9297	10417	11468	12411	14477	16445	18416	19827	22080
0:38:20	30.1	4271	7146	8069	9321	10322	11493	12300	14338	16407	18327	19835	21959
0:38:25	30.0	4259	7021	8015	9191	10432	11406	12297	14505	16185	18318	19965	21884
0:38:30	30.1	4266	7044	8070	9319	10259	11540	12421	14399	16244	18038	20011	21879
0:38:35	30.1	4262	7083	8075	9188	10465	11339	12362	14287	16234	18247	19895	22149
0:38:40	30.1	4290	7068	8082	9237	10363	11306	12425	14399	16158	18488	19913	22078
0:38:45	30.1	4268	7100	8044	9306	10435	11460	12329	14408	16247	18270	19768	22061
0:38:50	30.1	4249	7084	8104	9272	10415	11542	12295	14457	16321	18375	20065	21916
0:38:55	30.0	4253	7075	8054	9271	10504	11392	12413	14407	16454	18279	20025	21902
0:39:00	30.1	4309	6982	8017	9263	10351	11346	12352	14462	16250	18412	19914	21833
0:39:05	30.1	4218	7049	8076	9147	10391	11211	12323	14321	16169	18562	19672	22057
0:39:10	30.0	4242	7092	7963	9227	10411	11347	12507	14426	16386	18465	19998	21946
0:39:15	30.1	4237	7041	7998	9275	10340	11364	12321	14688	16287	18262	19758	21874
0:39:20	30.1	4203	7000	8042	9208	10377	11501	12291	14122	16256	18325	19828	21858
0:39:25	30.1	4193	7071	7951	9265	10386	11359	12540	14406	16384	18259	19902	22251
0:39:30	30.1	4237	6990	8092	9282	10361	11484	12368	14409	16377	18363	19784	21862
0:39:35	30.1	4223	7023	8049	9254	10323	11309	12388	14189	16306	18253	19860	21938
0:39:40	30.0	4254	7088	8033	9183	10346	11369	12219	14314	16241	18357	20144	22125
0:39:45	30.1	4207	7103	7991	9270	10554	11469	12333	14279	16388	18258	19961	22036
0:39:50	30.1	4225	7062	8125	9367	10171	11358	12325	14212	16388	18457	19904	21822
0:39:55	30.0	4228	7067	8057	9320	10476	11488	12287	14246	16406	18280	19976	22098
0:40:00	30.1	4311	7043	7972	9273	10302	11523	12476	14498	16468	18417	19808	21965
0:40:05	30.1	4252	7112	8088	9163	10380	11441	12359	14446	16488	18394	19984	21761
0:40:10	30.1	4202	7001	7937	9190	10322	11438	12304	14275	16327	18382	19937	21841
0:40:15	30.1	4226	7028	8006	9209	10284	11541	12254	14429	16231	18224	19840	22018
0:40:20	30.1	4374	6988	8130	9217	10289	11534	12374	14270	16259	18288	19640	21729
0:40:25	30.1	4285	7029	8022	9229	10315	11330	12158	14389	16259	18168	20079	22103
0:40:30	30.0	4201	7077	8056	9223	10274	11336	12299	14318	16445	18262	19979	21961
0:40:35	30.1	4264	7020	8029	9222	10411	11427	12313	14392	16354	18262	20024	21922
0:40:40	30.0	4243	7059	8064	9299	10330	11395	12279	14300	16467	18286	19836	21927
0:40:45	30.1	4344	7082	8019	9226	10379	11283	12320	14342	16552	18343	19771	21924
0:40:50	30.1	4211	7114	8022	9448	10323	11465	12476	14222	16333	18253	19809	21993
0:40:55	30.1	4300	7129	8059	9304	10355	11512	12221	14330	16178	18328	20085	21873
0:41:00	30.1	4258	7124	7976	9246	10344	11358	12293	14380	16364	18270	20067	21929
0:41:05	30.1	4249	7040	8013	9328	10219	11340	12201	14356	16458	18280	19750	22111
0:41:10	30.1	4234	7014	8068	9242	10257	11403	12226	14436	16242	18224	19868	21908
0:41:15	30.0	4282	7017	7975	9292	10347	11479	12256	14223	16213	18279	19981	21852
0:41:20	30.1	4214	7074	8015	9186	10446	11391	12445	14140	16396	18332	19818	21982
0:41:25	30.1	4209	7068	8039	9211	10357	11472	12365	14306	16438	18116	20030	22140
0:41:30	30.0	4243	6958	8044	9203	10371	11323	12124	14318	16383	18515	19842	21847
0:41:35	30.1	4231	6924	8052	9210	10494	11331	12317	14324	16247	18308	19942	21938
0:41:40	30.1	4168	6980	7938	9248	10321	11291	12163	14323	16040	18277	19986	21920
0:41:45	30.1	4285	7034	8014	9299	10349	11394	12276	14366	16323	18185	20014	21964
0:41:50	30.1	4259	6999	8069	9128	10313	11368	12247	14405	16215	18233	19844	22124
0:41:55	30.1	4283	6974	8076	9240	10347	11504	12275	14352	16238	18295	19925	21728
0:42:00	30.1	4269	7085	8040	9138	10273	11550	12305	14141	16491	18295	19763	21926
0:42:05	30.0	4220	6941	8015	9256	10290	11287	12309	14265	16323	18292	19749	21826
0:42:10	30.1	4206	7045	7944	9167	10327	11399	12197	14422	16329	18285	19878	21805
0:42:15	30.0	4178	7051	7965	9231	10297	11355	12262	14333	16143	18245	19789	21644
0:42:20	30.1	4228	7007	7897	9263	10368	11482	12153	14343	16261	18251	19766	21994
0:42:25	30.1	4227	6983	8086	9197	10326	11471	12279	14326	16376	18297	19702	21863
0:42:30	30.1	4240	7014	8000	9256	10445	11498	12255	14273	16331	18270	19756	21663
0:42:35	30.1	4218	7110	8021	9225	10297	11346	12198	14248	16362	18378	19923	21800
0:42:40	30.0	4219	7020	8039	9241	10382	11358	12287	14215	16337	18321	19868	21875
0:42:45	30.0	4244	7044	8129	9276	10431	11317	12282	14177	16166	18226	19686	22070
0:42:50	30.1	4239	6947	8140	9208	10359	11230	12326	14379	16159	18270	20115	21736
0:42:55	30.1	4164	6891	8027	9088	10359	11294	12265	14270	16152	18298	19768	21837
0:43:00	30.0	4267	6985	8010	9200	10266	11410	12309	14352	16390	18275	19683	21672
0:43:05	30.1	4266	6967	8045	9163	10427	11492	12206	14121	16193	18108	19801	21904
0:43:10	30.1	4185	7109	7991	9191	10392	11476	12116	14360	16215	18167	19712	21712
0:43:15	30.1	4318	7071	8013	9214	10170	11446	12279	14213	16038	18113	19789	21840
0:43:20	30.1	4195	6960	7929	9170	10416	11371	12111	14306	16020	18266	19931	21782
0:43:25	30.1	4184	7005	8016	9236	10430	11466	12278	14326	16341	18322	19822	21857
0:43:30	30.1	4236	7011	8013	9248	10302	11329	12154	14175	16142	18295	19642	22045
0:43:35	30.0	4253	6967	8098	9221	10409	11431	12275	14256	16072	18058	19884	21764
0:43:40	30.1	4223	7052	7994	9191	10201	11237	12275	14259	16264	18217	19744	21959
0:43:45	30.1	4223	6861	7911	9144	10289	11241	12225	14264	16183	18321	19625	21798
0:43:50	30.1	4237	7110	7999	9353	10336	11348	12214	14238	16210	18249	19815	22000
0:43:55	30.1	4245	7044	7983	9224	10345	11373	12437	14194	16199	18055	20002	21592
0:44:00	30.1	4239	7041	8034	9062	10162	11193	12244	14209	16251	18307	19554	21689
0:44:05	30.1	4247	7090	7992	9310	10328	11301	12130	14317	16137	18050	19570	21727
0:44:10	30.1	4192	7083	8057	9186	10305	11353	12269	14199	16255	18117	19708	21726
0:44:15	30.1	4242	7018	7990	9226	10252	11428	12273	14471	16094	18308	19725	21848
0:44:20	30.1	4291	7027	7978	9290	10343	11235	12264	14192	16265	18285	19855	21817
0:44:25	30.0	4214	6929	8034	9230	10188	11328	12202	14412	16117	18060	19895	21453
0:44:30	30.1	4276	7021	7997	9285	10181	11299	12065	14365	16216	18152	19693	21745
0:44:35	30.0	4213	6910	7957	9282	10229	11374	12338	14225	16236	18387	19568	22206
0:44:40	30.1	4254	6966	8064	9235	10263	11318	12337	14382	16059	18150	19788	21981
0:44:45	30.1	4232	6986	8030	9264	10148	11394	12249	14238	16317	18067	19751	21731
0:44:50	30.1	4289	7042	8022	9150	10357	11263	12219	14220	16263	18171	19515	21752
0:44:55	30.1	4181	6992	8107	9161	10307	11413	12225	14305	16193	18274	19621	21846
0:45:00	30.1	4243	7039	8002	9203	10329	11310	12193	14369	16250	18328	19598	21836
0:45:05	30.1	4223	6962	8042	9179	10261	11280	12394	14162	16137	18350	19785	21864
0:45:10	30.1	4258	6916	7999	9214	10227	11387	12305	14335	16285	18226	19821	21828
0:45:15	30.1	4220	7057	7924	9253	10406	11252	12293	14162	16375	18184	19684	21942
0:45:20	30.1	4204	7034	7971	9200	10344	11305	12104	14373	16174	18099	19614	21971
0:45:25	30.1	4262	6969	7905	9286	10283	11305	12309	14119	16283	18413	19622	21647
0:45:30	30.1	4178	6944	7877	9330	10378	11450	12062	14211	16197	18113	19566	21738
0:45:35	30.1	4282	7006	8013	9148	10184	11426	12233	14149	16181	18192	19614	21824
0:45:40	30.1	4186	7021	7941	9134	10263	11327	12165	14189	16314	18257	19750	21825
0:45:45	30.1	4280	6917	7859	9112	10310	11380	12239	14241	16323	18343	19707	21815
0:45:50	30.1	4203	6951	7996	9247	10253	11263	12305	14281	16166	18005	19793	21874
0:45:55	30.1	4212	6859	7992	9177	10353	11255	12223	14246	16132	18129	19868	21750
0:46:00	30.1	4190	6993	8015	9071	10184	11287	12294	14401	16189	18189	19667	21752
0:46:05	30.0	4201	7017	7952	9165	10292	11238	12255	14271	15932	18130	19560	21824
0:46:10	30.1	4175	6996	7922	9217	10419	11228	12324	14462	16050	18146	19712	21771
0:46:15	30.1	4166	6949	7873	9227	10349	11223	12076	14401	16193	18264	19569	21878
0:46:20	30.1	4171	6868	8037	9051	10190	11274	12277	14313	16181	18142	19556	21678
0:46:25	30.1	4230	6952	8057	9138	10296	11371	12227	14356	16149	18195	19768	21951
0:46:30	30.1	4277	7000	8001	9169	10197	11262	12249	14168	16114	18132	19723	21728
0:46:35	30.1	4159	6978	7881	9164	10235	11228	12208	14158	16231	18108	19760	21739
0:46:40	30.1	4238	6961	7939	9096	10283	11337	12129	14194	16176	18011	19597	21677
0:46:45	30.1	4096	7011	7858	9232	10216	11345	12301	14107	16077	18291	19609	21940
0:46:50	30.0	4231	6999	7895	9105	10343	11278	12103	14305	16248	18004	19470	21796
0:46:55	30.0	4222	6977	7896	9141	10339	11301	12363	14107	16092	18046	19568	21696
0:47:00	30.1	4154	6945	7974	9163	10264	11320	12191	14113	16104	18388	19745	21726
0:47:05	30.1	4218	7031	8025	9152	10393	11264	12269	14172	16147	18176	19679	21738
0:47:10	30.1	4208	6818	7964	9180	10382	11190	12249	14186	16183	18107	19628	21508
0:47:15	30.1	4250	6983	7957	9187	10199	11253	12178	14023	16261	18127	19753	21609
0:47:20	30.1	4220	6952	7949	9146	10182	11125	12129	14113	16388	18069	19713	21389
0:47:25	30.1	4155	6953	7926	9124	10189	11329	12246	14331	16069	18028	19650	21759
0:47:30	30.1	4186	6992	7858	9191	10214	11155	12205	14211	16223	18114	19587	21559
0:47:35	30.0	4212	6964	8000	9198	10310	11312	12000	14214	16174	18227	19615	21700
0:47:40	30.1	4178	6985	7876	9180	10340	11171	12169	14156	16280	18224	19479	21683
0:47:45	30.0	4173	6908	7982	9160	10234	11320	12234	14143	16190	18123	19645	21639
0:47:50	30.1	4156	6949	7827	9164	10305	11171	12192	14371	16162	18179	19493	21660
0:47:55	30.1	4212	6858	7965	9106	10387	11346	12249	14260	16091	18242	19573	21859
0:48:00	30.1	4143	6824	7969	9143	10198	11199	12246	14185	16185	18099	19595	21681
0:48:05	30.1	4196	6984	7947	9076	10171	11219	12234	14160	16235	18107	19409	21605
0:48:10	30.1	4142	7088	7991	9098	10194	11403	12177	14327	16088	18111	19644	21754
0:48:15	30.1	4149	6953	7819	9089	10244	11185	12139	14160	16297	18128	19710	21555
0:48:20	30.1	4176	6942	7919	9088	10247	11306	12119	14067	16294	18253	19672	21741
0:48:25	30.1	4165	6844	7956	9061	10203	11322	12183	14144	16063	18102	19522	21798
0:48:30	30.0	4168	6976	7992	9250	10207	11208	12183	14200	16195	18015	19535	21778
0:48:35	30.0	4145	6982	7992	9205	10201	11269	12205	14170	16191	18156	19683	21776
0:48:40	30.1	4175	6969	7998	9110	10320	11226	12171	14260	15935	18247	19519	21802
0:48:45	30.1	4199	7012	7981	9229	10164	11273	12229	14173	16012	18153	19659	21705
0:48:50	30.1	4205	6786	7954	9187	10223	11083	12219	14128	16200	18171	19728	21708
0:48:55	30.1	4160	7016	8121	9103	10242	11239	12234	14406	16082	17967	19716	21575
0:49:00	30.1	4175	6915	7949	9015	10293	11381	12121	14172	16077	17854	19751	21855
0:49:05	30.1	4169	6875	7978	9123	10179	11272	12269	14264	16157	18128	19539	21654
0:49:10	30.0	4215	6927	8064	9208	10197	11317	12252	14186	16129	18282	19751	21583
0:49:15	30.1	4140	6920	7966	9251	10242	11187	12075	14318	16117	18009	19441	21624
0:49:20	30.0	4231	6964	7953	9050	10216	11185	12227	14315	16245	17953	19449	21894
0:49:25	30.1	4219	7031	7897	9237	10231	11294	12012	14096	15944	18033	19642	21899
0:49:30	30.1	4161	6959	7935	9134	10335	11288	12122	14134	16161	18218	19556	21731
0:49:35	30.1	4125	6918	8025	9204	10191	11211	12225	14133	16126	18190	19624	21665
0:49:40	30.1	4201	7029	7911	9178	10187	11438	12158	14146	16050	18066	19517	21726
0:49:45	30.1	4269	6933	7910	9189	10132	11290	12164	14273	16206	17944	19644	21606
0:49:50	30.1	4173	6993	7996	9217	10270	11253	12295	14163	16304	18212	19714	21580
0:49:55	30.0	4164	6985	7864	9020	10315	11300	12141	14377	16063	18108	19658	21537
0:50:00	30.1	4197	6916	7987	9087	10281	11148	12230	14049	16121	18079	19579	21469
0:50:05	30.0	4212	7005	7922	9075	10125	11311	12115	14113	16109	18037	19498	21711
0:50:10	30.1	4168	7067	7924	9007	10316	11103	12028	14321	16136	18035	19823	21682
0:50:15	30.1	4192	6946	7975	9145	10197	11148	12274	14247	16138	18066	19936	21531
0:50:20	30.1	4220	6981	8023	9184	10196	11371	12122	14297	16001	17986	19417	21521
0:50:25	30.1	4214	6905	7929	9150	10258	11148	12007	14252	16309	18257	19472	21681
0:50:30	30.1	4158	6939	8047	9105	10264	11254	12138	14072	15958	18021	19684	21479
0:50:35	30.1	4175	6845	7832	9072	10304	11308	12168	14246	16253	18100	19618	21648
0:50:40	30.0	4166	6985	7930	9115	10140	11252	11982	14046	16122	18242	19461	21660
0:50:45	30.0	4218	7013	7875	9130	10221	11304	11968	14328	16124	18034	19752	21438
0:50:50	30.1	4178	6998	7967	9153	10143	11364	12207	14140	16124	18193	19793	21464
0:50:55	30.1	4161	6946	7789	9133	10357	11340	11995	14120	16261	18078	19605	21731
0:51:00	30.1	4174	7062	7836	9238	10186	11195	12193	14081	16188	17864	19786	21813
0:51:05	30.1	4212	6840	7967	9070	10197	11211	12080	14132	16174	18013	19670	21456
0:51:10	30.1	4162	6889	7905	9142	10191	11324	12056	14236	16118	17907	19495	21969
0:51:15	30.1	4226	6913	7930	9076	10262	11217	12266	14215	16243	18107	19604	21797
0:51:20	30.1	4222	6877	7919	9032	10261	11115	12134	14145	16093	17975	19788	21672
0:51:25	30.1	4189	6872	8050	9154	10302	11352	12089	14140	16177	17971	19506	21498
0:51:30	30.0	4188	7042	7891	9096	10309	11203	12132	14182	16219	18086	19705	21370
0:51:35	30.1	4186	6907	7951	9180	10153	11220	12083	14260	16123	17914	19681	21515
0:51:40	30.1	4142	6890	7873	9137	10153	11324	12012	14197	16077	18025	19831	21574
0:51:45	30.1	4112	6937	8020	9153	10067	11299	12273	14325	16072	17905	19676	21596
0:51:50	30.1	4149	6919	7932	9089	10313	11190	12209	14502	16095	18166	19678	21592
0:51:55	30.1	4194	6956	8109	9196	10162	11301	12071	14144	16021	17976	19836	21811
0:52:00	30.1	4177	6955	7888	9202	10213	11167	12124	14115	16128	17890	19420	21709
0:52:05	30.1	4157	6944	7969	9116	10138	11409	12164	14142	16313	18091	19626	21451
0:52:10	30.1	4229	6913	7880	9175	10183	11202	12086	14120	16101	17980	19478	21642
0:52:15	30.1	4200	6907	7880	9077	10219	11247	12268	14108	15953	18104	19542	21581
0:52:20	30.1	4170	6943	7919	9172	10268	11204	12054	14142	16065	18085	19540	21624
0:52:25	30.0	4144	7063	7919	9144	10187	11162	12164	14238	16073	18179	19617	21592
0:52:30	30.1	4149	7018	7960	9037	10223	11268	12135	14029	16116	18085	19695	21579
0:52:35	30.1	4163	6869	7861	9120	10118	11247	12242	13982	16189	18078	19491	21522
0:52:40	30.1	4196	6873	8026	9088	10222	11340	12122	14293	16059	17966	19602	21576
0:52:45	30.0	4215	7060	7922	9155	10242	11211	12108	14198	16043	17982	19707	21640
0:52:50	30.1	4099	6846	7935	9149	10207	11264	12115	14289	16042	18141	19474	21534
0:52:55	30.1	4163	6868	7921	9004	10266	11228	12063	14177	15827	18145	19659	21653
0:53:00	30.1	4140	6894	7819	9113	10182	11174	12186	14114	16207	17906	19613	21485
0:53:05	30.1	4191	6899	7929	9051	10153	11263	12227	14083	16021	18078	19535	21478
0:53:10	30.0	4251	6815	7878	9098	10231	11120	11959	14161	16010	17920	19431	21627
0:53:15	30.0	4146	6868	7863	9063	10086	11293	12125	14100	16181	18041	19643	21613
0:53:20	30.1	4141	6985	7955	9099	10197	11228	12246	14219	15934	18118	19698	21446
0:53:25	30.1	4127	6925	7864	9098	10222	11087	11930	14101	15964	17955	19762	21583
0:53:30	30.1	4186	6906	7998	9096	10243	11113	12014	13970	16071	17893	19596	21722
0:53:35	30.1	4193	6874	7921	9158	10246	11241	12236	13944	16064	18038	19517	21527
0:53:40	30.1	4125	6878	7884	8975	10221	11290	12076	14091	16137	18126	19506	21645
0:53:45	30.1	4178	6969	7927	9076	10233	11237	12087	14158	16142	17971	19578	21587
0:53:50	30.0	4176	6936	7884	9128	10127	11193	12120	14021	16248	17893	19414	21719
0:53:55	30.0	4142	6927	7890	9180	10336	11242	12185	14112	16131	18079	19634	21656
0:54:00	30.1	4164	6905	7911	9128	10206	11108	12169	14062	15937	17830	19419	21489
0:54:05	30.1	4159	6947	7867	9065	10092	11160	12062	14081	16080	17813	19442	21743
0:54:10	30.1	4145	6968	7844	9149	10259	11049	12113	14129	15984	18082	19352	21533
0:54:15	30.1	4111	6961	7856	9113	10325	11291	12093	14080	16184	17892	19509	21494
0:54:20	30.1	4145	7057	7860	9007	10008	11147	12057	14096	15986	18021	19373	21700
0:54:25	30.1	4204	6812	7873	9039	10323	11271	11942	14161	15839	17959	19468	21521
0:54:30	30.1	4173	6844	7914	9129	10114	11137	12203	14226	15994	17952	19377	21652
0:54:35	30.1	4147	6873	7874	9041	10286	11149	12022	14175	16131	17942	19616	21714
0:54:40	30.1	4084	6865	7950	9071	10156	11269	12104	14023	16060	18002	19521	21567
0:54:45	30.0	4163	6801	7830	9039	10145	11268	12086	13998	16035	18139	19415	21445
0:54:50	30.1	4160	6958	7849	9210	10185	11209	12148	14066	15973	17760	19434	21503
0:54:55	30.1	4210	6854	7782	9106	10109	11334	12166	14124	15982	18003	19481	21510
0:55:00	30.1	4148	6904	8041	8984	10159	11275	12032	14139	16026	18148	19657	21598
0:55:05	30.1	4133	6808	7872	9070	10168	11213	12047	14246	15987	18050	19507	21509
0:55:10	30.1	4181	6894	7851	9033	10127	11135	12402	14221	16223	17941	19557	21586
0:55:15	30.1	4179	6913	7942	9174	10253	11085	12017	14000	15957	18092	19589	21623
0:55:20	30.1	4079	6965	7718	9163	10209	11154	12058	14103	16057	18114	19211	21438
0:55:25	30.0	4185	6868	7878	9006	10138	11176	11969	14111	15845	17828	19449	21368
0:55:30	30.1	4112	6813	7877	9091	10209	11275	12033	13883	16067	17958	19518	21409
0:55:35	30.1	4159	6868	7817	9124	10084	11213	12055	14190	16000	17889	19568	21553
0:55:40	30.1	4119	6899	8010	9157	10099	11181	12208	13983	16000	18096	19451	21673
0:55:45	30.1	4144	6880	7883	9054	10187	11131	12168	14083	15871	17896	19491	21879
0:55:50	30.1	4161	6874	7847	9099	10203	11128	12246	14098	15960	17765	19359	21515
0:55:55	30.1	4142	6806	7882	9118	10090	11141	11945	14228	15918	18246	19598	21616
0:56:00	30.1	4183	6736	7900	9112	10103	11175	12035	14068	16053	17957	19560	21610
0:56:05	30.1	4186	6849	7935	8922	10163	11202	11972	14224	16077	17934	19495	21555
0:56:10	30.1	4112	6802	7825	8965	10148	11243	11998	14130	15870	18005	19457	21157
0:56:15	30.0	4106	6907	7822	8998	10271	11203	12011	14171	15931	17793	19751	21554
0:56:20	30.1	4172	6931	7880	9104	10045	11087	12060	14151	16023	17828	19476	21525
0:56:25	30.1	4180	6988	7723	9105	10200	11105	11943	14025	15923	17971	19491	21498
0:56:30	30.1	4121	6932	7780	8991	10046	11175	12111	14264	15816	17988	19558	21343
0:56:35	30.1	4162	6884	7957	9058	10177	11237	12058	14030	16067	17871	19742	21436
0:56:40	30.1	4145	6839	7894	9064	10093	11094	12022	13899	15962	17913	19423	21483
0:56:45	30.1	4097	6850	7853	9062	10212	11162	12021	13901	16005	18020	19460	21433
0:56:50	30.1	4167	6840	7854	8939	10331	11061	11926	14018	15953	17789	19330	21495
0:56:55	30.1	4192	6876	7860	9240	10187	11177	12062	14085	16127	17928	19598	21317
0:57:00	30.1	4138	6820	7985	9192	10128	11080	12006	14126	15917	17769	19365	21370
0:57:05	30.0	4117	6877	7915	9090	10186	11271	12173	13951	16053	17896	19372	21624
0:57:10	30.1	4127	6849	7840	9108	10060	11169	12200	13847	15939	17914	19450	21332
0:57:15	30.1	4136	6905	7809	9142	10132	11185	11998	14058	15956	17922	19459	21415
0:57:20	30.1	4118	6927	7839	9036	10123	11215	12017	13911	15920	17826	19774	21468
0:57:25	30.1	4121	6896	7968	9080	10200	11231	12066	13865	15833	17766	19648	21523
0:57:30	30.1	4144	6818	7884	9056	10164	11098	12078	14204	15943	17960	19311	21475
0:57:35	30.1	4159	6918	7724	9055	10310	11108	11945	13970	15951	17992	19473	21377
0:57:40	30.1	4135	6881	7866	9046	10198	11182	11957	14121	15934	17902	19381	21500
0:57:45	30.0	4072	6800	7842	9003	10017	11171	12167	14144	15923	17710	19418	21424
0:57:50	30.0	4206	6795	7887	8925	10090	11219	12118	13989	15840	17938	19518	21181
0:57:55	30.1	4125	6884	7801	9052	10194	11027	12075	13916	15883	17883	19422	21352
0:58:00	30.1	4076	6851	7854	9152	10026	11205	11962	14174	15979	17917	19350	21597
0:58:05	30.1	4053	6893	7895	9071	10151	11142	12062	14226	16075	17832	19352	21337
0:58:10	30.1	4086	6916	7919	8993	10164	11060	12194	13975	16018	17884	19249	21355
0:58:15	30.1	4139	6975	7981	8917	10108	11138	12009	14077	15948	17992	19329	21271
0:58:20	30.1	4075	6863	7819	9112	10099	11068	11935	14234	15647	17967	19442	21322
0:58:25	30.1	4082	6870	7763	8929	10132	11230	12016	14056	16010	18033	19456	21466
0:58:30	30.1	4092	6870	7866	9135	10225	11267	11872	14048	15893	18103	19578	21409
0:58:35	30.0	4093	6838	7891	9022	10116	11065	12001	13942	15964	18106	19350	21306
0:58:40	30.1	4203	6982	7781	9103	10039	11077	11954	14080	15990	17994	19487	21392
0:58:45	30.1	4136	6935	7868	9068	10072	11125	11796	13960	15820	18100	19424	21281
0:58:50	30.1	4094	6820	7848	9060	10085	11117	11943	14047	16028	17907	19627	21496
0:58:55	30.1	4088	6839	7814	9028	10098	11049	11946	14137	15885	17839	19425	21271
0:59:00	30.1	4065	6815	7768	8906	10078	11072	11951	14091	15972	17916	19288	21306
0:59:05	30.1	4076	6865	7819	9023	10029	11024	11927	14079	15918	17898	19532	21308
0:59:10	30.1	4141	6805	7736	8909	10117	11186	11933	14052	15993	17805	19286	21294
0:59:15	30.1	4123	6841	7872	8974	10130	11127	12031	14030	15874	17699	19240	21398
0:59:20	30.1	4137	6856	7825	9007	10061	11064	12072	13979	15891	17685	19574	21297
0:59:25	30.1	4139	6816	7840	8996	10185	11153	12132	14113	16030	17898	19208	21380
0:59:30	30.1	4032	6801	7841	8954	10206	11095	11960	14091	16086	17953	19310	21351
0:59:35	30.1	4164	6760	7845	9008	10076	11066	11987	14055	16079	17826	19380	21221
0:59:40	30.1	4115	6892	7807	9053	10081	11153	11945	13862	15914	17689	19173	21269
0:59:45	30.1	4122	6830	7911	9068	10236	11095	11950	13947	15909	17822	19273	21279
0:59:50	30.1	4141	6878	7805	8978	10028	11151	12029	13993	16053	17856	19369	21339
0:59:55	30.1	4185	6745	7751	8927	10120	11198	12054	14051	15882	17718	19349	21259
1:00:00	30.1	4158	6882	7809	9013	10158	11057	11957	14086	15761	17640	19252	21286

Results
	1	2	3	4	5	6	7	8	9	10	11	12
A	-3444000.000	2988000.000	-4644000.000	-4008000.000	-4596000.000	-4392000.000	-5244000.000	-6792000.000	-6204000.000	-6348000.000	-7644000.000	6156000.000	Max V [295,335]
	1.000	1.000	1.000	1.000	1.000	1.000	1.000	1.000	1.000	1.000	1.000	1.000	R-Squared [295,335]
	0:00:23	0:43:48	0:02:33	0:00:23	0:39:48	0:00:28	0:02:13	0:39:18	0:00:18	0:00:48	0:26:53	0:51:08	t at Max V [295,335]
	0:00:13	0:45:10	0:01:56	0:00:13	0:38:31	0:00:20	0:01:30	0:38:14	0:00:09	0:00:36	0:25:44	0:52:49	Lagtime [295,335]
B													Max V [295,335]
													R-Squared [295,335]
													t at Max V [295,335]
													Lagtime [295,335]
C													Max V [295,335]
													R-Squared [295,335]
													t at Max V [295,335]
													Lagtime [295,335]
D													Max V [295,335]
													R-Squared [295,335]
													t at Max V [295,335]
													Lagtime [295,335]
E													Max V [295,335]
													R-Squared [295,335]
													t at Max V [295,335]
													Lagtime [295,335]
F													Max V [295,335]
													R-Squared [295,335]
													t at Max V [295,335]
													Lagtime [295,335]
G													Max V [295,335]
													R-Squared [295,335]
													t at Max V [295,335]
													Lagtime [295,335]
H													Max V [295,335]
													R-Squared [295,335]
													t at Max V [295,335]
													Lagtime [295,335]

