

Software Version	3.03.14



Experiment File Path:	C:\Users\Public\Documents\Experiments\Tina\20180827_GEF_FRET_assay7.xpt
Protocol File Path:	C:\Users\Public\Documents\Protocols\Tina\GEF_FRET_assay.prt



Plate Number	Plate 1
Date	8/27/2018
Time	5:07:55 PM
Reader Type:	Synergy H1
Reader Serial Number:	1803011C
Reading Type	Reader

Procedure Details

Plate Type	96 WELL PLATE
Set Temperature	Setpoint 30°C
	Preheat before moving to next step
Start Kinetic	Runtime 1:23:00 (HH:MM:SS), Interval 0:00:05, 997 Reads
    Read	Fluorescence Endpoint
	C3..C11
	Filter Set 1
	    Excitation: 295,  Emission: 335
	    Optics: Top,  Gain: 80
	Light Source: Xenon Flash,  Lamp Energy: High
	Read Speed: Normal,  Delay: 0 msec,  Measurements/Data Point: 5
	Read Height: 8 mm
End Kinetic	

Layout
	1	2	3	4	5	6	7	8	9	10	11	12
A													Well ID
B													Well ID
C			SPL1	SPL2	SPL3	SPL4	SPL5	SPL6	SPL7	SPL8	SPL9		Well ID
D													Well ID
E													Well ID
F													Well ID
G													Well ID
H													Well ID

295,335

Time	T° 295,335	C3	C4	C5	C6	C7	C8	C9	C10	C11
0:00:00	30.0	19410	26606	32543	36645	12493	16481	21236	29067	17659
0:00:05	30.0	19279	26428	32355	36579	12349	16383	21118	29063	17384
0:00:10	30.0	19568	26629	32372	36327	12275	16223	20930	28855	17464
0:00:15	30.0	19269	26438	32101	36170	12265	16092	20810	28913	17087
0:00:20	30.1	19048	26133	31986	36438	12279	15638	20700	28686	17393
0:00:25	30.0	19061	26115	31790	36353	12149	15791	20712	28525	17043
0:00:30	30.0	18946	26192	31675	36386	11978	15643	20365	28461	16813
0:00:35	30.0	18681	26064	31548	36146	11847	15449	20621	28173	16972
0:00:40	30.0	18854	25924	31222	35998	11713	15387	20428	28213	16850
0:00:45	30.0	18643	25929	31840	35761	11589	15215	20239	27862	16582
0:00:50	30.0	18458	25503	31252	35551	11571	15431	20158	27769	16445
0:00:55	30.0	18234	25645	31324	35533	11680	15189	20163	28153	16621
0:01:00	30.0	18548	25433	30820	36299	11380	15125	20063	27715	16474
0:01:05	30.0	18156	25528	30767	35649	11424	15053	19878	27478	16103
0:01:10	30.0	18350	25259	30978	35689	11201	14904	19973	27446	16251
0:01:15	30.0	18172	24817	30850	34963	11153	14876	19703	27369	16354
0:01:20	30.0	17873	24962	30413	35099	10963	14700	19631	27254	16164
0:01:25	30.0	17601	24734	30406	35017	10994	14609	19581	26990	16078
0:01:30	30.0	17629	24729	30672	34990	10796	14473	19491	26590	15965
0:01:35	30.0	17635	24940	30463	34739	10704	14325	19368	26880	15786
0:01:40	30.0	17764	24215	29968	34712	10605	14273	19197	27039	15706
0:01:45	30.0	17351	24455	30246	34481	10829	14378	19088	26676	15562
0:01:50	30.0	17465	24058	30241	34461	10664	14243	18956	26845	15629
0:01:55	30.0	17376	23794	29908	34369	10593	14239	18870	26387	15645
0:02:00	30.0	17378	23899	29724	34146	10423	13958	18949	26460	15521
0:02:05	30.0	17255	23629	29564	34050	10518	14131	18655	26177	15468
0:02:10	30.0	17062	23264	29795	33931	10518	13994	18920	26364	15293
0:02:15	30.0	17124	23793	29366	33942	10462	13901	18438	26397	15274
0:02:20	30.0	17104	23470	29423	34005	10280	13937	18290	26013	15156
0:02:25	30.0	16892	23341	29148	34167	10301	13651	18454	25882	14903
0:02:30	30.0	16801	22988	29266	33527	10241	13676	18336	25946	14964
0:02:35	30.0	16861	23054	29159	33720	10210	13788	18263	25753	15002
0:02:40	30.0	16880	23285	29111	33207	10243	13478	18323	25693	14990
0:02:45	30.0	16605	22924	28728	33431	10228	13617	18063	25470	14875
0:02:50	30.0	16740	22755	29069	33336	10148	13737	18139	25575	14966
0:02:55	30.0	16550	22980	28869	33485	10054	13312	17882	25597	14885
0:03:00	30.0	16433	22630	28822	33224	10080	13320	17870	25318	14785
0:03:05	30.0	16381	22867	28554	33248	10066	13406	17859	25188	14648
0:03:10	30.0	16385	22528	28425	33242	9980	13254	17904	25283	14432
0:03:15	30.0	16411	22525	28373	32821	9939	13295	17623	25195	14461
0:03:20	30.0	16236	22219	28556	32776	9942	13258	17665	25218	14462
0:03:25	30.0	16178	22330	28407	32599	9909	13009	17708	24895	14340
0:03:30	30.0	16153	22022	28354	32587	9863	13156	17661	25150	14269
0:03:35	30.0	16085	22245	28350	32784	9815	13020	17603	24840	14429
0:03:40	30.0	15858	21901	28170	32360	9773	13004	17614	25041	14313
0:03:45	30.0	16024	22098	28201	32481	9736	12997	17371	24755	14194
0:03:50	30.0	16057	21833	28080	32185	9871	13009	17585	25190	14326
0:03:55	30.1	16112	21807	27797	32389	9674	13006	17489	24628	14144
0:04:00	30.0	15737	21614	28072	32282	9580	12990	17273	24770	14194
0:04:05	30.0	15993	21750	27751	32447	9639	12854	17323	24609	13989
0:04:10	30.0	15657	21653	27414	32177	9645	12801	17441	24687	14051
0:04:15	30.0	15711	21715	27704	31922	9575	12785	17148	24512	13908
0:04:20	30.0	15467	21574	27604	31990	9561	12837	17185	24224	13908
0:04:25	30.0	15604	21253	27356	32034	9610	12756	17086	24374	14045
0:04:30	30.0	15813	21397	27072	31933	9547	12683	17506	24481	13791
0:04:35	30.0	15590	21478	27400	32029	9447	12754	17103	24442	13653
0:04:40	30.0	15551	21154	27331	31902	9592	12705	16949	24289	13795
0:04:45	30.0	15467	21352	27179	31780	9387	12563	17208	24364	13863
0:04:50	30.0	15608	21290	27101	31746	9456	12629	17045	24336	14040
0:04:55	30.0	15246	20947	27047	31459	9471	12679	16950	24546	13712
0:05:00	30.0	15295	21105	26900	31286	9433	12495	16777	24253	13683
0:05:05	30.0	15236	20938	26996	31395	9334	12638	17110	24119	13552
0:05:10	30.0	15405	21002	26677	31420	9367	12481	16790	23958	13368
0:05:15	30.0	15225	21000	27012	31154	9357	12559	16878	23924	13508
0:05:20	30.0	15268	20865	26858	31400	9486	12523	16857	23799	13586
0:05:25	30.0	15173	20884	26771	31271	9286	12565	16685	23967	13446
0:05:30	30.0	15142	20847	26802	31423	9373	12366	16643	23866	13568
0:05:35	30.0	15230	20853	26784	31336	9300	12534	16625	23820	13479
0:05:40	30.0	15256	21055	26645	30759	9355	12377	16747	23674	13576
0:05:45	30.0	15114	20718	26407	30825	9267	12412	16599	23643	13503
0:05:50	30.0	15096	20896	26754	31189	9332	12367	16756	23752	13337
0:05:55	30.0	14939	20672	26450	30699	9258	12384	16615	23720	13342
0:06:00	30.0	14976	20339	26744	30745	9369	12355	16689	23819	13115
0:06:05	30.0	14979	20500	26491	30624	9414	12273	16565	23714	13349
0:06:10	30.0	15054	20487	26703	30528	9164	12207	16758	23784	13273
0:06:15	30.0	14946	20467	26407	30804	9296	12319	16611	23602	13359
0:06:20	30.0	15022	20361	26557	30611	9344	12145	16378	23238	13259
0:06:25	30.0	14866	20401	26196	30435	9288	12186	16446	23721	13156
0:06:30	30.0	14753	20339	26313	30446	9165	12247	16372	23365	13021
0:06:35	30.0	14979	20222	26135	30336	9180	12316	16269	23245	13412
0:06:40	30.0	14882	20650	25824	30194	9282	12204	16576	23367	13077
0:06:45	30.0	14772	20438	26098	30488	9255	12159	16181	23392	13040
0:06:50	30.0	14821	20189	25895	30051	9143	12218	16444	23360	12999
0:06:55	30.0	14788	19897	26042	30556	9276	12080	16341	23538	13212
0:07:00	30.0	14741	20239	25835	30162	9186	12013	16200	23207	12955
0:07:05	30.0	14566	20307	25986	30226	9242	12270	16104	23048	13068
0:07:10	30.0	14562	19994	25743	30016	9189	11924	16029	23199	12979
0:07:15	30.0	14557	20046	25898	30186	9137	12186	16354	23189	13036
0:07:20	30.0	14650	20013	25754	29888	9270	12055	16307	23304	13060
0:07:25	30.0	14720	20063	25663	30131	9172	12011	16403	23233	12856
0:07:30	30.0	14796	19919	25756	29927	9189	12014	16165	23312	12918
0:07:35	30.0	14627	20136	25872	29996	9114	11991	16438	22985	12829
0:07:40	30.0	14352	19885	25967	29804	9057	11972	16181	23100	12941
0:07:45	30.0	14573	19807	25794	29519	9209	12058	16293	22891	12839
0:07:50	30.0	14637	19832	25528	29727	9122	12010	16255	22978	12984
0:07:55	30.0	14579	19716	25576	29902	9118	12116	16136	22903	12841
0:08:00	30.0	14472	19882	25764	29693	9129	12160	16294	22881	13018
0:08:05	30.0	14514	19726	25488	29774	9213	12123	16019	23181	12813
0:08:10	30.0	14379	19759	25403	29726	9172	11977	16140	22878	12831
0:08:15	30.0	14411	19683	25318	29686	8996	11961	16088	22773	12824
0:08:20	30.1	14420	19766	25412	29589	9067	12023	15960	22900	12792
0:08:25	30.1	14619	19679	25213	29665	9109	11971	15924	22895	12760
0:08:30	30.0	14423	19733	25387	29276	9086	12035	16050	22614	12678
0:08:35	30.0	14364	19548	25305	29340	9046	12044	15970	22624	12859
0:08:40	30.0	14436	19583	25099	29204	9073	12056	15879	22712	12694
0:08:45	30.0	14394	19706	25341	29407	9105	11826	16120	22663	12791
0:08:50	30.0	14408	19353	25455	29378	8993	12048	16155	22742	12823
0:08:55	30.0	14252	19725	25308	29136	8987	11995	15938	22586	12896
0:09:00	30.0	14466	19668	25170	29420	8963	11863	16001	22731	12645
0:09:05	30.0	14439	19630	25351	28965	9193	11969	15765	22746	12659
0:09:10	30.0	14318	19817	25186	29007	9035	11926	15915	22636	12810
0:09:15	30.0	14339	19675	25203	29170	9005	12020	15939	22891	12572
0:09:20	30.0	14333	19516	25109	29357	9138	12085	15797	22531	12543
0:09:25	30.0	14178	19423	25205	29065	9080	11952	15957	22385	12571
0:09:30	30.0	14219	19511	25022	28866	9004	11968	15930	22470	12647
0:09:35	30.0	14069	19360	24977	29140	8983	11927	16049	22644	12541
0:09:40	30.0	14333	19339	25015	28975	9091	11887	15938	22494	12673
0:09:45	30.0	14094	19457	24927	28989	9062	11987	15884	22517	12716
0:09:50	30.0	14221	19389	25129	29030	9122	11826	15848	22455	12610
0:09:55	30.0	14318	19494	24965	28700	9133	12017	15981	22232	12583
0:10:00	30.0	14288	19461	25047	28772	9150	11792	15814	22402	12554
0:10:05	30.0	14328	19396	24801	29117	9019	11902	15773	22277	12658
0:10:10	30.1	13993	19351	24837	28711	9058	12021	15821	22226	12450
0:10:15	30.0	14255	19427	24883	28798	9007	11860	15853	22257	12480
0:10:20	30.0	14251	19515	24975	29335	9111	11744	16065	22429	12537
0:10:25	30.0	13898	19154	25291	29033	8927	11917	15876	22094	12453
0:10:30	30.0	14044	19160	24709	28927	8982	11790	15702	22482	12466
0:10:35	30.0	14010	19209	24772	28866	9115	11951	15812	22332	12496
0:10:40	30.0	13924	19164	24729	28921	9021	11856	15672	22268	12641
0:10:45	30.0	13961	19243	24751	28764	8999	11860	15778	22410	12471
0:10:50	30.0	14225	18970	24704	28748	9096	11898	15716	22261	12565
0:10:55	30.0	14041	19378	24692	28729	9104	11858	15844	22445	12456
0:11:00	30.0	14005	19046	24615	28813	9060	11818	15743	22237	12287
0:11:05	30.0	13845	18987	24593	28465	9075	11986	15653	22231	12540
0:11:10	30.0	14088	19129	24995	28707	9037	11823	15594	22376	12507
0:11:15	30.0	13939	19125	24585	28469	9043	11747	15730	22409	12345
0:11:20	30.0	13956	19097	24868	28329	9047	11895	15762	22252	12384
0:11:25	30.0	14074	19153	24665	28663	8992	11823	15739	22136	12446
0:11:30	30.0	13945	18908	24453	28596	9143	11914	15681	22324	12300
0:11:35	30.0	13985	19177	24669	28425	9032	11744	15646	22063	12531
0:11:40	30.0	13972	19094	24692	28349	9036	12023	15657	22172	12336
0:11:45	30.0	14126	18866	24664	28608	8884	11905	15719	22295	12585
0:11:50	30.0	13905	18894	24440	28156	9108	11841	15734	21998	12369
0:11:55	30.0	13953	18898	24588	28369	8998	11919	15545	22209	12348
0:12:00	30.0	13854	19128	24616	28236	8988	11891	15786	22087	12333
0:12:05	30.0	14006	18972	24346	28637	8954	11929	15589	22099	12428
0:12:10	30.0	13936	18971	24578	28286	9073	11794	15509	21943	12385
0:12:15	30.0	14067	18975	24512	28351	9043	11832	15658	22142	12268
0:12:20	30.0	13839	18877	24603	28336	8925	11838	15643	22055	12505
0:12:25	30.0	13754	18903	24464	28184	9137	11921	15573	22032	12264
0:12:30	30.0	14068	18887	24290	28198	9013	11837	15518	22102	12398
0:12:35	30.0	13968	18719	24627	28115	9036	11854	15619	22100	12398
0:12:40	30.0	13758	19132	24225	28476	9005	11762	15590	22114	12244
0:12:45	30.0	13835	19061	24291	28049	9019	11717	15713	21951	12271
0:12:50	30.0	13973	18930	24223	28242	8960	11690	15612	22088	12434
0:12:55	30.0	13789	18915	24497	28172	8972	11932	15665	21953	12291
0:13:00	30.0	13828	18854	24506	28261	9074	11740	15872	21915	12237
0:13:05	30.0	13868	19004	24171	28083	8962	11977	15457	21705	12324
0:13:10	30.0	13825	18962	24361	27938	9078	11902	15450	22026	12279
0:13:15	30.0	13842	18999	24219	28101	8982	11803	15780	21798	12372
0:13:20	30.0	13794	18827	24176	28003	9018	11906	15589	21991	12326
0:13:25	30.0	13952	18851	24001	28113	9004	11834	15719	22079	12130
0:13:30	30.0	13929	18810	24279	28058	9062	11852	15413	22059	12308
0:13:35	30.0	13673	19106	24524	27947	9057	11728	15402	21764	12297
0:13:40	30.0	13671	19052	24324	28060	9053	11750	15635	21891	12272
0:13:45	30.0	13773	18908	24162	27887	8924	11804	15589	21876	12211
0:13:50	30.0	13787	18767	24166	28190	8894	11818	15485	22130	12209
0:13:55	30.0	13609	18940	24256	28024	9033	11731	15533	21914	12172
0:14:00	30.0	13696	18826	24037	28173	8957	11859	15447	21741	12204
0:14:05	30.0	13786	19041	23949	27981	8958	11844	15517	21669	12429
0:14:10	30.0	13832	18718	24148	27922	8947	11980	15393	21624	12346
0:14:15	30.0	13823	18826	24235	28031	8950	11761	15378	21833	12361
0:14:20	30.0	13650	19021	24213	27680	9070	11905	15449	21808	12249
0:14:25	30.0	13766	18952	24354	27769	9123	11805	15384	21913	12303
0:14:30	30.0	13748	18907	24261	27591	8993	11782	15572	21686	12284
0:14:35	30.0	13658	18702	23855	28062	8902	11787	15428	21677	12179
0:14:40	30.0	13825	18922	24135	27944	8975	11824	15381	21855	12317
0:14:45	30.0	13819	18826	23948	27961	9012	11764	15510	21822	12271
0:14:50	30.0	13874	18614	23889	27946	8958	11833	15506	21770	12244
0:14:55	30.0	13565	18814	24057	27544	9087	11902	15484	21740	12242
0:15:00	30.0	13879	18633	23989	27752	9012	11750	15450	21665	12105
0:15:05	30.0	13960	18848	24134	27822	9089	11785	15497	21723	12146
0:15:10	30.0	13557	18638	24125	27997	8959	11831	15425	21785	12213
0:15:15	30.0	13618	18940	24176	27947	8918	11887	15417	21583	12208
0:15:20	30.0	13783	18616	24154	27978	8999	11823	15474	21762	12247
0:15:25	30.0	13820	18863	24110	27904	8962	11836	15454	21683	12108
0:15:30	30.0	13744	18723	23936	27605	9153	11947	15461	22057	12232
0:15:35	30.0	13826	18776	23679	27685	9092	11849	15507	21749	12213
0:15:40	30.0	13576	18891	23950	27739	8975	11656	15578	21723	12059
0:15:45	30.0	13748	18616	23898	27745	9077	11920	15559	21614	12197
0:15:50	30.0	13602	18830	23849	27701	9018	11771	15615	21977	12114
0:15:55	30.0	13655	18674	23787	28174	9105	11771	15628	21682	12206
0:16:00	30.0	13627	18571	24118	27724	9067	11863	15488	21753	12168
0:16:05	30.0	13852	18813	24022	28031	8981	11721	15416	21706	12160
0:16:10	30.0	13667	18925	23824	28042	8973	11982	15320	21656	12238
0:16:15	30.0	13816	18622	24099	27635	9190	11790	15436	21643	12238
0:16:20	30.0	13626	18889	23982	27687	8958	11905	15537	21741	12132
0:16:25	30.0	13790	18610	24124	27726	9102	11727	15270	21609	12259
0:16:30	30.0	13639	18743	24133	27719	8972	11704	15315	21814	12101
0:16:35	30.0	13693	18663	23845	27720	9105	11880	15367	21673	12075
0:16:40	30.0	13589	18741	24000	27784	9074	11865	15350	21708	12177
0:16:45	30.0	13631	18854	24017	27670	8908	11881	15425	21624	12149
0:16:50	30.0	13677	18600	23957	27632	9002	11821	15481	21626	12261
0:16:55	30.0	13531	18634	23851	27825	9028	11842	15405	21654	12078
0:17:00	30.0	13591	18620	24100	27663	9054	11820	15438	21651	12094
0:17:05	30.0	13635	18932	24002	27869	9096	11763	15501	21655	12235
0:17:10	30.0	13500	18790	23720	27742	9147	11784	15495	21402	12021
0:17:15	30.0	13567	18711	23841	27913	8990	11864	15486	21531	12116
0:17:20	30.0	13588	18857	23904	27655	9156	12061	15451	21518	12360
0:17:25	30.0	13387	18858	23896	27243	9031	11798	15503	21875	12139
0:17:30	30.0	13494	18898	23704	27489	8933	11778	15424	21707	12134
0:17:35	30.0	13592	18894	23732	27569	9191	11798	15336	21804	11960
0:17:40	30.0	13449	18769	23726	27733	9024	11877	15422	21707	12213
0:17:45	30.0	13538	18734	23992	27619	9226	11820	15304	21630	12049
0:17:50	30.0	13523	18782	23728	27688	9126	11853	15515	21799	12236
0:17:55	30.0	13595	18712	23638	27477	9188	11754	15482	21623	12066
0:18:00	30.0	13649	18723	23830	27625	9048	11844	15296	21411	12197
0:18:05	30.0	13545	18698	23879	27620	9055	11836	15315	21647	12050
0:18:10	30.0	13614	18807	23827	27645	9069	11846	15340	21683	12198
0:18:15	30.0	13415	18835	23804	27629	9075	12016	15343	21871	12082
0:18:20	30.0	13493	18766	23737	27570	9082	11910	15402	21709	12115
0:18:25	30.0	13617	18658	23909	27845	9057	11958	15525	21495	12146
0:18:30	30.0	13513	18657	23887	27601	9082	11820	15519	21504	12078
0:18:35	30.0	13550	18798	23984	27565	9054	12012	15444	21815	12174
0:18:40	30.0	13493	18794	23835	27669	9139	11770	15189	21655	12021
0:18:45	30.0	13550	18723	23835	27255	9057	11843	15213	21364	12049
0:18:50	30.0	13524	18791	23895	27336	9006	11880	15275	21404	11997
0:18:55	30.0	13550	18782	23801	27201	9130	11738	15436	21592	12141
0:19:00	30.0	13576	18760	23758	27573	9009	11699	15162	21561	12089
0:19:05	30.0	13677	18664	23588	27418	9055	11947	15266	21546	12004
0:19:10	30.0	13614	18597	23525	27323	9096	11864	15302	21855	12099
0:19:15	30.0	13564	18849	23547	27457	9113	11788	15348	21414	12104
0:19:20	30.0	13332	18691	23596	27570	9172	11977	15364	21434	11974
0:19:25	30.0	13498	18790	23688	27463	9096	11774	15257	21388	11981
0:19:30	30.0	13459	18780	23488	27385	9206	11884	15392	21559	12146
0:19:35	30.0	13641	18730	23731	27592	9161	11817	15154	21540	12161
0:19:40	30.0	13505	18821	23699	27659	9165	11832	15298	21469	11977
0:19:45	30.0	13724	19061	23734	28041	9049	11872	15217	21315	11990
0:19:50	30.0	13445	18644	23541	27517	9056	11920	15248	21492	11991
0:19:55	30.0	13509	18871	23492	27808	9165	11934	15485	21331	12127
0:20:00	30.1	13495	18864	23595	27476	8990	11890	15207	21509	11948
0:20:05	30.0	13645	18794	23619	27445	8982	11897	15341	21619	12015
0:20:10	30.0	13596	18862	23882	27523	9111	11806	15318	21307	12103
0:20:15	30.0	13463	18706	23474	27511	9060	11998	15373	21571	11913
0:20:20	30.0	13519	18727	23777	27419	9008	11742	15372	21587	12138
0:20:25	30.0	13510	18754	23615	27512	9081	11808	15223	21377	12070
0:20:30	30.0	13410	18812	23658	27427	9116	11925	15269	21496	11992
0:20:35	30.0	13524	18747	23806	27603	9188	11899	15279	21527	11888
0:20:40	30.0	13505	18866	23451	27447	9174	11923	15414	21504	12008
0:20:45	30.0	13519	18667	23588	27280	9128	11725	15284	21396	12108
0:20:50	30.0	13564	18860	23490	27331	9034	11748	15323	21287	11921
0:20:55	30.1	13503	18833	23712	27350	9091	11835	15225	21502	12040
0:21:00	30.0	13568	18809	23594	27213	9120	11863	15320	21704	12094
0:21:05	30.0	13496	18849	23465	27182	9206	11880	15234	21444	12020
0:21:10	30.0	13568	19063	23505	27470	9197	11800	15220	21476	11938
0:21:15	30.0	13482	18842	23398	27500	9034	11926	15202	21311	11887
0:21:20	30.0	13398	18613	23835	27145	9144	12025	15272	21395	11915
0:21:25	30.0	13386	18647	23301	27150	9138	11853	15201	21231	11981
0:21:30	30.0	13593	18898	23774	27306	9095	11758	15206	21432	12111
0:21:35	30.0	13543	18720	23374	27429	9088	11836	15349	21348	11967
0:21:40	30.0	13433	18789	23465	27380	9104	11816	15339	21229	12060
0:21:45	30.0	13482	18906	23399	27189	9084	11781	15455	21442	12087
0:21:50	30.0	13482	18780	23415	27163	8983	11849	15363	21310	11960
0:21:55	30.0	13422	19016	23338	27062	9030	11765	15323	21438	12006
0:22:00	30.0	13305	18877	23674	27468	9112	11650	15366	21314	11971
0:22:05	30.0	13423	18910	23438	27389	8995	11812	15389	21383	11991
0:22:10	30.0	13386	18661	23328	27077	9010	11903	15275	21462	12063
0:22:15	30.0	13484	18704	23675	27269	9143	11852	15238	21335	12002
0:22:20	30.0	13394	18772	23983	27415	9229	11815	15436	21239	11832
0:22:25	30.0	13338	18483	23540	27144	9154	11910	15041	21243	11988
0:22:30	30.0	13479	18789	23433	27190	9141	11749	15258	21499	11958
0:22:35	30.0	13316	18926	23388	27446	8935	11812	15334	21346	12100
0:22:40	30.0	13392	18710	23178	27201	9120	11782	15214	21231	11886
0:22:45	30.0	13484	18885	23584	27060	8915	11822	15209	21338	11835
0:22:50	30.1	13351	18811	23656	27302	9065	11839	15301	21081	11977
0:22:55	30.1	13336	18818	23557	27229	8963	11755	15226	21339	12092
0:23:00	30.0	13513	19056	23383	27002	9133	11796	15281	21335	12110
0:23:05	30.1	13457	18923	23312	27245	9136	11745	15267	21382	11938
0:23:10	30.0	13532	18873	23549	27186	9117	11837	15326	21224	11926
0:23:15	30.1	13167	18901	23657	26963	9004	11851	15108	21377	11974
0:23:20	30.1	13444	18932	23433	27246	9029	11782	15174	21422	11984
0:23:25	30.1	13397	19027	23367	27272	9062	11797	15373	21307	11890
0:23:30	30.1	13408	18676	23291	27299	9123	11841	15156	21177	11864
0:23:35	30.1	13458	18959	23375	27308	9042	11650	15263	21367	11908
0:23:40	30.1	13427	19116	23451	27169	9142	11772	15248	21426	12018
0:23:45	30.0	13375	19104	23649	26981	9077	11803	15352	21250	11989
0:23:50	30.1	13492	19154	23489	27368	9082	11826	15200	21217	11951
0:23:55	30.1	13560	18805	23477	27085	9009	11753	15143	21208	12012
0:24:00	30.1	13437	18956	23346	27038	8990	11814	15381	21399	11954
0:24:05	30.1	13387	18851	23326	27459	9172	11735	15377	21207	11777
0:24:10	30.1	13395	18901	23494	27164	8993	11834	15336	21349	12104
0:24:15	30.1	13447	18952	23653	27092	9128	11798	15342	21396	12052
0:24:20	30.0	13234	19031	23427	27093	9107	11837	15292	21212	12034
0:24:25	30.1	13393	18913	23223	27070	9092	11859	15220	21282	11784
0:24:30	30.0	13344	18946	23563	27201	9183	11754	15092	21091	11950
0:24:35	30.1	13429	18947	23434	26676	9161	11696	15175	21193	12056
0:24:40	30.1	13450	18885	23274	27028	9081	11613	15092	20989	11988
0:24:45	30.1	13484	18713	23294	27068	9082	11728	15296	21408	11978
0:24:50	30.1	13342	19120	23563	27175	9091	11835	15343	21367	11815
0:24:55	30.1	13441	19135	23426	26854	9087	11744	15258	21228	11926
0:25:00	30.0	13292	18890	23485	26944	9115	11783	15149	21437	11897
0:25:05	30.1	13305	18930	23506	27056	9046	11717	15142	21251	11940
0:25:10	30.1	13351	18883	23398	27041	9054	11712	15260	21182	11939
0:25:15	30.0	13206	18900	23341	26911	9091	11692	15229	21188	11924
0:25:20	30.1	13376	18856	23406	26990	9101	11768	15028	21202	11728
0:25:25	30.1	13673	19110	23330	27051	9068	11783	15114	21201	11749
0:25:30	30.1	13440	18927	23317	26988	8998	11739	15309	21285	11912
0:25:35	30.1	13368	18891	23268	27141	9022	11754	15315	21270	11921
0:25:40	30.1	13418	18877	23282	27022	9064	11594	15246	21492	11790
0:25:45	30.1	13376	19037	23366	27089	9032	11733	15325	21153	11877
0:25:50	30.1	13515	19070	23289	27022	8993	11750	15054	21280	11919
0:25:55	30.0	13428	18965	23553	26901	8969	11753	14922	21023	11972
0:26:00	30.1	13467	18855	23227	27003	9118	11657	15311	21329	11757
0:26:05	30.1	13320	18871	23026	27134	9044	11855	15189	21089	11810
0:26:10	30.1	13298	18857	23291	27080	8930	11663	15154	21245	11881
0:26:15	30.1	13335	18836	23137	27095	8984	11879	15095	20948	11827
0:26:20	30.1	13234	19043	23470	26943	9037	11788	15317	21166	11893
0:26:25	30.1	13315	18793	23345	26770	9066	11574	15283	21182	12093
0:26:30	30.1	13284	19048	23349	27109	9005	11745	15188	21018	11846
0:26:35	30.1	13387	18873	22945	26842	9206	11746	15060	21240	11898
0:26:40	30.0	13235	18917	23354	26940	8913	11797	14956	21163	11950
0:26:45	30.1	13185	18704	23414	26722	8998	11837	15164	21092	11825
0:26:50	30.1	13310	18903	23259	26531	8946	11756	15255	20996	11791
0:26:55	30.1	13177	18728	23443	26922	9065	11761	15002	21127	11798
0:27:00	30.1	13445	19111	23328	26929	8967	11621	15125	21120	11842
0:27:05	30.1	13356	18791	23373	26833	9129	11740	15173	21132	11861
0:27:10	30.1	13283	18987	23136	26751	9077	11793	15156	21226	11869
0:27:15	30.1	13422	18956	23282	26870	8961	11721	15068	21110	11920
0:27:20	30.1	13505	18803	23131	26874	8985	11708	15150	21334	11702
0:27:25	30.0	13316	19094	23489	26817	9144	11600	15037	21272	11869
0:27:30	30.1	13123	18864	23128	26648	8819	11629	15253	21030	11659
0:27:35	30.0	13212	18860	23376	26909	8779	11592	15107	21117	11985
0:27:40	30.1	13334	18635	22991	26843	9077	11683	15052	21571	11738
0:27:45	30.1	13287	19052	23204	26893	8968	11682	14953	21285	11725
0:27:50	30.1	13323	18873	23251	27079	9001	11717	15013	21021	11773
0:27:55	30.1	13215	18984	23617	26651	9004	11768	15137	21178	11948
0:28:00	30.1	13300	18964	23021	26849	8999	11525	15266	21029	11644
0:28:05	30.0	13192	18813	23028	26820	9002	11609	15165	21288	11899
0:28:10	30.1	13389	18859	23470	26568	9060	11763	15138	21053	12102
0:28:15	30.1	13242	18886	23467	26824	9014	11715	15011	21344	11757
0:28:20	30.1	13206	18939	23050	26791	8982	11774	15245	21195	11803
0:28:25	30.0	13402	18876	23039	26920	9105	11705	15368	21389	11731
0:28:30	30.1	13518	19148	23454	26623	9099	11675	15110	20998	11756
0:28:35	30.1	13260	19009	22996	26779	9043	11721	15162	21076	11780
0:28:40	30.1	13307	19026	22972	26839	9025	11763	15064	21097	11829
0:28:45	30.1	13398	18690	23134	26782	8946	11642	15102	21039	11840
0:28:50	30.0	13538	18953	23186	26401	8973	11574	15046	21203	11924
0:28:55	30.1	13285	19079	23054	26586	8980	11682	15149	21076	11984
0:29:00	30.1	13354	18949	23372	26649	9051	11638	14996	21068	11764
0:29:05	30.1	13231	18789	23419	26958	9043	11520	14847	21132	11891
0:29:10	30.1	13377	18920	23091	26724	9038	11650	15081	21164	11767
0:29:15	30.1	13259	18785	23257	26841	8888	11787	15056	20868	11852
0:29:20	30.1	13364	18955	22963	26804	9030	11628	14967	21006	11723
0:29:25	30.1	13092	18817	23350	26705	8987	11716	14905	20993	11792
0:29:30	30.1	13268	18869	23184	27077	8931	11775	14888	20984	11857
0:29:35	30.1	13361	18793	23615	26768	9036	11733	15088	21138	11702
0:29:40	30.1	13323	18769	23476	26541	8985	11617	15027	21017	11808
0:29:45	30.1	13313	18613	23244	26924	9065	11577	15231	20947	11657
0:29:50	30.1	13290	18906	23181	26773	9077	11587	15096	21093	11749
0:29:55	30.1	13163	18904	23141	26651	8914	11639	15162	21072	11683
0:30:00	30.1	13323	18881	22932	26444	8980	11710	15079	21044	11760
0:30:05	30.1	13243	18698	23206	26766	8973	11704	15127	21021	11760
0:30:10	30.1	13298	18877	23154	26879	8985	11542	15151	20965	11824
0:30:15	30.1	13214	18806	23228	26692	8851	11481	15123	21019	11749
0:30:20	30.1	13344	18877	23129	26736	9040	11562	15104	21106	11691
0:30:25	30.1	13211	18745	23063	26788	8985	11561	15215	21009	11754
0:30:30	30.1	13200	18733	23201	26590	8997	11437	15037	20902	11771
0:30:35	30.1	13257	18772	23026	26745	8908	11696	14998	20937	11742
0:30:40	30.1	13183	18849	23097	26637	9014	11780	14983	21000	11743
0:30:45	30.1	13273	18869	23067	26620	8872	11505	15038	21035	11734
0:30:50	30.1	13128	18715	22935	26584	8983	11612	14914	21101	11813
0:30:55	30.1	13182	18945	23135	26541	9000	11682	14982	21118	11803
0:31:00	30.1	13197	18882	22958	26799	8984	11693	14865	20881	11866
0:31:05	30.1	13199	18946	23125	26799	9008	11543	14945	21053	11831
0:31:10	30.1	13176	18769	22855	26359	8897	11769	14931	20945	11852
0:31:15	30.1	13178	19132	22919	26822	8959	11564	15165	21136	11616
0:31:20	30.1	13126	18908	23085	26763	8976	11610	14959	20843	11683
0:31:25	30.1	13116	18883	22924	26572	9038	11468	14983	21075	11718
0:31:30	30.1	13099	18885	22899	26540	8832	11594	15062	20865	11789
0:31:35	30.1	13238	18767	23020	26439	8933	11683	15085	20795	11638
0:31:40	30.1	13212	18970	23120	26555	8880	11469	14854	21040	11673
0:31:45	30.1	13114	18672	22868	26550	8927	11593	14897	20948	11889
0:31:50	30.1	13222	18801	23239	26872	8887	11514	15012	20896	11699
0:31:55	30.1	13192	18677	22943	26478	8941	11377	14958	20871	11753
0:32:00	30.1	13178	18865	22844	26345	8867	11602	14975	21005	11653
0:32:05	30.1	13137	18670	22945	26548	8895	11399	15030	21095	11677
0:32:10	30.1	13218	18923	22880	26468	8902	11577	14822	20965	11601
0:32:15	30.1	13222	18677	22881	26745	9085	11453	15045	20735	11524
0:32:20	30.1	13098	18540	23050	26308	8964	11556	14871	21017	11671
0:32:25	30.1	13123	18740	23010	26238	8842	11684	14872	20846	11754
0:32:30	30.1	13184	18845	22645	26525	8922	11539	14831	20871	11754
0:32:35	30.1	13240	18800	22930	26337	8849	11528	14972	20959	11674
0:32:40	30.1	13057	18620	22794	26694	8839	11608	14978	21040	11806
0:32:45	30.1	13083	18592	23094	26376	8972	11463	14956	20971	11804
0:32:50	30.1	13060	18759	22885	26165	8833	11500	14988	20699	11649
0:32:55	30.1	13020	18810	23016	26433	8892	11515	14932	20744	11684
0:33:00	30.1	13081	18592	22726	26518	8820	11539	14990	20969	11596
0:33:05	30.1	13057	18838	23014	26323	8814	11587	14788	20907	11676
0:33:10	30.1	13104	18736	22873	26309	8881	11487	14976	20766	11626
0:33:15	30.1	13126	18655	22854	26314	8888	11566	14752	20828	11624
0:33:20	30.1	12942	18746	23072	26292	8878	11504	14849	20807	11719
0:33:25	30.1	13101	18440	22713	26432	8933	11590	14959	20766	11652
0:33:30	30.1	13179	18630	23322	26134	9001	11400	15020	20689	11622
0:33:35	30.1	13049	18751	22721	26339	8854	11441	15042	20716	11724
0:33:40	30.1	13166	18526	22776	26467	9014	11389	14858	20897	11477
0:33:45	30.1	13124	18879	22752	26583	8826	11464	14805	20999	11705
0:33:50	30.1	13023	18744	23062	26209	8900	11535	14813	20791	11747
0:33:55	30.1	12924	18698	22687	26272	8831	11496	14996	20823	11505
0:34:00	30.1	13167	18426	22604	26412	8919	11411	14905	20699	11851
0:34:05	30.1	13007	18616	22513	26341	8711	11600	15002	20758	11793
0:34:10	30.1	12976	18729	22927	26030	8904	11410	14972	20829	11663
0:34:15	30.1	13086	18712	22731	26334	8835	11443	14976	20733	11661
0:34:20	30.1	12975	18603	22857	26398	8810	11599	14932	20614	11538
0:34:25	30.1	13002	18558	22982	26471	8764	11393	14847	20775	11597
0:34:30	30.1	12935	18546	22714	26200	8809	11383	14652	20725	11491
0:34:35	30.1	12945	18644	22564	26386	8900	11510	14921	20774	11551
0:34:40	30.1	13186	18547	22702	26203	8860	11528	14726	20691	11589
0:34:45	30.1	13054	18496	22615	26273	8804	11436	14794	20629	11586
0:34:50	30.1	13224	18643	22652	26419	8704	11389	14834	20702	11581
0:34:55	30.1	12970	18680	22594	26321	8930	11383	14839	20691	11609
0:35:00	30.1	13131	18535	22799	26392	8890	11468	14746	20566	11601
0:35:05	30.1	12866	18598	22563	26269	8821	11405	14805	20799	11521
0:35:10	30.1	13122	18596	22722	26418	8795	11449	14852	20761	11503
0:35:15	30.1	12891	18725	22731	26501	8743	11585	14925	20677	11589
0:35:20	30.1	12992	18617	22707	26196	8759	11496	14631	20769	11511
0:35:25	30.1	13122	18778	22606	26229	8866	11484	14684	20564	11632
0:35:30	30.1	12974	18540	22799	26235	8816	11397	14875	20950	11613
0:35:35	30.1	13059	18491	22923	26210	8836	11454	14741	20735	11454
0:35:40	30.1	12991	18432	22898	26280	8840	11451	14784	20637	11531
0:35:45	30.1	13017	18485	22938	26240	8923	11384	14848	20598	11587
0:35:50	30.1	13148	18505	22634	25984	8805	11487	14753	20706	11579
0:35:55	30.1	12943	18502	22622	26142	8828	11514	14724	20660	11587
0:36:00	30.1	12957	18430	22765	26001	8907	11386	14848	20508	11579
0:36:05	30.1	13026	18528	22945	26233	8790	11455	14730	20618	11671
0:36:10	30.1	13075	18724	22638	26498	8668	11440	14719	20576	11583
0:36:15	30.1	12881	18734	22603	26119	8814	11500	14914	20719	11571
0:36:20	30.1	13027	18357	22858	26136	8759	11447	14816	20763	11519
0:36:25	30.1	13142	18440	22569	26316	8814	11436	14880	20563	11612
0:36:30	30.1	12908	18599	22878	26057	8776	11431	14816	20709	11462
0:36:35	30.1	12945	18611	22799	26180	8757	11472	14840	20590	11506
0:36:40	30.1	13037	18459	22826	26372	8739	11381	14807	20678	11552
0:36:45	30.1	12840	18643	22711	25908	8727	11395	14775	20423	11567
0:36:50	30.1	12873	18442	22759	26277	8819	11527	14855	20812	11658
0:36:55	30.1	13071	18503	22959	26252	8759	11362	14652	20670	11507
0:37:00	30.1	12894	18458	22856	26069	8825	11387	14777	20678	11624
0:37:05	30.1	13021	18588	22587	26014	8677	11412	14792	20795	11743
0:37:10	30.1	12859	18576	22882	26044	8894	11558	14756	20612	11580
0:37:15	30.1	12998	18668	22710	25956	8814	11517	14870	20560	11585
0:37:20	30.1	13070	18722	22684	26159	8752	11318	14883	20706	11616
0:37:25	30.1	12875	18550	22770	26014	8813	11342	14784	20568	11609
0:37:30	30.1	13164	18509	22707	26376	8819	11454	14800	20898	11629
0:37:35	30.1	13011	18462	22662	26307	8738	11466	14767	20600	11509
0:37:40	30.1	12922	18418	22538	26172	8726	11495	14588	20589	11469
0:37:45	30.1	13111	18786	22472	26012	8816	11428	14809	20555	11522
0:37:50	30.1	13161	18549	22627	26284	8919	11475	14540	20402	11498
0:37:55	30.1	12862	18516	22328	26368	8742	11540	14722	20539	11514
0:38:00	30.1	13011	18621	22689	25583	8809	11498	14706	20530	11509
0:38:05	30.1	12972	18651	22624	25849	8826	11369	14699	20815	11521
0:38:10	30.1	13026	18566	22712	26069	8745	11431	14734	20638	11597
0:38:15	30.1	12904	18418	22775	26144	8825	11358	14867	20463	11381
0:38:20	30.1	12748	18528	22657	25927	8894	11429	14833	20503	11494
0:38:25	30.1	12782	18569	22443	25953	8778	11386	14716	20459	11519
0:38:30	30.1	13011	18454	22749	26167	8799	11314	14541	20692	11422
0:38:35	30.1	13009	18578	22669	26006	8747	11380	14731	20470	11520
0:38:40	30.1	12961	18437	22583	26061	8689	11498	14873	20844	11645
0:38:45	30.1	13025	18432	22621	25915	8776	11449	14719	20612	11591
0:38:50	30.1	13080	18494	22580	25817	8723	11335	14748	20551	11502
0:38:55	30.1	13018	18593	22597	25888	8727	11364	14678	20647	11537
0:39:00	30.1	12809	18310	22670	25797	8874	11304	14709	20431	11685
0:39:05	30.1	13045	18431	22599	26221	8731	11299	14660	20383	11464
0:39:10	30.1	12962	18509	22764	26154	8783	11487	14523	20645	11618
0:39:15	30.1	12889	18411	22579	26254	8724	11362	14696	20575	11399
0:39:20	30.1	12956	18415	22816	26154	8747	11327	14634	20598	11443
0:39:25	30.1	12982	18387	22611	26094	8753	11323	14744	20744	11576
0:39:30	30.1	12892	18489	22572	25951	8777	11403	14681	20602	11554
0:39:35	30.1	12829	18317	22573	25899	8672	11431	14560	20509	11578
0:39:40	30.1	12809	18464	22563	26207	8851	11281	14694	20458	11451
0:39:45	30.1	13025	18315	22370	25909	8774	11527	14460	20531	11666
0:39:50	30.1	12837	18389	22823	26005	8642	11383	14592	20507	11368
0:39:55	30.1	12857	18586	22657	25883	8660	11406	14751	20564	11452
0:40:00	30.1	12921	18388	22497	26154	8759	11405	14770	20495	11459
0:40:05	30.1	13022	18350	22729	25847	8774	11439	14651	20507	11362
0:40:10	30.1	12834	18574	22470	26000	8765	11294	14643	20680	11504
0:40:15	30.1	12901	18496	22466	25864	8677	11369	14786	20409	11465
0:40:20	30.1	12903	18517	22559	26210	8773	11488	14663	20398	11550
0:40:25	30.1	12902	18657	22708	26197	8648	11313	14766	20738	11372
0:40:30	30.1	12856	18361	22575	26128	8829	11236	14725	20564	11442
0:40:35	30.1	13044	18172	22570	25897	8718	11397	14697	20710	11401
0:40:40	30.1	12952	18222	22602	25945	8757	11288	14763	20416	11531
0:40:45	30.1	12829	18567	22505	26032	8693	11341	14733	20538	11550
0:40:50	30.1	12805	18230	22780	25958	8855	11437	14677	20538	11401
0:40:55	30.1	12860	18398	22628	26133	8652	11366	14759	20481	11538
0:41:00	30.1	12933	18521	22427	25790	8782	11252	14593	20531	11611
0:41:05	30.1	12923	18409	22574	25948	8757	11335	14646	20455	11326
0:41:10	30.1	12866	18427	22550	25960	8712	11374	14620	20575	11527
0:41:15	30.1	12885	18401	22681	26101	8715	11322	14587	20404	11363
0:41:20	30.1	12869	18488	22524	26123	8572	11292	14612	20355	11454
0:41:25	30.1	12964	18274	22721	25985	8757	11170	14732	20376	11558
0:41:30	30.1	13007	18378	22565	26319	8807	11298	14587	20432	11559
0:41:35	30.1	12655	18563	22237	26298	8726	11410	14548	20524	11431
0:41:40	30.1	12804	18503	22618	25859	8672	11340	14594	20419	11561
0:41:45	30.1	12766	18583	22534	26106	8756	11363	14553	20530	11584
0:41:50	30.1	12740	18410	22808	25760	8652	11242	14496	20345	11419
0:41:55	30.1	12920	18327	22493	26208	8769	11423	14630	20456	11424
0:42:00	30.1	12794	18502	22491	26037	8733	11256	14681	20425	11321
0:42:05	30.1	12742	18287	22330	26098	8668	11262	14605	20382	11546
0:42:10	30.1	12820	18293	22620	25935	8665	11263	14406	20187	11496
0:42:15	30.1	12908	18570	22780	26115	8624	11309	14480	20498	11482
0:42:20	30.1	12955	18370	22572	25867	8756	11279	14519	20664	11412
0:42:25	30.1	12856	18230	22489	26105	8651	11388	14434	20367	11493
0:42:30	30.1	12997	18221	22479	26116	8684	11159	14592	20487	11489
0:42:35	30.1	12908	18408	22454	26035	8693	11140	14509	20606	11481
0:42:40	30.1	12836	18521	22532	26281	8677	11265	14665	20418	11574
0:42:45	30.1	12944	18222	22610	25949	8724	11270	14576	20326	11449
0:42:50	30.1	13046	18469	22541	25735	8689	11363	14527	20494	11551
0:42:55	30.1	12815	18298	22507	25974	8724	11404	14671	20449	11493
0:43:00	30.1	12887	18053	22462	26019	8648	11286	14682	20388	11432
0:43:05	30.1	12667	18252	22488	25868	8687	11464	14558	20292	11526
0:43:10	30.1	12782	18363	22572	26211	8802	11445	14569	20367	11498
0:43:15	30.1	12739	18310	22220	25783	8816	11281	14529	20329	11441
0:43:20	30.1	12717	18450	22419	26110	8622	11257	14519	20172	11429
0:43:25	30.1	12900	18400	22581	25875	8742	11336	14650	20362	11522
0:43:30	30.1	12922	18209	22483	26121	8641	11282	14610	20529	11489
0:43:35	30.1	12877	18302	22680	26101	8734	11308	14678	20552	11468
0:43:40	30.1	12925	18280	22734	25842	8596	11334	14491	20383	11494
0:43:45	30.1	12879	18330	22387	25793	8730	11140	14418	20360	11476
0:43:50	30.1	12908	18314	22463	25860	8650	11341	14615	20278	11446
0:43:55	30.1	12896	18578	22407	25702	8708	11203	14516	20422	11586
0:44:00	30.1	12836	18218	22646	25762	8669	11319	14523	20295	11498
0:44:05	30.1	12838	18239	22436	25959	8715	11188	14397	20135	11414
0:44:10	30.1	12906	18232	22341	25828	8710	11275	14542	20354	11479
0:44:15	30.1	12741	18398	22589	25869	8795	11259	14588	20381	11363
0:44:20	30.1	12834	18287	22431	25846	8769	11237	14621	20427	11304
0:44:25	30.1	12822	18578	22687	26048	8675	11276	14514	20189	11469
0:44:30	30.1	12936	18343	22339	25964	8699	11212	14541	20391	11345
0:44:35	30.1	12713	18124	22315	25958	8645	11178	14723	20503	11519
0:44:40	30.1	12899	18164	22616	25863	8644	11288	14662	20424	11460
0:44:45	30.1	12778	18342	22357	25831	8771	11289	14627	20349	11377
0:44:50	30.1	12890	18481	22544	25729	8704	11279	14516	20206	11429
0:44:55	30.1	12917	18376	22431	25750	8722	11253	14442	20380	11316
0:45:00	30.1	12702	18191	22483	25946	8792	11256	14586	20289	11657
0:45:05	30.1	12821	18520	22211	25912	8653	11284	14527	20242	11433
0:45:10	30.1	12734	18312	22458	25935	8648	11206	14547	20319	11433
0:45:15	30.1	12756	18368	22494	25725	8673	11369	14528	20206	11454
0:45:20	30.1	12766	18325	22309	25759	8618	11139	14871	20293	11379
0:45:25	30.1	12758	18389	22479	25727	8572	11154	14570	20606	11410
0:45:30	30.1	12757	18589	22698	25823	8589	11315	14484	20556	11341
0:45:35	30.1	12895	18373	22539	25845	8588	11266	14491	20359	11354
0:45:40	30.1	12779	18372	22339	25935	8610	11295	14647	20484	11453
0:45:45	30.1	12922	18439	22559	25763	8625	11441	14435	20229	11425
0:45:50	30.1	12800	18122	22371	25825	8607	11231	14575	20539	11277
0:45:55	30.1	12891	18494	22455	26080	8771	11265	14383	20433	11425
0:46:00	30.1	12545	18370	22374	26108	8757	11268	14514	20203	11455
0:46:05	30.1	12884	18389	22404	25855	8715	11177	14559	20447	11337
0:46:10	30.1	12744	18311	22708	25621	8639	11279	14583	20339	11505
0:46:15	30.1	12679	18096	22619	25625	8603	11177	14513	20267	11541
0:46:20	30.1	12834	18377	22574	25912	8672	11282	14477	20209	11443
0:46:25	30.1	12818	18147	22496	25834	8628	11285	14509	20176	11376
0:46:30	30.1	12788	18207	22558	25847	8642	11204	14410	20258	11468
0:46:35	30.1	12800	18516	22517	25646	8599	11280	14540	20376	11312
0:46:40	30.1	12692	18135	22704	25807	8600	11167	14608	20225	11588
0:46:45	30.1	12815	18175	22365	25749	8662	11197	14529	20399	11458
0:46:50	30.1	12732	18331	22670	25823	8682	11111	14412	20321	11371
0:46:55	30.1	12804	18142	22378	25678	8579	11262	14581	20336	11299
0:47:00	30.1	12827	18243	22412	25696	8691	11225	14481	20351	11454
0:47:05	30.1	12803	18032	22354	25899	8628	11275	14530	20226	11333
0:47:10	30.1	12710	18290	22332	25712	8678	11192	14447	20267	11405
0:47:15	30.1	12734	18148	22342	25892	8700	11206	14599	20047	11332
0:47:20	30.1	12828	18166	22395	25934	8747	11135	14490	20185	11355
0:47:25	30.1	12764	18168	22347	26117	8673	11265	14502	20266	11286
0:47:30	30.1	12669	18229	22464	25923	8627	11153	14475	20112	11328
0:47:35	30.1	12788	18316	22457	25930	8643	11142	14578	20302	11392
0:47:40	30.1	12626	18227	22283	26144	8675	11186	14585	20111	11319
0:47:45	30.1	12757	18054	22400	25780	8662	11170	14505	20231	11489
0:47:50	30.1	12781	18317	22504	25797	8684	11213	14369	20387	11370
0:47:55	30.1	12746	18139	22267	25555	8790	11270	14525	20289	11236
0:48:00	30.1	12700	18138	22539	25692	8554	11122	14558	20447	11440
0:48:05	30.1	12646	18232	22592	25623	8635	11165	14382	19989	11392
0:48:10	30.1	12714	18153	22528	25590	8610	11318	14304	20297	11353
0:48:15	30.1	12658	18141	22550	25711	8647	11212	14566	20237	11445
0:48:20	30.1	12692	18249	22025	25988	8541	11279	14474	20132	11459
0:48:25	30.1	12846	18042	22566	25754	8640	11259	14424	20310	11501
0:48:30	30.1	12777	18319	22306	25717	8521	11021	14493	20200	11384
0:48:35	30.1	12800	18147	22388	25701	8591	11126	14458	20266	11492
0:48:40	30.1	12684	18096	22249	25771	8559	11357	14518	20093	11437
0:48:45	30.1	12713	18133	22309	25463	8694	11209	14466	20225	11281
0:48:50	30.1	12896	18231	22268	25429	8562	11202	14508	20097	11344
0:48:55	30.1	12767	18141	22458	25468	8563	11169	14501	20291	11417
0:49:00	30.1	12790	17918	22134	25528	8597	11348	14539	20210	11279
0:49:05	30.1	12750	18184	22439	25541	8632	11195	14383	20313	11414
0:49:10	30.1	12566	18048	22468	25849	8682	11178	14357	20212	11437
0:49:15	30.1	12773	18165	22374	25900	8642	11234	14329	20139	11289
0:49:20	30.1	12698	18212	22329	25924	8570	11093	14356	20225	11169
0:49:25	30.1	12723	18244	22146	25792	8629	11238	14474	20144	11420
0:49:30	30.1	12721	18209	22615	25706	8602	11065	14535	20334	11182
0:49:35	30.1	12729	18336	22313	25523	8607	11230	14389	20139	11185
0:49:40	30.1	12706	18134	22464	25856	8665	11203	14611	20277	11339
0:49:45	30.1	12679	18270	22463	25617	8598	11266	14288	20218	11437
0:49:50	30.1	12851	18221	22432	25990	8620	11108	14651	20084	11348
0:49:55	30.1	12597	18169	22219	25945	8539	11173	14213	20134	11428
0:50:00	30.1	12843	18163	22138	25649	8543	11235	14394	20069	11371
0:50:05	30.1	12614	18203	22173	25609	8563	11077	14446	20188	11359
0:50:10	30.1	12762	18055	22007	25631	8596	11164	14401	20103	11312
0:50:15	30.1	12707	18135	22179	25615	8607	11259	14318	20036	11311
0:50:20	30.1	12696	18164	22520	25657	8734	11164	14420	20215	11365
0:50:25	30.1	12733	18128	22365	25547	8623	11207	14238	20348	11438
0:50:30	30.1	12818	18154	22359	25879	8528	11017	14344	20226	11353
0:50:35	30.1	12736	18138	22261	25589	8525	11236	14479	20023	11453
0:50:40	30.1	12784	17902	22338	25381	8560	11215	14402	20175	11298
0:50:45	30.1	12699	18171	22219	25732	8575	11053	14226	20030	11327
0:50:50	30.1	12779	18187	22287	25538	8575	11027	14334	20376	11452
0:50:55	30.1	12648	18140	22284	25471	8468	11073	14455	19957	11349
0:51:00	30.1	12626	18248	22413	25719	8541	11128	14408	20132	11385
0:51:05	30.1	12709	18073	22368	25750	8584	11194	14434	20278	11243
0:51:10	30.1	12683	18320	22392	25781	8534	11120	14458	20022	11295
0:51:15	30.1	12575	18236	22253	25470	8611	11193	14450	19984	11367
0:51:20	30.1	12716	17955	22446	25558	8608	11218	14333	20083	11242
0:51:25	30.1	12775	18159	22348	26216	8546	11204	14282	20285	11222
0:51:30	30.1	12617	17973	21983	25674	8660	11123	14543	20185	11409
0:51:35	30.1	12650	18153	22391	25493	8617	11207	14284	19989	11368
0:51:40	30.1	12540	18099	22397	25552	8579	11106	14486	20088	11328
0:51:45	30.1	12719	18224	22220	25775	8500	11200	14356	20242	11244
0:51:50	30.1	12573	18136	22466	25811	8566	11134	14374	20026	11352
0:51:55	30.1	12814	18083	22170	25939	8447	11122	14376	20228	11316
0:52:00	30.1	12659	18279	22328	25770	8526	11138	14389	20188	11216
0:52:05	30.1	12638	18101	22506	25657	8622	11194	14506	20149	11443
0:52:10	30.1	12646	18082	22192	25844	8611	11031	14496	19903	11379
0:52:15	30.1	12808	17951	22130	25649	8617	11257	14426	20096	11342
0:52:20	30.1	12668	18359	21900	26016	8507	11104	14455	20047	11326
0:52:25	30.1	12532	18085	22447	25446	8630	11193	14272	20263	11378
0:52:30	30.1	12781	18107	22219	25529	8648	11193	14348	20174	11364
0:52:35	30.1	12528	18120	22166	25919	8602	11198	14425	20195	11249
0:52:40	30.1	12694	18143	22314	25636	8606	11048	14459	20133	11524
0:52:45	30.1	12759	17964	22091	26015	8555	11163	14346	20057	11475
0:52:50	30.1	12659	18068	22395	25488	8567	11062	14447	19959	11272
0:52:55	30.1	12555	18005	22329	25571	8544	11004	14497	20121	11339
0:53:00	30.1	12650	18245	22386	25675	8539	11152	14477	19886	11315
0:53:05	30.1	12581	18111	22343	25767	8678	10981	14406	20126	11324
0:53:10	30.1	12803	18136	22403	25744	8587	11071	14249	20161	11351
0:53:15	30.1	12533	18070	22229	25596	8542	11130	14499	20029	11382
0:53:20	30.1	12741	17996	22147	25464	8615	11061	14356	20030	11253
0:53:25	30.1	12594	18135	22279	25397	8583	11270	14330	19970	11430
0:53:30	30.1	12629	18102	22189	25492	8423	11285	14397	20116	11379
0:53:35	30.1	12822	18192	22298	25497	8672	11168	14318	19959	11260
0:53:40	30.1	12757	18098	22430	25654	8655	11087	14348	20036	11317
0:53:45	30.1	12554	18191	22316	25868	8606	11012	14431	20245	11383
0:53:50	30.1	12733	18043	22014	25655	8521	11256	14372	20128	11269
0:53:55	30.1	12683	18192	22469	25466	8582	11116	14388	20055	11308
0:54:00	30.1	12823	18296	22133	25649	8462	11008	14339	19920	11318
0:54:05	30.1	12801	18150	22404	25570	8570	11040	14447	19863	11260
0:54:10	30.1	12729	17998	22082	25631	8445	11144	14362	20101	11379
0:54:15	30.1	12563	18106	22047	25682	8556	11116	14324	20131	11309
0:54:20	30.1	12679	18356	22227	25587	8462	11128	14307	20012	11301
0:54:25	30.1	12568	18073	22185	25510	8557	11215	14269	19943	11330
0:54:30	30.1	12604	18129	22258	25543	8609	11085	14365	20059	11331
0:54:35	30.1	12466	18014	22195	25714	8490	11089	14331	19822	11210
0:54:40	30.1	12722	17923	22236	25417	8626	11221	14304	19925	11316
0:54:45	30.1	12537	18000	22148	25684	8553	11085	14503	20134	11318
0:54:50	30.1	12598	18184	22210	25651	8526	11114	14423	20026	11305
0:54:55	30.1	12787	17959	22308	25708	8377	11153	14359	20048	11444
0:55:00	30.1	12627	18324	22197	25761	8503	11113	14215	20097	11344
0:55:05	30.1	12581	18143	22315	25850	8563	10979	14129	20170	11359
0:55:10	30.1	12766	18205	22411	25755	8521	11017	14185	20023	11321
0:55:15	30.1	12660	18139	22332	25296	8619	11059	14317	20007	11273
0:55:20	30.1	12553	18209	22204	25649	8526	10964	14333	20000	11299
0:55:25	30.1	12625	18026	22228	25594	8518	10905	14333	20050	11328
0:55:30	30.1	12792	18038	22262	25722	8566	11104	14251	19934	11324
0:55:35	30.1	12699	18057	22320	25387	8441	11187	14241	20045	11254
0:55:40	30.1	12589	18071	22286	25766	8539	11083	14325	19902	11304
0:55:45	30.1	12592	17861	22151	25678	8572	10949	14369	19915	11249
0:55:50	30.1	12662	18038	22088	25523	8628	11106	14292	20016	11323
0:55:55	30.1	12700	18116	22228	25511	8399	11056	14370	20100	11177
0:56:00	30.1	12611	17950	22557	25476	8613	11044	14254	20076	11345
0:56:05	30.1	12759	18058	22098	25456	8640	11104	14352	20015	11320
0:56:10	30.1	12443	18055	22178	25730	8520	11058	14279	20029	11317
0:56:15	30.1	12637	18055	22215	25616	8467	11213	14346	20286	11243
0:56:20	30.1	12626	18056	22088	25684	8449	11090	14317	19965	11210
0:56:25	30.1	12550	18280	22020	25309	8546	11061	14208	19919	11376
0:56:30	30.1	12700	18294	22131	25482	8470	11132	14211	19931	11274
0:56:35	30.1	12564	18164	22353	25604	8387	10972	14336	19833	11291
0:56:40	30.1	12761	18083	22114	25646	8559	11235	14198	19825	11429
0:56:45	30.1	12744	17909	22158	25294	8500	11083	14350	20090	11166
0:56:50	30.1	12680	18268	22100	25513	8579	10994	14286	19762	11188
0:56:55	30.1	12546	18028	22128	25492	8503	11018	14351	19975	11201
0:57:00	30.1	12766	18167	21953	25616	8591	11019	14357	19863	11345
0:57:05	30.1	12679	18076	22280	25577	8525	11073	14238	19894	11289
0:57:10	30.1	12516	18010	22128	25713	8526	11150	14343	19986	11125
0:57:15	30.1	12586	17955	22191	25717	8483	11041	14228	19760	11341
0:57:20	30.1	12492	18261	21967	25702	8557	11071	14165	19762	11269
0:57:25	30.1	12578	18174	21932	25333	8412	11118	14244	19896	11212
0:57:30	30.1	12614	18039	22126	25552	8562	11129	14321	19799	11268
0:57:35	30.1	12739	17945	22120	25341	8394	11154	14246	20127	11213
0:57:40	30.1	12537	17922	22146	25725	8654	11228	14214	19871	11353
0:57:45	30.1	12514	17985	22251	25771	8476	11092	14218	20010	11244
0:57:50	30.1	12535	18052	21992	25503	8502	11005	14171	20012	11258
0:57:55	30.1	12625	17887	22143	25315	8445	11035	14198	20076	11283
0:58:00	30.1	12663	18020	21926	25602	8512	10991	14251	19784	11248
0:58:05	30.1	12598	17965	21994	25682	8534	11001	14321	19903	11192
0:58:10	30.1	12759	17859	22120	25286	8488	11035	14203	19933	11291
0:58:15	30.1	12608	18008	22192	25618	8517	11015	14280	19908	11146
0:58:20	30.1	12576	17982	22163	25407	8434	11006	14344	19944	11173
0:58:25	30.1	12570	17978	22141	25328	8550	11215	14227	19889	11276
0:58:30	30.0	12713	17855	21953	25540	8520	10969	14404	19630	11196
0:58:35	30.1	12483	17959	22223	25551	8390	11066	14169	19820	11285
0:58:40	30.1	12588	18254	22176	25663	8549	10965	14076	19932	11173
0:58:45	30.1	12464	18136	21990	25388	8439	11125	14237	20005	11290
0:58:50	30.1	12493	18073	22249	25523	8491	10959	14346	19740	11332
0:58:55	30.0	12473	18079	21966	25772	8462	10909	14212	19864	11303
0:59:00	30.1	12589	18083	22039	25323	8575	10984	14093	19754	11131
0:59:05	30.1	12458	17914	22127	25454	8597	10936	14233	19979	11404
0:59:10	30.1	12600	17831	22122	25397	8542	11061	14097	19836	11175
0:59:15	30.1	12523	18080	22073	25487	8494	11020	14294	19965	11250
0:59:20	30.1	12548	18016	22125	25613	8471	11055	14481	19941	11300
0:59:25	30.0	12646	17909	22171	25453	8464	11021	14423	19861	11210
0:59:30	30.1	12393	18005	22056	25864	8445	11071	14202	19845	11264
0:59:35	30.1	12560	17964	22138	25539	8473	11015	14239	19913	11209
0:59:40	30.1	12677	17920	21780	25376	8537	10981	14265	20011	11211
0:59:45	30.0	12577	17936	21990	25559	8448	11062	14186	19838	11203
0:59:50	30.1	12605	18122	22110	25571	8487	10972	14145	19732	11256
0:59:55	30.1	12553	17868	22212	25407	8393	11180	14314	19984	11213
1:00:00	30.1	12630	17898	21973	25333	8512	11021	14210	20002	11336
1:00:05	30.1	12479	18016	22060	25412	8509	10976	14132	19663	11162
1:00:10	30.1	12530	17891	22014	25338	8426	11056	14387	19927	11266
1:00:15	30.0	12631	18105	22083	25308	8524	10886	14300	19976	11403
1:00:20	30.1	12491	18039	21984	25601	8461	11046	14276	19989	11228
1:00:25	30.1	12638	18022	22001	25222	8452	10962	14319	19810	11241
1:00:30	30.1	12596	17950	22036	25506	8494	10963	14270	19773	11222
1:00:35	30.1	12677	18009	22099	25707	8509	10982	14202	19864	11148
1:00:40	30.1	12513	18032	22044	25386	8461	10974	14233	19745	11174
1:00:45	30.1	12471	17797	22136	25668	8550	10912	14227	19923	11163
1:00:50	30.1	12427	18086	22126	25598	8442	11042	14232	19757	11186
1:00:55	30.1	12525	18003	22111	25534	8350	11002	14113	19918	11180
1:01:00	30.1	12595	18088	21846	25444	8532	10981	14025	19816	11257
1:01:05	30.1	12586	18082	22104	25327	8579	10943	14109	19822	11200
1:01:10	30.0	12654	17796	22059	25453	8506	11047	14180	19930	11221
1:01:15	30.1	12494	18063	22347	25474	8430	10810	14105	19692	11206
1:01:20	30.1	12541	18078	22225	25510	8458	10936	14249	19842	11142
1:01:25	30.0	12536	18048	22185	25470	8341	10989	14220	19741	11241
1:01:30	30.1	12499	18167	22050	25132	8426	11030	14103	19806	11182
1:01:35	30.1	12592	18219	22032	25464	8414	11127	14031	19669	11285
1:01:40	30.1	12526	18243	22066	25850	8432	11053	14155	19674	11225
1:01:45	30.1	12402	17812	21965	25722	8385	11105	14154	19828	11251
1:01:50	30.1	12596	17999	22018	25468	8471	10913	14120	19955	11241
1:01:55	30.1	12623	17691	22140	25521	8488	10971	14144	19691	11071
1:02:00	30.1	12410	18034	22379	25323	8410	10914	14236	19761	11161
1:02:05	30.1	12609	18101	22185	25449	8499	11041	14123	19805	11281
1:02:10	30.1	12622	17938	22206	25278	8500	11005	14097	19813	11209
1:02:15	30.1	12529	18016	21950	25305	8415	11061	14203	19696	11318
1:02:20	30.1	12627	18146	21884	25449	8430	11062	14094	19748	11149
1:02:25	30.1	12590	17885	21934	25138	8431	10946	14116	19764	11133
1:02:30	30.1	12665	18100	21992	25409	8444	10916	14087	19724	11313
1:02:35	30.1	12404	18062	22018	25390	8483	10981	14150	19827	11281
1:02:40	30.0	12534	17802	21998	25336	8348	10761	14178	19588	11159
1:02:45	30.1	12597	17902	21923	25525	8378	10969	14163	19865	11159
1:02:50	30.1	12609	18078	21998	25448	8463	10983	14057	19716	11141
1:02:55	30.1	12538	17971	22240	25354	8466	10928	14080	19819	11326
1:03:00	30.1	12553	17841	21929	25478	8355	10905	14083	19542	11113
1:03:05	30.0	12509	17799	22076	25686	8431	10983	14109	19645	11321
1:03:10	30.1	12536	17937	21935	25520	8469	11056	14083	19765	11287
1:03:15	30.1	12567	17919	22067	25403	8439	10895	14213	19809	11164
1:03:20	30.1	12516	17981	22216	25574	8485	10963	14053	19786	11241
1:03:25	30.1	12505	17844	21775	25369	8439	10943	14110	19724	11103
1:03:30	30.1	12603	17986	22214	25167	8514	10916	14047	19750	11204
1:03:35	30.1	12495	17942	22107	25350	8407	10885	14212	19490	11053
1:03:40	30.1	12496	17983	21848	25392	8455	10851	14267	19645	11213
1:03:45	30.1	12484	17948	22026	25135	8440	10888	14038	19769	11359
1:03:50	30.1	12518	17941	22052	25256	8483	10967	14152	19730	11154
1:03:55	30.0	12590	17869	21854	25434	8464	10781	14206	19618	11106
1:04:00	30.1	12559	17962	22043	25391	8544	10852	14033	19968	11050
1:04:05	30.1	12570	17834	22168	25410	8471	10877	13961	19720	11278
1:04:10	30.1	12535	17991	22206	25466	8267	11038	14148	19712	11067
1:04:15	30.0	12508	17944	22041	25264	8426	10924	14065	19848	11112
1:04:20	30.1	12531	17824	21991	25548	8409	10949	14073	19761	11253
1:04:25	30.1	12527	17745	21881	25426	8409	10905	14175	19594	11145
1:04:30	30.1	12511	17728	21845	25478	8415	10758	14197	19513	11228
1:04:35	30.1	12511	18053	22034	25247	8515	10885	14103	19639	11216
1:04:40	30.1	12278	17842	21996	25060	8394	10869	14054	19657	11204
1:04:45	30.0	12537	18017	21723	25200	8394	11021	14001	19815	11186
1:04:50	30.1	12483	18021	21970	25391	8460	10856	14183	19577	11196
1:04:55	30.1	12522	18054	21879	25591	8379	10881	13997	19452	11223
1:05:00	30.0	12419	18019	22215	25099	8332	10992	14199	19713	11305
1:05:05	30.1	12569	17924	22108	25387	8299	10995	14110	19622	11163
1:05:10	30.1	12390	18065	22035	25264	8444	11004	14215	19545	11187
1:05:15	30.1	12354	17924	21973	25376	8375	10985	14104	19768	11111
1:05:20	30.1	12465	17905	21936	25357	8391	11003	14143	19691	11183
1:05:25	30.1	12478	17866	21932	25422	8465	11039	14123	19644	11182
1:05:30	30.0	12510	17764	22013	25508	8420	11023	14111	19711	11114
1:05:35	30.1	12557	17721	22010	25427	8452	10856	14308	19636	11152
1:05:40	30.1	12539	17885	22008	25399	8414	10859	14143	19726	11210
1:05:45	30.1	12326	17939	22141	25235	8378	10741	13936	19519	11051
1:05:50	30.0	12479	17860	22041	25325	8414	10916	14021	19671	11247
1:05:55	30.1	12439	18229	22103	25183	8391	10744	13981	19671	11180
1:06:00	30.1	12520	18063	21779	25408	8347	10912	14112	19472	11073
1:06:05	30.1	12284	18115	21656	24966	8472	10997	14135	19714	11206
1:06:10	30.1	12485	17984	22080	25288	8324	10749	14007	19530	11291
1:06:15	30.1	12327	17923	21940	25419	8470	10863	13986	19532	11108
1:06:20	30.0	12396	17939	22121	25260	8322	10916	14040	19682	11025
1:06:25	30.1	12533	17978	21891	25378	8498	10914	14086	19687	11189
1:06:30	30.1	12495	17932	21979	25470	8425	10854	14051	19443	11076
1:06:35	30.0	12476	17925	21958	25448	8301	10912	14175	19615	11085
1:06:40	30.1	12749	17785	22096	25223	8380	10791	14032	19621	11176
1:06:45	30.1	12422	17841	21926	25256	8428	10979	13959	19798	11244
1:06:50	30.1	12435	17963	21708	25286	8304	10986	14014	19589	11224
1:06:55	30.1	12492	17827	22100	25215	8459	10933	14149	19581	11220
1:07:00	30.1	12501	17742	21914	25223	8311	10866	13890	19779	11165
1:07:05	30.1	12490	17863	22082	25290	8263	10854	14068	19590	11091
1:07:10	30.1	12437	17945	22130	25234	8279	10957	14011	19608	11208
1:07:15	30.1	12548	17978	22010	25276	8376	10936	14050	19502	11202
1:07:20	30.0	12316	17933	22071	25132	8333	10954	14013	19569	11230
1:07:25	30.1	12611	17723	22048	25399	8381	10931	14148	19513	11105
1:07:30	30.1	12478	17910	21905	25303	8291	10903	13988	19725	11084
1:07:35	30.1	12491	17613	21706	25406	8392	10823	14109	19487	11014
1:07:40	30.1	12425	17796	22069	25134	8338	10925	13976	19526	11091
1:07:45	30.1	12521	18044	21983	25159	8397	10815	13851	19419	11171
1:07:50	30.1	12414	18071	21851	25261	8375	10699	13909	19558	11155
1:07:55	30.1	12433	18018	21920	25398	8357	10748	13873	19631	11155
1:08:00	30.0	12360	18094	21800	25257	8369	10901	14052	19579	11062
1:08:05	30.1	12320	17842	21812	25196	8429	10859	13967	19427	11056
1:08:10	30.1	12429	17626	21747	25388	8382	10876	14076	19807	11161
1:08:15	30.1	12260	17785	21654	25245	8354	10889	14005	19715	11147
1:08:20	30.1	12497	17790	21756	25146	8302	10867	13957	19552	11269
1:08:25	30.1	12484	17777	21815	25322	8338	10926	13929	19445	11150
1:08:30	30.1	12463	17855	21809	25408	8342	10931	13833	19663	11250
1:08:35	30.1	12372	17817	21795	25446	8452	10768	13896	19803	11075
1:08:40	30.1	12381	18036	21974	25197	8335	10915	13953	19711	11106
1:08:45	30.0	12423	17794	22172	25231	8428	10809	13911	19520	11130
1:08:50	30.1	12407	18067	22007	25201	8266	10867	13913	19486	11184
1:08:55	30.0	12532	17939	21836	25279	8341	10834	14030	19563	11108
1:09:00	30.1	12450	17821	21897	25375	8263	10822	14037	19445	11136
1:09:05	30.1	12317	17789	21808	25276	8411	10903	14130	19158	11220
1:09:10	30.1	12377	17844	21945	25226	8474	10849	14013	19693	11123
1:09:15	30.1	12427	17732	21868	25469	8245	10837	14087	19526	11249
1:09:20	30.1	12456	17653	21840	25315	8317	10909	14056	19540	11137
1:09:25	30.1	12409	17738	21897	25141	8256	10805	13884	19478	11157
1:09:30	30.0	12506	17772	21803	25435	8316	10802	13953	19670	11070
1:09:35	30.1	12581	17817	21788	25494	8466	10822	14021	19659	11136
1:09:40	30.0	12334	17721	21804	25316	8394	10765	13950	19606	11209
1:09:45	30.1	12336	17810	21887	25219	8269	10968	13817	19486	11133
1:09:50	30.1	12324	17863	21896	25478	8417	10680	13951	19636	11075
1:09:55	30.1	12440	18018	21775	25539	8321	10928	13989	19580	11230
1:10:00	30.1	12443	17940	21801	25242	8247	10890	14011	19480	11136
1:10:05	30.1	12337	17793	21979	25110	8386	10906	14079	19541	11030
1:10:10	30.0	12362	18029	21864	24932	8407	10890	14104	19368	11081
1:10:15	30.1	12331	17860	21892	25523	8302	10756	13953	19544	10975
1:10:20	30.1	12501	17752	21807	25113	8382	10851	13937	19450	11202
1:10:25	30.1	12341	17756	22156	25013	8421	10759	13919	19322	11143
1:10:30	30.0	12608	17846	21771	25360	8292	10764	13910	19294	11058
1:10:35	30.1	12410	17746	22031	25254	8489	10822	14078	19628	11133
1:10:40	30.1	12333	17797	21924	25287	8284	10890	13980	19366	11228
1:10:45	30.1	12250	17831	21863	25219	8202	10789	13749	19571	11037
1:10:50	30.1	12491	17842	21962	25249	8362	10786	13955	19736	11121
1:10:55	30.1	12463	17990	21845	25109	8408	10835	13862	19468	11029
1:11:00	30.0	12366	17738	21739	25314	8336	10835	14084	19517	11165
1:11:05	30.1	12224	17777	22026	25216	8385	10876	13981	19661	11137
1:11:10	30.1	12439	17840	21603	25101	8252	10715	14019	19451	11179
1:11:15	30.1	12445	17859	21875	24941	8307	10732	14006	19549	11179
1:11:20	30.1	12446	17634	21998	25151	8389	10871	13907	19501	11128
1:11:25	30.1	12368	17989	21871	25391	8348	10783	14007	19481	11293
1:11:30	30.1	12347	17896	21971	24918	8377	10696	14222	19528	11164
1:11:35	30.1	12380	17757	21797	25241	8345	10776	13877	19648	11145
1:11:40	30.1	12295	17672	21973	25140	8305	10824	13801	19397	11155
1:11:45	30.1	12309	17737	21629	25212	8358	10902	13938	19396	11131
1:11:50	30.1	12331	17821	21750	25238	8411	10791	13923	19401	11107
1:11:55	30.1	12266	17726	21613	25131	8368	10863	13954	19484	11170
1:12:00	30.1	12462	17821	21729	25530	8409	10885	13965	19419	11055
1:12:05	30.0	12414	17656	21946	25130	8287	10835	13933	19347	11257
1:12:10	30.1	12219	17693	21867	25156	8261	10870	13841	19541	11158
1:12:15	30.1	12371	17745	21798	25263	8266	10692	13987	19521	10996
1:12:20	30.1	12432	17983	21784	25318	8292	10751	13962	19487	11112
1:12:25	30.1	12368	17861	21755	25043	8261	10837	14029	19339	11085
1:12:30	30.1	12326	17853	21909	25212	8277	10815	14017	19368	11085
1:12:35	30.1	12305	17770	21770	25078	8263	10736	14003	19431	11025
1:12:40	30.1	12265	17632	21881	25214	8385	10921	13857	19427	11157
1:12:45	30.1	12396	17760	21755	25150	8334	10638	13991	19395	11147
1:12:50	30.1	12459	17872	21887	25035	8438	10875	13790	19309	11018
1:12:55	30.0	12570	17905	22008	25186	8359	10870	14022	19597	11021
1:13:00	30.1	12454	17838	21644	25251	8394	10848	13871	19491	11075
1:13:05	30.1	12283	17722	21777	25250	8381	10817	13874	19474	11145
1:13:10	30.1	12303	17717	22080	25361	8381	10846	14001	19286	11103
1:13:15	30.1	12250	17928	21747	25292	8349	10788	13864	19593	11128
1:13:20	30.1	12350	17754	21845	25091	8319	10755	13772	19419	11011
1:13:25	30.1	12368	17654	22031	25183	8330	10923	13794	19198	11132
1:13:30	30.1	12273	17749	21728	25405	8326	10740	13984	19572	11096
1:13:35	30.1	12313	17702	21841	25335	8240	10816	13775	19465	11118
1:13:40	30.1	12472	17844	21888	25121	8291	10734	13983	19402	11101
1:13:45	30.0	12333	17640	21760	25131	8328	10759	13914	19292	11134
1:13:50	30.1	12215	17756	21911	25334	8390	10755	13895	19351	10984
1:13:55	30.1	12385	17837	21730	25156	8295	10747	13915	19467	11098
1:14:00	30.0	12313	17883	21732	25345	8303	10659	13809	19294	10992
1:14:05	30.1	12325	17680	21871	25308	8207	10764	13982	19319	11069
1:14:10	30.1	12399	17859	21786	25033	8296	10904	14051	19416	10988
1:14:15	30.1	12334	17729	21727	24819	8377	10823	13943	19642	11152
1:14:20	30.1	12333	17637	21656	25272	8212	10693	13884	19361	11171
1:14:25	30.1	12414	17635	21626	24942	8261	10847	13898	19417	11115
1:14:30	30.1	12476	17861	21831	25223	8340	10717	13851	19445	11089
1:14:35	30.1	12520	17873	21778	25107	8227	10676	13863	19221	11080
1:14:40	30.1	12338	17791	21472	25326	8301	10831	13983	19434	11014
1:14:45	30.1	12404	17789	21735	25349	8344	10719	13895	19182	11206
1:14:50	30.0	12363	17698	21782	25252	8340	10740	13904	19216	10954
1:14:55	30.1	12323	17810	21766	25191	8319	10866	13936	19618	10964
1:15:00	30.1	12326	17582	21777	25251	8340	10704	13761	19281	11020
1:15:05	30.1	12316	17898	21853	25105	8279	10643	13760	19454	11109
1:15:10	30.0	12298	17607	21821	25195	8319	10805	13861	19420	11039
1:15:15	30.1	12339	17707	21968	25101	8313	10732	13993	19383	10991
1:15:20	30.1	12239	17816	21755	25063	8376	10772	13925	19454	11148
1:15:25	30.1	12299	17665	21823	25244	8155	10820	13752	19266	10999
1:15:30	30.1	12240	17655	21915	25010	8191	10743	13969	19230	11099
1:15:35	30.0	12310	17543	21656	25097	8312	10668	13871	19214	10933
1:15:40	30.1	12317	17924	22001	24972	8379	10691	13932	19318	11089
1:15:45	30.1	12257	17781	21851	24939	8304	10719	13897	19459	11042
1:15:50	30.1	12404	17933	21793	25162	8375	10834	13910	19232	11118
1:15:55	30.1	12363	17836	21734	25027	8271	10684	13935	19364	11017
1:16:00	30.0	12267	17691	21901	24966	8338	10781	13828	19336	10988
1:16:05	30.1	12296	17678	21592	25446	8300	10692	13894	19157	10953
1:16:10	30.1	12527	17538	21883	25378	8336	10633	13943	19194	11236
1:16:15	30.1	12182	17645	21757	25030	8348	10772	13832	19307	11076
1:16:20	30.0	12385	17747	21768	24901	8266	10698	13651	19124	11009
1:16:25	30.1	12396	17753	21614	25009	8244	10678	13794	19327	11165
1:16:30	30.1	12361	17771	21498	24933	8200	10796	13995	19162	11025
1:16:35	30.1	12256	17748	21573	25140	8301	10738	13830	19372	10990
1:16:40	30.1	12218	17780	21914	25159	8234	10597	13880	19177	11060
1:16:45	30.0	12354	17604	21603	25144	8390	10725	13951	19319	11123
1:16:50	30.1	12361	17652	21700	25060	8235	10784	13794	19153	11018
1:16:55	30.1	12450	17889	21669	24935	8309	10690	13855	19351	10879
1:17:00	30.1	12226	17783	21882	25125	8262	10762	13723	19063	11071
1:17:05	30.0	12275	17874	21667	24764	8293	10708	13757	19469	11013
1:17:10	30.1	12241	17699	21652	25294	8291	10610	13733	19301	10898
1:17:15	30.1	12361	17788	21687	25146	8267	10595	13989	19220	11006
1:17:20	30.1	12377	18126	21671	25193	8294	10762	13761	19408	11025
1:17:25	30.1	12286	17660	21994	24657	8251	10727	13723	19285	11127
1:17:30	30.1	12444	17853	21445	24984	8308	10724	13793	19187	11056
1:17:35	30.0	12455	17639	21587	25213	8417	10735	13863	19414	11088
1:17:40	30.1	12274	17683	21701	25279	8222	10676	13756	19222	11069
1:17:45	30.1	12240	17992	21638	25228	8308	10640	13850	19177	11025
1:17:50	30.1	12144	17733	21621	25043	8188	10616	13847	19369	11048
1:17:55	30.1	12341	17526	21692	24884	8305	10742	13947	19394	10949
1:18:00	30.1	12226	17658	21822	24981	8287	10718	13782	19068	10978
1:18:05	30.1	12112	17542	21988	24788	8164	10593	13702	19298	10921
1:18:10	30.0	12375	17619	21861	24956	8220	10567	13780	19210	10952
1:18:15	30.1	12262	17868	21660	25246	8268	10662	13801	19364	11052
1:18:20	30.0	12257	17559	21934	24737	8260	10682	13747	19048	11098
1:18:25	30.1	12366	17447	21619	24934	8141	10730	13802	19117	11103
1:18:30	30.1	12253	17517	21644	25009	8355	10639	13654	19164	11058
1:18:35	30.0	12293	17800	21792	25155	8320	10617	13862	19050	10952
1:18:40	30.1	12277	17609	21617	24998	8363	10699	13723	19184	10950
1:18:45	30.1	12213	17654	21600	24980	8220	10730	13640	19244	11075
1:18:50	30.1	12209	17550	21883	25112	8269	10486	13851	19198	10923
1:18:55	30.1	12251	17626	21797	24916	8301	10610	13815	19146	11028
1:19:00	30.0	12366	17726	21494	24935	8179	10764	13634	19237	11136
1:19:05	30.1	12287	17688	21429	24875	8250	10621	13753	19058	11099
1:19:10	30.1	12274	17616	21539	25067	8186	10768	13924	19100	11001
1:19:15	30.1	12506	17468	21634	25092	8358	10664	13638	19299	10949
1:19:20	30.0	12398	17332	21818	24992	8203	10675	13808	18923	11092
1:19:25	30.1	12258	17561	21547	25294	8325	10746	13813	19085	11055
1:19:30	30.1	12151	17753	21622	25008	8173	10612	13680	19361	11091
1:19:35	30.1	12336	17484	21788	25052	8223	10691	13868	19154	10985
1:19:40	30.1	12375	17692	21610	25318	8216	10788	13632	19027	10961
1:19:45	30.1	12238	17602	21427	24823	8210	10725	13764	19018	10999
1:19:50	30.1	12259	17643	21565	24851	8288	10568	13599	19197	11045
1:19:55	30.1	12256	17475	21654	25099	8245	10640	13867	19056	11039
1:20:00	30.1	12295	17688	21705	25150	8308	10618	13811	19271	10943
1:20:05	30.1	12219	17583	21714	24803	8299	10673	13797	19430	10868
1:20:10	30.0	12271	17526	21562	24878	8279	10609	13719	18974	10934
1:20:15	30.1	12328	17630	21683	24997	8221	10616	13743	19183	10920
1:20:20	30.1	12143	17615	21473	25187	8179	10639	13619	19011	10976
1:20:25	30.1	12257	17848	21722	24792	8083	10634	13774	19230	11017
1:20:30	30.1	12237	17623	21616	25138	8143	10547	13747	18975	10988
1:20:35	30.1	12282	17629	21701	25012	8201	10642	13681	19118	11127
1:20:40	30.0	12339	17688	21753	24934	8277	10548	13734	19102	10885
1:20:45	30.1	12158	17506	21707	24999	8323	10796	13667	19048	11016
1:20:50	30.1	12355	17558	21610	25033	8121	10554	13807	19186	10904
1:20:55	30.0	12390	17665	21527	25127	8317	10545	13713	19297	10938
1:21:00	30.1	12235	17536	21828	25136	8109	10619	13703	19139	10854
1:21:05	30.1	12199	17481	21620	24902	8274	10683	13832	19203	10935
1:21:10	30.1	12218	17477	21567	24856	8189	10644	13702	19103	11122
1:21:15	30.1	12127	17706	21625	25103	8192	10549	13749	19127	10854
1:21:20	30.1	12298	17517	21647	24798	8263	10674	13669	19294	11052
1:21:25	30.1	12202	17610	21593	24957	8255	10617	13584	19092	10983
1:21:30	30.1	12191	17721	21536	24961	8228	10531	13793	18990	10972
1:21:35	30.1	12426	17603	21682	25009	8129	10554	13766	18881	10952
1:21:40	30.1	12084	17493	21590	24939	8277	10687	13662	19119	11105
1:21:45	30.1	12275	17370	21635	24755	8225	10653	13755	19200	10949
1:21:50	30.1	12349	17585	21560	24977	8191	10593	13761	18957	10948
1:21:55	30.1	12406	17478	21839	24779	8223	10664	13870	19145	11060
1:22:00	30.1	12401	17660	21439	24760	8316	10666	13606	19078	10950
1:22:05	30.1	12288	17638	21687	24934	8214	10609	13547	19326	10885
1:22:10	30.0	12256	17410	21619	24841	8184	10670	13693	19061	10981
1:22:15	30.1	12170	17462	21754	25022	8181	10570	13726	19231	11115
1:22:20	30.1	12023	17612	21751	24927	8099	10584	13750	19042	10922
1:22:25	30.1	12148	17570	21455	24922	8227	10515	13633	19052	10947
1:22:30	30.1	12135	17511	21542	24944	8251	10476	13714	19083	10981
1:22:35	30.0	12303	17486	21565	24823	8121	10651	13857	18914	10984
1:22:40	30.1	12349	17687	21624	25101	8162	10671	13684	19081	10928
1:22:45	30.0	12203	17677	21447	24799	8271	10730	13628	19081	10953
1:22:50	30.1	12401	17779	21597	24944	8273	10650	13693	19016	11010
1:22:55	30.0	12130	17505	21612	25031	8205	10703	13707	19010	11028
1:23:00	30.1	12113	17667	21757	24867	8172	10500	13846	18979	11051

Results
	1	2	3	4	5	6	7	8	9	10	11	12
A													Max V [295,335]
													R-Squared [295,335]
													t at Max V [295,335]
													Lagtime [295,335]
B													Max V [295,335]
													R-Squared [295,335]
													t at Max V [295,335]
													Lagtime [295,335]
C			-4956000.000	-8700000.000	7416000.000	-9420000.000	-3900000.000	-5448000.000	-5784000.000	-6744000.000	4692000.000		Max V [295,335]
			1.000	1.000	1.000	1.000	1.000	1.000	1.000	1.000	1.000		R-Squared [295,335]
			0:01:43	0:01:38	0:00:43	0:37:58	0:27:28	0:00:18	0:02:13	0:03:53	0:06:33		t at Max V [295,335]
			0:01:20	0:01:24	0:00:51	0:36:50	0:26:33	0:00:11	0:01:46	0:03:16	0:07:29		Lagtime [295,335]
D													Max V [295,335]
													R-Squared [295,335]
													t at Max V [295,335]
													Lagtime [295,335]
E													Max V [295,335]
													R-Squared [295,335]
													t at Max V [295,335]
													Lagtime [295,335]
F													Max V [295,335]
													R-Squared [295,335]
													t at Max V [295,335]
													Lagtime [295,335]
G													Max V [295,335]
													R-Squared [295,335]
													t at Max V [295,335]
													Lagtime [295,335]
H													Max V [295,335]
													R-Squared [295,335]
													t at Max V [295,335]
													Lagtime [295,335]

