

Software Version	3.03.14

Procedure Details

Plate Type	96 WELL PLATE
Set Temperature	Setpoint 30°C
	Preheat before moving to next step
Start Kinetic	Runtime 1:23:00 (HH:MM:SS), Interval 0:00:05, 997 Reads
    Read	Fluorescence Endpoint
	E1..E12
	Filter Set 1
	    Excitation: 295,  Emission: 335
	    Optics: Top,  Gain: 80
	Light Source: Xenon Flash,  Lamp Energy: High
	Read Speed: Normal,  Delay: 0 msec,  Measurements/Data Point: 5
	Read Height: 8 mm
End Kinetic	

Layout
	1	2	3	4	5	6	7	8	9	10	11	12
A													Well ID
B													Well ID
C													Well ID
D													Well ID
E	SPL1	SPL2	SPL3	SPL4	SPL5	SPL6	SPL7	SPL8	SPL9	SPL10	SPL11	SPL12	Well ID
F													Well ID
G													Well ID
H													Well ID

295,335

Time	T° 295,335	E1	E2	E3	E4	E5	E6	E7	E8	E9	E10	E11	E12
0:00:00	30.0	9236	12778	14446	16071	17965	18779	23630	26290	29376	31282	35098	38002
0:00:05	30.0	9532	12643	14197	16271	17978	18926	23484	26143	29625	31208	34830	38090
0:00:10	30.0	9704	12650	14219	16270	17936	19023	23134	26195	29098	31032	34881	37576
0:00:15	30.0	9571	12646	14272	16371	17924	19232	23224	26062	28898	31336	35096	37320
0:00:20	30.0	9569	12480	14394	16201	17808	19170	23117	25962	28810	31106	34751	37252
0:00:25	30.0	9518	12481	14250	16282	17947	18911	23165	25987	28872	30669	34576	36876
0:00:30	30.0	9518	12327	14336	15964	17573	18832	23098	25787	28425	30726	34159	36585
0:00:35	30.0	9463	12313	14030	15838	17426	18840	22893	25508	28274	30742	34200	36767
0:00:40	30.0	9376	12377	14128	15686	17369	18746	22918	25661	27979	30691	33978	36122
0:00:45	30.0	9374	12411	14023	15637	17336	18692	22553	25355	27727	30628	33587	36049
0:00:50	30.0	9384	12225	13874	15529	17092	18595	22469	25149	27641	30384	33646	35812
0:00:55	30.0	9213	12151	14069	15343	16960	18511	22130	25103	27943	30244	33480	36072
0:01:00	30.0	9117	11842	13929	15260	16882	18445	22273	25148	27629	30156	33323	36020
0:01:05	30.0	9161	11937	13872	15359	16889	18446	22042	24979	27766	30228	33395	35786
0:01:10	30.0	9095	12022	13664	15174	16685	18456	22137	24725	27778	30249	32877	35669
0:01:15	30.0	8946	11845	13760	15017	16608	18448	22059	24928	27419	30323	32652	35554
0:01:20	30.0	8907	11760	13654	15137	16673	18294	21858	24547	27160	30128	32887	35540
0:01:25	30.0	9037	11679	13316	14928	16578	18280	22012	24623	27450	29911	32853	35388
0:01:30	30.0	8816	11659	13488	14926	16591	18050	21673	24431	27467	29755	32819	35574
0:01:35	30.0	8812	11569	13352	14870	16639	17898	22046	24806	27566	29858	32584	35596
0:01:40	30.0	8671	11494	13360	14800	16506	17944	21950	24455	27037	29675	32528	35121
0:01:45	30.0	8691	11559	13228	14874	16519	17863	21865	24422	27223	29714	32293	35226
0:01:50	30.0	8534	11418	13368	14714	16326	17956	21565	24462	27170	29468	32423	35025
0:01:55	30.0	8605	11260	13114	14684	16523	18070	21553	24491	27387	29583	32320	34867
0:02:00	30.0	8661	11397	12996	14588	16485	17974	21436	24398	26834	29636	32240	34899
0:02:05	30.0	8469	11314	13046	14475	16192	17725	21327	24122	26967	29316	32281	35102
0:02:10	30.0	8535	11447	12905	14417	16155	17601	21460	24125	27080	29014	32014	34869
0:02:15	30.0	8408	11173	12821	14398	16209	17592	21296	23869	26948	29296	32220	34788
0:02:20	30.0	8445	11134	12695	14446	16009	17742	21329	23844	26823	29217	32212	34628
0:02:25	30.0	8371	11088	12768	14293	15922	17515	21053	23813	26606	29293	32012	34467
0:02:30	30.0	8218	11168	12693	14282	16062	17381	21058	23864	26707	29142	32118	34570
0:02:35	30.0	8281	10968	12696	14376	15866	17335	21239	23906	26560	28800	31807	34438
0:02:40	30.0	8337	10921	12705	14029	15772	17354	21103	23646	26174	28914	31825	34724
0:02:45	30.0	8275	10921	12428	14145	15720	17074	20981	23584	26372	28757	31425	33773
0:02:50	30.0	8250	10716	12560	13945	15495	17313	20784	23537	26387	28771	31514	34200
0:02:55	30.0	8157	10703	12354	14100	15560	17201	20666	23496	26217	28794	31309	33899
0:03:00	30.0	8157	10849	12410	14119	15520	17115	20849	23447	26184	28583	31480	33838
0:03:05	30.0	8131	10669	12340	13935	15462	16925	20669	23385	26125	28759	31119	33717
0:03:10	30.0	8152	10568	12194	13859	15641	17003	20818	23156	25898	28587	31145	33526
0:03:15	30.0	8005	10737	12267	13931	15330	16974	20852	23138	25964	28705	31064	33660
0:03:20	30.0	8079	10608	12210	13828	15279	16989	20360	23244	25825	28680	31031	33603
0:03:25	30.0	8113	10456	12213	13722	15141	16827	20760	23225	26204	28352	31323	33524
0:03:30	30.0	7991	10347	12059	13726	15131	17064	20620	22947	25747	28074	30991	33640
0:03:35	30.0	7848	10478	12096	13629	15182	16801	20315	22983	25658	28652	31101	33368
0:03:40	30.0	7891	10434	12004	13679	15203	16692	20396	23156	25700	28233	30647	33322
0:03:45	30.0	7913	10410	11889	13654	14976	16603	20314	22954	25858	28118	30941	33274
0:03:50	30.0	7808	10355	11881	13693	15156	16558	20438	23076	25577	27959	30623	33234
0:03:55	30.0	7819	10392	11884	13496	15137	16536	20163	22799	25436	28057	31007	33109
0:04:00	30.0	7788	10282	11775	13337	14936	16341	20043	22658	25259	27670	30707	33206
0:04:05	30.0	7759	10269	11773	13492	14984	16566	20038	22441	25517	27766	30567	32847
0:04:10	30.0	7711	10098	11730	13243	14815	16393	20110	22761	25552	27940	30510	33122
0:04:15	30.0	7775	10194	11767	13253	14787	16594	19944	22852	25407	27762	30238	33325
0:04:20	30.0	7665	10165	11578	13212	14918	16443	19823	22863	25157	27530	30617	33001
0:04:25	30.0	7658	10199	11643	13269	14784	16243	19979	22353	25304	27687	30305	32761
0:04:30	30.0	7571	10011	11526	13195	14765	16313	19907	22496	25058	27590	30536	32691
0:04:35	30.0	7526	10056	11567	13375	14653	16354	19606	22557	25081	27606	30285	32737
0:04:40	30.0	7637	10009	11477	13087	14795	16105	19819	22608	25104	27621	30283	32821
0:04:45	30.0	7593	9985	11463	13181	14504	15864	19629	22202	25253	27380	30068	32740
0:04:50	30.0	7541	9964	11464	12946	14605	15827	19430	22322	24998	27334	29942	32676
0:04:55	30.0	7559	9935	11358	12909	14619	16136	19734	22288	24777	27192	29870	32694
0:05:00	30.0	7493	9845	11264	13013	14517	15981	19440	22198	25067	27462	30139	32074
0:05:05	30.0	7447	9904	11180	13085	14565	16062	19605	22044	24573	27454	29653	32019
0:05:10	30.0	7511	9848	11268	12951	14414	16004	19399	22237	24928	27109	29855	32353
0:05:15	30.0	7414	9883	11311	12794	14387	15987	19604	22070	24814	27169	29696	32264
0:05:20	30.0	7402	9796	11170	12851	14360	15760	19348	22021	24770	27092	29837	32495
0:05:25	30.0	7365	9787	11140	12783	14271	15915	19341	21877	24723	27135	29633	32568
0:05:30	30.0	7244	9737	11184	12597	14363	15883	19300	21817	24698	26925	29594	32187
0:05:35	30.0	7321	9824	11131	12745	14209	15826	19330	21986	24623	26923	29765	32189
0:05:40	30.0	7349	9733	11157	12624	14089	15757	19512	21875	24349	26766	29607	32069
0:05:45	30.0	7282	9700	11039	12608	14331	15730	19497	21874	24444	26867	29530	32108
0:05:50	30.0	7322	9681	10951	12689	14144	15812	19426	21681	24468	26627	29463	32154
0:05:55	30.0	7199	9563	10907	12593	14238	15677	19341	22008	24209	26701	29496	31793
0:06:00	30.0	7258	9602	10998	12643	14152	15756	18975	21709	24189	26594	29516	31614
0:06:05	30.0	7298	9596	10939	12781	14011	15664	19041	21549	24221	26536	29735	31906
0:06:10	30.0	7274	9492	10873	12617	13887	15435	19199	21640	24364	26623	29510	32066
0:06:15	30.0	7223	9591	10900	12634	13919	15672	18999	21833	24266	26502	29407	31959
0:06:20	30.0	7222	9611	11044	12554	13953	15569	18857	21422	23850	26651	29300	31744
0:06:25	30.0	7187	9388	10782	12423	13871	15450	18911	21418	24217	26359	29262	31699
0:06:30	30.0	7043	9495	10857	12396	14086	15508	19014	21515	23912	26561	29085	31768
0:06:35	30.0	7180	9520	10911	12390	13969	15534	18950	21357	24187	26493	29287	31625
0:06:40	30.0	7230	9448	10672	12260	13753	15350	18712	21375	24095	26324	29230	31698
0:06:45	30.0	7063	9499	10709	12287	13757	15488	18850	21524	23900	26337	29263	31699
0:06:50	30.0	7051	9579	10688	12293	13792	15275	19018	21359	23918	26057	29409	31625
0:06:55	30.0	7060	9540	10809	12193	13865	15509	18818	21312	24254	26128	28984	31729
0:07:00	30.0	7108	9360	10806	12199	13746	15295	18664	21287	23865	26125	29251	31255
0:07:05	30.0	7027	9410	10577	12346	13726	15184	18774	21011	23707	25956	29014	31813
0:07:10	30.0	7074	9361	10604	12251	13687	15458	18697	21064	23532	26112	29134	31392
0:07:15	30.0	6883	9245	10576	12126	13738	15291	18586	21261	23786	26080	29014	31343
0:07:20	30.0	7047	9320	10570	12219	13727	15190	18687	20989	24055	25814	28816	31458
0:07:25	30.0	7010	9396	10645	12220	13508	15337	18386	21094	23464	26140	29032	31269
0:07:30	30.0	7034	9323	10478	12120	13680	15243	18594	21367	23679	25880	28610	31446
0:07:35	30.0	7105	9196	10434	12051	13720	15029	18804	20976	23595	25807	28834	31354
0:07:40	30.0	6954	9216	10573	11908	13627	15041	18527	21064	23373	25959	28596	30915
0:07:45	30.0	6980	9267	10462	12007	13489	15159	18499	20992	23700	25657	28530	30870
0:07:50	30.0	6999	9169	10445	12063	13567	14998	18479	21034	23369	25953	28467	31303
0:07:55	30.0	6879	9227	10642	11966	13417	14985	18415	20822	23537	25831	28616	31342
0:08:00	30.0	6935	9314	10566	12134	13468	15087	18378	21110	23625	25592	28615	31072
0:08:05	30.0	6920	9124	10383	12151	13309	15146	18227	20975	23590	25595	28505	31102
0:08:10	30.0	6783	9070	10326	11974	13382	15176	18373	20836	23424	25756	28667	30921
0:08:15	30.0	6886	9258	10471	12001	13441	14977	18347	20814	23152	25494	28247	30801
0:08:20	30.0	6850	9112	10435	12008	13470	15018	18336	20808	23510	25543	28326	31116
0:08:25	30.0	6876	9046	10395	12090	13254	15034	18165	20697	23321	25545	28641	31182
0:08:30	30.0	6818	9092	10435	11993	13397	14790	18231	20704	23103	25655	28088	31118
0:08:35	30.0	6873	9093	10292	11850	13356	14813	18111	20647	23171	25485	28229	31035
0:08:40	30.0	6928	9042	10359	11863	13291	14832	18356	20577	23069	25486	28219	30915
0:08:45	30.0	6904	8991	10286	11794	13321	14942	18133	20712	23278	25076	28128	30976
0:08:50	30.0	6867	9018	10249	11759	13361	14743	18267	20697	23102	25355	28171	30419
0:08:55	30.0	6970	9105	10369	11898	13248	14748	18342	20847	22988	25490	28209	30716
0:09:00	30.0	6832	8947	10319	11763	13306	14857	18209	20378	23011	25130	28386	30883
0:09:05	30.0	6849	8989	10222	11783	13285	14749	18128	20732	23186	25512	28046	30608
0:09:10	30.0	6720	9076	10146	11736	13146	14857	18226	20674	23056	25394	28276	30857
0:09:15	30.0	6934	8972	10287	11630	13184	14640	18089	20493	23117	25232	27935	31009
0:09:20	30.0	6798	8923	10306	11753	13132	14573	18019	20456	23139	25326	28067	30910
0:09:25	30.0	6821	9001	10231	11628	13183	14570	18069	20365	23059	25154	27904	30884
0:09:30	30.0	6861	9040	10267	11622	13069	14789	18158	20408	22722	25296	27888	30719
0:09:35	30.0	6879	9061	10239	11643	12998	14594	18111	20195	23045	25200	28169	30486
0:09:40	30.0	6744	9018	10219	11838	13065	14718	17810	20301	22867	24972	27746	30828
0:09:45	30.0	6856	8930	10140	11706	13216	14733	18045	20673	22797	25248	27694	30630
0:09:50	30.0	6897	8811	10177	11623	13045	14623	18059	20366	22773	25184	27712	30635
0:09:55	30.0	6748	8776	10153	11611	12879	14507	18096	20360	22980	25011	27687	30568
0:10:00	30.0	6715	8833	10210	11604	13110	14579	17672	20253	22787	25008	27860	30458
0:10:05	30.0	6768	8799	10192	11579	13079	14437	18024	20167	22726	24988	27554	30520
0:10:10	30.0	6830	8924	10194	11680	13030	14387	17827	20164	22902	24926	27487	30098
0:10:15	30.0	6738	8843	10095	11623	13105	14537	18017	20180	22742	24601	27712	30264
0:10:20	30.0	6729	8758	10163	11561	13071	14494	17758	20107	22640	24652	27657	30258
0:10:25	30.0	6769	8824	10061	11593	12976	14411	17868	20127	22682	24950	27447	30538
0:10:30	30.0	6751	8923	10167	11674	12899	14396	17622	20288	22590	24857	27792	30752
0:10:35	30.0	6802	8792	10172	11580	12955	14400	17744	20158	22749	24967	27401	30245
0:10:40	30.0	6744	8722	10133	11647	12919	14351	17665	20200	22633	25010	27577	30326
0:10:45	30.0	6691	8831	10166	11553	12798	14371	17785	20133	22547	24786	27486	30696
0:10:50	30.0	6657	8729	10000	11631	12782	14507	17759	20223	22360	24988	27552	30422
0:10:55	30.0	6677	8807	10124	11418	12900	14370	17687	20072	22233	24680	27358	30065
0:11:00	30.0	6676	8675	9931	11339	12751	14320	17817	20088	22481	24795	27285	30325
0:11:05	30.0	6676	8729	10016	11443	12882	14435	17634	20113	22538	24712	27368	30195
0:11:10	30.0	6696	8757	9982	11406	12760	14190	17586	20055	22636	24828	27362	30160
0:11:15	30.0	6726	8706	10037	11539	12683	14295	17697	19951	22377	24579	27223	30240
0:11:20	30.0	6644	8652	9920	11411	12645	14367	17438	20163	22287	24614	27300	30010
0:11:25	30.0	6797	8700	9959	11518	12752	14119	17538	19926	22493	24716	27398	30143
0:11:30	30.0	6662	8642	10068	11350	12853	14194	17677	20203	22260	24774	26919	30066
0:11:35	30.0	6650	8842	9919	11524	12886	14283	17373	20022	22329	24788	27238	30368
0:11:40	30.0	6594	8715	9996	11374	12721	14122	17728	20001	22400	24779	27109	30075
0:11:45	30.0	6689	8692	9993	11482	12697	14047	17522	19740	22244	24469	27052	30164
0:11:50	30.0	6676	8705	9979	11355	12601	14071	17353	19947	22321	24313	27177	30191
0:11:55	30.0	6645	8618	10038	11301	12805	14118	17538	20122	22445	24332	27147	30246
0:12:00	30.0	6682	8641	9895	11476	12788	14056	17458	19661	22191	24541	26955	30006
0:12:05	30.0	6519	8789	9874	11335	12917	13939	17441	19798	22340	24343	26918	29969
0:12:10	30.0	6630	8705	9936	11353	12571	13752	17563	19920	22431	24479	26869	30101
0:12:15	30.0	6605	8686	10080	11235	12562	14143	17465	19774	22198	24523	26883	29815
0:12:20	30.0	6772	8700	9988	11373	12727	14026	17227	19883	22239	24480	27084	29906
0:12:25	30.0	6532	8626	9916	11380	12661	14057	17477	19908	22099	24320	27320	30012
0:12:30	30.0	6658	8708	9963	11243	12608	14229	17364	19661	22051	24376	26903	30101
0:12:35	30.0	6649	8636	9883	11241	12588	14029	17489	19792	22341	24259	27191	29837
0:12:40	30.0	6555	8665	9865	11185	12499	13893	17325	19866	22316	24357	26986	29711
0:12:45	30.0	6586	8651	9853	11267	12683	13912	17254	19587	22136	24199	26714	29757
0:12:50	30.0	6613	8707	9906	11276	12571	13944	17368	19576	22299	24402	26961	29780
0:12:55	30.0	6594	8797	9889	11265	12552	13921	17359	19822	22117	24280	26895	29662
0:13:00	30.0	6635	8706	9835	11393	12744	14005	17397	19466	22081	24272	26630	29645
0:13:05	30.0	6570	8623	9815	11148	12308	13843	17475	19678	22018	24265	26734	29782
0:13:10	30.0	6659	8632	9879	11241	12516	13835	17347	19769	21905	24237	26942	29533
0:13:15	30.0	6610	8643	9820	11371	12473	13871	17094	19793	22098	24516	26802	29355
0:13:20	30.0	6592	8595	9905	11164	12425	13804	17241	19624	21972	24263	27066	29803
0:13:25	30.0	6513	8606	9949	11280	12363	13937	17412	19621	22063	24402	26728	29468
0:13:30	30.0	6497	8755	9902	11245	12467	13730	17256	19674	22025	24344	26533	29665
0:13:35	30.0	6602	8693	9840	11201	12558	13876	17232	19553	22010	24461	26485	29548
0:13:40	30.0	6604	8656	9922	11339	12491	13832	17256	19526	22100	24151	27000	29477
0:13:45	30.0	6620	8619	10010	11191	12446	13966	17264	19606	22034	24188	26432	29559
0:13:50	30.0	6538	8625	9865	11204	12435	13889	17364	19534	22014	24209	26640	29479
0:13:55	30.0	6582	8725	9889	11239	12514	13957	17132	19688	21870	24067	26659	29438
0:14:00	30.0	6575	8647	9970	11265	12369	13754	17118	19446	21821	24112	26588	29568
0:14:05	30.0	6565	8667	9831	11308	12442	13748	17190	19597	21875	24085	26742	29666
0:14:10	30.0	6458	8657	9912	11230	12448	13948	17138	19622	21770	24020	26325	29404
0:14:15	30.0	6475	8714	9913	11130	12182	13906	17183	19347	21850	24042	26470	29861
0:14:20	30.0	6701	8474	9934	11106	12427	13701	17100	19637	21972	23725	26487	29678
0:14:25	30.0	6508	8415	9829	11128	12433	13802	17266	19491	21684	23889	26489	29447
0:14:30	30.0	6475	8509	9790	11214	12383	13865	17113	19229	22023	23895	26829	29483
0:14:35	30.0	6656	8735	9905	11077	12345	13889	17095	19549	22008	24048	26736	29405
0:14:40	30.0	6559	8643	9983	11204	12449	13804	17246	19501	21606	23993	26650	29706
0:14:45	30.0	6649	8668	9810	11149	12324	13629	17163	19356	21720	23924	26440	29209
0:14:50	30.0	6470	8490	9963	11170	12420	13801	17024	19333	21737	23815	26548	29452
0:14:55	30.0	6573	8670	9835	11234	12483	13815	17013	19181	21487	23965	26357	29500
0:15:00	30.0	6489	8594	9835	11237	12362	13649	17180	19485	21880	23825	26435	29601
0:15:05	30.0	6504	8550	9943	11110	12422	13704	17162	19345	21570	23810	26709	29500
0:15:10	30.0	6495	8542	9835	11300	12298	13742	17199	19292	21710	24163	26513	29028
0:15:15	30.0	6577	8564	9728	11153	12316	13962	17008	19308	21596	23950	26343	29327
0:15:20	30.0	6464	8497	10048	11253	12354	13675	16982	19265	21710	23636	26609	29347
0:15:25	30.0	6517	8554	9793	11079	12411	13573	16896	19366	21725	23671	26464	29372
0:15:30	30.0	6540	8568	9777	11105	12259	13630	16914	19287	21855	23720	26390	29598
0:15:35	30.0	6550	8646	9782	11299	12432	13590	16884	19252	21852	23876	26260	29399
0:15:40	30.0	6528	8569	9837	11204	12303	13717	17004	19403	21667	23927	26260	29322
0:15:45	30.0	6585	8574	9720	11003	12359	13692	16956	19069	21728	23588	26518	29055
0:15:50	30.0	6478	8561	9711	11092	12474	13623	16968	19234	21757	23706	26127	29079
0:15:55	30.0	6469	8497	9677	11112	12220	13715	16762	19272	21589	23784	26227	29147
0:16:00	30.0	6542	8656	9805	11177	12484	13619	16974	19290	21642	23777	26318	29329
0:16:05	30.0	6447	8578	9719	11145	12232	13547	16839	19105	21347	23633	26355	29224
0:16:10	30.0	6582	8519	9688	11230	12286	13792	16823	19245	21587	23897	26517	29218
0:16:15	30.0	6462	8505	9685	11142	12288	13588	16891	19293	21526	23623	26369	29338
0:16:20	30.0	6491	8534	9831	11219	12429	13720	17010	19007	21665	23898	26347	29060
0:16:25	30.1	6516	8404	9789	11056	12241	13543	16920	19327	21532	23826	26522	29167
0:16:30	30.0	6426	8516	9884	11015	12294	13735	16916	19320	21471	23694	26095	29143
0:16:35	30.0	6446	8621	9804	11105	12271	13463	16812	19148	21462	23507	26261	29511
0:16:40	30.0	6448	8592	9780	11120	12331	13565	16788	19026	21446	23626	26288	29435
0:16:45	30.0	6485	8503	9728	11208	12306	13576	16735	19196	21607	23540	26431	29079
0:16:50	30.0	6522	8439	9845	11094	12362	13696	16946	19233	21543	23604	26121	29141
0:16:55	30.0	6581	8550	9700	11121	12227	13656	16725	18967	21604	23646	26303	29052
0:17:00	30.0	6548	8587	9775	11241	12243	13824	16842	19077	21367	23695	25951	29098
0:17:05	30.0	6531	8457	9759	10921	12305	13846	16821	19229	21907	23519	26263	29063
0:17:10	30.0	6404	8482	9741	11121	12478	13590	16881	19238	21491	23434	26396	29183
0:17:15	30.0	6497	8488	9781	11080	12348	13606	16770	19064	21423	23432	26361	28946
0:17:20	30.0	6441	8551	9800	11147	12346	13789	16768	19116	21504	23780	26401	28977
0:17:25	30.0	6438	8539	9673	11205	12346	13738	16730	19071	21221	23657	26172	29536
0:17:30	30.0	6512	8573	9751	11010	12293	13671	16725	19262	21723	23459	26150	29018
0:17:35	30.0	6459	8544	9709	11096	12316	13611	16745	19076	21409	23815	26360	29022
0:17:40	30.0	6401	8624	9927	11094	12214	13671	16650	19262	21380	23749	26213	29089
0:17:45	30.0	6344	8459	9712	10912	12318	13602	16722	19319	21719	23623	26165	29038
0:17:50	30.0	6481	8544	9595	10901	12247	13557	16630	19330	21580	23763	26178	28953
0:17:55	30.0	6476	8551	9622	10993	12356	13542	16578	19161	21440	23572	26074	28782
0:18:00	30.0	6432	8482	9563	11059	12260	13597	16769	18920	21547	23500	26445	29040
0:18:05	30.0	6404	8466	9589	10994	12250	13490	16656	19054	21359	23628	26375	29097
0:18:10	30.0	6421	8515	9688	11083	12231	13699	16641	19143	21461	23834	26176	29174
0:18:15	30.0	6389	8519	9800	11003	12339	13658	16626	19312	21342	23472	26166	28883
0:18:20	30.0	6511	8558	9760	10879	12137	13420	16649	19138	21489	23353	26379	28931
0:18:25	30.0	6441	8446	9673	10919	12103	13511	16600	19050	21494	23665	26055	28911
0:18:30	30.0	6407	8504	9706	11107	12197	13564	16708	19071	21523	23495	26073	29063
0:18:35	30.0	6398	8391	9647	11046	12242	13598	16518	19044	21423	23413	26081	28901
0:18:40	30.0	6448	8392	9681	11065	12117	13587	16854	18956	21161	23292	26107	28947
0:18:45	30.0	6369	8447	9557	10979	12322	13478	16502	19120	21390	23492	26039	28828
0:18:50	30.0	6464	8445	9700	11062	12167	13541	16415	18986	21326	23681	26155	28816
0:18:55	30.0	6414	8533	9545	11037	12172	13649	16546	18971	21421	23434	26209	28898
0:19:00	30.0	6464	8498	9646	10993	12156	13712	16569	18821	21343	23535	26288	28643
0:19:05	30.0	6436	8345	9662	11023	12238	13638	16539	18994	21229	23205	26216	28862
0:19:10	30.0	6434	8341	9689	10943	12159	13679	16483	19038	21198	23407	26217	28685
0:19:15	30.0	6360	8466	9601	11023	12254	13499	16440	18670	21356	23341	26174	29087
0:19:20	30.0	6322	8460	9583	10989	12257	13584	16651	19056	21537	23505	26233	29030
0:19:25	30.0	6401	8447	9608	11076	12277	13568	16504	18919	21398	23228	26304	28822
0:19:30	30.0	6467	8378	9648	11054	12295	13483	16585	19109	21242	23424	26088	28918
0:19:35	30.0	6389	8396	9477	11042	12023	13486	16444	18925	21219	23518	26171	28914
0:19:40	30.0	6368	8461	9533	10922	12273	13655	16455	19161	21182	23457	25838	28848
0:19:45	30.0	6494	8533	9636	11006	12260	13592	16509	19006	21291	23422	26093	28775
0:19:50	30.0	6422	8428	9513	10963	12161	13520	16447	19144	21337	23424	25885	28993
0:19:55	30.0	6303	8493	9472	10920	12356	13667	16486	18901	21261	23333	26196	28934
0:20:00	30.0	6401	8514	9676	10891	12153	13557	16393	19148	21422	23472	26207	28589
0:20:05	30.0	6353	8423	9598	10844	12058	13494	16371	18909	21387	23308	25900	28726
0:20:10	30.0	6363	8369	9571	11077	12262	13512	16674	18996	21313	23327	26075	28873
0:20:15	30.0	6452	8488	9570	10947	12146	13436	16491	19007	21127	23389	26070	28673
0:20:20	30.0	6357	8380	9641	10920	12113	13488	16279	18908	21387	23492	26239	28954
0:20:25	30.0	6423	8398	9687	10911	12204	13405	16276	18804	21560	23455	26148	28903
0:20:30	30.0	6370	8530	9665	10994	12142	13444	16476	19004	21189	23472	25920	28532
0:20:35	30.0	6405	8454	9667	11061	12075	13300	16392	18939	21383	23529	25968	28688
0:20:40	30.0	6333	8450	9676	10938	12199	13551	16263	18779	21372	23499	26043	28915
0:20:45	30.0	6389	8460	9579	10755	12244	13636	16313	18704	21361	23272	26107	28517
0:20:50	30.0	6270	8359	9537	10834	12272	13481	16386	18841	21184	23400	26066	28594
0:20:55	30.0	6490	8443	9602	10899	12150	13369	16297	18887	21101	23511	26024	28649
0:21:00	30.0	6413	8455	9575	10833	12235	13436	16435	18823	21318	23545	26133	28582
0:21:05	30.0	6356	8593	9608	11010	12119	13490	16410	18919	21098	23496	26010	28345
0:21:10	30.0	6355	8273	9643	10820	12118	13672	16352	18850	21184	23428	25936	28586
0:21:15	30.0	6377	8340	9454	10821	12226	13439	16370	18869	21335	23499	25834	28640
0:21:20	30.0	6297	8389	9568	10959	12321	13311	16248	18921	21190	23503	26164	28496
0:21:25	30.0	6398	8273	9511	10927	12201	13537	16403	18653	21312	23615	25999	28625
0:21:30	30.0	6395	8343	9582	10857	12121	13378	16566	18790	21164	23380	26362	28758
0:21:35	30.0	6324	8364	9585	10892	12275	13496	16466	18750	21162	23359	25907	28510
0:21:40	30.0	6390	8444	9540	10839	12077	13368	16294	18700	21434	23347	26039	28695
0:21:45	30.0	6401	8297	9549	10771	12114	13442	16342	18960	21191	23378	25915	28627
0:21:50	30.0	6395	8441	9600	10869	12229	13599	16142	18751	20978	23608	25806	28280
0:21:55	30.0	6303	8435	9459	10963	12171	13406	16328	18819	21241	23693	26074	28563
0:22:00	30.0	6278	8433	9636	10944	12090	13477	16288	18743	21206	23824	25840	28328
0:22:05	30.0	6429	8389	9364	10942	12122	13411	16321	18910	21202	23365	26086	28344
0:22:10	30.0	6278	8278	9522	10893	12152	13399	16225	18751	21055	23412	26125	28477
0:22:15	30.0	6415	8419	9475	10946	12172	13354	16210	18692	21181	23381	26051	28651
0:22:20	30.0	6357	8311	9422	10854	12084	13309	16328	18839	21163	23238	26022	28306
0:22:25	30.0	6436	8303	9492	10723	12031	13504	16186	18762	21063	23361	26027	27953
0:22:30	30.0	6267	8419	9432	10751	12059	13373	16270	18724	21279	23443	26120	28292
0:22:35	30.0	6278	8452	9529	10867	12035	13366	16144	18688	21080	23353	26055	28168
0:22:40	30.0	6309	8342	9438	10925	12121	13360	16238	18592	20974	23411	25828	28688
0:22:45	30.0	6416	8383	9524	10658	12001	13431	16155	18564	21026	23498	26020	28255
0:22:50	30.0	6229	8315	9564	10838	11948	13559	16149	18646	21002	23215	25928	28288
0:22:55	30.0	6422	8228	9503	10817	12029	13336	16080	18607	21319	23247	25899	28382
0:23:00	30.0	6315	8300	9456	10824	12097	13307	16216	18823	21341	23342	26027	28136
0:23:05	30.0	6382	8478	9600	10819	12180	13340	16235	18561	21023	23140	25948	28186
0:23:10	30.0	6344	8428	9478	10824	12029	13504	16104	18871	20993	23408	25844	28418
0:23:15	30.0	6311	8359	9522	10745	11980	13389	16153	18380	21090	23399	25925	28348
0:23:20	30.0	6362	8337	9523	10878	12018	13274	16091	18738	21087	23176	25781	28494
0:23:25	30.0	6278	8393	9627	10907	12119	13372	16028	18568	20935	23292	25927	28539
0:23:30	30.0	6298	8444	9610	10930	12042	13315	16024	18550	21012	23324	25979	28425
0:23:35	30.0	6285	8468	9376	10784	12126	13426	15998	18749	20996	23160	26085	28456
0:23:40	30.0	6371	8395	9504	10727	12102	13412	16035	18641	21066	23492	25932	28143
0:23:45	30.0	6274	8340	9497	10743	11991	13305	16028	18631	21026	23135	25855	28021
0:23:50	30.0	6353	8308	9489	10901	11991	13217	16112	18503	20866	23095	25729	28270
0:23:55	30.0	6280	8250	9386	10737	12125	13570	15988	18636	20871	23145	25923	28209
0:24:00	30.0	6395	8376	9538	10773	12106	13325	15982	18566	20893	23141	25962	28000
0:24:05	30.0	6219	8235	9489	10770	11994	13220	16027	18536	21094	23141	25975	28189
0:24:10	30.0	6414	8238	9428	10811	12152	13359	16006	18574	20951	23162	25857	27950
0:24:15	30.0	6337	8258	9425	10759	11935	13397	16000	18699	20776	23287	25986	27994
0:24:20	30.0	6237	8294	9536	10765	11952	13274	16009	18428	20840	23456	25858	28040
0:24:25	30.0	6355	8251	9411	10752	12112	13212	16185	18556	21010	23095	25784	28235
0:24:30	30.0	6413	8448	9552	10717	12074	13002	15940	18460	21077	23321	26047	28197
0:24:35	30.0	6280	8382	9332	10792	11906	13242	16074	18557	20846	23172	25677	27886
0:24:40	30.0	6305	8393	9497	10664	11937	13261	16040	18571	20932	23403	25638	27837
0:24:45	30.0	6241	8245	9358	10772	12042	13177	16097	18362	21035	23225	25697	28069
0:24:50	30.0	6313	8314	9508	10635	11799	13374	16166	18458	20800	23163	25782	28241
0:24:55	30.1	6323	8269	9426	10780	11984	13233	16187	18412	20792	23217	25574	27735
0:25:00	30.1	6285	8314	9527	10715	11944	13152	15895	18739	20746	23119	25556	28012
0:25:05	30.1	6307	8231	9494	10693	11842	13119	15968	18681	20882	23359	25765	28200
0:25:10	30.1	6210	8324	9365	10777	11808	13159	16063	18409	21080	23162	25794	28214
0:25:15	30.1	6249	8246	9412	10562	12026	13174	16007	18510	20757	23603	25384	27856
0:25:20	30.1	6311	8349	9441	10662	12032	13179	16168	18458	20639	23082	25495	27885
0:25:25	30.0	6383	8258	9488	10802	11989	13172	15831	18362	20824	22948	25705	27778
0:25:30	30.0	6353	8427	9422	10687	11811	13122	15895	18479	20940	23178	25673	27975
0:25:35	30.1	6314	8279	9496	10746	12012	13302	15946	18254	21030	23167	25690	27912
0:25:40	30.1	6334	8249	9502	10564	12025	13300	16075	18355	20589	22972	25458	27946
0:25:45	30.1	6237	8218	9475	10799	11833	13189	15891	18419	20945	23104	25694	27554
0:25:50	30.1	6355	8361	9614	10715	11993	13257	16035	18256	20677	23015	25668	27794
0:25:55	30.1	6320	8188	9358	10780	12075	13191	15962	18355	20621	22986	25809	27653
0:26:00	30.1	6234	8287	9391	10755	11839	13188	15967	18322	21042	23038	25610	28183
0:26:05	30.1	6311	8191	9455	10812	12029	13144	15949	18365	20736	23021	25624	27740
0:26:10	30.0	6302	8277	9439	10783	11935	13163	15971	18313	20774	23217	25609	27520
0:26:15	30.0	6233	8158	9404	10799	11874	13179	16050	18366	20669	22933	25344	27735
0:26:20	30.1	6281	8307	9379	10652	11969	13133	15904	18524	20656	22992	25474	27573
0:26:25	30.1	6307	8256	9485	10711	11882	13184	15965	18561	20745	22969	25518	27988
0:26:30	30.1	6307	8324	9437	10746	12120	13254	15805	18349	20747	23020	25524	27693
0:26:35	30.1	6314	8237	9401	10743	11802	13129	15800	18494	20795	22937	25406	27805
0:26:40	30.1	6233	8156	9354	10680	11939	13181	15884	18443	20740	23064	25582	27508
0:26:45	30.1	6364	8267	9411	10615	11869	13111	15801	18263	20741	22864	25222	27695
0:26:50	30.1	6309	8355	9443	10592	11894	13258	15933	18294	20620	22936	25599	27698
0:26:55	30.0	6297	8329	9516	10632	11724	13259	16011	18389	20684	22771	25394	27742
0:27:00	30.1	6352	8216	9509	10667	11948	13143	15776	18311	20737	23235	25289	27690
0:27:05	30.0	6350	8292	9321	10515	11863	13158	15916	18352	20575	22855	25587	27703
0:27:10	30.1	6321	8220	9354	10581	11811	13076	15948	18261	20540	22790	25363	27584
0:27:15	30.1	6289	8323	9418	10609	11939	13087	15842	18231	20682	23024	25215	27573
0:27:20	30.1	6243	8397	9404	10532	11818	13259	15952	18467	20453	23121	25270	27561
0:27:25	30.1	6256	8203	9475	10587	11905	13049	15713	18369	20523	23197	25228	27873
0:27:30	30.1	6246	8266	9352	10498	11804	13148	16079	18224	20532	22909	25342	27904
0:27:35	30.1	6366	8335	9193	10673	11817	13087	16020	18152	20512	22782	25351	27578
0:27:40	30.0	6205	8268	9410	10647	11874	13071	15707	18284	20687	22875	25260	27660
0:27:45	30.1	6327	8243	9319	10653	11790	13217	15722	18243	20633	22770	25296	27334
0:27:50	30.0	6390	8259	9419	10586	11717	13102	15818	18327	20539	22578	25406	27447
0:27:55	30.1	6165	8205	9521	10703	11821	13065	15863	18272	20471	22871	25270	27422
0:28:00	30.1	6322	8155	9319	10798	11888	13020	15864	18215	20527	22743	25131	27211
0:28:05	30.1	6436	8162	9329	10738	11922	13000	15800	18183	20475	22853	25630	27641
0:28:10	30.1	6295	8202	9304	10770	11949	13140	15774	18129	20573	22904	25184	27545
0:28:15	30.1	6313	8137	9419	10682	11900	13002	15730	18118	20285	22885	25250	27380
0:28:20	30.1	6220	8298	9347	10544	11776	13261	15883	18219	20506	22969	25326	27474
0:28:25	30.1	6236	8236	9424	10692	11930	13060	15808	18173	20628	22646	25188	27249
0:28:30	30.0	6257	8244	9376	10695	11877	13124	15953	18246	20439	22813	25285	27152
0:28:35	30.1	6302	8258	9245	10667	11803	13021	15698	18293	20642	22861	25255	27370
0:28:40	30.1	6341	8284	9401	10683	11932	13109	15730	18319	20358	22907	25366	27378
0:28:45	30.1	6277	8197	9507	10614	12019	13056	15868	18301	20284	22691	25078	27442
0:28:50	30.1	6226	8288	9363	10663	11831	13124	15794	18217	20516	22532	25038	27487
0:28:55	30.1	6341	8242	9438	10488	12014	13128	15629	18106	20260	22734	24913	27263
0:29:00	30.1	6274	8182	9411	10596	11904	13026	15781	18038	20550	22806	25384	27266
0:29:05	30.1	6209	8168	9320	10679	11855	13228	15696	18115	20476	22772	25173	27273
0:29:10	30.1	6377	8339	9269	10550	11920	13101	15796	18381	20444	22881	25042	27247
0:29:15	30.1	6261	8212	9457	10559	11749	12921	15744	18282	20401	22696	24961	27590
0:29:20	30.0	6200	8206	9383	10558	11852	13040	15696	18267	20460	22537	25151	27469
0:29:25	30.1	6303	8287	9286	10567	11705	13292	15920	18236	20498	22696	25083	27492
0:29:30	30.1	6299	8252	9436	10683	11780	13182	15627	18035	20388	22595	25073	27485
0:29:35	30.1	6273	8349	9297	10638	11821	13111	15831	18094	20397	22464	25102	27321
0:29:40	30.1	6288	8309	9336	10431	11829	12854	15639	18014	20502	22719	25073	27128
0:29:45	30.1	6224	8171	9438	10520	11800	13098	15480	18048	20331	22638	24925	27310
0:29:50	30.1	6249	8180	9406	10600	11949	12938	15709	17912	20245	22874	25105	27297
0:29:55	30.1	6342	8093	9285	10684	11814	12941	15793	17942	20469	22658	25021	27143
0:30:00	30.1	6282	8304	9277	10559	11819	12917	15897	18013	20470	22609	24886	27229
0:30:05	30.1	6194	8215	9455	10441	11768	13039	15686	18085	20505	22540	24835	27234
0:30:10	30.1	6273	8228	9344	10560	11755	13122	15700	18088	20225	22681	25018	27017
0:30:15	30.1	6157	8147	9307	10708	11727	12838	15654	18071	20234	22475	24976	27146
0:30:20	30.1	6337	8208	9349	10526	11744	12894	15607	18099	20166	22390	25074	27183
0:30:25	30.1	6316	8233	9367	10562	11719	13148	15653	18035	20432	22642	25109	27061
0:30:30	30.1	6277	8214	9228	10614	11699	13128	15733	17945	20433	22572	24685	26962
0:30:35	30.1	6209	8214	9331	10659	11556	12968	15672	17853	20469	22811	25031	27083
0:30:40	30.1	6103	8177	9298	10550	11898	13023	15557	18064	20281	22609	24959	27200
0:30:45	30.1	6224	8197	9449	10714	11894	12985	15635	18072	20264	22520	24664	27121
0:30:50	30.1	6156	8237	9225	10636	11787	13039	15554	18008	20503	22340	24972	26790
0:30:55	30.1	6253	8112	9290	10535	11710	12933	15572	18023	20231	22480	24751	26979
0:31:00	30.1	6301	8275	9341	10557	11671	12928	15546	18017	20130	22623	24886	26956
0:31:05	30.1	6389	8199	9281	10557	11750	12966	15747	18039	20492	22414	25058	27149
0:31:10	30.1	6337	8030	9273	10578	11830	12999	15621	17895	20151	22544	24860	27449
0:31:15	30.1	6251	8210	9323	10610	11735	12887	15715	18139	20206	22440	24939	27114
0:31:20	30.1	6278	8157	9271	10445	11767	12876	15602	17901	20334	22513	24820	26817
0:31:25	30.1	6212	8223	9265	10532	11858	12946	15534	17939	20276	22447	24671	27357
0:31:30	30.1	6304	8180	9324	10520	11807	12912	15596	17828	20394	22346	25000	27116
0:31:35	30.1	6265	8232	9331	10574	11707	13050	15481	17937	20101	22267	24814	27302
0:31:40	30.1	6215	8222	9279	10531	11675	13001	15618	18174	20387	22405	24929	26955
0:31:45	30.1	6219	8225	9286	10448	11832	12935	15679	18168	20098	22553	25119	26999
0:31:50	30.1	6244	8107	9327	10601	11694	13053	15622	17917	20013	22342	24595	26805
0:31:55	30.1	6156	8300	9284	10514	11665	13048	15594	17903	20058	22560	24675	27013
0:32:00	30.1	6425	8159	9311	10639	11717	12964	15664	17751	20127	22529	24599	26979
0:32:05	30.1	6222	8185	9300	10506	11864	12879	15668	17906	20372	22376	24677	26957
0:32:10	30.1	6174	8258	9230	10574	11739	12883	15572	18170	20146	22427	24699	26765
0:32:15	30.1	6164	8131	9345	10513	11747	13087	15499	17712	20100	22473	24843	26578
0:32:20	30.1	6245	8158	9290	10575	11788	12927	15751	17880	20189	22662	24629	26901
0:32:25	30.1	6281	8249	9339	10665	11707	12879	15678	17938	19957	22689	24989	26899
0:32:30	30.1	6145	8221	9200	10657	11854	13138	15782	17808	20348	22515	24653	27017
0:32:35	30.1	6216	8134	9226	10428	11668	12924	15701	17855	20048	22493	24774	26891
0:32:40	30.1	6214	8229	9219	10585	11594	12892	15604	17852	19994	22405	24609	26588
0:32:45	30.1	6215	8178	9237	10396	11558	12965	15562	17798	20369	22399	24860	26881
0:32:50	30.1	6274	8267	9355	10482	11610	12939	15474	18054	20163	22290	24507	26891
0:32:55	30.1	6180	8194	9307	10500	11706	12893	15455	17696	20147	22434	24659	26968
0:33:00	30.1	6233	8211	9345	10490	11828	13012	15532	17984	20148	22256	24761	26902
0:33:05	30.1	6217	8146	9178	10552	11653	13033	15562	17871	20040	22340	24493	26798
0:33:10	30.1	6242	8134	9285	10400	11693	12695	15650	17808	19987	22333	24648	26509
0:33:15	30.1	6275	8188	9241	10599	11675	12855	15489	17693	20288	22181	24711	26948
0:33:20	30.1	6217	8150	9191	10544	11739	12738	15524	17903	20016	22217	24517	26750
0:33:25	30.1	6119	8144	9153	10545	11653	12762	15477	17899	20137	22157	24449	26597
0:33:30	30.1	6222	8123	9149	10580	11639	12888	15472	17728	20095	22392	24364	26767
0:33:35	30.1	6238	8098	9208	10502	11662	12768	15575	17703	20038	22546	24590	26595
0:33:40	30.1	6172	8256	9268	10453	11656	12954	15327	17860	19827	21939	24643	26495
0:33:45	30.1	6218	8058	9207	10388	11721	12823	15601	17743	20029	22129	24462	26697
0:33:50	30.1	6171	8064	9146	10468	11695	12965	15554	17777	20258	22309	24401	26675
0:33:55	30.1	6181	7963	9356	10451	11671	12932	15466	17776	19935	22220	24613	26752
0:34:00	30.1	6147	8128	9205	10530	11420	12857	15515	17649	20262	22314	24557	26630
0:34:05	30.1	6216	7978	9294	10418	11582	12859	15508	17952	20103	21976	24460	26664
0:34:10	30.1	6153	8209	9156	10648	11718	12965	15491	17831	20108	22352	24384	26689
0:34:15	30.1	6159	8097	9207	10433	11702	12898	15502	17719	20033	22306	24361	26458
0:34:20	30.1	6196	8096	9232	10437	11607	12859	15493	17787	19965	21967	24348	26602
0:34:25	30.1	6227	8186	9276	10291	11538	13052	15402	17681	19718	22432	24448	26456
0:34:30	30.1	6097	8169	9146	10384	11519	12797	15302	17807	19955	22174	24517	26430
0:34:35	30.1	6229	8125	9192	10497	11666	12775	15341	17791	19833	22399	24315	26476
0:34:40	30.1	6147	8165	9216	10413	11516	12802	15375	17774	20088	22330	24671	26376
0:34:45	30.1	6193	8061	9259	10395	11664	12765	15292	17611	19999	22166	24546	26330
0:34:50	30.1	6164	8023	9345	10466	11499	13026	15378	17921	20152	22275	24402	26663
0:34:55	30.1	6292	8057	9186	10542	11685	12856	15319	17861	20133	22010	24494	26341
0:35:00	30.1	6155	8104	9173	10427	11633	12807	15573	17909	20009	22256	24286	26589
0:35:05	30.1	6206	8010	9202	10469	11511	12673	15307	17482	20101	22170	24705	26470
0:35:10	30.1	6229	8193	9218	10482	11815	12798	15417	17776	19920	22108	24315	26598
0:35:15	30.1	6183	8069	9195	10440	11738	12825	15414	17887	19998	22270	24424	26876
0:35:20	30.1	6135	8041	9142	10450	11563	12801	15229	17725	19811	22334	24518	26333
0:35:25	30.1	6263	8153	9133	10390	11585	12709	15435	17796	19849	21933	24072	26731
0:35:30	30.1	6215	7967	9171	10475	11677	12627	15388	17799	19943	21916	24491	26242
0:35:35	30.1	6215	8117	9175	10329	11633	12777	15378	17753	19886	22093	24358	26569
0:35:40	30.1	6169	8082	9233	10471	11627	12728	15439	17710	19865	22125	24327	26366
0:35:45	30.1	6121	7938	9155	10481	11665	12835	15512	17742	19934	22140	24062	26434
0:35:50	30.1	6106	8066	9210	10421	11645	12762	15509	17710	19856	21917	24267	26410
0:35:55	30.1	6222	8128	9193	10386	11568	12906	15328	17724	19981	22005	24392	26214
0:36:00	30.1	6261	8006	9123	10462	11613	12785	15349	17672	19833	22077	23965	26700
0:36:05	30.1	6065	8137	9233	10370	11770	12659	15194	17531	19949	21904	24181	26589
0:36:10	30.1	6202	8063	9231	10398	11590	12697	15315	17644	20051	22233	24044	26346
0:36:15	30.1	6190	8126	9152	10277	11609	12745	15476	17753	19760	21943	24309	26528
0:36:20	30.1	6094	8091	9041	10299	11545	12724	15542	17729	20003	21738	24090	26175
0:36:25	30.1	6122	8078	9156	10467	11654	12786	15484	17839	19990	21936	24431	26525
0:36:30	30.1	6242	8050	9207	10463	11511	12676	15425	17825	19798	22310	24108	26271
0:36:35	30.1	6211	8034	9247	10404	11476	12787	15382	17775	19766	21997	24251	26599
0:36:40	30.1	6181	8059	9261	10426	11609	12821	15434	17797	19889	21969	24282	26253
0:36:45	30.1	6191	8058	9149	10415	11619	12648	15473	17615	20080	21993	24285	26370
0:36:50	30.1	6139	8034	9175	10424	11654	12686	15350	17862	19948	22296	24167	26455
0:36:55	30.1	6186	8180	9107	10315	11636	12569	15429	17726	19908	22021	24004	26175
0:37:00	30.1	6184	8065	9214	10324	11635	12720	15383	17763	19804	21906	24271	26198
0:37:05	30.1	6121	8142	9159	10446	11500	12906	15406	17621	19873	22130	24074	26298
0:37:10	30.1	6140	8098	9103	10359	11464	12900	15418	17611	19751	22052	24231	26354
0:37:15	30.1	6214	7955	9158	10493	11490	12632	15289	17700	19822	21826	24443	26362
0:37:20	30.1	6211	8196	9246	10369	11514	12675	15401	17537	19774	22052	24116	26476
0:37:25	30.1	6264	8021	9243	10621	11636	12719	15414	17703	19658	21807	24096	26231
0:37:30	30.1	6136	8076	9233	10354	11612	12802	15370	17654	19611	22163	24095	26119
0:37:35	30.1	6112	8111	9187	10297	11584	12845	15388	17508	19877	21897	24121	26398
0:37:40	30.1	6146	8026	9294	10398	11498	12677	15434	17764	19802	22064	24157	26349
0:37:45	30.1	6258	8026	9057	10461	11611	12815	15300	17459	19798	21967	24109	26070
0:37:50	30.1	6193	8040	9098	10364	11507	12761	15401	17768	19828	22068	24361	25920
0:37:55	30.1	6182	8041	9139	10395	11667	12759	15263	17709	20096	22150	24207	26204
0:38:00	30.1	6060	8152	9250	10417	11564	12681	15435	17608	19729	21772	24250	26030
0:38:05	30.1	6212	8134	9029	10462	11599	12865	15407	17678	19741	21883	24114	26084
0:38:10	30.1	6162	8032	9156	10297	11426	12781	15381	17668	19871	21932	24027	26279
0:38:15	30.1	6120	8118	9230	10444	11761	12610	15279	17678	19828	21822	24065	25954
0:38:20	30.1	6107	8200	9224	10341	11423	12737	15397	17697	19741	22041	24099	26056
0:38:25	30.1	6075	8106	9209	10423	11503	12814	15141	17634	19730	21892	24015	26118
0:38:30	30.1	6074	8043	9256	10367	11502	12512	15193	17704	20100	22323	24085	25931
0:38:35	30.1	6171	8002	9159	10352	11524	12842	15230	17544	19773	21953	24077	26207
0:38:40	30.1	6229	8017	9037	10373	11499	12823	15153	17632	19793	21960	24026	26056
0:38:45	30.1	6136	7997	9142	10373	11394	12612	15126	17711	19854	22049	24030	26252
0:38:50	30.1	6057	8030	9198	10422	11485	12650	15414	17584	19878	22208	23933	25996
0:38:55	30.1	6160	8005	9143	10417	11449	12630	15302	17553	19913	21721	23918	26328
0:39:00	30.1	6059	8040	9188	10430	11495	12933	15339	17715	19496	22080	24063	26014
0:39:05	30.1	6121	8120	9095	10387	11611	12696	15312	17521	19729	21737	24268	25893
0:39:10	30.1	6128	8061	9148	10375	11560	12622	15199	17563	19662	21719	24274	25987
0:39:15	30.1	6117	8095	9222	10477	11579	12651	15378	17780	19643	21753	24126	26006
0:39:20	30.1	6125	8115	9136	10365	11588	12649	15275	17473	19686	22047	24068	25923
0:39:25	30.1	6226	8051	9142	10478	11570	12654	15361	17244	19742	21764	24171	25942
0:39:30	30.1	6087	7959	9100	10294	11568	12625	15228	17577	19803	21716	24088	26078
0:39:35	30.1	6078	8002	9130	10285	11507	12645	15281	17532	19795	21574	23939	26194
0:39:40	30.1	6027	8155	9084	10322	11541	12695	15200	17476	19856	22082	23974	26193
0:39:45	30.1	6109	8023	9104	10454	11594	12834	15188	17508	19590	21836	23988	25844
0:39:50	30.1	6045	8128	9202	10389	11513	12676	15200	17437	19672	21860	24000	26247
0:39:55	30.1	6222	8034	9137	10351	11612	12514	15177	17445	19865	21820	24088	25954
0:40:00	30.1	6180	8077	9071	10352	11426	12701	15171	17436	19560	21813	24103	26071
0:40:05	30.1	6172	8045	9143	10247	11572	12759	15266	17382	19666	21669	23802	26032
0:40:10	30.1	6100	7974	9218	10533	11565	12695	15273	17476	19630	21611	23837	26034
0:40:15	30.1	6103	8011	9102	10519	11555	12749	15293	17610	19852	21925	23868	26128
0:40:20	30.1	6139	8089	9161	10332	11531	12565	15115	17383	19803	21654	24036	26194
0:40:25	30.1	6171	8048	9139	10437	11522	12758	15113	17533	19553	21862	24013	25935
0:40:30	30.1	6109	8033	9180	10251	11501	12655	15241	17605	19613	21698	23860	25873
0:40:35	30.1	6190	7988	9104	10386	11452	12754	15127	17411	19853	21803	23852	25703
0:40:40	30.1	6157	8018	9090	10326	11529	12685	15170	17480	19567	21947	24002	25860
0:40:45	30.1	6113	7972	9190	10347	11521	12625	15178	17260	19585	21894	23957	25574
0:40:50	30.1	6110	8129	9104	10376	11503	12638	15204	17400	19730	21803	24077	25913
0:40:55	30.1	6070	8082	9067	10308	11520	12678	15128	17610	19649	21807	24064	26132
0:41:00	30.1	6155	8013	9063	10446	11478	12765	15220	17426	19553	21476	23974	25901
0:41:05	30.1	6171	8074	9121	10326	11527	12534	15342	17339	19515	22009	23986	25999
0:41:10	30.1	6183	8016	9142	10312	11542	12513	15381	17357	19627	21780	23824	25897
0:41:15	30.1	6212	8018	9063	10311	11516	12527	15263	17376	19498	21909	23991	25971
0:41:20	30.1	6132	7947	9032	10293	11441	12827	15355	17461	19465	21719	23980	25915
0:41:25	30.1	6164	8044	9049	10332	11401	12645	15129	17342	19649	21787	23870	25864
0:41:30	30.1	6158	7934	8995	10366	11551	12829	15264	17540	19459	21733	23770	25941
0:41:35	30.1	6232	7923	9185	10437	11668	12840	15038	17475	19471	21732	23873	25870
0:41:40	30.1	6113	8043	8942	10392	11506	12661	15143	17537	19683	21684	23929	25802
0:41:45	30.1	6109	8032	9100	10278	11525	12639	15222	17477	19494	21615	23912	25807
0:41:50	30.1	6067	8031	9128	10414	11450	12634	15148	17711	19530	21787	23978	25894
0:41:55	30.1	6081	8007	9213	10226	11568	12777	15200	17703	19606	21434	24059	25814
0:42:00	30.1	6135	8030	9200	10359	11545	12749	15246	17261	19642	21874	23788	25745
0:42:05	30.1	6096	8010	9183	10372	11531	12775	15162	17375	19415	21600	24016	25713
0:42:10	30.2	6159	7961	9172	10436	11607	12669	15234	17650	19638	21765	23622	25798
0:42:15	30.1	6142	7986	9071	10395	11418	12660	15320	17467	19622	21910	23712	25779
0:42:20	30.1	6121	8095	9146	10282	11465	12525	15288	17447	19519	21319	23752	25731
0:42:25	30.1	6061	8069	8995	10417	11362	12578	15160	17500	19585	21397	23672	25878
0:42:30	30.1	6084	7979	8946	10306	11494	12689	15371	17404	19817	21603	23804	25591
0:42:35	30.1	6046	8055	9154	10278	11463	12542	15140	17447	19681	21733	23830	25599
0:42:40	30.1	6124	7993	9136	10319	11574	12712	15189	17512	19360	21777	23756	26036
0:42:45	30.1	6145	8162	9096	10395	11602	12633	15264	17694	19451	21466	24126	25716
0:42:50	30.1	6116	7920	9183	10303	11451	12630	15249	17346	19489	22028	23778	25677
0:42:55	30.1	6189	7892	9040	10383	11493	12588	15307	17450	19695	21814	24071	25836
0:43:00	30.1	6084	8025	9124	10364	11341	12623	15214	17540	19593	21607	23772	25555
0:43:05	30.1	5982	7949	9257	10416	11436	12688	14999	17433	19484	21649	23558	25793
0:43:10	30.1	6118	8040	9108	10342	11487	12690	15363	17484	19320	21534	23787	25649
0:43:15	30.1	6075	8061	9119	10500	11370	12709	15217	17443	19474	21565	23912	25554
0:43:20	30.1	6103	7969	9157	10369	11472	12500	15166	17491	19511	21626	23916	25613
0:43:25	30.1	6107	7983	9141	10227	11566	12625	15364	17517	19306	21476	23678	25673
0:43:30	30.1	6064	8026	9175	10379	11419	12634	15141	17643	19636	21753	23902	25786
0:43:35	30.1	6007	8098	9065	10320	11653	12573	15110	17477	19643	21705	23794	25642
0:43:40	30.1	6130	8075	9126	10371	11408	12639	15092	17327	19610	21557	23635	26067
0:43:45	30.1	6137	8086	9071	10373	11393	12641	15239	17434	19523	21634	23826	25669
0:43:50	30.1	6157	8049	8973	10364	11422	12835	15374	17537	19418	21620	23730	25911
0:43:55	30.1	6117	7989	9103	10302	11597	12549	15154	17392	19399	21729	23809	25596
0:44:00	30.1	6139	8025	9226	10308	11555	12513	15136	17451	19583	21524	23632	25670
0:44:05	30.1	6118	7948	9099	10368	11503	12674	15233	17358	19720	21566	23706	25893
0:44:10	30.1	6066	7933	9036	10252	11418	12608	15135	17296	19681	21516	23702	25616
0:44:15	30.1	6083	8087	9067	10200	11472	12736	15237	17558	19550	21705	23823	25529
0:44:20	30.1	6065	7990	9151	10255	11515	12560	15169	17420	19413	21641	23675	25645
0:44:25	30.1	6083	8121	9213	10220	11482	12738	15159	17276	19603	21513	23738	25683
0:44:30	30.1	6109	7939	9080	10319	11405	12592	15009	17603	19713	21486	23653	25540
0:44:35	30.1	6030	8082	9110	10389	11477	12635	15206	17395	19476	21447	23650	25547
0:44:40	30.1	6081	7984	9180	10337	11545	12342	15121	17408	19462	21523	23804	25570
0:44:45	30.1	6121	7906	9019	10276	11370	12553	15341	17396	19534	21561	23669	25387
0:44:50	30.1	6142	8133	9039	10448	11489	12667	15063	17394	19387	21721	23751	25382
0:44:55	30.1	6067	8000	9101	10309	11447	12500	15105	17439	19662	21477	23615	25719
0:45:00	30.1	6081	8022	8963	10354	11445	12632	15006	17387	19332	21259	23342	25446
0:45:05	30.1	6072	7950	8955	10293	11527	12583	15152	17339	19511	21752	23443	25849
0:45:10	30.1	6053	7967	9125	10213	11397	12653	15137	17507	19495	21699	23780	25597
0:45:15	30.1	6071	7979	8931	10410	11498	12546	15040	17427	19296	21394	23653	25474
0:45:20	30.1	5970	7950	8853	10225	11498	12589	15035	17348	19442	21553	23702	25688
0:45:25	30.1	6052	7987	9034	10369	11388	12655	15070	17595	19397	21603	23516	25419
0:45:30	30.1	6100	7982	9077	10258	11673	12594	15286	17424	19507	21603	23663	25977
0:45:35	30.1	6111	7973	9087	10389	11344	12533	15133	17272	19573	21676	23678	25633
0:45:40	30.1	6135	7987	9064	10187	11333	12575	15194	17427	19385	21442	23732	25558
0:45:45	30.1	6041	7947	9000	10168	11534	12504	15157	17383	19519	21693	23899	25762
0:45:50	30.1	6015	7987	9069	10376	11328	12498	15067	17399	19517	21602	23633	25536
0:45:55	30.1	6098	7953	9182	10314	11406	12523	15062	17398	19401	21532	23629	25450
0:46:00	30.1	6034	8049	9080	10209	11389	12525	15355	17449	19534	21507	23632	25654
0:46:05	30.1	6025	7934	9076	10316	11450	12561	15085	17210	19413	21579	23667	25585
0:46:10	30.1	5995	7857	9084	10236	11576	12539	15054	17398	19396	21670	23740	25315
0:46:15	30.1	6140	7939	9008	10181	11479	12654	14940	17501	19515	21374	23306	25632
0:46:20	30.1	6155	7881	9011	10279	11368	12592	14945	17274	19830	21543	23633	25819
0:46:25	30.1	6088	7947	9073	10211	11368	12667	15263	17337	19345	21442	23455	25526
0:46:30	30.1	6058	7913	8911	10253	11380	12493	15345	17157	19523	21715	23483	25390
0:46:35	30.1	5993	7985	9132	10307	11423	12469	15262	17191	19434	21444	23634	25538
0:46:40	30.1	6115	7953	9194	10305	11545	12565	14981	17212	19279	21622	23816	25437
0:46:45	30.1	6048	8033	8954	10253	11448	12531	15150	17389	19186	21634	23654	25657
0:46:50	30.1	6078	8081	9053	10376	11490	12461	15204	17371	19584	21390	23405	25718
0:46:55	30.1	6113	7962	9051	10249	11484	12546	15108	17512	19262	21477	23441	25376
0:47:00	30.1	6049	8052	9146	10329	11286	12630	15045	17353	19450	21539	23638	25478
0:47:05	30.1	6076	7936	9222	10239	11449	12579	15105	17360	19368	21461	23629	25366
0:47:10	30.1	6080	7966	9012	10342	11357	12634	15056	17400	19533	21514	23668	25667
0:47:15	30.1	6135	7926	9119	10199	11437	12481	15068	17522	19458	21445	23710	25628
0:47:20	30.1	6063	7964	9090	10388	11443	12630	15109	17557	19227	21205	23459	25539
0:47:25	30.1	6082	7937	9113	10263	11318	12634	15088	17395	19518	21877	23520	25467
0:47:30	30.1	6024	7981	9042	10293	11455	12668	15061	17315	19326	21479	23496	25600
0:47:35	30.1	6047	7935	9006	10262	11569	12570	14842	17349	19599	21566	23599	25524
0:47:40	30.1	5959	7950	9039	10259	11469	12481	15209	17440	19380	21405	23578	25275
0:47:45	30.1	5995	8041	9136	10311	11493	12476	15145	17330	19375	21532	23547	25413
0:47:50	30.1	6069	8022	9147	10291	11354	12466	14914	17450	19601	21391	23639	25523
0:47:55	30.1	6012	7913	9113	10208	11500	12494	15095	17257	19140	21589	23558	25402
0:48:00	30.1	5988	7983	9001	10237	11301	12534	15215	17339	19532	21560	23598	25396
0:48:05	30.1	6024	7882	9111	10184	11408	12415	15118	17495	19448	21619	23503	25162
0:48:10	30.1	6126	8083	9031	10270	11335	12541	15034	17488	19093	21469	23380	25445
0:48:15	30.1	6081	8010	8984	10464	11268	12554	14908	17437	19310	21259	23671	25540
0:48:20	30.1	6042	7948	8951	10187	11388	12521	15105	17433	19170	21537	23573	25422
0:48:25	30.1	6019	8005	9057	10271	11449	12668	15019	17178	19430	21529	23511	25558
0:48:30	30.1	6134	7843	8940	10321	11351	12616	15170	17126	19285	21824	23549	25477
0:48:35	30.1	6036	7954	8961	10209	11407	12757	15031	17092	19566	21398	23339	25441
0:48:40	30.1	6065	8043	9053	10158	11374	12605	15034	17401	19429	21305	23479	25532
0:48:45	30.1	6097	8062	8882	10218	11465	12904	15043	17202	19397	21400	23818	25601
0:48:50	30.1	6146	7963	9029	10331	11342	12509	14897	17234	19301	21609	23366	25225
0:48:55	30.1	5979	8034	9011	10322	11358	12438	15228	17330	19559	21548	23235	25383
0:49:00	30.1	6054	7837	8991	10325	11291	12449	15074	17293	19422	21426	23557	25454
0:49:05	30.1	6067	7917	9018	10324	11406	12555	15195	17375	19318	21344	23345	25240
0:49:10	30.1	6077	8005	8987	10260	11314	12558	15107	17275	19381	21504	23639	25492
0:49:15	30.1	6040	7934	9009	10378	11480	12440	14843	17160	19360	21328	23424	25347
0:49:20	30.1	6035	8031	8996	10254	11292	12505	14978	17393	19474	21457	23451	25649
0:49:25	30.1	6074	7935	9061	10133	11431	12475	15023	17168	19494	21554	23540	25319
0:49:30	30.1	6106	7868	8954	10296	11386	12390	15069	17235	19396	21322	23351	25203
0:49:35	30.1	6056	8035	8990	10128	11485	12442	15083	17232	19345	21428	23448	25435
0:49:40	30.1	5977	8016	8961	10316	11512	12770	15103	17044	19367	21499	23474	25428
0:49:45	30.1	5938	7862	9077	10097	11343	12458	14963	17436	19338	21203	23530	25288
0:49:50	30.1	5918	7904	9059	10240	11421	12509	15053	17584	19305	21427	23287	25208
0:49:55	30.1	6000	8108	8890	10208	11332	12592	15186	17291	19348	21571	23395	25362
0:50:00	30.1	5961	7931	9057	10303	11353	12509	15004	17084	19407	21293	23651	25401
0:50:05	30.1	5988	7972	8919	10217	11404	12488	15171	17126	19488	21704	23542	25472
0:50:10	30.1	6092	7851	9131	10285	11499	12557	15128	17330	19235	21257	23315	25467
0:50:15	30.1	6101	7850	8984	10236	11416	12491	15207	17261	19244	21519	23259	25197
0:50:20	30.1	5949	7949	9093	10311	11332	12640	14904	17417	19238	21417	23295	25385
0:50:25	30.1	6042	7922	8994	10217	11309	12602	14905	17052	19487	21392	23495	25398
0:50:30	30.1	6062	7899	9035	10253	11437	12464	15100	17088	19405	21593	23536	25398
0:50:35	30.1	6050	7861	8970	10176	11433	12494	14934	17421	19256	21320	23304	25230
0:50:40	30.1	6091	7952	9011	10195	11429	12563	15001	17156	19251	21492	23339	25212
0:50:45	30.1	6006	7931	9079	10085	11585	12498	14794	17217	19328	21625	23365	25496
0:50:50	30.1	6093	7929	9115	10251	11348	12538	14955	17279	19261	21206	23585	25417
0:50:55	30.1	6102	7982	9058	10211	11433	12629	15090	17348	19271	21354	23235	25347
0:51:00	30.1	5958	7925	9102	10318	11353	12546	15007	17229	19426	21496	23534	25118
0:51:05	30.1	6001	7931	9030	10318	11508	12477	15193	17351	19251	21421	23188	25382
0:51:10	30.1	5979	7959	9012	10287	11400	12592	14955	17228	19317	21361	23621	25198
0:51:15	30.1	6054	7925	9079	10066	11197	12546	15069	16984	19292	21642	23424	25308
0:51:20	30.1	5941	7967	9010	10241	11267	12556	15093	17251	19252	21211	23652	25311
0:51:25	30.1	6030	7905	8922	10280	11421	12625	14994	17250	19382	21433	23428	25380
0:51:30	30.1	5996	7969	8924	10289	11324	12428	15041	17276	19363	21101	23423	25258
0:51:35	30.1	5970	7896	9081	10338	11353	12551	15171	17188	19352	21257	23498	25371
0:51:40	30.1	6080	7968	9041	10209	11380	12632	14974	17377	19498	21344	23398	25664
0:51:45	30.1	6061	7985	9055	10136	11417	12502	14936	17244	19631	21575	23553	25249
0:51:50	30.1	6120	7915	8954	10187	11403	12349	15102	17236	19283	21291	23243	25121
0:51:55	30.1	5927	7971	9032	10143	11369	12604	15203	17315	19271	21263	23505	25296
0:52:00	30.1	6094	8044	9044	10088	11298	12542	14880	17397	19239	21460	23314	25278
0:52:05	30.1	6011	7896	9008	10177	11393	12475	15065	17327	19291	21375	23188	25145
0:52:10	30.1	6069	7958	8972	10196	11453	12509	15082	17265	19265	21253	23356	24956
0:52:15	30.1	5999	8084	9004	10259	11327	12460	14948	17232	19148	21125	23321	25486
0:52:20	30.1	5997	7937	9049	10288	11403	12554	15063	17187	19267	21221	23257	25193
0:52:25	30.1	5949	7885	8949	10093	11383	12431	15079	17365	19367	21039	23110	25409
0:52:30	30.1	5985	7939	8911	10188	11306	12546	14953	16922	19335	21259	23135	25703
0:52:35	30.1	6063	7995	9067	10157	11397	12591	14946	17207	19315	21211	23289	25514
0:52:40	30.1	5976	7876	9012	10210	11371	12597	15054	16991	19453	21167	23489	25173
0:52:45	30.1	6017	7980	8966	10328	11222	12487	15070	17198	19348	21243	23312	25336
0:52:50	30.1	6002	7811	9114	10342	11240	12574	15046	17383	19239	21068	23189	25009
0:52:55	30.1	5982	8003	8975	10124	11252	12531	15065	17173	19238	21377	23357	25263
0:53:00	30.1	6020	7925	9072	10199	11418	12588	15069	17207	19248	21458	23396	25165
0:53:05	30.1	6045	7956	8998	10293	11261	12555	15035	17134	19294	21319	23248	25272
0:53:10	30.1	5993	8039	9020	10165	11219	12365	14913	17058	19137	21251	23475	25257
0:53:15	30.1	6028	7945	9008	10172	11349	12603	14900	16969	19253	21095	23493	25170
0:53:20	30.1	5986	7956	8931	10160	11326	12496	14966	17160	19195	21252	23304	25121
0:53:25	30.1	6030	7876	9148	10305	11361	12513	15111	17123	19163	21106	22968	24959
0:53:30	30.1	6000	7859	9019	10263	11446	12470	14899	17377	19235	21138	23600	25245
0:53:35	30.1	6102	7836	9014	10326	11377	12499	15044	17010	19188	21382	23229	25049
0:53:40	30.1	6054	7858	9061	10186	11334	12649	15071	17041	19222	21149	23367	24990
0:53:45	30.1	6094	7977	9110	10175	11430	12555	15036	17260	19201	21205	23494	25342
0:53:50	30.1	6110	7868	8970	10252	11388	12579	14821	17216	19244	21313	23367	25142
0:53:55	30.1	6074	7931	9036	10203	11364	12399	14702	17350	19435	21179	23313	24993
0:54:00	30.1	6111	7934	8978	10188	11385	12457	14983	17088	19259	21301	23541	25240
0:54:05	30.1	5931	7903	8956	10238	11326	12433	14778	17049	19204	21091	23219	25078
0:54:10	30.1	5907	7872	9021	10059	11524	12410	14978	17102	19270	21091	23168	24844
0:54:15	30.1	6059	7876	8957	10111	11292	12506	14997	17095	19168	21010	23263	25216
0:54:20	30.1	5944	7892	8990	10292	11445	12673	14929	17139	19076	21285	23370	25075
0:54:25	30.1	6064	7876	9046	10218	11429	12470	15162	17253	19390	21165	23298	25175
0:54:30	30.1	6052	8007	8964	10114	11350	12488	15137	17300	19351	21332	23134	25006
0:54:35	30.1	6003	7866	9075	10175	11408	12631	15150	17200	19224	21108	23283	25206
0:54:40	30.1	6050	7865	8970	10207	11317	12331	15083	17069	19086	21243	23303	25134
0:54:45	30.1	6019	7947	8888	10110	11205	12605	14989	16981	19164	21233	23310	24931
0:54:50	30.1	5959	7992	9017	10234	11378	12469	15044	17315	19237	21412	23332	25269
0:54:55	30.1	6005	7896	8958	10123	11446	12425	15044	17072	19271	21257	23160	25212
0:55:00	30.1	5964	7897	8987	10239	11412	12395	15016	17481	19202	20980	23475	25262
0:55:05	30.1	6057	7855	8937	10220	11337	12640	15000	17200	19294	21317	22958	25039
0:55:10	30.1	6077	7998	9065	10396	11263	12396	15176	17186	19209	20797	23450	25106
0:55:15	30.1	5988	7882	9011	10203	11319	12411	15054	17086	19160	21455	23340	25181
0:55:20	30.1	6154	7965	8947	10218	11364	12540	15108	17135	19140	21251	23382	25009
0:55:25	30.1	5929	7938	8984	10175	11355	12452	15150	17262	19279	21095	23351	24837
0:55:30	30.1	6010	7859	8916	10206	11328	12625	15062	17116	19134	21161	23162	24925
0:55:35	30.1	6011	7873	8878	10042	11291	12470	14949	17095	19163	21400	23212	25082
0:55:40	30.1	6029	7957	8926	10144	11332	12392	14928	17283	19136	21233	23482	24975
0:55:45	30.1	6037	7841	9054	10269	11295	12393	14934	17283	19132	21130	23189	25012
0:55:50	30.1	6000	7865	8950	10162	11359	12616	14941	17102	19223	21304	23395	25234
0:55:55	30.1	6029	7837	8988	10172	11308	12421	14852	17284	19053	21367	23116	24941
0:56:00	30.1	6026	7919	8926	10051	11454	12476	14979	17311	19141	21228	23159	24872
0:56:05	30.1	6019	7937	9032	10053	11467	12406	14880	17291	19133	21253	23131	25190
0:56:10	30.1	5889	7820	9044	10148	11212	12451	14971	17082	19096	21155	23198	25227
0:56:15	30.1	6082	7923	8873	10105	11339	12416	15090	17144	19079	21026	23506	25365
0:56:20	30.1	5950	7909	9072	10310	11269	12382	14869	17243	19108	21029	23277	25106
0:56:25	30.1	5981	7895	8820	10200	11307	12602	14909	17119	19204	21208	23178	24989
0:56:30	30.1	6016	7894	8959	10186	11122	12477	14825	17094	19041	21231	23220	25077
0:56:35	30.1	5992	7905	9000	10258	11327	12523	14907	17192	19170	21110	23200	25228
0:56:40	30.1	6033	7858	8919	10159	11312	12465	14988	16980	19148	21457	23277	25161
0:56:45	30.1	6017	7872	8927	10184	11366	12463	15006	17276	19022	21258	23128	24960
0:56:50	30.1	6061	7820	8904	10064	11245	12405	14977	17125	19055	21184	23033	24898
0:56:55	30.1	5998	7815	8946	9975	11335	12377	14987	17201	19226	20914	23166	24959
0:57:00	30.1	5886	7863	8948	10383	11342	12523	15011	17207	19186	21185	23337	25261
0:57:05	30.1	5995	7940	9050	10032	11442	12423	14833	17112	19033	21275	23254	24886
0:57:10	30.1	5963	7843	8876	10263	11253	12307	14927	17310	19112	21070	23079	25138
0:57:15	30.1	5926	7821	9111	10202	11300	12381	15108	17136	18973	21078	22991	25194
0:57:20	30.1	5962	7936	8912	10312	11430	12405	14931	17006	19228	21237	23127	24992
0:57:25	30.1	6027	7823	8904	10156	11329	12491	14922	17204	19176	21077	23530	24820
0:57:30	30.1	5976	7840	8908	10069	11205	12466	14910	17081	19213	21124	23352	24913
0:57:35	30.1	6042	7792	9033	10170	11254	12492	14834	17372	19270	21169	23011	25066
0:57:40	30.1	5903	7871	8941	10168	11271	12442	14884	17153	19367	21178	23121	24874
0:57:45	30.1	5891	7909	8891	10271	11283	12338	14816	17080	19157	21224	23200	24950
0:57:50	30.1	6076	7898	8939	10187	11356	12423	14819	17051	19111	20966	23103	24939
0:57:55	30.1	6018	7927	9020	10231	11365	12410	14977	17133	19224	21260	22930	24748
0:58:00	30.1	6031	7806	8945	10008	11319	12481	15045	17136	19114	21204	23081	24882
0:58:05	30.1	5942	7853	8902	9971	11461	12318	15084	17337	19021	21159	23062	25044
0:58:10	30.1	6080	7954	8878	10083	11291	12438	14886	17271	19353	21201	23251	24927
0:58:15	30.1	5916	7979	8991	10111	11314	12402	14843	16822	19396	21240	23117	24884
0:58:20	30.1	5946	7840	8820	10201	11437	12400	14908	17091	19219	21153	23256	24999
0:58:25	30.1	5967	7883	8856	10093	11284	12428	14918	17331	19211	21164	23063	25132
0:58:30	30.1	6019	7904	8976	10138	11334	12397	14946	17163	19057	20941	22968	24946
0:58:35	30.1	5911	7807	8851	10014	11514	12510	15012	17067	19098	20852	23168	24764
0:58:40	30.1	6042	7822	8876	10136	11357	12477	14875	17256	19197	20974	23087	24880
0:58:45	30.1	6031	7857	8907	10155	11374	12361	14990	16982	19094	21094	23339	24661
0:58:50	30.1	5984	7876	8908	10058	11228	12571	14967	17025	19339	21023	23130	24819
0:58:55	30.1	5906	7831	8858	10258	11314	12441	14848	16985	19250	21243	23104	25063
0:59:00	30.1	6046	7865	8921	10102	11460	12441	14820	16946	19083	20943	23140	25005
0:59:05	30.1	5944	7891	8992	10075	11270	12401	14955	17274	19062	21178	23127	25027
0:59:10	30.1	6073	8024	9059	10013	11268	12408	14910	16974	19055	21215	22866	25014
0:59:15	30.1	5945	7843	8851	10187	11323	12509	14834	17025	19112	21340	23156	24672
0:59:20	30.1	5884	7827	8930	10177	11292	12428	14868	17095	19020	21226	22913	24857
0:59:25	30.1	5952	7825	8925	10224	11282	12396	14862	17190	18916	21234	23100	24989
0:59:30	30.1	5975	7851	8793	10133	11273	12523	14838	16908	19112	21016	23066	25059
0:59:35	30.1	5940	7722	8929	10068	11204	12424	14874	17077	19119	20996	22994	25064
0:59:40	30.1	5996	7807	8901	10117	11242	12438	14862	17092	19003	21087	23071	24736
0:59:45	30.1	6029	7793	8806	10265	11296	12276	14812	17084	19060	21106	23065	24928
0:59:50	30.1	5942	7921	8832	10281	11340	12518	14985	16956	19219	21063	23172	24753
0:59:55	30.1	6011	7765	8889	10137	11211	12497	14942	17104	19281	21028	23089	24951
1:00:00	30.1	5850	7866	8985	10058	11336	12458	14751	17075	18958	21059	23167	24906
1:00:05	30.1	5983	7819	8917	10030	11372	12388	14828	16973	18887	20983	23096	24785
1:00:10	30.1	5991	7905	8982	10084	11285	12570	14892	17167	19165	21348	23160	24971
1:00:15	30.1	6008	7767	8986	10168	11220	12512	14634	16990	18916	21097	23021	24803
1:00:20	30.1	5927	7780	8733	10055	11222	12395	14876	17152	19102	21077	22971	24871
1:00:25	30.1	5994	7764	9002	10162	11216	12463	14885	17083	19058	21174	23334	24754
1:00:30	30.1	5898	7742	8923	10003	11117	12415	14771	17014	19127	20926	23120	24910
1:00:35	30.1	5938	7852	8880	10149	11475	12423	14896	17259	19169	21054	23035	24858
1:00:40	30.1	5973	7890	8835	10024	11167	12359	15078	17138	19036	20905	23019	24993
1:00:45	30.1	6096	7852	8818	10112	11207	12370	14980	17096	19039	20881	23264	24776
1:00:50	30.1	5981	7854	8839	10084	11227	12297	14862	17007	19157	20896	23092	24789
1:00:55	30.1	5934	7812	8895	10168	11233	12329	15059	17042	19214	20950	23214	24799
1:01:00	30.1	5926	7790	8902	10057	11292	12383	14834	17150	19050	21120	23287	24894
1:01:05	30.1	5927	7826	8768	10161	11322	12437	14868	16939	19067	21069	23158	25223
1:01:10	30.1	5897	7902	8910	10133	11274	12420	14859	17193	18933	21004	23113	24624
1:01:15	30.1	5913	7850	9012	10109	11346	12324	14867	17038	19004	21212	23157	24869
1:01:20	30.1	6001	7764	8839	10169	11234	12484	14896	16939	18987	20994	23157	24820
1:01:25	30.1	5920	7924	8909	10049	11263	12364	14736	17088	18954	21041	23015	24576
1:01:30	30.1	5988	7866	8923	10041	11267	12387	14862	17283	19239	21088	22874	24986
1:01:35	30.1	5996	7776	9036	10118	11205	12392	14928	16939	19105	20942	23273	24778
1:01:40	30.1	5890	7836	8880	10079	11174	12542	14809	17060	19171	20764	23186	24688
1:01:45	30.1	5972	7812	8865	9940	11280	12329	14729	17072	18978	21214	22980	24824
1:01:50	30.1	5998	7816	8900	10047	11282	12438	14854	17180	19029	21000	22925	24920
1:01:55	30.1	5973	7774	9071	10106	11275	12339	15026	16953	19056	21003	23191	24717
1:02:00	30.1	5964	7786	8820	10108	11306	12192	14808	17013	19213	20876	22970	24614
1:02:05	30.1	5945	7848	8916	10080	11227	12440	14876	17025	19026	20978	22992	24948
1:02:10	30.1	5955	7816	8903	10082	11304	12228	14803	17176	19006	20933	22999	24824
1:02:15	30.1	5947	7780	8948	10087	11264	12429	14872	17171	18982	21111	22965	24769
1:02:20	30.1	5938	7742	8917	10016	11213	12294	14851	16909	18965	21167	23075	24870
1:02:25	30.1	5927	7814	8903	10059	11297	12398	14847	17067	19105	21296	22982	24580
1:02:30	30.1	6025	7903	8915	10071	11112	12302	14597	17030	19004	21061	22840	24766
1:02:35	30.1	5977	7850	8880	9957	11252	12276	14979	17057	18771	21145	23157	24879
1:02:40	30.1	5913	7850	8898	10149	11200	12373	14718	16926	18928	21115	23001	24819
1:02:45	30.1	5831	7808	8974	9870	11181	12308	14919	16985	19060	20914	22991	24835
1:02:50	30.1	5990	7836	8982	10024	11298	12387	14733	17025	18953	21146	23211	24744
1:02:55	30.1	5961	7690	8896	9985	11263	12270	14685	16967	18917	20950	22983	25016
1:03:00	30.1	6048	7853	8754	10030	11286	12334	14948	16941	19042	21188	23016	24701
1:03:05	30.1	5939	7820	8999	9985	11119	12400	14940	17112	18996	21115	22935	24688
1:03:10	30.1	5883	7824	8799	10199	11129	12400	14997	16692	19116	20857	22903	24756
1:03:15	30.1	6012	7736	8797	10103	11288	12405	14815	16921	19055	21132	22888	24900
1:03:20	30.1	5916	7694	8856	10130	11256	12574	14700	17030	19040	20997	23011	25110
1:03:25	30.1	5853	7813	8887	10079	11225	12390	14852	17126	19067	20883	22923	24650
1:03:30	30.1	5908	7788	8782	10090	11107	12317	14783	17007	18952	20984	23121	24429
1:03:35	30.1	5839	7747	8810	10114	11250	12395	14864	16990	19106	20931	22980	24842
1:03:40	30.1	5890	7945	8837	10065	11207	12390	14759	17017	19153	21048	23063	24770
1:03:45	30.1	5882	7752	8798	9985	11259	12405	14826	16839	19000	21202	23156	24818
1:03:50	30.1	5937	7800	8778	10055	11176	12330	14802	17180	18907	20775	22904	24757
1:03:55	30.1	5878	7951	8858	10066	11324	12324	14891	17190	18991	20968	23117	24785
1:04:00	30.1	5858	7771	8992	10217	11226	12388	14870	17104	18943	20865	23329	24831
1:04:05	30.1	5998	7716	8967	10032	11198	12261	14713	16883	18921	20827	23050	24685
1:04:10	30.1	5958	7760	8848	10237	11151	12301	14794	17098	19075	20840	22925	24614
1:04:15	30.1	5981	7808	8855	10185	11145	12424	14925	16852	19021	20897	22891	24597
1:04:20	30.1	5871	7754	8944	10003	11157	12491	14907	17062	19050	20780	23056	24577
1:04:25	30.1	5867	7859	8842	10082	11205	12466	14956	16910	19023	20798	22893	24877
1:04:30	30.1	5837	7814	8881	10068	11261	12490	14750	17075	18969	21021	22851	24461
1:04:35	30.1	5923	7864	8832	9991	11257	12463	14971	17021	18921	20912	23074	24662
1:04:40	30.1	5963	7836	8961	10146	11078	12261	14716	16959	19089	21021	22820	24780
1:04:45	30.1	5914	7832	8852	9983	11168	12457	14719	17031	18730	21061	22990	24499
1:04:50	30.1	5920	7741	8900	10067	11246	12379	14809	16921	18971	21069	23030	24912
1:04:55	30.1	5909	7855	8778	10076	11275	12257	14802	16742	19074	20913	22976	24573
1:05:00	30.1	5921	7683	8861	10097	11298	12351	14778	16916	19074	20915	22682	24676
1:05:05	30.1	5810	7822	8763	9966	11207	12347	14823	17030	19024	20931	22922	24587
1:05:10	30.1	5889	7722	8822	10025	11205	12370	14719	17060	18789	20968	23055	24871
1:05:15	30.1	5878	7720	9011	10060	11231	12338	14835	16989	18923	21076	22923	24749
1:05:20	30.1	5983	7813	8850	10056	11275	12334	14877	17021	19114	21013	23071	24623
1:05:25	30.1	5885	7814	8928	9990	11287	12331	14751	16854	18870	20839	23021	24633
1:05:30	30.1	5945	7785	8921	10047	11204	12424	14992	17039	18897	20911	23149	24818
1:05:35	30.1	5952	7795	8873	10091	11106	12278	14900	17003	19187	20907	22768	24873
1:05:40	30.1	5924	7829	8916	10005	11337	12265	14761	17022	19003	20821	23091	24501
1:05:45	30.1	5979	7796	8871	10080	11261	12368	14871	16875	19021	20885	23050	24783
1:05:50	30.1	5827	7744	8830	10002	11162	12371	14810	17048	18903	21054	23046	24987
1:05:55	30.1	5905	7769	8791	9981	11194	12502	14847	16965	19016	20968	22890	24624
1:06:00	30.1	5912	7828	8804	9958	11114	12290	14742	17054	18944	20866	22630	24347
1:06:05	30.1	5819	7830	8869	10107	11164	12495	14724	16790	18922	21092	22763	24401
1:06:10	30.1	5903	7863	8940	10023	11331	12252	14774	16872	19179	20754	23137	24802
1:06:15	30.1	5908	7773	8773	10036	11244	12381	14728	16946	18891	21035	22927	24586
1:06:20	30.1	5892	7750	8810	10141	11212	12251	14676	17039	19138	20977	22932	24674
1:06:25	30.1	5905	7777	8829	10109	11137	12210	14662	17014	19052	20781	22820	24716
1:06:30	30.1	5848	7742	8866	9963	11243	12289	14783	17044	18903	21068	22805	24625
1:06:35	30.1	5824	7784	9047	9976	11128	12219	14910	17086	18918	20701	22956	24603
1:06:40	30.1	5895	7857	8822	10040	11101	12216	14814	16976	18890	21006	22786	24606
1:06:45	30.1	5831	7790	8934	10202	11231	12392	14749	16943	19181	20705	22993	24830
1:06:50	30.1	5900	7822	8787	9965	11251	12302	14742	16940	18993	21005	22935	24764
1:06:55	30.1	5922	7779	8829	9981	11173	12222	14689	16835	18701	20934	22953	24495
1:07:00	30.1	5933	7804	8752	10166	11214	12302	14640	17104	18954	20827	22849	24517
1:07:05	30.1	5855	7660	8870	9914	11110	12213	14871	17038	19237	20927	22773	24609
1:07:10	30.1	5919	7748	8837	10122	11176	12228	14698	16851	18822	20806	22804	24648
1:07:15	30.1	5853	7683	8903	10071	11376	12187	14878	16967	18902	20720	22826	24803
1:07:20	30.1	5856	7862	8818	10008	11166	12280	14839	16744	18964	21034	22891	24692
1:07:25	30.1	5972	7746	8885	10020	11133	12312	14920	16921	18840	20827	23117	24651
1:07:30	30.1	5851	7754	8884	9952	11129	12356	14740	17149	18764	20834	22657	24445
1:07:35	30.1	5818	7825	8731	10056	11198	12225	14734	16847	19092	20899	22907	24700
1:07:40	30.1	5828	7721	8918	10071	11158	12470	14857	16920	18949	20812	22770	24369
1:07:45	30.1	5836	7769	8831	10077	11100	12410	14852	16793	18851	20852	22976	24378
1:07:50	30.1	5901	7750	8850	10068	11250	12260	14855	17024	18988	20929	22751	24549
1:07:55	30.1	6002	7748	8761	10022	11261	12167	14656	16877	18963	20728	22727	24385
1:08:00	30.1	5931	7751	8824	10069	11139	12406	14795	16956	18914	20850	23007	24716
1:08:05	30.1	5842	7804	8870	10122	11129	12355	14664	16930	18879	20693	22854	24390
1:08:10	30.1	5847	7735	8875	10100	11159	12320	14916	16850	18907	20934	22893	24348
1:08:15	30.1	5905	7716	8731	9966	11195	12280	14773	16911	18969	20668	22800	24525
1:08:20	30.1	5891	7751	8713	10121	11296	12420	14677	16930	19108	20796	22744	24530
1:08:25	30.1	5922	7829	8947	10035	11212	12291	14834	17023	18853	20775	22958	24412
1:08:30	30.1	5802	7722	8816	10012	11281	12263	14792	16950	18923	20824	22719	24578
1:08:35	30.1	5884	7761	8894	10025	11184	12350	14692	16926	18714	20768	22819	24729
1:08:40	30.1	5916	7723	8742	10003	11262	12307	14839	16940	18916	20748	22549	24366
1:08:45	30.1	5923	7720	8860	9963	11179	12296	14656	16957	19080	20903	22732	24454
1:08:50	30.1	5837	7720	8773	9931	11249	12269	14759	16812	18825	20843	22590	24563
1:08:55	30.1	5964	7819	8755	10044	11093	12469	14931	16976	18850	20878	22706	24709
1:09:00	30.1	5899	7782	8841	9953	11104	12229	14823	16836	18998	20880	22783	24483
1:09:05	30.1	5940	7709	8799	9923	11190	12278	14854	16857	18925	20623	22916	24436
1:09:10	30.1	5831	7679	8719	10057	11162	12262	14913	16870	19010	21004	22616	24302
1:09:15	30.1	5884	7659	8702	10002	11193	12325	14704	16841	18987	20606	23097	24533
1:09:20	30.1	5940	7805	8834	10017	11149	12215	14597	16915	18960	21093	22979	24492
1:09:25	30.1	5861	7748	8781	10212	11142	12261	14662	16754	18765	20757	22866	24649
1:09:30	30.1	5870	7774	8698	9957	11068	12288	14663	16784	18918	20976	22692	24391
1:09:35	30.1	5960	7649	8781	9936	11222	12053	14823	16930	18851	20820	22649	24451
1:09:40	30.1	5837	7762	8679	9903	11080	12370	14636	16933	18877	20789	22968	24389
1:09:45	30.1	5877	7698	8745	10117	11202	12305	14922	16958	18810	20904	23006	24410
1:09:50	30.1	5862	7726	8812	9942	10985	12261	14611	16942	18873	20893	22819	24596
1:09:55	30.1	5879	7785	8831	9828	11197	12234	14760	16697	18768	20756	22730	24630
1:10:00	30.1	5870	7684	8814	10065	11227	12269	14591	16969	19002	20918	22541	24628
1:10:05	30.1	5835	7728	8813	9845	11178	12368	14709	16991	18909	20726	22709	24387
1:10:10	30.1	5872	7747	8810	9986	11141	12323	14759	16875	18884	20843	22494	24435
1:10:15	30.1	5872	7803	8770	10062	11123	12350	14774	16702	18792	20750	22649	24628
1:10:20	30.1	5903	7714	8806	9957	11109	12130	14830	16875	18866	20670	22463	24704
1:10:25	30.1	5920	7694	8813	10003	11318	12247	14600	16891	18878	20967	22882	24330
1:10:30	30.1	5871	7837	8903	10055	11193	12222	14630	16796	18845	20830	22894	24145
1:10:35	30.1	5965	7713	8974	10021	11140	12262	14711	16885	18722	20735	22923	24306
1:10:40	30.1	5845	7736	8804	10038	11166	12311	14715	16991	18719	21061	22866	24374
1:10:45	30.1	5818	7857	8813	10044	11126	12405	14673	16927	18804	20644	22901	24688
1:10:50	30.1	5879	7770	8731	10138	11021	12353	14717	16691	18642	20851	22693	24339
1:10:55	30.1	5893	7807	8785	9949	11047	12371	14668	16886	18823	21019	22741	24384
1:11:00	30.1	5841	7858	8677	9997	11051	12203	14600	16881	18948	20836	22791	24410
1:11:05	30.1	5859	7758	8861	10103	11209	12164	14836	17022	18761	20962	22848	24352
1:11:10	30.1	5889	7733	8697	9966	11224	12252	14747	16919	18797	20870	22777	24480
1:11:15	30.1	5910	7746	8841	10009	11187	12245	14662	16860	18790	20786	22492	24494
1:11:20	30.1	5897	7757	8728	10039	11094	12157	14724	16996	18778	20768	22553	24207
1:11:25	30.1	5898	7712	8925	10094	11103	12250	14859	16874	18786	20969	22829	24494
1:11:30	30.1	5947	7685	8749	10103	11020	12274	14899	16908	18820	20598	22700	24375
1:11:35	30.1	5886	7783	8753	10052	11076	12100	14749	16994	19068	20898	22871	24355
1:11:40	30.1	5923	7690	8770	9934	11141	12150	14629	16973	18712	20572	22776	24189
1:11:45	30.1	5857	7679	8801	9931	11061	12242	14934	16760	18903	20858	22767	24593
1:11:50	30.1	5915	7746	8708	9917	11131	12244	14561	16860	18748	20809	22585	24367
1:11:55	30.1	5868	7844	8800	9992	11078	12172	14767	16909	18771	20665	22697	24535
1:12:00	30.1	5812	7786	8775	9884	11012	12216	14651	16843	18738	20770	22774	24416
1:12:05	30.1	5840	7662	8719	10013	11039	12302	14638	16841	18906	20770	22564	24230
1:12:10	30.1	5913	7729	8853	10099	11181	12202	14809	16941	18878	20801	22723	24618
1:12:15	30.1	5860	7725	8807	10045	11176	12162	14667	17052	18780	20535	22864	24329
1:12:20	30.1	5878	7717	8795	10133	11161	12193	14547	16849	18701	20800	22714	24576
1:12:25	30.1	5861	7714	8869	10003	11029	12228	14646	16980	18735	20737	22730	24402
1:12:30	30.1	5881	7710	8716	10062	11238	12268	14765	16894	18707	20787	22724	24656
1:12:35	30.1	5826	7624	8725	10069	11028	12172	14779	16811	18738	20595	22603	24583
1:12:40	30.1	5844	7704	8784	10024	11085	12331	14599	16800	18696	20818	22711	24234
1:12:45	30.1	5821	7806	8772	9957	11174	12313	14916	16757	18746	20800	22789	24260
1:12:50	30.1	5893	7675	8927	9921	10930	12274	14717	16810	18834	20914	22776	24323
1:12:55	30.1	5827	7738	8742	10016	11226	12158	14833	16938	18860	20637	22485	24303
1:13:00	30.1	5820	7744	8818	9943	11122	12288	14706	16832	18876	20796	22626	24376
1:13:05	30.1	5881	7686	8832	10044	11201	12243	14655	16650	18810	20609	22668	24240
1:13:10	30.1	5931	7727	8748	9945	11184	12210	14614	16914	18876	20443	22792	24382
1:13:15	30.1	5935	7762	8718	10023	10988	12171	14737	16875	18858	20911	22655	24324
1:13:20	30.0	5877	7724	8755	9855	11056	12207	14674	16869	18736	20780	22770	24148
1:13:25	30.1	5835	7837	8837	10059	11169	12080	14833	16871	18753	20853	22747	24236
1:13:30	30.1	5847	7689	8789	9974	11108	12265	14722	16856	18807	20903	22734	24338
1:13:35	30.1	5787	7605	8762	9917	11110	12279	14695	16622	18828	20725	22640	24378
1:13:40	30.1	5957	7578	8818	10028	11039	12138	14754	16677	18895	20800	22459	24370
1:13:45	30.1	5861	7675	8800	9933	11248	12295	14608	16660	18906	20783	22412	24460
1:13:50	30.1	5887	7762	8777	10040	11111	12091	14695	16882	18894	20979	22555	24136
1:13:55	30.0	5821	7704	8723	10006	11137	12217	14617	16961	18801	20555	22426	24530
1:14:00	30.1	5774	7685	8820	9972	11035	12269	14667	16710	18828	20652	22690	24368
1:14:05	30.0	5877	7604	8710	9971	11071	12233	14570	16765	18940	20750	22537	24464
1:14:10	30.1	5904	7674	8806	9986	11158	12237	14664	16842	18784	20865	22435	24521
1:14:15	30.1	5754	7651	8718	9932	11117	12133	14670	16880	18840	20804	22509	24694
1:14:20	30.1	5832	7712	8731	9889	11066	12119	14767	16774	18759	20695	22442	24424
1:14:25	30.1	5863	7807	8883	9895	11137	12284	14581	16690	18698	20649	22881	24077
1:14:30	30.1	5812	7704	8884	9862	11008	12192	14623	16763	19018	20663	22405	24368
1:14:35	30.1	5718	7592	8839	9875	11157	12297	14630	16888	18901	20818	22582	24368
1:14:40	30.1	5920	7682	8736	9990	11111	12191	14680	16644	18721	20506	22737	24460
1:14:45	30.0	5829	7728	8825	10071	11154	12147	14642	16951	18810	20664	22507	24329
1:14:50	30.1	5837	7806	8738	9941	11004	12229	14567	16756	18649	20697	22623	24434
1:14:55	30.0	5857	7763	8722	9803	11157	12139	14728	16648	18916	20734	22769	24309
1:15:00	30.1	5800	7616	8814	9997	11140	12313	14641	16765	18559	20651	22653	24417
1:15:05	30.1	5869	7692	8778	9878	11133	12234	14669	16720	18629	20592	22417	24300
1:15:10	30.1	5868	7668	8700	9940	11119	12171	14664	16659	18674	20604	22432	24247
1:15:15	30.1	5839	7695	8737	9952	11066	12193	14632	16605	18707	20697	22493	24277
1:15:20	30.1	5794	7721	8698	9880	10918	12234	14606	16864	18732	20708	22654	24346
1:15:25	30.1	5841	7742	8866	9956	11109	12165	14589	16663	18566	20537	22667	24436
1:15:30	30.1	5828	7667	8762	10049	10928	12175	14674	16723	18688	20736	22999	24252
1:15:35	30.0	5889	7698	8740	10015	11076	12175	14645	16618	18654	20589	22532	24446
1:15:40	30.0	5875	7725	8767	9891	11135	12160	14696	16733	18550	20865	22683	24298
1:15:45	30.1	5822	7680	8671	9928	11067	12204	14617	16639	18664	20754	22736	24303
1:15:50	30.1	5933	7806	8760	10028	11154	12182	14697	16831	18801	20605	22590	23982
1:15:55	30.1	5852	7671	8737	9971	11094	12214	14617	16783	18653	20551	22564	24313
1:16:00	30.1	5830	7639	8699	10060	11068	12232	14727	16766	18727	20567	22723	24466
1:16:05	30.1	5783	7716	8843	9959	11005	12235	14559	16733	18732	20719	22429	24345
1:16:10	30.1	5857	7770	8551	10005	10943	12279	14587	16851	18739	20736	22599	24342
1:16:15	30.1	5898	7748	8695	9861	11137	12037	14520	16849	18515	20572	22633	24232
1:16:20	30.0	5853	7606	8617	9923	11065	12257	14594	16728	18611	20896	22236	24272
1:16:25	30.1	5773	7643	8737	9901	11127	12119	14692	16748	18693	20621	22494	23972
1:16:30	30.1	5833	7599	8753	9953	11100	12249	14451	16667	18986	20745	22666	24495
1:16:35	30.1	5867	7600	8759	9884	11042	12186	14608	16686	18619	20698	22420	24423
1:16:40	30.1	5814	7651	8782	9896	11050	12044	14770	16650	18455	20458	22480	24222
1:16:45	30.1	5727	7564	8808	9962	11139	12279	14649	16758	18724	20770	22490	24342
1:16:50	30.1	5794	7721	8706	9853	11179	12326	14537	16550	18765	20836	22516	24183
1:16:55	30.1	5760	7589	8668	9830	11149	12169	14637	16812	18763	20549	22394	23974
1:17:00	30.0	5837	7836	8784	9949	11137	12061	14518	16776	18816	20791	22613	24112
1:17:05	30.1	5832	7709	8730	9937	11131	12241	14763	16450	18583	20812	22407	24375
1:17:10	30.1	5817	7579	8841	9858	10975	12093	14737	16654	18743	20393	22596	24085
1:17:15	30.0	5791	7718	8675	9906	11109	12123	14594	16797	18847	20587	22658	24350
1:17:20	30.1	5819	7677	8614	9798	11006	12212	14471	16817	18657	20686	22624	24034
1:17:25	30.1	5847	7684	8773	9998	10963	12244	14649	16777	18745	20395	22413	24256
1:17:30	30.1	5764	7588	8781	9892	11011	12133	14689	16625	18618	20769	22610	24124
1:17:35	30.1	5853	7766	8599	9948	11157	12197	14634	16672	18641	20470	22503	24013
1:17:40	30.1	5828	7668	8656	9976	11176	12119	14665	16685	18597	20453	22461	24235
1:17:45	30.1	5822	7659	8734	9924	11026	12066	14527	16698	18716	20627	22585	24287
1:17:50	30.0	5817	7643	8663	9824	11099	12286	14584	16757	18692	20494	22627	24280
1:17:55	30.0	5796	7596	8640	9803	10997	12223	14670	16713	18733	20586	22320	24325
1:18:00	30.1	5800	7634	8721	10004	10998	12079	14504	16740	18827	20613	22864	23978
1:18:05	30.1	5886	7633	8758	9889	11078	12244	14675	16640	18583	20766	22583	24284
1:18:10	30.1	5807	7651	8682	10023	10947	12255	14528	16756	18830	20514	22819	24042
1:18:15	30.1	5852	7626	8641	9992	11011	12078	14600	16842	18679	20295	22414	24415
1:18:20	30.1	5801	7608	8616	9889	11070	12290	14708	16665	18637	20654	22296	24115
1:18:25	30.1	5880	7767	8744	10056	11094	12108	14471	16662	18627	20602	22606	24165
1:18:30	30.1	5780	7692	8689	9977	11116	12241	14441	16710	18649	20533	22454	24441
1:18:35	30.1	5780	7657	8632	9978	11068	12224	14493	16793	18680	20469	22383	24311
1:18:40	30.0	5778	7671	8727	9878	11074	12037	14591	16691	18803	20855	22278	24203
1:18:45	30.1	5856	7706	8660	9967	11077	12174	14569	16754	18706	20530	22316	23948
1:18:50	30.1	5766	7667	8541	9965	10934	12212	14667	16725	18803	20528	22496	24277
1:18:55	30.1	5797	7649	8686	9845	10966	12202	14532	16619	18482	20484	22295	24057
1:19:00	30.1	5807	7631	8849	9852	11101	12101	14694	16735	18583	20580	22650	23893
1:19:05	30.1	5790	7622	8714	9965	11042	12010	14435	16759	18808	20459	22611	23962
1:19:10	30.1	5725	7645	8880	9894	11009	12166	14504	16659	18541	20581	22379	24027
1:19:15	30.1	5797	7608	8735	9819	11071	12206	14711	16957	18596	20614	22667	24075
1:19:20	30.1	5757	7571	8722	9952	11050	12017	14484	16749	18576	20611	22324	24023
1:19:25	30.0	5822	7514	8707	9868	10900	12144	14601	16721	18601	20558	22615	24242
1:19:30	30.0	5802	7618	8753	9878	11002	12214	14570	16582	18573	20490	22664	24147
1:19:35	30.1	5798	7640	8674	9857	10976	12157	14666	16686	18560	20554	22481	24096
1:19:40	30.1	5743	7620	8705	9973	10976	12179	14851	16739	18669	20633	22374	24105
1:19:45	30.1	5807	7681	8668	9756	11057	12337	14502	16680	18602	20404	22494	24109
1:19:50	30.1	5786	7630	8708	9836	10958	12246	14541	16682	18628	20484	22488	24426
1:19:55	30.1	5833	7517	8753	9797	11003	12212	14806	16524	18743	20321	22295	24121
1:20:00	30.1	5846	7622	8642	9793	11018	12120	14445	16741	18863	20529	22465	24249
1:20:05	30.1	5771	7630	8664	9855	10974	12017	14361	16486	18570	20446	22441	23976
1:20:10	30.0	5796	7776	8667	9868	10991	12153	14445	16669	18612	20612	22510	24000
1:20:15	30.1	5710	7700	8709	9901	11041	12174	14466	16592	18532	20621	22681	24100
1:20:20	30.0	5757	7574	8679	9938	11053	12051	14609	16679	18617	20621	22496	24176
1:20:25	30.1	5778	7606	8796	9906	10939	12297	14545	16699	18857	20505	22530	24074
1:20:30	30.1	5837	7628	8665	9820	10996	12162	14598	16603	18468	20459	22347	24131
1:20:35	30.1	5768	7673	8671	9846	10912	11850	14533	16610	18632	20458	22373	23868
1:20:40	30.1	5773	7575	8698	9827	10968	12056	14623	16553	18640	20489	22462	23894
1:20:45	30.1	5857	7610	8639	9899	10867	12219	14536	16698	18674	20648	22522	24292
1:20:50	30.1	5734	7701	8720	9920	10957	12192	14709	16716	18639	20397	22293	24169
1:20:55	30.1	5632	7665	8711	9923	11148	12110	14470	16507	18420	20600	22324	24138
1:21:00	30.0	5782	7629	8694	9816	10988	11961	14679	16665	18688	20742	22615	24155
1:21:05	30.0	5819	7551	8748	9813	10842	12178	14589	16626	18660	20588	22406	24070
1:21:10	30.1	5845	7675	8606	9825	10988	12135	14453	16729	18544	20426	22465	24141
1:21:15	30.1	5722	7608	8730	9892	11140	12199	14410	16596	18611	20547	22415	24230
1:21:20	30.1	5777	7593	8706	9856	11041	12183	14408	16631	18568	20422	22367	24144
1:21:25	30.1	5714	7640	8631	9707	11092	12167	14668	16893	18487	20647	22391	24103
1:21:30	30.1	5767	7576	8804	9797	10972	12034	14420	16587	18708	20733	22369	24045
1:21:35	30.1	5770	7729	8720	9847	10996	12002	14581	16887	18651	20569	22382	24260
1:21:40	30.1	5784	7646	8709	9927	10991	12109	14445	16791	18512	20482	22442	24011
1:21:45	30.0	5754	7653	8589	9889	11094	12216	14618	16813	18714	20439	22381	24147
1:21:50	30.0	5723	7664	8655	9809	10984	12173	14398	16700	18414	20306	22326	24144
1:21:55	30.0	5820	7727	8640	9952	10943	12074	14665	16778	18499	20605	22477	23839
1:22:00	30.1	5844	7537	8649	9946	10917	12072	14584	16826	18648	20517	22491	24228
1:22:05	30.1	5729	7613	8756	9950	11161	12138	14588	16472	18500	20608	22554	24050
1:22:10	30.1	5880	7601	8573	9888	10840	12146	14561	16690	18545	20563	22227	23958
1:22:15	30.1	5744	7563	8658	9774	11052	12235	14476	16600	18498	20579	22324	23866
1:22:20	30.1	5763	7578	8654	9844	10879	11843	14564	16600	18653	20674	22153	24226
1:22:25	30.1	5783	7654	8772	9927	10913	12186	14650	16593	18875	20616	22264	24102
1:22:30	30.1	5824	7584	8730	10003	10882	12125	14628	16507	18462	20741	22390	24074
1:22:35	30.0	5809	7679	8506	9921	11083	12189	14482	16525	18498	20612	22435	24064
1:22:40	30.0	5771	7566	8721	9854	10905	12051	14458	16701	18556	20509	22605	24134
1:22:45	30.1	5824	7721	8574	9880	11055	12167	14471	16826	18523	20571	22156	24258
1:22:50	30.1	5724	7681	8787	9889	10936	12123	14602	16555	18456	20352	22551	23943
1:22:55	30.1	5802	7546	8795	9882	11053	11998	14500	16672	18511	20497	22310	23997
1:23:00	30.1	5778	7524	8648	9853	10998	12088	14507	16697	18826	20533	22299	23875

Results
	1	2	3	4	5	6	7	8	9	10	11	12
A													Max V [295,335]
													R-Squared [295,335]
													t at Max V [295,335]
													Lagtime [295,335]
B													Max V [295,335]
													R-Squared [295,335]
													t at Max V [295,335]
													Lagtime [295,335]
C													Max V [295,335]
													R-Squared [295,335]
													t at Max V [295,335]
													Lagtime [295,335]
D													Max V [295,335]
													R-Squared [295,335]
													t at Max V [295,335]
													Lagtime [295,335]
E	3552000.000	-3840000.000	-4056000.000	4896000.000	-5232000.000	-4740000.000	-5904000.000	-6120000.000	-7092000.000	8064000.000	7584000.000	-11412000.000	Max V [295,335]
	1.000	1.000	1.000	1.000	1.000	1.000	1.000	1.000	1.000	1.000	1.000	1.000	R-Squared [295,335]
	0:00:03	0:21:08	0:01:23	0:56:58	0:13:03	0:48:48	0:03:18	0:04:23	0:07:23	0:47:23	0:53:28	0:02:43	t at Max V [295,335]
	0:00:00	0:20:00	0:01:08	0:58:10	0:12:00	0:47:31	0:02:47	0:03:46	0:06:35	0:48:35	0:55:01	0:02:23	Lagtime [295,335]
F													Max V [295,335]
													R-Squared [295,335]
													t at Max V [295,335]
													Lagtime [295,335]
G													Max V [295,335]
													R-Squared [295,335]
													t at Max V [295,335]
													Lagtime [295,335]
H													Max V [295,335]
													R-Squared [295,335]
													t at Max V [295,335]
													Lagtime [295,335]

