

Software Version	3.03.14

Procedure Details

Plate Type	96 WELL PLATE
Set Temperature	Setpoint 30°C
	Preheat before moving to next step
Start Kinetic	Runtime 1:56:00 (HH:MM:SS), Interval 0:00:07, 995 Reads
    Read	Fluorescence Endpoint
	E1..E12
	Filter Set 1
	    Excitation: 295,  Emission: 335
	    Optics: Top,  Gain: 80
	Light Source: Xenon Flash,  Lamp Energy: High
	Read Speed: Normal,  Delay: 0 msec,  Measurements/Data Point: 5
	Read Height: 8 mm
End Kinetic	

Layout
	1	2	3	4	5	6	7	8	9	10	11	12
A													Well ID
B													Well ID
C													Well ID
D													Well ID
E	SPL1	SPL2	SPL3	SPL4	SPL5	SPL6	SPL7	SPL8	SPL9	SPL10	SPL11	SPL12	Well ID
F													Well ID
G													Well ID
H													Well ID

295,335

Time	T° 295,335	E1	E2	E3	E4	E5	E6	E7	E8	E9	E10	E11	E12
0:00:00	30.0	7013	23989	28162	32520	36552	41610	19286	27140	29198	32652	35269	40968
0:00:07	30.0	7172	24453	27931	32634	36765	41581	19246	26860	29408	32317	35044	40933
0:00:14	30.0	7083	24228	28002	32906	37095	41947	19191	26796	29215	32505	35069	40803
0:00:21	30.0	7064	24181	28267	32981	36778	41873	18948	26639	29056	32275	34855	40560
0:00:28	30.0	7026	24248	28007	32750	36931	41952	18751	26655	28814	32045	34793	40712
0:00:35	30.0	7047	23997	28165	32765	36871	41724	18804	26155	28503	31671	34472	40455
0:00:42	30.0	7026	23828	28161	32809	36926	42137	18721	25911	28437	31327	34716	40357
0:00:49	30.0	6879	24215	27947	32473	36497	41361	18359	25709	28409	31279	34357	40228
0:00:56	30.0	6907	24002	27991	32735	36499	41797	18136	25491	27770	31403	34314	40066
0:01:03	30.0	6889	24069	27879	32199	36264	41220	18155	25316	28073	31440	34153	39949
0:01:10	30.0	6792	24028	27781	32712	36278	41359	17900	25315	27985	31252	33782	39548
0:01:17	30.0	6805	23535	28080	32264	36070	41447	17804	25060	27508	31178	33723	39722
0:01:24	30.0	6619	23607	27650	32400	36173	41320	17704	24910	27524	30770	33665	39489
0:01:31	30.0	6662	23899	27559	32037	35799	41275	17652	24584	27172	30796	33491	39226
0:01:38	30.0	6688	23427	27535	32047	36050	40796	17438	24533	27305	30534	33667	39260
0:01:45	30.0	6604	23593	27490	32105	35731	40654	17360	24371	27171	30192	33517	39032
0:01:52	30.0	6687	23550	27492	32016	36180	40861	17284	24298	27222	30167	33221	38989
0:01:59	30.0	6613	23537	27228	31848	35658	40753	17285	24039	27136	30144	32734	38821
0:02:06	30.0	6478	23464	27136	32061	35904	40986	17172	24075	26743	30081	32859	38897
0:02:13	30.0	6461	23231	27236	31941	35462	40365	17026	24107	26530	29869	33091	38345
0:02:20	30.0	6437	23121	27098	31579	35418	40802	16703	23611	26732	29657	32685	38315
0:02:27	30.0	6420	23198	26967	31616	35618	40692	16770	23732	26510	29503	32554	38527
0:02:34	30.0	6401	23342	27210	32107	35471	40735	16849	23357	26295	29409	32409	38414
0:02:41	30.0	6327	23190	26826	31663	35117	40534	16716	23458	26595	29312	32274	38572
0:02:48	30.0	6370	22975	26892	31430	34767	40543	16671	23072	26176	29143	32062	38454
0:02:55	30.0	6423	22682	26714	31580	35281	40431	16400	23190	26072	29159	32440	38285
0:03:02	30.0	6370	22911	26933	31458	34944	40100	16380	23058	25824	29024	31946	38048
0:03:09	30.0	6216	22779	26564	31468	34890	40171	16328	23023	25764	28644	32441	37821
0:03:16	30.0	6239	22750	26768	30874	34773	40210	16207	23071	25551	28914	31863	37519
0:03:23	30.0	6217	22794	26862	31355	34795	40123	16163	22771	25490	28778	31377	37867
0:03:30	30.0	6184	22580	26792	31478	34595	39843	16042	22690	25510	28655	31440	37573
0:03:37	30.0	6132	22322	26070	31114	34532	40354	16262	22434	25452	28811	31456	37366
0:03:44	30.0	6233	22517	26524	31032	34507	39808	16066	22389	25310	28659	31400	37505
0:03:51	30.0	6140	22461	26271	30656	34569	39800	16065	22286	25244	28447	31321	37159
0:03:58	30.0	6042	22307	26269	30901	34567	39729	15913	22312	25181	28549	31018	37226
0:04:05	30.0	6102	22503	26153	30965	34480	39601	15829	22130	25210	28405	31144	37201
0:04:12	30.0	6010	22204	26177	30771	34526	39801	15830	21924	25017	28358	31004	37052
0:04:19	30.0	5969	22508	26143	30273	34369	39616	15748	22193	25003	28091	30905	36974
0:04:26	30.0	6056	22196	26318	30403	34014	39412	15808	21867	24821	28086	30939	36821
0:04:33	30.0	5979	22173	26107	30657	33879	39325	15536	21809	24873	27940	30933	37124
0:04:40	30.0	5977	22248	25871	30415	34078	39590	15392	21899	24754	27809	31028	36812
0:04:47	30.0	5991	21934	26021	30225	33742	39183	15625	21700	24735	27920	30647	36736
0:04:54	30.0	5922	21925	25903	30838	33811	39173	15391	21746	24915	28004	30663	36629
0:05:01	30.0	5798	22123	26042	30315	33686	39421	15385	21538	24732	27789	30364	36527
0:05:08	30.0	5825	22018	25965	30215	33626	38941	15230	21574	24625	27522	30701	36421
0:05:15	30.0	5712	21880	25758	30188	33455	39049	15235	21263	24466	27641	30774	36450
0:05:22	30.0	5862	21720	25665	30051	33681	39184	15330	21349	24312	27515	30389	36295
0:05:29	30.0	5786	21616	25743	30633	33719	39031	15341	21422	24218	27206	30230	35994
0:05:36	30.0	5812	21791	25566	30006	33402	38527	15314	21187	24139	27389	30159	36429
0:05:43	30.0	5794	21598	25412	30035	33606	38660	15254	21288	24580	27201	29952	35906
0:05:50	30.0	5798	21634	25374	30032	33290	38405	15151	21379	24265	27242	30135	36308
0:05:57	30.0	5782	21663	25525	29964	33682	39193	15177	21210	23976	27302	29977	36037
0:06:04	30.0	5779	21412	25357	29325	33058	38756	14969	20942	24199	27158	29876	35838
0:06:11	30.0	5832	21329	25213	29918	32975	38791	15154	21021	23997	27142	29984	35912
0:06:18	30.0	5737	21676	25292	29801	33042	38566	15152	20991	23931	27038	29826	35454
0:06:25	30.0	5710	21577	25180	29630	33138	38277	14829	20985	23915	27091	29738	35921
0:06:32	30.0	5681	21582	25267	29509	33110	38829	14884	20889	24003	26774	29798	35647
0:06:39	30.0	5703	21237	25212	29750	32792	38396	14986	20957	23843	26758	29519	35425
0:06:46	30.0	5634	21246	25094	29754	32826	38151	14898	21053	23794	26660	29712	35545
0:06:53	30.0	5681	21288	25091	29275	33392	38514	14929	20587	23634	26921	29663	35470
0:07:00	30.0	5728	21042	25213	29539	32695	38173	14840	20670	23516	26849	29451	35275
0:07:07	30.0	5636	21077	24951	29350	32784	38363	15008	20857	23634	26843	29349	35148
0:07:14	30.0	5625	21413	24940	29288	32688	37988	14881	20447	23741	26809	29418	34833
0:07:21	30.0	5599	21204	24895	29420	32865	38090	14818	20548	23678	26881	29409	35309
0:07:28	30.0	5619	21275	24996	29151	32749	38545	14722	20491	23526	26654	29617	35440
0:07:35	30.0	5563	21103	24802	29281	32746	37771	14710	20489	23573	26624	29436	35148
0:07:42	30.0	5575	21084	24770	29393	32306	37893	14700	20725	23532	26386	29063	35443
0:07:49	30.0	5633	20948	24907	29246	32574	38101	14681	20593	23479	26419	29202	35116
0:07:56	30.0	5481	21090	24504	29211	32719	37872	14674	20454	23203	26384	29161	34893
0:08:03	30.0	5520	21145	24591	29112	32372	38414	14588	20519	23536	26387	29269	34852
0:08:10	30.0	5452	20881	24791	28749	32454	37704	14673	20318	23444	26213	29081	34792
0:08:17	30.0	5538	20746	24580	29142	32680	38039	14729	20417	23416	26243	29063	34552
0:08:24	30.0	5464	20922	24642	29029	32131	37289	14685	20354	23247	26263	29136	34523
0:08:31	30.0	5515	20575	24562	28923	32214	37876	14651	20403	23400	26178	29227	34705
0:08:38	30.0	5596	20832	24620	28991	32280	37387	14601	20664	23306	26495	28837	34726
0:08:45	30.0	5464	20595	24584	28839	32278	37954	14491	20367	23235	25992	28580	34588
0:08:52	30.0	5428	20945	24294	28695	31989	37509	14741	20347	23340	26102	28597	34460
0:08:59	30.0	5451	20787	24312	28631	32037	37303	14534	20366	22957	26210	28559	34651
0:09:06	30.0	5361	20580	24373	28859	32175	37360	14547	20273	22991	26114	28711	34552
0:09:13	30.0	5487	20566	24183	28747	31970	37176	14524	20295	23098	25983	28439	34623
0:09:20	30.0	5495	20606	24352	28430	31870	37233	14522	20353	22815	26097	28303	34304
0:09:27	30.0	5466	20546	24281	28404	31541	37453	14550	20563	22917	26468	28669	34162
0:09:34	30.0	5400	20455	23999	28695	31870	37221	14479	20142	22992	25881	28473	34338
0:09:41	30.0	5383	20355	24164	28462	31961	37021	14522	20310	22957	25792	28737	34061
0:09:48	30.0	5353	20395	23855	28447	31504	36579	14343	20196	23089	25694	28783	34684
0:09:55	30.0	5434	20448	24115	28238	31531	37106	14355	20344	22907	25924	28565	34215
0:10:02	30.0	5452	20114	23962	28368	31518	36746	14482	20063	23170	25954	28594	34545
0:10:09	30.0	5424	20255	24149	28176	31505	37002	14366	20011	22858	26079	28368	34109
0:10:16	30.0	5354	20409	23926	28111	31898	36927	14281	20217	22931	25603	28429	34044
0:10:23	30.0	5366	20064	23888	28145	31537	36911	14285	20063	23254	25825	28302	34136
0:10:30	30.0	5398	20091	23810	28241	31497	37117	14313	20065	22787	25711	28311	33819
0:10:37	30.0	5311	20020	23633	27921	31458	36973	14207	20351	22805	25896	28177	33911
0:10:44	30.0	5361	20202	23679	28158	31366	36565	14312	20051	22729	25814	28580	33764
0:10:51	30.0	5292	20164	24015	28041	31487	36764	14376	19868	22816	25551	28356	33617
0:10:58	30.0	5322	19969	23814	27885	31506	36705	14167	20032	22708	25654	28123	33992
0:11:05	30.0	5290	20122	23809	27769	31332	36841	14304	19943	22942	25779	27833	33840
0:11:12	30.0	5257	20243	23822	28390	31421	36365	14272	19789	22601	25574	28169	33857
0:11:19	30.0	5283	19898	23593	27910	31255	36444	14276	19874	22881	25569	28469	33741
0:11:26	30.0	5325	19878	23623	27602	31174	36433	14215	19880	22585	25535	28067	34198
0:11:33	30.0	5305	19841	23836	27844	31004	36393	14243	20155	22770	25435	28076	33855
0:11:40	30.0	5277	20042	23581	27894	31397	36402	14144	20057	22787	25602	27850	33468
0:11:47	30.0	5240	20016	23664	27731	30925	36248	14483	20055	22639	25340	27934	33392
0:11:54	30.0	5319	19673	23701	27834	31095	36343	14119	20005	22783	25367	28087	33295
0:12:01	30.0	5268	19702	23619	28084	30962	36329	14283	19770	22381	25446	27868	33668
0:12:08	30.0	5269	19768	23581	27915	31193	36712	14279	19988	22732	25326	27981	33338
0:12:15	30.0	5226	19803	23425	27494	31274	36346	14139	19888	22399	25355	27814	33932
0:12:22	30.0	5291	19895	23570	27858	30942	36409	14055	20023	22702	25447	27731	33645
0:12:29	30.0	5269	19808	23245	27488	31001	36080	14195	19883	22636	25618	27842	33600
0:12:36	30.0	5283	19614	23349	27570	31182	36169	14231	20000	22303	25134	27962	33407
0:12:43	30.0	5262	19896	23092	27302	30861	36176	14150	20020	22499	25581	27737	33427
0:12:50	30.0	5261	19680	23232	27510	30761	36075	14102	19802	22677	25208	27928	33409
0:12:57	30.0	5266	19599	23273	27545	30801	35938	13965	19986	22683	25370	27793	33515
0:13:04	30.0	5253	19667	23068	27103	30688	35891	13938	19849	22409	25316	27713	33184
0:13:11	30.0	5295	19402	23445	27314	30782	35801	14110	19958	22774	25147	27787	33219
0:13:18	30.0	5265	19542	23168	26977	30600	35783	14158	19689	22311	25343	27646	33162
0:13:25	30.0	5181	19617	23266	27226	31014	35851	14117	19913	22262	25296	27952	33492
0:13:32	30.0	5261	19546	23253	27305	30875	35709	14031	19753	22240	25237	27575	33554
0:13:39	30.0	5234	19373	23103	27300	30379	35761	14111	19801	22247	25289	27845	33040
0:13:46	30.0	5183	19373	22894	27019	30583	35374	14165	19566	22533	25229	27807	33037
0:13:53	30.0	5225	19489	23020	26772	30684	35446	14035	19597	22422	25373	27503	33211
0:14:00	30.0	5190	19365	22955	26670	30632	35857	14144	19822	22345	25338	27574	32829
0:14:07	30.0	5213	19267	23126	27153	30554	36254	14151	19496	22441	25011	27451	33500
0:14:14	30.0	5218	19379	23092	27317	30301	35364	14074	19774	22271	25150	27614	32977
0:14:21	30.0	5165	19314	23062	27074	30641	35759	13952	19589	22438	24898	27599	33339
0:14:28	30.0	5171	19473	22755	26868	30597	35567	14278	19575	22160	25277	27726	32889
0:14:35	30.0	5252	19215	22867	26761	30269	35858	14087	19844	22176	25264	27402	33091
0:14:42	30.0	5169	19306	23001	26841	30263	35738	14156	19740	22329	25069	27468	32651
0:14:49	30.0	5195	19500	22899	27026	30496	35272	14159	19786	22073	25105	27556	32531
0:14:56	30.0	5166	19237	22998	26950	30453	35406	14153	19810	22185	25233	27297	33224
0:15:03	30.0	5211	19248	22865	26804	30626	35524	13995	19619	22318	24834	27759	32766
0:15:10	30.0	5201	19138	22889	26840	30132	35649	14044	19658	22296	25138	27448	32719
0:15:17	30.0	5171	19017	22644	26677	29942	35119	14066	19635	22409	25088	27335	32684
0:15:24	30.0	5198	18912	22591	26483	30450	35016	14096	19685	22248	25045	27467	32691
0:15:31	30.0	5258	19183	22877	26739	30499	34750	13969	19609	22265	25184	27365	32858
0:15:38	30.0	5160	19153	22783	26958	30312	35171	13841	19537	22166	25204	27164	32666
0:15:45	30.0	5179	19075	22616	26909	30262	34978	14110	19676	22224	24752	27380	32685
0:15:52	30.0	5122	19085	23021	26644	30273	34851	13968	19657	22230	24882	27362	32635
0:15:59	30.0	5222	19176	22774	26656	30095	34728	14048	19376	22134	25117	27770	32578
0:16:06	30.0	5164	18938	22747	26883	30056	34827	14061	19718	22509	25020	27455	32723
0:16:13	30.0	5140	18978	22554	26819	29892	34812	13915	19723	22106	24683	27358	32506
0:16:20	30.0	5245	19118	22824	26453	30148	34876	13936	19690	22014	24976	27443	32683
0:16:27	30.0	5097	19101	22681	26518	29882	34706	14079	19460	21879	25039	27221	32827
0:16:34	30.0	5200	18830	22494	26682	30401	34833	14082	19633	22014	24981	27211	32449
0:16:41	30.0	5171	19050	22670	26716	29875	34982	13897	19603	22280	24892	27301	32398
0:16:48	30.0	5107	18801	22475	26426	30030	35237	13982	19660	22110	24787	27268	32880
0:16:55	30.0	5145	19158	22519	26583	29954	34876	13968	19789	22160	24787	27306	32613
0:17:02	30.0	5134	18863	22380	26632	30159	35095	14046	19645	22063	24834	27081	32675
0:17:09	30.0	5092	19116	22242	26631	30070	34947	13998	19642	22166	25089	27257	32471
0:17:16	30.0	5123	18861	22462	26466	29612	34872	13819	19564	22348	24884	27211	32390
0:17:23	30.0	5217	18913	22529	26688	29667	34988	14024	19571	22011	25172	27094	32386
0:17:30	30.0	5119	18748	22323	26684	29883	34947	13877	19462	22075	24774	27390	32674
0:17:37	30.0	5180	18672	22388	26698	29620	34603	13926	19581	22072	24723	27211	32352
0:17:44	30.0	5069	18907	22220	26391	29674	34394	14125	19452	22051	24833	27305	32304
0:17:51	30.0	5121	18805	22688	26377	29655	34533	13869	19590	22045	24769	27237	32412
0:17:58	30.0	5181	19037	22284	26591	29516	34518	13951	19485	22123	24605	27309	32352
0:18:05	30.1	5149	18712	22333	26134	29887	34787	13839	19803	21992	24911	26976	32385
0:18:12	30.0	5110	18833	22243	26230	29555	34583	13838	19718	22008	24818	27273	32492
0:18:19	30.0	5172	18574	22342	26341	29892	34523	13927	19628	21919	24562	27244	32306
0:18:26	30.0	5205	18587	22440	26316	29737	34297	13788	19594	21940	24728	27037	32152
0:18:33	30.0	5130	18852	22215	26403	29853	34610	13956	19496	22019	24824	26970	32394
0:18:40	30.0	5093	18808	22396	26167	29616	34115	13893	19738	21858	24702	27099	32463
0:18:47	30.0	5113	18578	22365	25962	29476	34149	13886	19536	22016	24498	26974	32222
0:18:54	30.0	5185	18583	22245	26403	29364	34666	13913	19457	21991	24673	27124	32267
0:19:01	30.0	5136	18789	22052	26037	29417	34080	13907	19521	22267	24746	27044	32281
0:19:08	30.0	5113	18738	22198	26029	29283	34194	13994	19483	22008	24784	27188	32008
0:19:15	30.0	5082	18615	21905	26084	29390	34491	13872	19752	22034	24537	27051	32110
0:19:22	30.0	5065	18533	21964	26138	28853	34221	14035	19741	21937	24442	26881	32229
0:19:29	30.0	5081	18677	22073	26122	29467	34174	14067	19463	22003	24555	27207	32431
0:19:36	30.0	5095	18652	21906	25990	29630	34129	13993	19625	21962	24397	26742	32019
0:19:43	30.0	5116	18450	22079	26027	29391	34155	13810	19449	22143	24999	26897	32081
0:19:50	30.0	5085	18533	21980	26256	29622	34391	13865	19561	22289	24930	26707	32121
0:19:57	30.0	5088	18665	22068	25899	29536	34273	13935	19483	22048	24965	26855	31995
0:20:04	30.0	5089	18501	22002	26015	29323	34052	13801	19665	22052	24826	26806	31987
0:20:11	30.0	5063	18426	21997	25910	29284	34065	14000	19512	21788	24408	27316	31761
0:20:18	30.0	5065	18481	22213	25804	29186	34057	14035	19353	21984	24731	27264	31920
0:20:25	30.0	5184	18616	22136	25906	29385	34269	13724	19647	21841	24619	26709	31929
0:20:32	30.0	5070	18536	21971	26013	29370	33968	13763	19659	22058	24807	26845	32107
0:20:39	30.0	5026	18665	22153	25723	29201	34184	13857	19549	21912	24786	26838	32024
0:20:46	30.0	5104	18562	21816	25739	29406	34279	13738	19469	21734	24683	26849	32030
0:20:53	30.0	5049	18499	21937	25782	29384	34004	13890	19519	21960	24363	26880	31806
0:21:00	30.0	5066	18492	22004	25866	29402	34125	13742	19347	21874	24557	26901	31698
0:21:07	30.0	5143	18448	21989	25782	29370	33811	13794	19448	21767	24877	26854	31594
0:21:14	30.0	5087	18448	22017	25785	29191	33753	14097	19470	21926	24420	27024	31870
0:21:21	30.0	5132	18688	21731	26018	29255	33676	13868	19388	21964	24491	26995	31745
0:21:28	30.0	5149	18424	21666	25708	28887	34026	13867	19424	22007	24548	26883	32221
0:21:35	30.0	5126	18512	21937	25818	28849	33730	13729	19570	21936	24583	26536	31782
0:21:42	30.0	5138	18584	21924	25912	29061	33835	13984	19601	21762	24691	26611	32105
0:21:49	30.0	5040	18414	21838	26022	29211	33404	13818	19776	21860	24488	26622	31632
0:21:56	30.0	5061	18582	21574	25723	29076	33491	14029	19454	21866	24454	26791	31893
0:22:03	30.0	5071	18343	21749	25825	28931	33548	13807	19658	21694	24595	26767	31785
0:22:10	30.0	5134	18623	21938	25988	28978	33644	13804	19624	21798	24435	26723	31772
0:22:17	30.0	5072	18187	21556	25399	28902	33678	13653	19259	21847	24509	26773	31594
0:22:24	30.0	5060	18475	21634	25774	28924	33618	13700	19622	21734	24457	26623	31956
0:22:31	30.1	5034	18389	21759	25608	29188	33805	13823	19566	21756	24584	26711	31682
0:22:38	30.0	5061	18346	21710	25559	28776	33592	13703	19767	21627	24558	26671	31852
0:22:45	30.0	5033	18319	21753	25670	29023	33430	13749	19613	21937	24434	26572	31787
0:22:52	30.0	5076	18254	21805	25416	29168	33731	13708	19639	21786	24653	26615	31882
0:22:59	30.0	5048	18303	21844	25760	29082	33651	13875	19668	21773	24446	26499	31832
0:23:06	30.0	5059	18337	21772	25710	28661	33350	13920	19482	21812	24720	26910	31591
0:23:13	30.0	5063	18295	21564	25569	28730	33298	13720	19580	21716	24424	26973	31609
0:23:20	30.0	5081	18507	21528	25542	29071	33663	13754	19546	21859	24405	26715	31619
0:23:27	30.0	5048	18204	21618	25667	28788	33885	13834	19457	21740	24493	26842	31638
0:23:34	30.0	5040	18415	21586	25543	28804	33196	13715	19472	21518	24707	26696	31648
0:23:41	30.0	5029	18303	21925	25381	29020	33729	13826	19620	21893	24641	26719	31404
0:23:48	30.0	5044	18084	21773	25518	28696	33694	13889	19416	21617	24337	26758	31970
0:23:55	30.0	5064	18165	21518	25387	28859	33229	13737	19450	21944	24464	26576	31630
0:24:02	30.0	5013	18326	21476	25537	29159	33466	13612	19684	22023	24579	26508	31368
0:24:09	30.0	5084	18096	21525	25572	28633	33260	13689	19503	21795	24702	26510	31602
0:24:16	30.0	5068	18370	21627	25523	28685	33577	13717	19277	22082	24529	26440	31483
0:24:23	30.0	5107	18322	21370	25411	28849	33562	13876	19395	21536	24604	26587	31750
0:24:30	30.0	5035	18422	21379	25158	28735	32938	13913	19656	21668	24477	26965	31707
0:24:37	30.1	5067	18166	21688	25331	28705	32870	13631	19686	21730	24517	26770	31658
0:24:44	30.1	4945	18182	21509	25580	28496	33392	13641	19517	21576	24343	26731	31420
0:24:51	30.1	5076	18192	21616	25281	28419	33293	13654	19439	21369	24628	26338	31486
0:24:58	30.1	5008	18157	21345	25402	28575	33581	13678	19520	21608	24191	26405	31598
0:25:05	30.1	5050	17846	21304	25442	28645	33441	13857	19523	21972	24368	26565	31337
0:25:12	30.1	4964	18019	21489	25360	28559	33090	13915	19731	21773	24131	26393	31562
0:25:19	30.1	4939	18045	21684	25359	28586	33019	13726	19496	21695	24397	26643	31784
0:25:26	30.1	5078	18114	21338	25349	28475	33310	13576	19544	21605	24364	26662	31468
0:25:33	30.1	4979	18027	21493	25152	28351	33231	13782	19642	21617	24437	26562	31715
0:25:40	30.1	5020	17957	21469	25369	28941	33218	13757	19651	21905	24468	26523	31479
0:25:47	30.1	5057	18000	21436	25414	28625	33214	13778	19508	21798	24268	26261	31602
0:25:54	30.1	4972	18138	21306	24981	28527	33127	13745	19597	21628	24164	26536	31139
0:26:01	30.0	5007	18066	21180	25099	28535	33046	13843	19608	21743	24219	26323	31431
0:26:08	30.1	5011	18098	21225	25310	28607	33124	13660	19530	21578	24283	26444	31495
0:26:15	30.1	4977	18037	21339	25258	28538	32937	13718	19802	21611	24572	26760	31666
0:26:22	30.1	4999	17964	21260	25243	28264	33042	13613	19635	21655	24421	26652	31306
0:26:29	30.1	4998	18260	21286	25121	28517	32973	13760	19873	21582	24297	26432	31352
0:26:36	30.1	5007	18096	21165	25148	28323	33098	13696	19716	21602	24392	26223	31315
0:26:43	30.1	5048	17894	21508	25312	28465	33331	13671	19620	21491	24162	26303	31070
0:26:50	30.1	4998	18145	21295	24971	28439	32898	13596	19736	21682	24155	26799	31681
0:26:57	30.1	5079	18253	21434	25109	28345	32782	13692	19652	21601	24291	26511	31417
0:27:04	30.1	5050	17893	21361	25148	28430	32782	13706	19795	21466	24151	26567	31361
0:27:11	30.1	4972	18233	21141	24869	28247	33075	13598	19693	21792	24239	26516	31343
0:27:18	30.1	5048	18097	21423	25197	28266	32854	13549	19629	21697	24234	26354	31482
0:27:25	30.1	4980	18076	21125	25095	28553	32718	13699	19545	21644	24213	26375	31280
0:27:32	30.0	5006	18080	21275	24647	28126	32725	13765	19696	21449	24288	26336	31139
0:27:39	30.0	5028	17897	21214	24829	28541	33015	13621	19455	21719	24260	26523	31201
0:27:46	30.1	4995	17932	21309	25060	28276	32797	13677	19605	21533	24272	26424	31249
0:27:53	30.1	5027	18071	21273	25000	28142	32674	13672	19748	21536	24282	26365	31260
0:28:00	30.1	5001	17931	21366	25022	28267	32566	13765	19563	21597	24158	26411	31354
0:28:07	30.1	5017	17946	21238	25141	28196	32617	13820	19715	21571	24307	25931	31177
0:28:14	30.0	5033	17953	21257	24961	28107	33190	13680	19783	21599	24314	26488	30997
0:28:21	30.1	5118	17974	21141	25123	27994	32680	13593	19540	21546	24372	26588	31716
0:28:28	30.1	4987	17788	21589	25099	28345	32655	13792	19733	21497	24139	26381	31282
0:28:35	30.1	5097	17986	21405	24976	28381	32825	13591	19788	21628	24031	26490	31114
0:28:42	30.1	5031	17902	21199	25012	28506	32913	13700	19697	21679	23973	26615	31283
0:28:49	30.1	4933	18092	21233	24992	28011	32435	13537	19712	21845	24308	25996	31148
0:28:56	30.1	5040	17916	21202	24792	28102	33095	13692	19628	21486	24344	26344	31127
0:29:03	30.0	5048	17726	21203	25159	28371	32545	13636	19485	21374	24401	26506	31111
0:29:10	30.1	5043	17886	21006	24811	28213	32520	13709	19821	21493	24399	26408	31176
0:29:17	30.0	4998	17884	21066	24885	28087	32392	13619	19502	21489	24230	26328	31060
0:29:24	30.1	4994	18020	21505	24865	28295	32593	13579	19658	21580	24406	26469	31352
0:29:31	30.1	5006	18079	20936	25251	28192	32359	13729	19538	21415	24067	26335	30879
0:29:38	30.1	5000	17846	21077	24736	27871	32581	13512	19632	21602	24164	26341	31212
0:29:45	30.1	5056	17952	20999	24993	28139	32700	13601	19888	21275	24263	26226	30984
0:29:52	30.0	4960	18019	21086	24936	28188	32460	13515	19672	21502	24271	26318	31267
0:29:59	30.0	4978	17860	20817	24734	27930	32641	13654	19497	21186	24153	26283	31006
0:30:06	30.1	5030	17903	20734	24829	28184	32654	13660	19544	21653	24131	26411	30964
0:30:13	30.1	4983	17685	20785	24932	28016	32384	13523	19589	21416	24093	26314	31392
0:30:20	30.1	4943	17843	21166	25109	28249	32966	13554	19644	21311	24048	26053	31062
0:30:27	30.1	5049	17697	21013	24919	28051	32389	13644	19648	21515	24058	26319	31125
0:30:34	30.1	4970	17978	20938	24727	27913	32476	13511	19548	21487	24090	26304	31176
0:30:41	30.1	4972	17848	20925	24624	28273	32665	13715	19786	21723	24029	26124	30682
0:30:48	30.0	4962	17795	21085	24630	28144	32414	13551	19428	21201	24068	26195	30915
0:30:55	30.1	5018	17777	20986	24544	27904	32708	13588	19976	21468	24174	26528	31086
0:31:02	30.1	4968	17841	21000	24834	28073	32695	13573	19448	21507	23940	26414	31181
0:31:09	30.1	4951	17821	21111	24745	27542	32964	13628	19542	21541	23982	26137	31048
0:31:16	30.1	4976	17692	21129	24698	28264	32166	13553	19659	21452	24102	26299	30989
0:31:23	30.1	4972	17711	21225	24888	28050	32578	13778	19503	21415	24264	26318	30755
0:31:30	30.1	4958	17836	20889	24732	27708	32538	13667	19723	21331	23959	26276	31016
0:31:37	30.1	5039	17769	20767	25007	28146	32433	13647	19628	21569	23837	26283	30892
0:31:44	30.1	4961	17916	20886	24807	27916	32315	13645	19674	21496	23999	25961	30589
0:31:51	30.1	4966	17634	21071	24550	28253	32295	13480	19778	21270	24153	26194	30724
0:31:58	30.1	4993	17899	20935	24958	27796	32275	13509	19596	21468	23894	26129	30966
0:32:05	30.1	4966	17962	21170	24622	27979	32395	13622	19511	21384	24009	26083	30736
0:32:12	30.1	4971	17685	20918	24854	28047	32205	13607	19574	21282	24145	26153	30963
0:32:19	30.1	4967	17617	20936	24743	27996	32447	13575	19539	21433	24010	26065	31199
0:32:26	30.1	5011	17635	21075	24812	27682	32347	13618	19445	21403	23917	26040	30783
0:32:33	30.1	4941	17589	20852	24762	28109	32384	13454	19752	21440	24140	26020	30739
0:32:40	30.1	4982	17671	21044	24852	28217	32345	13591	19685	21553	23919	26335	31167
0:32:47	30.1	4946	17681	21031	24840	27806	32031	13379	19397	21289	24204	25859	31175
0:32:54	30.1	4901	17689	21084	24550	27717	32299	13371	19532	21337	24045	25897	30819
0:33:01	30.1	5004	17773	20978	24612	27799	32270	13611	19448	21407	24080	25983	30745
0:33:08	30.1	4986	17710	20811	24701	27774	32115	13568	19504	21343	24098	26371	31090
0:33:15	30.1	4946	17710	20680	24653	27972	32339	13587	19562	21279	23932	26144	30918
0:33:22	30.1	4999	17717	20950	24421	27906	32389	13618	19638	21232	24050	26208	30924
0:33:29	30.1	5000	17777	20722	24557	27818	32302	13578	19327	21257	23912	26052	31156
0:33:36	30.1	4994	17795	21049	24683	27776	32003	13572	19544	21128	23869	26040	30689
0:33:43	30.1	5030	17635	20867	24594	27616	32034	13746	19564	21158	23813	26299	30993
0:33:50	30.1	4928	17517	21074	24632	27622	32128	13485	19598	21228	23830	25905	30881
0:33:57	30.1	5002	17585	20882	24564	28082	31954	13418	19618	21410	24247	26079	30791
0:34:04	30.1	4930	17647	20695	24624	27582	31921	13495	19489	21221	23951	25952	31018
0:34:11	30.1	4939	17480	20947	24639	27598	32064	13473	19538	21270	23919	25958	30885
0:34:18	30.1	4878	17592	20666	24482	27778	32181	13512	19568	21056	23865	25849	30699
0:34:25	30.1	4931	17613	20815	24761	27490	32047	13654	19403	21015	23842	25853	30463
0:34:32	30.1	4903	17304	20919	24581	27555	32089	13491	19291	21062	23661	26090	30606
0:34:39	30.1	4891	17529	20649	24405	27613	32026	13470	19607	21140	23872	26159	30609
0:34:46	30.1	4947	17473	20599	24350	27675	32015	13346	19503	21401	23585	26030	30780
0:34:53	30.1	5000	17562	20541	24344	27599	31739	13499	19340	21160	23655	26309	30875
0:35:00	30.1	4871	17288	20720	24333	27558	32256	13601	19300	21008	23900	26077	30632
0:35:07	30.1	4947	17420	20826	24320	27525	31957	13355	19602	21204	23677	26151	30995
0:35:14	30.1	4979	17559	20794	24332	27963	31688	13320	19374	21213	23757	26089	30790
0:35:21	30.1	4854	17466	20520	24361	27601	31861	13443	19380	21110	23881	25948	30650
0:35:28	30.1	4848	17586	20908	24495	27742	31827	13413	19423	21043	23666	26070	30588
0:35:35	30.1	4946	17327	20642	24369	27685	32003	13354	19409	21268	23601	25865	30529
0:35:42	30.1	4906	17542	20745	24308	27559	32303	13434	19348	21032	23654	26246	30684
0:35:49	30.1	4889	17381	20650	24346	27658	32178	13453	19333	21322	24037	26059	30572
0:35:56	30.1	4954	17418	20768	24639	27299	31805	13307	19446	21240	23636	25708	30409
0:36:03	30.1	4901	17557	20665	24328	27780	31832	13548	19347	21011	23653	25764	30339
0:36:10	30.1	4921	17653	20659	24392	27336	32015	13292	19236	21212	23773	25983	30692
0:36:17	30.1	4912	17512	20586	24438	27275	31993	13392	19399	21101	23897	25875	30435
0:36:24	30.1	4920	17503	20641	24312	27588	31640	13384	19480	21079	23659	25795	30585
0:36:31	30.1	4886	17545	20472	24381	27415	31797	13260	19252	21136	23860	25811	30677
0:36:38	30.1	4972	17470	20419	24272	27440	32081	13332	19213	21200	23903	25890	30365
0:36:45	30.1	4860	17436	20574	24426	27330	31629	13429	19290	21189	23564	25771	30411
0:36:52	30.1	4883	17328	20438	24288	27187	31649	13527	19340	21220	23732	25706	30375
0:36:59	30.1	4887	17530	20478	24305	27463	31558	13377	19456	20981	23658	25676	30349
0:37:06	30.1	4889	17306	20636	24034	27379	31593	13416	19377	20966	23654	25730	30598
0:37:13	30.1	4916	17596	20631	24351	27075	31807	13401	19169	21028	23739	25753	30728
0:37:20	30.1	4844	17555	20574	24426	27275	31836	13411	19431	21043	23551	25928	30392
0:37:27	30.1	4905	17472	20662	24248	27721	31604	13383	19208	21110	23620	25894	30590
0:37:34	30.1	4906	17507	20520	24294	27285	31521	13365	19169	20927	23502	25768	30549
0:37:41	30.1	4903	17486	20621	24433	27400	32082	13193	19425	20981	23596	26117	30481
0:37:48	30.1	4847	17329	20381	24073	27484	31741	13384	19170	21430	23545	25607	30368
0:37:55	30.1	4944	17405	20641	24224	27208	31545	13496	19125	21050	23591	25828	30653
0:38:02	30.1	4941	17198	20531	24080	27265	31684	13383	19336	20859	23885	25905	30474
0:38:09	30.1	4960	17380	20393	24340	27491	31538	13322	19308	20975	23712	25692	30444
0:38:16	30.1	4839	17310	20566	24188	27490	31406	13236	19320	21166	23566	25931	30529
0:38:23	30.1	4880	17385	20620	24299	27281	31598	13305	19274	20906	23466	25957	30502
0:38:30	30.1	4849	17282	20564	24456	27186	31479	13356	19176	21075	23540	25970	30443
0:38:37	30.1	4951	17372	20566	24049	27089	31487	13319	19062	20960	23563	25674	30379
0:38:44	30.1	4897	17341	20461	23958	27472	31698	13282	19128	20913	23552	25681	30421
0:38:51	30.1	4950	17429	20486	24292	27244	31786	13279	19044	21099	23660	25671	30333
0:38:58	30.1	4854	17384	20691	24195	27233	31517	13162	19132	21005	23673	25776	30502
0:39:05	30.1	4850	17327	20505	23816	27355	31880	13431	19196	20886	23607	25746	30438
0:39:12	30.1	4843	17363	20405	24258	27386	31635	13389	19116	21040	23711	25581	30715
0:39:19	30.1	4852	17403	20430	24103	27258	31596	13307	19345	21166	23628	25562	30353
0:39:26	30.1	4906	17376	20462	24135	27181	31403	13272	19086	21038	23421	25722	30166
0:39:33	30.1	4914	17223	20532	23889	26937	31484	13378	19200	21028	23570	25821	30308
0:39:40	30.1	4882	17268	20529	24143	27197	31413	13300	19296	20783	23513	25734	30516
0:39:47	30.1	4957	17391	20537	23948	26924	31528	13253	19168	21051	23652	25615	30200
0:39:54	30.1	4876	17392	20467	24152	27073	31397	13538	19258	20904	23548	25647	30334
0:40:01	30.1	4869	17402	20449	23909	27079	31571	13152	19145	20855	23393	25746	29930
0:40:08	30.1	4900	17353	20484	24109	27459	31413	13413	19128	20918	23507	25791	30564
0:40:15	30.1	4888	17305	20378	23920	27007	31724	13381	19227	21093	23526	25651	30202
0:40:22	30.1	4909	17110	20461	23763	27466	31665	13392	19107	21088	23814	25621	30220
0:40:29	30.1	4924	17208	20409	23980	26967	31255	13412	19265	20771	23499	25744	30342
0:40:36	30.1	4901	17359	20447	24286	27170	31349	13429	19321	20923	23449	25612	30258
0:40:43	30.1	4905	17042	20442	23981	27154	31621	13258	18979	20949	23543	25660	30379
0:40:50	30.1	4816	17145	20378	24103	26887	31554	13291	19207	21010	23471	25388	30076
0:40:57	30.1	4904	17199	20415	23906	27063	31311	13456	19282	21058	23425	25618	30389
0:41:04	30.1	4847	17150	20142	23933	26939	31319	13300	19116	20880	23521	25520	30074
0:41:11	30.1	4934	17177	20383	23851	27355	30995	13370	19112	21016	23480	25952	30301
0:41:18	30.1	4848	17178	20539	23965	26883	31387	13223	19188	20884	23545	25793	30117
0:41:25	30.1	4917	17208	20417	23968	27159	31320	13217	19180	20787	23380	25696	30117
0:41:32	30.1	4809	17318	20304	23924	27116	31424	13296	19093	20936	23525	25532	29996
0:41:39	30.1	4865	17375	20144	23810	26933	31963	13223	19096	20720	23617	25516	30058
0:41:46	30.1	4815	17433	20456	24055	27083	31463	13249	19042	21021	23732	25563	30395
0:41:53	30.1	4883	17247	20355	24004	26916	31257	13220	19278	20747	23263	25386	30218
0:42:00	30.1	4894	17378	20383	23951	27093	31228	13271	19032	20904	23605	25484	30110
0:42:07	30.1	4828	17215	20201	23899	26896	31201	13384	19198	20801	23412	25727	30464
0:42:14	30.1	4875	17396	20267	24031	27138	31266	13366	19208	20941	23432	25486	30428
0:42:21	30.1	4756	17313	20209	23984	26923	31109	13431	19023	20871	23419	25788	30406
0:42:28	30.1	4866	17118	20359	24061	27096	31304	13225	18993	20688	23302	25762	30073
0:42:35	30.1	4817	17415	20095	24163	27189	31540	13332	19230	20856	23411	25457	30252
0:42:42	30.1	4890	17056	20447	23969	27091	31308	13288	19128	21032	23483	25506	30172
0:42:49	30.1	4792	17234	20331	23904	27316	31035	13259	19253	20913	23216	25522	30131
0:42:56	30.1	4916	17111	20263	23978	26935	31067	13348	18879	20872	23654	25584	30007
0:43:03	30.1	4868	17133	20266	23743	27096	31182	13343	19122	20891	23454	25617	30017
0:43:10	30.1	4842	17243	20186	23914	27046	31550	13228	19170	20996	23391	25532	29953
0:43:17	30.1	4835	17419	20259	23996	26748	31460	13286	19077	20936	23538	25416	30032
0:43:24	30.1	4792	17287	20414	23953	26718	31173	13177	19163	20774	23503	25799	30365
0:43:31	30.1	4867	17235	20249	24182	26940	31098	13181	18794	20841	23585	25539	29958
0:43:38	30.1	4851	17084	20147	23772	27002	31186	13208	19232	20896	23467	25768	30041
0:43:45	30.1	4871	17217	20090	23972	26807	31268	13338	19010	20954	23122	25323	30265
0:43:52	30.1	4745	17196	20297	24032	27042	31142	13349	19158	20813	23458	25518	29884
0:43:59	30.1	4808	17194	20595	24028	26882	31135	13120	19146	20989	23382	25903	30191
0:44:06	30.1	4833	17294	20174	23823	27087	31183	13241	19099	20613	23553	25775	30196
0:44:13	30.1	4829	17128	20117	23967	27153	31234	13326	19072	20785	23581	25408	30061
0:44:20	30.1	4853	17274	20227	23969	26849	30995	13333	19054	20939	23435	25657	30064
0:44:27	30.1	4843	17220	20432	23947	26970	31165	13227	19002	20954	23422	25627	29881
0:44:34	30.1	4837	17151	20112	23772	27141	31159	13239	19196	20882	23274	25729	30118
0:44:41	30.1	4826	17055	20112	23900	26951	31419	13164	19042	20902	23484	25224	30107
0:44:48	30.1	4897	17081	20218	23885	26722	31224	13145	19094	20742	23322	25279	30112
0:44:55	30.1	4817	17187	20160	24018	26790	30845	13185	18989	21027	23228	25626	30051
0:45:02	30.1	4808	16997	20072	23844	26965	31659	13265	19123	20684	23201	25318	30203
0:45:09	30.1	4884	17008	19995	23996	26951	31046	13267	19054	20862	23091	25163	30014
0:45:16	30.1	4851	17289	20255	23924	26788	30999	13190	19099	20906	23255	25461	29899
0:45:23	30.1	4858	17144	20320	23984	26852	31412	13172	19033	21018	23382	25824	29936
0:45:30	30.1	4803	17119	20254	24035	26804	31021	13122	18951	20786	23297	25410	30489
0:45:37	30.1	4834	17149	20262	23770	27095	30981	13162	19063	20589	23148	25529	30147
0:45:44	30.1	4872	17061	20250	23643	26823	31054	13199	19191	20982	23255	25626	30106
0:45:51	30.1	4828	17143	20159	23895	26891	31297	13116	19096	20779	23514	25464	30081
0:45:58	30.1	4786	17105	20144	23855	26785	31124	13118	18840	21023	23382	25457	29973
0:46:05	30.1	4892	17022	20066	23964	26720	31133	13264	19088	20721	23233	25526	30133
0:46:12	30.1	4803	16968	20095	23889	26821	31286	13117	18999	20723	23408	25637	30151
0:46:19	30.1	4860	17162	20336	23745	26815	31330	13137	19026	20709	23276	25473	30043
0:46:26	30.1	4798	17139	19993	23648	26856	31130	13266	18969	20717	23412	25675	30107
0:46:33	30.1	4897	17014	20174	23809	27079	31182	13359	19031	20989	23331	25459	29985
0:46:40	30.1	4828	17187	20146	23947	27055	31284	13151	18965	20609	23292	25251	29902
0:46:47	30.1	4825	17058	19987	23779	26860	30964	13305	18974	20857	23284	25679	29951
0:46:54	30.1	4828	17055	20452	23600	26767	30994	13268	19101	20814	23359	25256	30131
0:47:01	30.1	4845	17270	20153	23851	26727	31380	13264	19087	20742	23283	25568	29898
0:47:08	30.1	4873	17082	20250	23919	26850	31010	13092	18975	20923	23271	25404	30124
0:47:15	30.1	4794	17172	19920	23946	26972	31032	13273	19072	20483	23205	25265	29666
0:47:22	30.1	4812	17160	20353	23912	26746	30955	13148	19054	20856	23277	25248	30162
0:47:29	30.1	4858	17055	20146	23786	27032	31262	13195	18938	20587	23292	25452	29808
0:47:36	30.1	4831	17149	20210	23638	26739	30934	13318	19198	20809	23089	25473	29891
0:47:43	30.1	4811	16929	20139	23906	26719	31158	13202	19136	20883	23196	25433	29600
0:47:50	30.1	4810	17096	20280	23697	26906	31027	13179	18994	20733	23381	25065	29832
0:47:57	30.1	4841	16987	20343	23844	26886	31065	13250	19139	20605	23189	25483	30084
0:48:04	30.1	4910	17260	20000	23840	26762	31060	13257	18758	20711	23469	25359	30025
0:48:11	30.1	4819	17101	20032	23807	27027	30897	13049	18984	20809	23320	25249	29910
0:48:18	30.1	4807	17000	20056	23555	26734	30977	13077	19024	20652	23444	25561	29992
0:48:25	30.1	4799	16917	20115	23600	26900	31121	13172	18860	20657	23389	25356	30031
0:48:32	30.1	4821	17114	20275	23906	26742	30868	13139	18823	20811	23331	25505	29894
0:48:39	30.1	4795	17136	20284	23823	26919	30740	13151	19081	20702	23542	25463	29840
0:48:46	30.1	4775	17079	19976	23646	26891	30919	13183	18980	20872	23105	25604	30033
0:48:53	30.1	4810	17085	20096	23681	26631	30849	13065	18843	20684	23294	25449	29958
0:49:00	30.1	4807	17106	20187	23600	26909	31087	13109	18945	20730	23214	25402	29904
0:49:07	30.1	4880	17040	20065	23734	26809	30825	13179	18690	20880	23321	25733	29820
0:49:14	30.1	4866	17080	20127	23470	27048	31114	13068	18969	20676	23311	25298	29895
0:49:21	30.1	4825	17100	20096	23754	26741	30952	13000	19011	20804	23116	25318	29816
0:49:28	30.1	4723	17038	20177	23748	26728	30873	13108	19102	20778	23527	25374	29777
0:49:35	30.1	4789	17165	19973	23743	26760	30737	13330	18983	20649	23026	25044	30110
0:49:42	30.1	4800	17200	20093	23761	27111	30977	13142	18904	20668	23098	25466	29749
0:49:49	30.1	4799	16987	19929	23666	26925	30643	13241	18906	20721	23213	25430	30071
0:49:56	30.1	4847	17151	20009	23358	26853	31138	13276	19059	20897	23470	25040	30047
0:50:03	30.1	4863	17034	19991	23712	26594	30651	13115	18885	20725	23538	25557	29834
0:50:10	30.1	4848	17118	19913	23813	26570	31040	13067	19049	20939	23347	25165	29883
0:50:17	30.1	4781	17014	20075	23657	26486	30674	13145	18916	20613	23200	25451	29681
0:50:24	30.1	4815	17150	20091	23650	26666	30718	13130	18942	20726	23070	25364	30016
0:50:31	30.1	4813	17190	19958	23715	26983	30613	13295	18763	20599	23476	25371	29628
0:50:38	30.1	4743	17071	20229	23564	26849	30929	13041	18896	20728	23376	25363	29803
0:50:45	30.1	4763	16817	19893	23560	26864	30710	13123	19019	20729	23288	25265	29791
0:50:52	30.1	4871	17021	20123	23571	26484	30848	12908	19070	20656	23220	25434	29943
0:50:59	30.1	4765	17187	19971	23599	26699	31015	13220	18931	20673	23332	25164	29880
0:51:06	30.1	4827	17006	19890	23712	26594	30700	13004	18875	20897	22971	25361	30143
0:51:13	30.1	4824	17099	20077	23596	26462	30875	13090	19014	20626	23131	25436	29732
0:51:20	30.1	4786	16883	20095	23666	26705	30700	13075	18964	20745	23309	25327	29921
0:51:27	30.1	4812	17024	20059	23450	26632	30919	13084	18844	20737	23105	25284	29578
0:51:34	30.1	4871	17238	20241	23692	26800	30742	13050	18987	20474	23236	25574	29863
0:51:41	30.1	4768	17077	20111	23623	26707	30743	13076	18770	20565	23316	25387	29913
0:51:48	30.1	4742	17023	19969	23717	26729	30875	13209	18798	20641	23388	25302	30085
0:51:55	30.1	4851	16961	20027	23849	26817	30974	13124	18781	20659	23270	25046	29969
0:52:02	30.1	4786	16914	19753	23582	26718	30863	13140	18740	20748	23302	25169	29732
0:52:09	30.1	4788	16985	20311	23827	26912	30834	13092	18820	20873	23170	25242	30142
0:52:16	30.1	4815	17259	20175	23597	26702	30986	13153	18884	20687	23243	25194	29687
0:52:23	30.1	4707	16843	19966	23610	26662	30667	12953	18797	20514	23201	25096	29944
0:52:30	30.1	4772	17016	19979	23606	26759	30788	13309	18959	20661	23272	25379	29836
0:52:37	30.1	4791	16900	20075	23709	26687	30993	13119	18937	20443	23355	25350	29768
0:52:44	30.1	4800	16928	20089	23617	26792	30699	13028	19008	20561	23306	25315	29704
0:52:51	30.1	4792	16979	19917	23570	26668	30609	13196	18933	20546	23100	25296	30214
0:52:58	30.1	4801	16963	19886	23507	26468	30775	13097	18888	20766	23259	25321	29623
0:53:05	30.1	4791	16973	20083	23597	26805	30727	13085	18805	20604	23250	25234	29673
0:53:12	30.1	4804	17031	19860	23533	26447	31103	12983	18863	20668	23134	24992	29866
0:53:19	30.1	4777	16730	20044	23309	26488	31035	13105	18989	20530	23224	25186	29551
0:53:26	30.1	4779	17092	19968	23552	26697	31062	12970	18883	20713	23239	25343	29886
0:53:33	30.1	4862	16906	19916	23313	26661	30873	13083	19025	20527	23130	25241	29503
0:53:40	30.1	4862	16971	20197	23719	26678	30574	12982	18734	20684	23273	25129	29868
0:53:47	30.1	4775	17041	19773	23712	26660	30611	13035	18746	20607	23167	25376	29550
0:53:54	30.1	4809	16876	20017	23844	26544	30545	13091	18787	20583	23177	25208	29772
0:54:01	30.1	4736	17016	20032	23678	26727	30604	13026	18943	20446	23200	24977	29830
0:54:08	30.1	4754	16917	19935	23407	26800	30606	13092	18774	20494	23113	25025	29722
0:54:15	30.1	4764	16958	20022	23520	26347	30964	13155	18766	20493	23367	25033	29556
0:54:22	30.1	4813	16699	19915	23598	26465	31048	13036	19019	20523	23129	25252	29628
0:54:29	30.1	4844	17016	19825	23331	26574	30760	12989	18714	20632	23005	25109	30034
0:54:36	30.0	4674	16892	19908	23660	26387	30489	13214	18814	20739	22941	25068	29460
0:54:43	30.1	4796	17004	19973	23308	26592	30545	13106	18867	20505	23187	25061	29632
0:54:50	30.1	4887	16969	19924	23637	26525	30729	13197	18820	20648	23140	25048	29447
0:54:57	30.1	4808	17003	20110	23641	26524	30643	13142	18848	20620	23330	25053	29865
0:55:04	30.1	4746	16927	19816	23620	26589	30557	13042	19078	20663	23008	25207	29594
0:55:11	30.0	4837	16774	19838	23831	26472	30562	13225	18680	20611	22909	25065	29607
0:55:18	30.1	4822	16904	19997	23591	26519	30789	13059	18789	20615	23078	25151	29703
0:55:25	30.1	4799	16890	20149	23299	26463	30522	13155	18867	20684	23213	25121	29575
0:55:32	30.1	4819	17087	19938	23825	26353	30781	13065	18594	20597	23081	25110	29550
0:55:39	30.1	4714	16932	19901	23364	26375	30354	13133	18886	20481	23100	25260	29345
0:55:46	30.1	4825	16739	19768	23428	26418	30608	12986	18641	20413	22886	25076	29726
0:55:53	30.0	4775	17013	20009	23431	26523	30705	13150	18660	20469	23108	25203	29692
0:56:00	30.1	4791	16833	19760	23449	26227	30660	13049	18817	20470	22996	25379	29660
0:56:07	30.0	4743	16930	19846	23225	26420	30503	12921	18990	20549	23015	25038	29727
0:56:14	30.1	4771	16994	20014	23474	26257	30705	13000	18889	20415	23013	25191	29627
0:56:21	30.1	4854	16738	19693	23677	26475	30676	13097	18757	20424	23176	25244	29670
0:56:28	30.1	4773	16827	19819	23605	26604	30670	13027	18726	20534	22953	25157	29674
0:56:35	30.1	4784	16897	19831	23514	26625	30695	12951	18980	20414	23140	25125	29573
0:56:42	30.1	4764	16905	19926	23663	26484	30633	12997	19012	20386	23093	25285	29526
0:56:49	30.1	4741	17031	20030	23612	26484	30478	12995	18945	20472	23162	25297	29780
0:56:56	30.0	4772	16869	20033	23456	26243	30675	13081	18754	20666	23124	25321	29526
0:57:03	30.1	4741	16851	19837	23482	26307	30873	12920	18807	20438	23073	25285	29798
0:57:10	30.1	4848	16779	19668	23550	26154	30504	13000	18718	20405	23170	25273	29552
0:57:17	30.1	4780	16948	19953	23391	26231	30597	13048	18805	20518	23012	25113	29691
0:57:24	30.0	4705	16877	19900	23320	26527	30714	13105	18767	20389	23044	25153	29574
0:57:31	30.1	4773	16758	19859	23297	26459	30592	12902	18934	20397	22946	25165	29599
0:57:38	30.0	4781	17001	19872	23276	26322	30283	13084	18728	20477	22858	25150	29396
0:57:45	30.1	4729	16865	20041	23272	26255	30575	13046	18714	20547	23009	24895	29390
0:57:52	30.1	4734	16910	19956	23146	26379	30450	13010	18898	20529	22975	24948	29696
0:57:59	30.1	4814	17047	19806	23342	26546	30821	13051	18731	20378	22997	24821	29636
0:58:06	30.1	4738	16801	19756	23433	26606	30572	13079	18729	20593	23135	24967	29644
0:58:13	30.1	4776	16729	19782	23409	26303	30656	12952	18797	20361	23102	25147	29702
0:58:20	30.1	4787	16973	19792	23426	26418	30492	12852	18657	20521	22902	25094	29641
0:58:27	30.1	4767	16759	19904	23553	26550	30557	13045	18757	20293	23286	25129	29566
0:58:34	30.1	4746	16989	19775	23410	26464	30518	12904	18759	20585	22968	24793	29608
0:58:41	30.1	4735	16883	19943	23362	26231	30321	13029	18677	20293	22752	25083	29922
0:58:48	30.1	4753	16843	19848	23487	26046	30735	13001	18701	20464	23106	25128	29643
0:58:55	30.1	4762	16759	19803	23509	26552	30380	12932	18646	20301	23131	25107	29380
0:59:02	30.1	4808	16839	19770	23192	26346	30632	13057	18816	20438	22963	25211	29490
0:59:09	30.0	4740	16736	19804	23354	26269	30840	12867	18832	20511	23071	25065	29568
0:59:16	30.1	4821	16913	19644	23493	26331	30752	13014	18795	20600	22902	24981	29455
0:59:23	30.1	4782	16815	19813	23179	26386	30577	13237	18675	20407	23071	25221	29545
0:59:30	30.1	4786	17025	19855	23421	26452	30500	13047	18823	20360	22845	25173	29321
0:59:37	30.1	4756	16793	19935	23304	26427	30596	12991	18719	20617	23010	24839	29481
0:59:44	30.0	4771	16704	19897	23605	26346	30671	13204	18831	20679	23226	25215	29526
0:59:51	30.1	4773	16638	19802	23218	26369	30706	13066	18722	20487	22823	24931	29615
0:59:58	30.0	4794	16767	19798	23433	26609	30308	13127	18736	20373	22832	24996	29413
1:00:05	30.1	4749	16626	19880	23326	26396	30475	12952	18652	20499	23005	24914	29718
1:00:12	30.1	4804	16913	19681	23111	26589	30345	13015	18718	20629	22818	25107	29562
1:00:19	30.1	4811	16884	19952	23446	26287	30496	12998	18698	20643	23179	24886	29357
1:00:26	30.1	4776	16834	19798	23406	26446	30205	13082	18739	20606	22751	24871	29597
1:00:33	30.0	4810	16934	19770	23545	26411	30528	12987	18736	20361	23010	24870	29454
1:00:40	30.1	4800	17129	19778	23660	26447	30410	12927	18768	20264	22828	25198	29648
1:00:47	30.0	4763	16868	19808	23603	26373	30868	12900	18783	20333	22960	24996	29566
1:00:54	30.1	4792	16718	19641	23456	26178	30631	12941	18622	20328	22767	25058	29521
1:01:01	30.1	4762	16817	19807	23305	26333	30249	13019	18770	20414	23118	25127	29386
1:01:08	30.1	4796	16938	19806	23499	26306	30397	12986	18647	20436	22800	25132	29638
1:01:15	30.1	4763	16601	19768	23243	26422	30488	13065	18695	20558	23067	25043	29399
1:01:22	30.1	4782	16885	19883	23598	26455	30544	12921	18893	20394	23005	24835	29612
1:01:29	30.1	4794	16699	19554	23440	26220	30713	13088	18733	20481	23019	24654	29640
1:01:36	30.0	4721	16876	19992	23283	26325	30267	12862	18728	20489	22928	24863	29530
1:01:43	30.1	4811	16834	19802	23070	26244	30483	12940	18631	20589	22967	24709	29320
1:01:50	30.1	4724	16792	19891	23225	26596	30075	13007	18554	20351	22858	24857	29333
1:01:57	30.1	4780	16675	19833	23259	26552	30283	12873	18786	20543	22857	24898	29434
1:02:04	30.0	4789	16673	19783	23460	26032	30236	12833	18696	20538	22929	24958	29512
1:02:11	30.1	4745	16633	19901	23244	26088	30282	12955	18732	20389	23094	24942	29478
1:02:18	30.0	4709	16749	19729	23621	26429	30373	13018	18834	20473	23056	24849	29237
1:02:25	30.1	4779	16771	19752	23304	26496	30505	12784	18656	20432	22953	24937	29294
1:02:32	30.1	4783	16826	19824	23271	26336	30664	12871	18622	20370	22609	24867	29379
1:02:39	30.1	4740	16922	19744	23327	26117	30524	12999	18813	20401	22861	25032	29313
1:02:46	30.0	4754	16691	19646	23288	26108	30737	12966	18563	20446	22720	25007	29582
1:02:53	30.1	4810	16953	19843	23101	26141	30525	12954	18845	20180	22934	25000	29334
1:03:00	30.1	4678	16661	19731	23255	26499	30420	12921	18626	20321	22869	24780	29495
1:03:07	30.0	4744	16767	19818	23358	26344	30332	12803	18744	20267	22933	24681	29422
1:03:14	30.1	4799	16651	19653	23294	26472	30570	12924	18773	20548	23003	24816	29616
1:03:21	30.1	4800	16743	19745	23283	26404	30788	12947	18626	20450	22876	24899	29280
1:03:28	30.1	4734	16795	19795	23275	26512	30450	12994	18711	20236	22924	24527	29478
1:03:35	30.0	4799	16689	19700	23236	26263	30217	13043	18578	20513	22832	24965	29451
1:03:42	30.1	4791	16917	19683	23196	26402	30595	12839	18824	20419	22983	24812	29335
1:03:49	30.1	4819	16680	19879	23222	26371	30492	12998	18677	20396	22889	24634	29460
1:03:56	30.1	4704	16723	19811	23198	25950	30625	12851	18614	20545	23074	24420	29441
1:04:03	30.1	4699	16616	19680	23173	26306	30466	12995	18642	20527	23123	24694	29373
1:04:10	30.1	4761	16672	19584	23130	26144	30005	12905	18617	20430	22832	24837	29181
1:04:17	30.0	4728	16472	20023	23215	26130	30089	12939	18565	20321	22728	25012	29262
1:04:24	30.1	4769	16646	19800	23165	26247	30515	13043	18740	20356	22926	24762	29447
1:04:31	30.1	4811	16865	19571	23263	26087	30159	12875	18792	20344	22676	24971	29201
1:04:38	30.1	4673	16491	19700	23314	26137	30529	12871	18684	20381	22883	25106	29176
1:04:45	30.1	4688	16506	19832	23185	26068	30383	12875	18706	20415	23044	25023	29077
1:04:52	30.1	4765	16689	19507	22901	26140	30512	12786	18814	20372	23044	24956	29284
1:04:59	30.1	4783	16847	19730	23254	26095	29841	12936	18857	20534	22750	25120	29267
1:05:06	30.1	4674	16788	19597	23145	26257	30212	12995	18824	20334	22852	24838	29592
1:05:13	30.1	4765	16721	19633	23467	26220	30185	12953	18800	20243	22728	24880	29571
1:05:20	30.0	4719	16732	19707	23134	26431	30435	12777	18564	20573	22727	24713	29454
1:05:27	30.1	4726	16842	19580	23209	26185	30073	13025	18755	20398	22818	24857	29470
1:05:34	30.1	4715	16804	19738	23504	26100	30367	12817	18628	20320	22731	24811	29407
1:05:41	30.1	4840	16768	19551	22983	26142	30323	13037	18922	20324	22845	24627	29251
1:05:48	30.0	4711	16759	19733	23467	26325	30309	12921	18859	20393	22819	24646	29349
1:05:55	30.1	4757	16629	19695	23047	26081	29979	13019	18716	20267	22805	24776	29213
1:06:02	30.1	4731	16743	19849	23408	26576	30358	12995	18642	20370	22930	24949	29183
1:06:09	30.1	4708	16692	19683	23061	26058	30497	12835	18477	20304	23062	24697	29421
1:06:16	30.1	4785	16720	19738	23388	26240	30101	12879	18456	20310	22820	24783	29265
1:06:23	30.1	4704	16934	19683	23377	26239	30182	12905	18512	20301	22511	24778	29525
1:06:30	30.0	4760	16679	19631	23233	26194	30151	12827	18528	20353	22923	24614	29511
1:06:37	30.0	4673	16521	19794	23292	26382	30321	12716	18566	20284	22805	24555	29258
1:06:44	30.1	4783	16714	19805	23067	25969	30179	12902	18692	20198	22918	24797	29032
1:06:51	30.1	4715	16652	19780	23163	26305	29995	12996	18796	20439	23088	24685	29170
1:06:58	30.1	4805	16823	19486	23201	26097	29808	12935	18678	20362	23040	24723	29084
1:07:05	30.1	4697	16662	19623	23274	26252	30174	12954	18706	19981	22856	24808	29090
1:07:12	30.1	4680	16577	19756	23162	26159	30161	12800	18527	20319	22802	24895	29088
1:07:19	30.0	4679	16614	19612	23313	26144	30229	12917	18562	20354	22761	24893	29218
1:07:26	30.0	4764	16782	19654	23661	26274	30081	12845	18742	20147	22745	24870	29099
1:07:33	30.1	4728	16677	19690	23194	26097	30320	12858	18616	20299	22791	24705	29136
1:07:40	30.0	4719	16555	19604	23312	26213	30322	12833	18612	20295	22762	24661	29318
1:07:47	30.1	4730	16578	19648	22916	26057	30300	13039	18509	20285	22904	24979	29259
1:07:54	30.1	4695	16562	19554	23255	25962	30159	12893	18577	20325	22875	24655	29179
1:08:01	30.0	4754	16810	19529	22988	26305	30179	13074	18642	20175	22804	25001	29250
1:08:08	30.1	4660	16774	19799	23309	26047	29859	12850	18570	20492	22661	24735	29161
1:08:15	30.1	4692	16765	19467	23096	26124	30164	12776	18718	20217	22787	24952	29563
1:08:22	30.1	4751	16650	19493	23202	26118	30248	12970	18672	20178	22581	24927	28913
1:08:29	30.1	4792	16739	19708	23252	26285	30438	12967	18753	20232	22877	24554	29193
1:08:36	30.1	4729	16641	19571	23031	25991	30362	13007	18494	20470	22931	24750	29316
1:08:43	30.1	4658	16676	19466	23193	26455	30179	12910	18544	20132	22743	24607	29429
1:08:50	30.1	4628	16655	19777	23144	25976	30472	12977	18659	20355	23026	24951	29273
1:08:57	30.0	4784	16587	19472	23150	26038	30330	12910	18449	20622	23111	24739	29203
1:09:04	30.1	4706	16815	19641	23207	26280	29679	12922	18512	20456	22908	24683	28943
1:09:11	30.1	4648	16516	19703	23105	25923	30261	12953	18523	20071	22669	24869	29277
1:09:18	30.1	4678	16634	19503	23026	26208	30189	12717	18855	20345	22628	24871	29226
1:09:25	30.1	4686	16501	19713	23129	26156	30161	12801	18833	20156	22963	24706	29257
1:09:32	30.1	4728	16818	19533	23251	26268	30192	12840	18609	20454	22778	24561	29225
1:09:39	30.0	4755	16691	19555	23157	26335	29886	12833	18531	20290	22669	24779	29042
1:09:46	30.0	4725	16466	19691	22934	25899	30086	12725	18498	20088	22509	24805	29078
1:09:53	30.1	4739	16731	19476	23165	25919	30300	12836	18460	20061	22823	24450	29273
1:10:00	30.1	4707	16682	19516	23275	26089	29925	12971	18584	20352	22741	24895	29254
1:10:07	30.1	4630	16650	19711	23088	26229	30050	12795	18329	20390	22873	24640	29252
1:10:14	30.1	4743	16532	19528	22947	26140	30169	12917	18502	20310	22621	24598	29228
1:10:21	30.0	4717	16831	19461	23259	26223	30001	12971	18410	20237	22741	24628	29230
1:10:28	30.1	4644	16630	19573	23172	26346	29789	12806	18566	20252	22622	24599	29208
1:10:35	30.1	4731	16745	19512	23636	26130	30155	12815	18651	20285	22752	24663	29086
1:10:42	30.0	4755	16719	19653	22755	25923	30196	12827	18640	20242	23054	25024	29252
1:10:49	30.1	4681	16373	19597	23107	26011	29775	12851	18581	20233	22758	24705	29134
1:10:56	30.1	4723	16592	19784	23187	26247	29870	12757	18410	20097	22812	24637	29198
1:11:03	30.1	4687	16601	19577	23174	25980	30000	12828	18681	20193	22828	24813	29054
1:11:10	30.0	4746	16465	19435	23180	26134	30012	13076	18660	20287	22828	24461	29050
1:11:17	30.0	4746	16638	19674	23410	25895	30033	12882	18472	20261	22770	24825	29350
1:11:24	30.1	4725	16680	19647	23227	26065	30182	12974	18488	20089	22795	24758	29174
1:11:31	30.1	4696	16744	19795	23193	26157	29955	12684	18611	20443	22843	24556	28995
1:11:38	30.1	4744	16660	19354	23360	26232	29909	12943	18231	20144	22732	24688	29096
1:11:45	30.0	4710	16456	19546	23169	26100	29955	12849	18629	20212	22660	24671	28957
1:11:52	30.1	4692	16683	19432	23307	25940	30032	12907	18598	20356	22657	24742	29217
1:11:59	30.0	4702	16628	19607	23293	26084	30056	12783	18373	20187	22702	24655	29268
1:12:06	30.1	4622	16444	19545	22946	25982	30209	12961	18633	20005	22540	24694	29151
1:12:13	30.1	4685	16517	19377	23018	26150	30190	13043	18664	20145	22586	24825	28982
1:12:20	30.0	4643	16661	19534	23124	26030	30334	12852	18585	20339	22863	24524	28933
1:12:27	30.1	4751	16632	19578	23047	26103	29932	12850	18606	20164	22822	24590	29104
1:12:34	30.1	4676	16551	19425	23145	26115	29794	12901	18525	20243	22800	24493	28914
1:12:41	30.0	4667	16664	19774	23276	26064	29968	12875	18496	20211	22446	24695	28864
1:12:48	30.1	4751	16707	19423	23031	26081	30110	12931	18529	20301	22664	24743	29144
1:12:55	30.1	4655	16640	19421	23131	26055	29997	12897	18313	19989	22444	24855	29017
1:13:02	30.1	4652	16494	19438	23041	26259	29980	12919	18478	20062	22844	24552	29014
1:13:09	30.1	4723	16746	19427	23058	26181	29922	12821	18541	20283	22720	24835	29025
1:13:16	30.1	4725	16571	19389	23125	26144	30028	12804	18650	19904	22621	24761	29542
1:13:23	30.1	4717	16496	19450	23031	26098	30170	12711	18517	20172	22683	24818	29139
1:13:30	30.0	4666	16737	19467	23070	26243	29983	12852	18592	20102	22664	24897	29196
1:13:37	30.1	4700	16713	19578	22826	25928	30363	12876	18399	20165	22842	24719	29043
1:13:44	30.1	4725	16584	19562	23212	26034	30263	12826	18337	20212	22629	24783	29057
1:13:51	30.1	4717	16661	19410	23204	26045	29969	12898	18483	20263	22779	24793	29277
1:13:58	30.1	4734	16811	19442	23270	25933	30093	12838	18564	20203	22923	25062	28893
1:14:05	30.0	4713	16583	19620	23065	25881	30207	12846	18517	20225	22787	24541	29234
1:14:12	30.1	4705	16583	19499	23089	25926	29853	12946	18457	20027	22623	24664	28974
1:14:19	30.1	4770	16750	19310	23093	26061	29996	12728	18735	20383	22604	24468	28946
1:14:26	30.1	4676	16642	19586	22749	26238	30109	12772	18542	20234	22690	24770	29155
1:14:33	30.1	4674	16515	19622	23118	26267	30104	12813	18662	20254	22659	24632	29281
1:14:40	30.0	4674	16786	19539	23162	26220	30208	12859	18651	20167	22801	24721	29204
1:14:47	30.1	4661	16431	19560	23180	26104	30062	12884	18592	20302	22797	24730	28958
1:14:54	30.1	4645	16668	19406	22922	26176	30018	12850	18548	20307	22527	24664	29073
1:15:01	30.1	4652	16448	19534	23324	26079	29965	12929	18426	20231	22820	24543	29270
1:15:08	30.0	4772	16706	19414	23292	26283	30250	12938	18472	20221	22364	24614	29177
1:15:15	30.0	4733	16581	19450	22898	25914	29888	12800	18604	20333	22667	24694	29429
1:15:22	30.0	4712	16582	19601	23148	25941	29986	12820	18504	20203	22543	24538	28975
1:15:29	30.1	4700	16518	19453	22841	26027	30211	12963	18419	20319	22748	24484	29281
1:15:36	30.0	4722	16727	19343	22851	26144	29838	12742	18517	20229	22648	24614	29310
1:15:43	30.1	4721	16752	19505	23238	26039	30159	12729	18381	20025	22821	24847	29086
1:15:50	30.1	4708	16688	19477	23182	25972	30059	12884	18487	20325	22736	24589	29201
1:15:57	30.1	4678	16611	19745	23017	25753	29968	12785	18224	20228	22665	24524	28913
1:16:04	30.1	4717	16513	19531	23235	25993	30046	12856	18430	20166	22776	24784	28860
1:16:11	30.1	4663	16386	19450	23514	26164	30064	12895	18619	20137	22628	24648	28963
1:16:18	30.1	4715	16702	19706	22779	26186	30152	12829	18370	20158	22374	24570	28989
1:16:25	30.0	4704	16461	19324	23274	25824	29886	12802	18280	20004	22938	24632	28934
1:16:32	30.1	4743	16614	19463	22750	26211	30137	12843	18451	20277	22758	24712	29070
1:16:39	30.0	4687	16643	19694	23025	26124	30125	12767	18593	20247	22685	24482	29108
1:16:46	30.1	4709	16588	19419	23205	25822	30158	12631	18461	20023	22609	24482	29212
1:16:53	30.1	4667	16709	19802	22951	26019	30081	12781	18521	20390	22563	24573	29029
1:17:00	30.0	4715	16577	19506	23154	26071	29844	12835	18648	20003	22584	24772	28812
1:17:07	30.1	4688	16451	19501	23210	25993	29921	12861	18554	20116	22662	24144	29057
1:17:14	30.1	4651	16514	19925	22705	25850	29776	12610	18592	20220	22494	25101	28966
1:17:21	30.0	4729	16631	19490	23460	25963	30148	12879	18513	20174	22737	24668	29088
1:17:28	30.0	4705	16500	19533	23037	26260	30084	12861	18435	20220	22655	24517	28854
1:17:35	30.1	4686	16414	19671	23036	25882	29800	12778	18529	20096	22499	24558	28823
1:17:42	30.1	4718	16737	19557	23226	25787	29880	12912	18582	20135	22665	24825	28665
1:17:49	30.0	4708	16582	19340	22931	26032	30221	12969	18513	20066	22331	24520	29157
1:17:56	30.1	4681	16602	19478	22971	25901	29975	12879	18538	20137	22494	24650	29099
1:18:03	30.1	4694	16428	19378	23032	25975	30072	12759	18355	20106	22533	24855	28913
1:18:10	30.0	4656	16529	19444	23306	25819	30212	12825	18567	20377	22590	24743	28730
1:18:17	30.1	4698	16422	19488	23010	25721	29895	12789	18373	20135	22604	24637	29275
1:18:24	30.1	4722	16608	19323	23205	25904	29932	12894	18590	20266	22734	24610	29009
1:18:31	30.0	4696	16418	19248	23214	25950	30041	12815	18612	20174	22522	24536	28835
1:18:38	30.1	4674	16436	19747	23028	25661	29925	12773	18538	20251	22659	24452	28770
1:18:45	30.1	4700	16644	19653	22915	25833	30020	12956	18339	20236	22564	24701	28917
1:18:52	30.0	4654	16712	19451	23242	26075	30292	13070	18586	20151	22557	24623	28649
1:18:59	30.1	4690	16696	19627	22973	25928	29936	12908	18381	20013	22733	24673	28850
1:19:06	30.1	4715	16604	19447	22952	26063	29746	12956	18578	20335	22571	24544	28831
1:19:13	30.1	4712	16301	19299	22872	26005	29980	12772	18518	20105	22719	24576	29005
1:19:20	30.0	4692	16502	19590	23019	25899	30223	12821	18457	20078	22547	24708	29032
1:19:27	30.1	4767	16493	19495	23124	25621	29870	12879	18489	20450	22478	24623	28621
1:19:34	30.1	4683	16624	19332	23018	25826	29845	12860	18322	20163	22813	24801	29051
1:19:41	30.1	4670	16634	19466	22592	25840	30016	12874	18479	19971	22508	24508	29083
1:19:48	30.1	4696	16465	19282	22962	26147	29886	12899	18296	20116	22526	24576	28756
1:19:55	30.1	4707	16504	19455	22989	26039	29885	12903	18615	20290	22571	24340	29254
1:20:02	30.1	4698	16440	19433	23056	25863	29873	12820	18438	20054	22589	24501	29176
1:20:09	30.1	4588	16399	19696	22720	25933	29889	12860	18368	20182	22655	24488	29003
1:20:16	30.1	4706	16580	19359	23067	26016	29836	12757	18599	20019	22770	24593	28932
1:20:23	30.0	4714	16356	19360	22855	26043	30179	12803	18376	20250	22472	24765	28962
1:20:30	30.1	4731	16560	19420	22894	25913	29822	12708	18395	19924	22520	24586	28944
1:20:37	30.1	4628	16399	19376	23116	25926	29823	12890	18353	20122	22298	24826	29095
1:20:44	30.1	4706	16512	19260	22910	25857	30014	12763	18344	20203	22449	24563	28968
1:20:51	30.0	4678	16540	19396	23015	25976	29890	12739	18482	19988	22565	24627	28957
1:20:58	30.1	4695	16500	19521	23052	25790	29935	12777	18427	20171	22396	24486	29011
1:21:05	30.1	4653	16535	19535	22939	25806	29828	12854	18444	19999	22516	24750	28955
1:21:12	30.0	4665	16465	19354	23176	26076	29877	12580	18385	20235	22489	24721	29092
1:21:19	30.1	4645	16513	19153	23139	25853	29904	12708	18249	19958	22600	24660	28791
1:21:26	30.1	4622	16345	19349	23163	25871	30030	12758	18546	19837	22512	24549	28652
1:21:33	30.1	4557	16680	19491	22939	25725	29580	12782	18458	20123	22589	24463	28889
1:21:40	30.1	4646	16500	19281	22851	25832	29702	12690	18469	20200	22389	24417	28947
1:21:47	30.1	4744	16423	19433	22813	25932	29822	12827	18487	20140	22583	24815	28703
1:21:54	30.1	4680	16307	19501	22805	26069	29828	12736	18516	19883	22651	24515	28857
1:22:01	30.0	4734	16486	19535	23289	26006	30011	12852	18667	20141	22667	24382	28943
1:22:08	30.1	4683	16208	19526	22845	26001	29886	12598	18485	20053	22288	24438	28865
1:22:15	30.0	4736	16479	19111	23317	25735	29793	12958	18409	19963	22498	24416	29093
1:22:22	30.0	4719	16476	19416	23080	25825	29847	12753	18440	20050	22361	24193	29015
1:22:29	30.1	4735	16405	19305	22979	25782	29785	12585	18564	20071	22306	24470	28850
1:22:36	30.1	4637	16451	19685	22886	25935	30027	12758	18462	20070	22386	24458	28774
1:22:43	30.1	4655	16541	19234	22947	25852	29764	12812	18347	19897	22621	24517	28893
1:22:50	30.0	4656	16691	19456	23110	25765	29731	12654	18344	20325	22559	24398	28666
1:22:57	30.1	4663	16510	19354	23279	25955	29643	12728	18628	20031	22338	24443	28891
1:23:04	30.1	4622	16412	19290	22857	25935	29878	12816	18311	19907	22436	24550	28720
1:23:11	30.1	4670	16409	19318	22916	26053	29745	12739	18451	20105	22565	24473	28966
1:23:18	30.1	4620	16338	19237	22753	25730	29838	12652	18243	19917	22411	24346	28606
1:23:25	30.1	4628	16388	19302	23097	26070	30034	12780	18322	20147	22620	24491	28893
1:23:32	30.1	4678	16504	19554	22980	25784	30072	12646	18272	19884	22478	24821	28957
1:23:39	30.0	4668	16511	19394	22897	25835	30001	12791	18448	20112	22452	24496	28886
1:23:46	30.0	4708	16337	19406	23004	25750	29985	12651	18226	20009	22547	24508	28619
1:23:53	30.0	4661	16277	19273	22504	25462	29635	12699	18170	19842	22423	24452	28813
1:24:00	30.1	4637	16537	19362	23136	25942	29885	12666	18291	19982	22161	24516	28705
1:24:07	30.1	4655	16454	19192	22977	25722	29665	12631	18454	20215	22398	24547	29010
1:24:14	30.1	4688	16385	19440	22800	25842	29697	12797	18427	20032	22391	24458	28711
1:24:21	30.1	4777	16531	19234	22994	26116	29587	12636	18356	19873	22617	24416	28880
1:24:28	30.1	4614	16270	19352	22476	25768	29636	12596	18372	20041	22398	24546	28969
1:24:35	30.1	4626	16481	19346	22859	25585	29786	12789	18405	20116	22580	24299	28826
1:24:42	30.1	4622	16336	19309	22873	25977	29819	12738	18307	20175	22359	24502	28798
1:24:49	30.1	4690	16519	19310	22803	25671	29646	12658	18418	19856	22535	24398	28719
1:24:56	30.1	4687	16362	19253	22900	25595	29818	12679	18258	19761	22215	24329	28746
1:25:03	30.1	4702	16310	19167	22695	25656	29787	12863	18186	20085	22561	24479	28666
1:25:10	30.1	4708	16300	19379	23013	25732	29701	12653	18401	20053	22445	24305	28518
1:25:17	30.1	4606	16513	19310	23066	25543	29761	12871	18244	19904	22472	24359	28699
1:25:24	30.1	4704	16232	19226	22708	25983	29502	12690	18308	19811	22301	24264	28645
1:25:31	30.1	4694	16217	19413	22528	25917	29566	12731	18233	20147	22454	24600	28480
1:25:38	30.1	4712	16371	19266	22790	25874	29609	12705	18296	19869	22396	24313	28571
1:25:45	30.1	4644	16331	19459	22697	25584	29635	12631	18346	19870	22272	24168	28498
1:25:52	30.1	4694	16408	19280	22857	25847	29479	12665	18187	19977	22271	24535	28626
1:25:59	30.1	4640	16282	19299	22823	25627	29448	12634	18250	19937	22375	24270	28628
1:26:06	30.1	4701	16318	19191	22733	25891	29796	12523	18619	20020	22187	24405	28587
1:26:13	30.1	4647	16325	19291	22905	25773	29752	12698	18220	19803	22239	24464	28546
1:26:20	30.1	4647	16179	19257	22750	25441	29692	12698	18265	19969	22277	24386	28856
1:26:27	30.1	4630	16314	19326	22898	25722	29681	12623	18396	19749	22445	24404	28643
1:26:34	30.1	4592	16255	19333	22808	25576	29569	12803	18112	19881	22437	24400	28440
1:26:41	30.1	4709	16428	19089	22940	25591	29425	12508	18537	19995	22394	24332	28566
1:26:48	30.1	4629	16145	19309	22856	25693	29536	12507	18297	19868	22161	23986	28636
1:26:55	30.1	4674	16167	19135	22630	25674	29792	12698	18085	20033	22468	24228	28695
1:27:02	30.1	4686	16342	19218	22866	25992	29594	12679	18463	19804	22305	24366	28745
1:27:09	30.1	4597	16260	19295	22840	25726	29724	12685	18217	19996	22275	24402	28554
1:27:16	30.1	4583	16379	19227	22750	25636	29417	12843	18292	19806	22436	24336	28514
1:27:23	30.1	4638	16250	19214	22783	25855	29280	12770	18340	19796	22434	24179	28622
1:27:30	30.1	4617	16338	19255	22671	25473	29472	12695	18072	20054	22240	24333	28441
1:27:37	30.1	4701	16122	19344	22826	25628	29909	12635	18277	19840	22486	24344	28556
1:27:44	30.1	4586	16237	19215	22640	26071	29608	12727	18271	19923	22388	24209	28440
1:27:51	30.1	4619	16294	19258	22596	25727	29570	12808	18263	20042	22479	24313	28724
1:27:58	30.1	4597	16318	19188	22601	25524	29438	12669	18144	19905	22317	24493	28484
1:28:05	30.1	4626	16264	19334	22847	25746	29303	12580	18137	19907	22238	24293	29100
1:28:12	30.1	4653	16249	19100	22813	25344	29336	12603	18178	19920	22362	24242	28414
1:28:19	30.1	4623	16397	19094	22752	25516	29794	12714	18405	19970	22188	24095	28666
1:28:26	30.1	4605	16180	19137	22563	25683	29612	12491	18231	20159	22477	24119	28368
1:28:33	30.1	4614	16273	19310	22871	25700	29455	12710	18354	19920	22448	24160	28526
1:28:40	30.1	4596	16332	19266	22677	25578	29665	12578	18187	19834	22141	24324	28566
1:28:47	30.1	4647	16166	19292	22563	25400	29583	12620	18151	19825	22353	24157	28540
1:28:54	30.1	4578	16228	19085	22665	25775	29532	12898	18338	19880	22305	24116	28446
1:29:01	30.1	4648	16358	19212	22719	25555	29464	12547	18374	19806	22275	24214	28531
1:29:08	30.1	4642	16364	19032	22584	25862	29243	12689	18076	19874	22187	24070	28722
1:29:15	30.1	4571	16388	19346	22578	25510	29322	12698	18339	19809	22204	24300	28531
1:29:22	30.1	4628	16304	19233	22766	25790	29434	12574	18225	19863	22189	24411	28452
1:29:29	30.1	4687	16362	19054	22543	25659	29474	12565	18243	19895	22188	24306	28653
1:29:36	30.1	4636	16296	19324	22560	25363	29470	12499	18291	19845	22122	24241	28542
1:29:43	30.1	4592	16245	19129	22701	25522	29344	12618	18517	19770	22240	24201	28540
1:29:50	30.1	4617	16285	18932	22702	25464	29539	12517	18464	20006	22070	24030	28457
1:29:57	30.1	4616	16323	18960	22815	25332	29535	12518	18276	19810	22053	24238	28494
1:30:04	30.1	4614	16105	19290	22725	25206	29812	12597	18186	19899	22230	24077	28679
1:30:11	30.1	4531	16087	19175	22493	25650	29438	12616	18206	19672	22177	23917	28195
1:30:18	30.1	4576	16364	19078	22684	25269	29366	12644	18258	19667	22279	24001	28381
1:30:25	30.1	4611	16264	19166	22660	25416	29555	12554	18119	19855	22079	24140	28387
1:30:32	30.1	4698	16085	19139	22564	25304	29228	12618	18354	19636	22234	24234	28446
1:30:39	30.1	4591	16110	19078	22550	25408	29499	12634	18038	19880	22158	24229	28611
1:30:46	30.1	4546	16320	19239	22433	25612	29243	12577	18174	19884	22095	24078	28327
1:30:53	30.1	4616	16080	19263	22705	25459	29600	12656	18159	19788	22284	24042	28566
1:31:00	30.1	4618	16193	19269	22753	25408	29344	12549	18222	19854	22109	24114	28388
1:31:07	30.1	4637	16312	19235	22423	25198	29257	12518	17932	19738	22293	24140	28343
1:31:14	30.1	4627	16175	19169	22391	25349	29337	12442	17972	19698	22147	23977	28416
1:31:21	30.1	4589	16296	19080	22351	25426	29400	12554	18377	19757	21840	24046	28619
1:31:28	30.1	4568	16277	19074	22856	25715	29559	12551	18089	19963	22240	23855	28550
1:31:35	30.1	4619	16251	19245	22809	25592	29333	12668	18236	19873	22308	24137	28522
1:31:42	30.1	4616	16279	19096	22672	25461	29215	12653	18281	19719	22054	23988	28472
1:31:49	30.1	4639	16226	19046	22610	25252	29537	12456	18128	19760	21957	24072	28577
1:31:56	30.1	4625	16374	19271	22446	25564	29540	12518	18339	19742	22208	24058	28260
1:32:03	30.1	4584	16232	19133	22356	25753	29451	12589	18145	19679	22377	24026	28377
1:32:10	30.1	4570	16248	19068	22444	25467	29239	12677	17961	19948	21898	24044	28409
1:32:17	30.1	4588	16184	19040	22449	25380	29296	12502	18145	19895	22100	24358	28398
1:32:24	30.1	4558	16091	19006	22451	25253	29271	12436	18276	20039	22138	24131	28583
1:32:31	30.1	4566	16042	18986	22703	25422	29078	12541	18263	19715	22099	24089	28375
1:32:38	30.1	4544	16235	19046	22737	25542	29184	12696	18154	19888	22054	24031	28089
1:32:45	30.1	4485	16158	18931	22397	25365	29267	12560	17952	19630	22214	24113	28609
1:32:52	30.1	4623	16319	18996	22519	25442	29316	12584	18348	19659	22006	24258	28465
1:32:59	30.1	4700	15947	19092	22494	25514	29453	12495	18315	19650	22097	24029	28623
1:33:06	30.1	4626	16150	18957	22646	25170	29552	12646	18145	19783	22144	24105	28352
1:33:13	30.1	4579	16102	19029	22650	25613	29326	12631	18231	19683	21898	24052	28673
1:33:20	30.1	4659	16043	19115	22557	25137	29280	12488	18024	19605	22140	24147	28329
1:33:27	30.1	4487	16088	19022	22480	25331	29009	12409	17972	19866	22176	24044	28201
1:33:34	30.1	4677	16048	19036	22403	25428	29093	12704	18132	19628	21908	24080	28201
1:33:41	30.1	4570	16097	19092	22429	25379	28931	12584	18286	19834	22104	23908	28265
1:33:48	30.1	4594	16194	18773	22454	25355	29312	12702	18308	19436	21994	23949	28365
1:33:55	30.1	4701	15966	19116	22306	25003	28928	12530	17985	19770	21945	23755	28525
1:34:02	30.1	4572	16079	18959	22378	25296	29339	12550	17983	19576	21975	23903	28135
1:34:09	30.1	4602	16185	18937	22458	25113	29108	12442	18096	19732	21921	23917	28145
1:34:16	30.1	4667	16070	19049	22457	25340	29437	12512	18040	19765	22004	23717	28025
1:34:23	30.1	4558	16066	18781	22567	25203	29055	12497	18100	19484	22039	23984	27979
1:34:30	30.1	4565	16061	18994	22312	25416	28813	12556	17924	19592	21915	24144	28444
1:34:37	30.1	4568	16041	18851	22236	25311	29695	12447	17978	19565	21987	24155	28096
1:34:44	30.1	4594	16033	18922	22373	25228	28984	12570	18010	19465	22065	24114	28286
1:34:51	30.1	4557	16151	18938	22158	25286	28922	12439	18050	19577	21989	23916	28253
1:34:58	30.1	4596	16288	18966	22422	25373	29251	12405	17866	19765	22027	23757	28068
1:35:05	30.1	4577	15990	18890	22508	25322	28692	12478	17999	19647	21813	24000	27993
1:35:12	30.1	4564	16033	18919	22497	25196	29132	12569	17714	19721	21992	23799	28194
1:35:19	30.1	4537	15928	18875	22599	25412	28894	12401	17823	19596	22007	24060	27948
1:35:26	30.1	4636	15901	18896	22460	25315	29191	12394	18108	19676	22031	24019	28325
1:35:33	30.1	4597	15927	18869	22286	25163	29192	12482	17961	19277	21963	23813	28326
1:35:40	30.1	4595	16110	18677	22321	25560	28854	12377	18149	19513	21957	23586	27828
1:35:47	30.1	4558	16074	18869	22216	25111	28815	12515	17862	19702	21892	23807	28151
1:35:54	30.1	4550	15963	18682	22543	25220	28971	12462	18026	19466	22078	23641	28180
1:36:01	30.1	4530	16003	18731	22509	25313	28789	12401	17835	19590	22203	23946	27894
1:36:08	30.1	4562	15968	18878	22304	25256	29034	12472	17930	19650	21983	23867	28202
1:36:15	30.1	4524	15937	18896	22388	25209	29108	12414	17857	19617	21820	23971	28158
1:36:22	30.1	4531	15976	18843	22362	25027	28822	12424	17908	19522	21933	23771	28033
1:36:29	30.1	4500	16094	18755	22373	25142	28800	12473	18083	19604	21927	23669	27821
1:36:36	30.1	4513	15750	18861	22249	25152	29068	12490	18013	19437	21996	23655	27984
1:36:43	30.1	4517	16078	18809	22227	25130	29049	12431	18079	19557	21843	23877	27734
1:36:50	30.1	4539	16042	18944	22439	25073	28754	12377	17898	19507	21741	23624	27829
1:36:57	30.1	4469	15843	18780	22514	24999	28872	12419	17807	19636	21958	23813	27801
1:37:04	30.1	4564	15986	18886	22165	24693	28795	12500	17867	19334	21746	23714	28075
1:37:11	30.1	4536	15695	18817	22059	25067	28687	12309	18001	19659	21737	23728	28100
1:37:18	30.1	4480	15993	18967	22357	25231	28874	12433	17748	19292	21817	23615	27921
1:37:25	30.1	4500	15994	18927	22275	25130	29145	12568	17672	19584	21675	23699	28003
1:37:32	30.1	4456	15709	18557	22063	25156	28803	12261	17771	19313	21928	23613	28146
1:37:39	30.1	4576	15759	18769	22388	25050	28860	12346	17751	19268	22058	23562	28013
1:37:46	30.1	4520	15731	18813	22269	25140	28922	12378	18028	19429	21931	23999	28150
1:37:53	30.1	4595	15909	18752	22304	24996	28594	12468	17839	19475	21782	23667	27841
1:38:00	30.1	4570	15798	18676	22098	25158	28959	12320	17977	19534	21533	23877	27905
1:38:07	30.1	4504	16005	18554	21992	24957	28915	12363	17772	19417	21785	23785	28007
1:38:14	30.1	4550	15978	18790	22147	25105	28949	12352	17822	19474	21782	23810	27782
1:38:21	30.1	4516	15686	18811	22113	25211	28969	12269	17893	19430	21776	23642	28038
1:38:28	30.1	4535	15879	18680	22354	24860	28918	12310	17864	19335	21505	23461	27707
1:38:35	30.1	4621	15845	18734	22045	25042	28797	12434	17830	19548	21860	23667	27845
1:38:42	30.1	4475	15933	18719	22165	25141	28858	12239	17944	19351	21859	23714	27913
1:38:49	30.1	4535	15841	18748	22252	24767	28839	12451	17665	19474	21859	23699	28058
1:38:56	30.1	4473	15872	18744	21901	25208	28764	12348	17816	19185	21700	23641	27703
1:39:03	30.1	4556	15685	18642	22073	25086	28851	12356	17997	19444	21728	23524	27881
1:39:10	30.1	4510	15964	18763	21962	24963	28899	12311	17736	19195	21600	23784	28071
1:39:17	30.1	4478	15843	18725	22248	24970	28679	12352	18056	19486	21901	23825	27846
1:39:24	30.1	4622	15844	18645	22073	25063	28532	12432	17862	19490	21760	23626	27931
1:39:31	30.1	4506	15770	18547	22048	24745	28772	12310	17713	19386	21885	23552	27917
1:39:38	30.1	4546	15775	18569	22292	24828	28835	12362	18158	19270	21871	23731	27543
1:39:45	30.1	4489	15793	18771	22183	25090	28978	12416	17797	19379	21850	23716	27782
1:39:52	30.1	4519	15796	18584	22255	24903	28987	12392	17735	19617	21929	23993	28020
1:39:59	30.1	4531	15909	18652	21953	24831	28731	12369	17957	19308	21723	23681	27835
1:40:06	30.1	4535	15833	18682	22071	25014	28863	12223	17759	19278	21687	23870	27608
1:40:13	30.1	4527	15815	18607	22388	25041	29095	12516	17715	19185	21800	23590	27613
1:40:20	30.1	4540	15783	18806	22183	24964	28538	12321	17808	19556	21661	23780	28096
1:40:27	30.1	4536	15857	18719	21891	24923	28964	12396	17859	19312	21639	23620	27978
1:40:34	30.1	4524	15912	18544	22426	25122	28682	12311	17743	19445	21868	23507	27724
1:40:41	30.1	4456	15888	18615	22155	25097	28650	12426	17694	19225	21609	23726	27746
1:40:48	30.1	4509	15840	18807	22126	25085	28543	12333	17781	19270	21492	23450	27692
1:40:55	30.1	4484	15863	18529	22140	25245	28627	12302	17811	19270	21532	23725	27846
1:41:02	30.1	4498	15739	18803	22097	24720	28610	12398	17775	19241	21562	23631	27681
1:41:09	30.1	4502	16006	18860	22022	24909	28727	12284	17805	19313	21738	23763	27921
1:41:16	30.1	4516	15795	18821	21889	25013	28816	12350	17815	19343	21762	23460	27699
1:41:23	30.1	4554	15830	18521	21999	24785	28883	12365	17869	19226	21609	23633	27579
1:41:30	30.1	4456	15757	18684	22067	24859	28869	12358	17762	19429	21710	23637	27833
1:41:37	30.1	4557	15781	18522	21902	24797	28663	12404	17777	19392	21461	23718	27618
1:41:44	30.1	4560	15918	18471	22134	24894	28811	12291	17983	19345	21783	23747	27766
1:41:51	30.1	4483	15835	18500	22251	24851	28651	12378	17883	19254	21643	23582	27533
1:41:58	30.1	4516	15827	18721	21982	25117	28744	12280	17860	19146	21702	23443	27900
1:42:05	30.1	4480	15740	18612	21907	24900	28902	12341	17697	19265	21687	23614	27753
1:42:12	30.1	4479	15767	18719	22251	25051	28686	12421	17752	19359	21851	23580	27867
1:42:19	30.1	4531	15838	18685	22323	25199	28525	12197	17807	19221	21524	23648	27815
1:42:26	30.1	4479	15787	18411	21930	24995	28458	12362	17769	19345	21711	23850	27717
1:42:33	30.1	4517	15670	18418	22165	24870	28751	12271	17679	19230	21514	23417	27825
1:42:40	30.1	4475	15667	18555	22143	24936	28565	12242	17824	19325	21533	23470	27504
1:42:47	30.1	4505	15815	18647	22061	24859	28609	12442	17640	19253	21590	23337	27822
1:42:54	30.1	4590	15663	18374	22054	24810	28447	12427	17827	19333	21502	23570	27636
1:43:01	30.1	4533	15631	18551	21840	24904	28721	12297	17625	19454	21824	23666	27545
1:43:08	30.1	4427	15741	18466	22074	24938	28416	12288	17778	19349	21639	23537	27705
1:43:15	30.1	4548	15822	18510	22045	24770	28609	12462	17636	19149	21631	23580	27668
1:43:22	30.1	4498	15902	18563	22142	24737	28544	12059	17454	19322	21589	23637	27686
1:43:29	30.1	4517	15603	18823	22115	24777	28762	12185	17672	19183	21419	23484	27611
1:43:36	30.1	4565	15706	18684	21938	24794	28481	12245	17729	19239	21530	23542	27587
1:43:43	30.1	4503	15756	18513	21992	24674	28556	12235	17568	19417	21655	23597	27430
1:43:50	30.1	4521	15723	18570	21976	24802	28830	12270	17619	19301	21605	23522	27532
1:43:57	30.1	4430	15643	18726	21930	24634	28788	12230	17789	19229	21572	23448	27775
1:44:04	30.1	4521	15961	18303	22270	24610	28655	12173	17597	19181	21686	23394	27923
1:44:11	30.1	4532	15603	18387	21900	24795	28789	12290	17805	19210	21702	23386	27693
1:44:18	30.1	4463	15853	18545	22144	24877	28492	12176	17746	19424	21644	23634	27720
1:44:25	30.1	4551	15642	18634	21926	24830	28573	12131	17904	19271	21556	23565	27401
1:44:32	30.1	4466	15869	18432	22190	24773	28727	12245	17797	19296	21686	23606	27864
1:44:39	30.1	4453	15754	18332	21857	24754	28833	12315	17672	19122	21694	23411	27614
1:44:46	30.1	4451	15695	18725	21838	24962	28332	12267	17542	19279	21599	23683	27544
1:44:53	30.1	4438	15759	18569	22144	24838	28538	12121	17673	19276	21602	23568	27737
1:45:00	30.1	4487	15757	18387	22169	24856	28314	12188	17602	19371	21381	23260	27840
1:45:07	30.1	4466	15712	18491	21840	24760	28402	12330	17606	18973	21453	23364	27395
1:45:14	30.1	4468	15866	18431	22044	25065	28421	12306	17679	19165	21410	23714	27638
1:45:21	30.1	4464	15625	18433	21705	24855	28693	12158	17586	19347	21527	23394	27687
1:45:28	30.1	4567	15637	18727	21824	24813	28332	12080	17451	19163	21402	23232	27631
1:45:35	30.1	4475	15733	18419	21957	24813	28200	12259	17536	19094	21432	23572	27697
1:45:42	30.1	4570	15729	18441	21866	24906	28557	12318	17842	19279	21297	23566	27724
1:45:49	30.1	4462	15622	18584	21821	24852	28753	12242	17675	19130	21408	23574	27731
1:45:56	30.1	4510	15625	18388	21811	24919	28647	12247	17684	19169	21573	23516	27506
1:46:03	30.1	4503	15727	18497	21784	24847	28222	12218	17688	19204	21483	23678	27840
1:46:10	30.1	4487	15646	18368	22089	24696	28727	12156	17622	19322	21584	23561	27505
1:46:17	30.1	4471	15647	18510	21970	24596	28790	12242	17718	19291	21768	23382	27924
1:46:24	30.1	4516	15479	18361	21869	24613	28570	12196	17583	19274	21511	23128	27623
1:46:31	30.1	4481	15767	18395	21951	24830	28587	12168	17605	19341	21419	23477	27499
1:46:38	30.1	4389	15727	18597	21962	24841	28625	12281	17751	19141	21353	23672	27490
1:46:45	30.1	4455	15628	18475	21851	24618	28635	12301	17619	19186	21701	23411	27727
1:46:52	30.1	4484	15669	18472	21963	24591	28565	12113	17616	19228	21551	23364	27619
1:46:59	30.1	4486	15628	18387	22006	24965	28377	12292	17659	19130	21627	23406	27431
1:47:06	30.1	4474	15743	18493	22041	24808	28383	12108	17616	19217	21614	23447	27596
1:47:13	30.1	4416	15730	18442	21773	24891	28522	12258	17757	19278	21563	23298	27657
1:47:20	30.1	4496	15625	18385	21960	24521	28654	12261	17716	19169	21685	23466	27573
1:47:27	30.1	4542	15590	18401	21776	24707	28493	12240	17456	19055	21349	23320	27559
1:47:34	30.1	4419	15686	18510	21915	24700	28189	12123	17656	19136	21516	23725	27417
1:47:41	30.1	4478	15801	18489	22163	24807	28128	12241	17646	19199	21522	23389	27481
1:47:48	30.1	4545	15741	18646	21978	24661	28271	12235	17774	19285	21328	23435	27583
1:47:55	30.1	4440	15679	18366	21873	24678	28470	12191	17461	19341	21660	23373	27419
1:48:02	30.1	4540	15777	18444	21826	24730	28289	12121	17579	19300	21526	23396	27468
1:48:09	30.1	4476	15640	18437	21819	24796	28140	12225	17791	19188	21353	23403	27313
1:48:16	30.1	4435	15643	18460	22101	24698	28303	12238	17489	19058	21469	23229	27511
1:48:23	30.1	4384	15514	18596	21864	24589	28413	12213	17695	18994	21555	23402	27619
1:48:30	30.1	4426	15543	18491	21920	24718	28641	12236	17619	19059	21242	23187	27534
1:48:37	30.1	4463	15785	18622	21846	24795	28309	12236	17575	19201	21736	23310	27401
1:48:44	30.1	4481	15631	18433	21980	24762	28160	12207	17605	19135	21326	23306	27319
1:48:51	30.1	4482	15803	18662	21880	24576	28318	12326	17706	19120	21375	23271	27265
1:48:58	30.1	4485	15630	18498	21838	24656	28457	12265	17544	19217	21412	23411	27473
1:49:05	30.1	4474	15479	18317	21948	24760	28340	12252	17512	19000	21358	23454	27562
1:49:12	30.1	4476	15613	18472	21677	24568	28415	12384	17521	19155	21682	23236	27593
1:49:19	30.1	4497	15547	18426	21797	24527	28344	12243	17627	19175	21427	23469	27571
1:49:26	30.1	4446	15640	18327	22075	24790	28445	12139	17659	19155	21472	23308	27678
1:49:33	30.1	4416	15561	18516	21728	24863	28201	12165	17669	19330	21565	23508	27422
1:49:40	30.1	4494	15609	18393	21939	24704	28292	12241	17885	19036	21329	23425	27583
1:49:47	30.1	4457	15671	18431	21848	24692	28275	12230	17876	19019	21357	23340	27381
1:49:54	30.1	4404	15656	18323	21696	24945	28271	12243	17536	19084	21240	23217	27423
1:50:01	30.1	4500	15663	18261	21906	24884	28332	12134	17581	19003	21609	23240	27620
1:50:08	30.1	4451	15704	18348	21977	24780	28360	12039	17561	18970	21482	23501	27413
1:50:15	30.1	4423	15711	18350	21688	24570	28019	12100	17443	19199	21413	23433	27554
1:50:22	30.1	4494	15590	18263	21854	24831	28131	12224	17494	19245	21450	23227	27327
1:50:29	30.1	4451	15371	18666	21810	24689	28674	12176	17735	19033	21040	23460	27388
1:50:36	30.1	4503	15706	18392	21812	24572	28359	12277	17550	19010	21730	23445	27226
1:50:43	30.1	4412	15591	18457	21847	24622	28281	12262	17632	19086	21317	23175	27261
1:50:50	30.1	4388	15634	18430	21941	24689	28438	12124	17695	18927	21435	23499	27368
1:50:57	30.1	4532	15575	18340	22058	24573	28317	12311	17557	19084	21510	23199	27480
1:51:04	30.1	4516	15701	18243	22288	24605	28295	12233	17494	19077	21308	23385	27270
1:51:11	30.1	4512	15693	18371	21697	24763	28268	12183	17388	19001	21578	23272	27352
1:51:18	30.1	4437	15572	18561	21803	24298	28333	12174	17462	18920	21457	23084	27339
1:51:25	30.1	4547	15716	18434	21828	24902	28528	12193	17679	19123	21434	23199	27403
1:51:32	30.1	4432	15696	18617	21738	24412	28126	12175	17723	18808	21365	23422	27266
1:51:39	30.1	4384	15617	18587	21815	24740	28284	12218	17539	18977	21533	23423	27310
1:51:46	30.1	4523	15541	18410	21765	24621	28268	12191	17621	18994	21472	23395	27582
1:51:53	30.1	4477	15565	18297	21743	24803	28210	12290	17564	19093	21372	23091	27463
1:52:00	30.1	4414	15768	18575	21823	24501	28210	12259	17562	19055	21428	23203	27241
1:52:07	30.1	4496	15538	18417	21557	24543	28504	12089	17567	19264	21514	23164	27370
1:52:14	30.1	4419	15477	18382	22007	24653	28293	12080	17727	19066	21431	23336	27223
1:52:21	30.1	4383	15613	18191	21804	24408	28321	12141	17772	19037	21470	23154	27347
1:52:28	30.1	4424	15493	18353	21492	24824	28129	12034	17626	19009	21345	23181	27478
1:52:35	30.1	4411	15657	18442	21929	24570	28351	12149	17314	18914	21058	23031	27339
1:52:42	30.1	4428	15520	18391	21526	24616	28262	12104	17538	18994	21421	23204	27366
1:52:49	30.1	4445	15397	18271	21490	24629	28282	12024	17643	18916	21478	23105	27505
1:52:56	30.1	4398	15422	18141	21977	24938	28131	12140	17560	19064	21340	23327	27306
1:53:03	30.0	4378	15625	18482	21833	24292	28052	12126	17477	18990	21211	23352	27288
1:53:10	30.1	4414	15448	18279	21839	24422	28101	12170	17500	18932	21272	23457	27402
1:53:17	30.1	4433	15632	18396	21618	24679	28350	12068	17509	18888	21183	23259	27314
1:53:24	30.1	4457	15359	18009	21837	24575	28222	12010	17532	19163	21236	23423	27582
1:53:31	30.0	4413	15335	18356	21713	24725	28108	12222	17484	19065	21342	23064	27456
1:53:38	30.1	4455	15648	18260	21666	24714	28375	12158	17452	19076	21267	23382	27555
1:53:45	30.1	4449	15560	18291	21641	24409	28314	12089	17428	18961	21244	23185	27222
1:53:52	30.0	4442	15508	18495	21664	24362	28192	12072	17401	19011	21353	23229	27261
1:53:59	30.1	4471	15569	18229	21812	24553	28258	12161	17533	19125	21165	23257	27261
1:54:06	30.1	4411	15501	18283	21786	24553	28005	12024	17385	19003	21242	23380	27549
1:54:13	30.1	4437	15468	18188	21688	24283	28430	12120	17444	19026	21312	23132	27351
1:54:20	30.1	4446	15502	18192	21528	24424	28226	12035	17526	19051	21221	23236	27294
1:54:27	30.1	4428	15668	18400	21875	24573	27927	12117	17487	18976	21135	23280	27531
1:54:34	30.1	4432	15473	18141	21623	24384	28015	12080	17574	19048	21307	23260	27390
1:54:41	30.0	4462	15680	18257	21798	24534	27995	12098	17500	19079	21079	23088	27194
1:54:48	30.1	4448	15580	18345	21648	24471	28495	12168	17504	18928	21387	23318	27415
1:54:55	30.1	4444	15447	18254	21598	24428	28226	12042	17512	19103	21225	22992	27289
1:55:02	30.0	4457	15421	18356	21577	24529	28450	12170	17507	19015	21136	23126	27328
1:55:09	30.1	4468	15455	18253	21729	24414	28013	12202	17220	19011	21153	23247	27206
1:55:16	30.1	4378	15482	18437	21666	24267	28336	12027	17496	19005	21153	23412	27296
1:55:23	30.1	4477	15451	18289	21684	24394	28273	12278	17489	18850	21534	23110	27240
1:55:30	30.1	4492	15353	18320	21602	24299	28188	12127	17476	18983	21344	23318	27307
1:55:37	30.1	4468	15457	18481	21880	24513	27782	12055	17281	18881	21178	23477	27292
1:55:44	30.1	4449	15604	18248	21585	24542	28077	12225	17393	18990	21383	22960	27186
1:55:51	30.1	4431	15442	18139	21512	24350	28320	12070	17508	18709	21300	23205	27044
1:55:58	30.1	4438	15400	18297	21509	24441	28460	11967	17409	19062	21345	23191	27435

Results
	1	2	3	4	5	6	7	8	9	10	11	12
A													Max V [295,335]
													R-Squared [295,335]
													t at Max V [295,335]
													Lagtime [295,335]
B													Max V [295,335]
													R-Squared [295,335]
													t at Max V [295,335]
													Lagtime [295,335]
C													Max V [295,335]
													R-Squared [295,335]
													t at Max V [295,335]
													Lagtime [295,335]
D													Max V [295,335]
													R-Squared [295,335]
													t at Max V [295,335]
													Lagtime [295,335]
E	1628571.429	-4225714.286	-6188571.429	-7551428.571	6188571.429	-7628571.429	-3454285.714	4697142.857	-5477142.857	5914285.714	8202857.143	6162857.143	Max V [295,335]
	1.000	1.000	1.000	1.000	1.000	1.000	1.000	1.000	1.000	1.000	1.000	1.000	R-Squared [295,335]
	1:33:31	0:01:14	0:03:34	1:10:39	0:31:13	0:14:11	1:43:19	0:30:52	0:00:53	1:50:33	1:17:11	0:28:18	t at Max V [295,335]
	1:35:00	0:01:11	0:03:17	1:09:24	0:32:36	0:13:25	1:41:16	0:32:27	0:00:40	1:52:27	1:18:28	0:29:51	Lagtime [295,335]
F													Max V [295,335]
													R-Squared [295,335]
													t at Max V [295,335]
													Lagtime [295,335]
G													Max V [295,335]
													R-Squared [295,335]
													t at Max V [295,335]
													Lagtime [295,335]
H													Max V [295,335]
													R-Squared [295,335]
													t at Max V [295,335]
													Lagtime [295,335]

