

Software Version	3.03.14

Procedure Details

Plate Type	96 WELL PLATE
Set Temperature	Setpoint 30°C
	Preheat before moving to next step
Start Kinetic	Runtime 1:20:00 (HH:MM:SS), Interval 0:00:05, 961 Reads
    Read	Fluorescence Endpoint
	C1..C12
	Filter Set 1
	    Excitation: 295,  Emission: 335
	    Optics: Top,  Gain: 72
	Light Source: Xenon Flash,  Lamp Energy: High
	Read Speed: Normal,  Delay: 0 msec,  Measurements/Data Point: 5
	Read Height: 8 mm
End Kinetic	

Layout
	1	2	3	4	5	6	7	8	9	10	11	12
A													Well ID
B													Well ID
C	SPL1	SPL2	SPL3	SPL4	SPL5	SPL6	SPL7	SPL8	SPL9	SPL10	SPL11	SPL12	Well ID
D													Well ID
E													Well ID
F													Well ID
G													Well ID
H													Well ID

295,335

Time	T° 295,335	C1	C2	C3	C4	C5	C6	C7	C8	C9	C10	C11	C12
0:00:00	30.0	421	1134	1993	2871	3554	4511	6208	7873	9455	11184	12584	
0:00:05	30.0	429	1162	2024	2864	3655	4515	6180	7847	9569	11194	12600	14179
0:00:10	30.0	426	1166	1996	2893	3625	4508	6236	7912	9497	11264	12614	14133
0:00:15	30.0	425	1144	2011	2893	3675	4550	6242	8070	9547	11275	12694	14312
0:00:20	30.0	419	1169	1990	2907	3692	4501	6264	7939	9508	11273	12632	14184
0:00:25	30.0	401	1143	2034	2892	3661	4581	6221	7923	9391	11316	12704	14217
0:00:30	30.0	413	1146	1999	2895	3691	4535	6210	7972	9430	11301	12715	14216
0:00:35	30.0	412	1121	2017	2926	3661	4549	6232	7916	9510	11373	12692	14182
0:00:40	30.0	412	1125	1994	2863	3606	4527	6215	7895	9393	11260	12683	14279
0:00:45	30.0	411	1152	1986	2883	3654	4443	6227	7885	9511	11383	12732	14363
0:00:50	30.0	397	1118	1962	2900	3638	4508	6208	7951	9547	11419	12724	14270
0:00:55	30.0	407	1169	1980	2857	3639	4466	6249	7868	9440	11280	12668	14167
0:01:00	30.0	404	1115	1969	2884	3621	4490	6197	7937	9459	11337	12669	14305
0:01:05	30.0	388	1119	1981	2869	3669	4496	6223	7951	9504	11270	12726	14248
0:01:10	30.0	397	1095	1968	2879	3614	4449	6191	7856	9468	11161	12682	14154
0:01:15	30.0	405	1124	1986	2863	3571	4518	6205	7811	9400	11233	12761	14225
0:01:20	30.0	393	1087	1970	2850	3632	4512	6216	7891	9407	11225	12672	14193
0:01:25	30.0	402	1102	1966	2877	3657	4518	6133	7935	9427	11340	12709	14095
0:01:30	30.0	391	1094	1928	2839	3608	4485	6164	7842	9309	11301	12541	14158
0:01:35	30.0	376	1135	1971	2808	3624	4471	6181	7858	9358	11294	12706	14170
0:01:40	30.0	376	1066	1936	2859	3571	4499	6166	7878	9408	11277	12687	14189
0:01:45	30.0	381	1098	1940	2854	3578	4466	6183	7791	9256	11377	12648	14218
0:01:50	30.0	403	1090	1944	2829	3618	4454	6188	7980	9351	11162	12563	14128
0:01:55	30.0	387	1071	1920	2824	3564	4437	6104	7835	9433	11221	12559	14120
0:02:00	30.0	393	1065	1929	2784	3556	4416	6150	7829	9345	11210	12562	14086
0:02:05	30.0	377	1084	1902	2833	3581	4467	6115	7775	9326	11281	12579	14072
0:02:10	30.0	375	1057	1925	2790	3576	4434	6125	7942	9316	11247	12488	14023
0:02:15	30.0	382	1068	1918	2809	3613	4404	6096	7844	9261	11343	12495	14030
0:02:20	30.0	372	1081	1926	2786	3526	4455	6068	7871	9295	11277	12566	14108
0:02:25	30.0	366	1056	1906	2830	3554	4428	6138	7830	9291	11214	12414	14032
0:02:30	30.0	368	1048	1937	2774	3561	4373	6164	7789	9321	11147	12541	14072
0:02:35	30.0	382	1058	1891	2785	3528	4415	6120	7802	9335	11200	12470	14030
0:02:40	30.0	366	1076	1905	2770	3520	4322	6111	7786	9302	11148	12381	13939
0:02:45	30.0	365	1049	1869	2784	3506	4378	6093	7807	9281	11155	12434	13991
0:02:50	30.0	368	1060	1895	2777	3516	4384	6045	7792	9347	11105	12441	14067
0:02:55	30.0	353	1058	1916	2762	3463	4434	6119	7834	9212	11162	12468	14038
0:03:00	30.0	352	1038	1873	2777	3504	4377	6128	7720	9254	10972	12398	14071
0:03:05	30.0	367	1045	1877	2791	3503	4392	6018	7631	9227	11073	12356	14099
0:03:10	30.0	345	1034	1853	2737	3531	4412	6069	7794	9145	11103	12414	13973
0:03:15	30.0	354	1053	1862	2739	3461	4370	5999	7725	9274	11073	12350	14009
0:03:20	30.0	357	1022	1867	2775	3502	4389	5993	7741	9256	11018	12373	13862
0:03:25	30.0	331	1021	1814	2716	3491	4329	6153	7662	9220	10996	12396	13810
0:03:30	30.0	364	1031	1841	2748	3507	4333	6022	7708	9170	11189	12340	13865
0:03:35	30.0	372	1023	1845	2714	3481	4306	6051	7780	9313	11057	12442	13941
0:03:40	30.0	353	1024	1843	2734	3470	4300	6025	7692	9161	11040	12349	13872
0:03:45	30.0	350	1023	1863	2773	3466	4419	5998	7650	9221	10938	12345	13919
0:03:50	30.0	346	1012	1865	2754	3468	4329	6057	7753	9199	10976	12324	13843
0:03:55	30.0	344	995	1830	2689	3455	4300	6001	7720	9205	11071	12340	13801
0:04:00	30.0	351	1003	1813	2721	3463	4319	5972	7763	9226	10897	12408	13812
0:04:05	30.0	343	999	1827	2712	3414	4265	5923	7734	9194	10943	12191	13866
0:04:10	30.0	342	1004	1805	2682	3397	4324	5988	7617	9123	11001	12417	13653
0:04:15	30.0	326	1021	1846	2660	3393	4280	6012	7667	9223	10976	12443	13786
0:04:20	30.0	355	980	1817	2715	3406	4285	5956	7750	9112	11001	12348	13809
0:04:25	30.0	322	1004	1838	2668	3436	4278	6022	7632	9146	11025	12291	13804
0:04:30	30.0	337	981	1801	2677	3399	4257	5908	7668	9171	10988	12180	13790
0:04:35	30.0	322	994	1840	2688	3400	4318	5921	7590	9078	11000	12332	13803
0:04:40	30.0	324	982	1759	2673	3405	4298	5979	7685	9128	10968	12359	13771
0:04:45	30.0	328	980	1788	2685	3368	4201	5843	7625	9170	10937	12240	13833
0:04:50	30.0	328	975	1794	2651	3469	4203	5975	7663	9129	10954	12228	13676
0:04:55	30.0	338	967	1832	2652	3406	4200	5902	7597	9046	10917	12135	13661
0:05:00	30.0	309	987	1831	2667	3393	4267	5824	7597	9095	10923	12197	13728
0:05:05	30.0	328	968	1803	2658	3354	4225	5909	7545	9068	10867	12268	13634
0:05:10	30.0	336	977	1783	2620	3328	4267	5875	7541	9057	10822	12300	13718
0:05:15	30.0	320	970	1792	2577	3378	4208	5900	7557	9203	10960	12251	13732
0:05:20	30.0	337	977	1744	2615	3342	4235	5897	7624	9122	10806	12211	13707
0:05:25	30.0	343	974	1755	2626	3414	4259	5917	7628	9130	10899	12181	13702
0:05:30	30.0	341	969	1766	2597	3373	4270	5816	7575	9071	10876	12125	13738
0:05:35	30.0	316	981	1751	2602	3378	4244	5878	7568	9037	10921	12276	13581
0:05:40	30.0	317	959	1780	2623	3367	4244	5866	7486	9097	10914	12251	13655
0:05:45	30.0	321	951	1728	2605	3350	4204	5819	7543	9016	10902	12063	13629
0:05:50	30.0	317	949	1759	2628	3343	4187	5790	7526	9061	10752	12135	13621
0:05:55	30.0	321	950	1769	2605	3344	4148	5786	7540	9038	10643	12175	13561
0:06:00	30.0	313	966	1755	2595	3357	4191	5797	7588	9068	10813	12095	13511
0:06:05	30.0	328	965	1751	2581	3294	4220	5747	7519	8924	10859	12160	13569
0:06:10	30.0	304	952	1742	2537	3330	4119	5786	7657	8959	10752	12032	13665
0:06:15	30.0	322	939	1739	2590	3278	4173	5893	7497	9036	10848	12098	13595
0:06:20	30.0	309	948	1741	2558	3333	4185	5830	7508	8956	10792	12233	13648
0:06:25	30.0	317	959	1720	2581	3277	4173	5853	7500	9038	10732	11982	13485
0:06:30	30.0	299	951	1740	2614	3227	4148	5800	7470	8974	10678	12100	13477
0:06:35	30.0	301	929	1706	2538	3248	4161	5741	7446	8963	10748	12072	13512
0:06:40	30.0	316	909	1724	2560	3282	4066	5836	7474	8900	10774	12067	13545
0:06:45	30.0	316	924	1727	2571	3320	4086	5815	7447	8998	10760	12101	13462
0:06:50	30.0	321	936	1706	2567	3255	4143	5757	7470	8968	10809	12165	13549
0:06:55	30.0	303	918	1651	2525	3237	4081	5809	7500	8992	10719	12139	13364
0:07:00	30.0	313	943	1689	2554	3253	4145	5766	7445	8979	10745	11984	13570
0:07:05	30.0	313	936	1706	2544	3289	4120	5761	7433	8934	10673	11972	13387
0:07:10	30.0	307	906	1710	2561	3241	4034	5783	7416	8832	10624	12079	13470
0:07:15	30.0	301	926	1685	2518	3296	4112	5742	7358	8899	10665	12075	13380
0:07:20	30.0	309	928	1677	2544	3269	4117	5726	7426	8953	10595	12133	13525
0:07:25	30.0	299	903	1688	2556	3218	4043	5698	7395	8986	10792	12015	13387
0:07:30	30.0	300	917	1676	2507	3269	4091	5742	7372	8922	10579	11951	13426
0:07:35	30.0	294	924	1695	2490	3234	4085	5691	7441	8879	10736	11943	13454
0:07:40	30.0	299	903	1693	2534	3234	4080	5719	7356	8931	10746	11988	13393
0:07:45	30.0	294	903	1684	2520	3202	4063	5673	7463	8970	10606	11963	13400
0:07:50	30.0	299	899	1662	2451	3247	4047	5752	7310	8796	10675	11967	13498
0:07:55	30.0	292	872	1697	2519	3240	4096	5732	7383	8885	10547	11930	13364
0:08:00	30.0	305	891	1664	2525	3244	4082	5698	7357	8756	10588	11932	13336
0:08:05	30.0	293	893	1666	2534	3191	4066	5615	7335	8935	10621	11913	13483
0:08:10	30.0	292	912	1679	2534	3170	4043	5736	7323	8857	10529	11918	13329
0:08:15	30.0	295	892	1698	2467	3205	4066	5628	7369	8894	10483	11938	13312
0:08:20	30.0	298	929	1647	2505	3201	4024	5717	7315	9010	10645	11886	13381
0:08:25	30.0	299	887	1667	2474	3207	4024	5716	7345	8887	10578	11895	13310
0:08:30	30.0	289	892	1631	2481	3179	4012	5628	7433	8815	10602	11772	13330
0:08:35	30.0	307	881	1629	2507	3212	4025	5699	7316	8753	10607	11784	13264
0:08:40	30.0	283	901	1635	2445	3155	4021	5645	7354	8960	10639	11919	13338
0:08:45	30.0	290	894	1653	2488	3138	4015	5650	7278	8878	10532	11863	13341
0:08:50	30.0	281	894	1627	2459	3175	4012	5649	7322	8883	10652	11957	13132
0:08:55	30.0	276	881	1660	2465	3160	3947	5642	7277	8840	10539	11828	13226
0:09:00	30.0	290	895	1662	2483	3138	3949	5609	7238	8946	10601	11893	13309
0:09:05	30.0	301	879	1622	2461	3131	3976	5596	7338	8781	10611	11837	13216
0:09:10	30.0	289	872	1637	2453	3136	3987	5614	7354	8857	10460	11740	13266
0:09:15	30.0	287	874	1628	2475	3150	4017	5602	7325	8737	10445	11808	13183
0:09:20	30.0	288	864	1661	2462	3121	3995	5598	7335	8815	10424	11760	13232
0:09:25	30.0	282	871	1633	2420	3165	3921	5600	7281	8770	10496	11790	13195
0:09:30	30.0	292	871	1637	2437	3186	4014	5580	7439	8828	10576	11733	13191
0:09:35	30.0	287	867	1606	2466	3136	3920	5603	7317	8900	10606	11884	13115
0:09:40	30.0	277	850	1630	2446	3083	3931	5520	7304	8701	10672	11660	13193
0:09:45	30.0	286	861	1629	2440	3102	3932	5549	7284	8746	10535	11728	13194
0:09:50	30.0	291	865	1606	2398	3132	3946	5566	7310	8777	10525	11708	13231
0:09:55	30.0	279	839	1596	2423	3077	3947	5584	7324	8781	10532	11800	13179
0:10:00	30.0	278	840	1589	2397	3102	3934	5598	7251	8793	10491	11790	13132
0:10:05	30.0	285	831	1596	2422	3123	3939	5589	7278	8803	10369	11668	13136
0:10:10	30.0	276	846	1598	2446	3101	3913	5550	7225	8860	10474	11715	13123
0:10:15	30.0	275	857	1602	2412	3095	3913	5562	7256	8830	10425	11715	13184
0:10:20	30.0	288	865	1596	2421	3059	3911	5542	7238	8756	10464	11617	13099
0:10:25	30.0	278	832	1576	2418	3087	3857	5448	7220	8713	10455	11630	13172
0:10:30	30.0	279	850	1578	2371	3080	3833	5500	7251	8891	10469	11642	13191
0:10:35	30.0	287	834	1572	2391	3063	3876	5568	7185	8728	10494	11667	13118
0:10:40	30.0	273	855	1550	2411	3070	3885	5505	7266	8777	10467	11792	13111
0:10:45	30.0	283	847	1610	2363	3082	3924	5553	7263	8808	10444	11617	13141
0:10:50	30.0	279	841	1572	2385	3037	3845	5518	7285	8804	10496	11603	13020
0:10:55	30.0	291	838	1552	2409	3110	3866	5470	7204	8713	10394	11639	13032
0:11:00	30.0	287	832	1560	2409	3039	3899	5450	7293	8737	10436	11537	13095
0:11:05	30.0	264	840	1569	2408	3077	3871	5410	7216	8799	10405	11529	12946
0:11:10	30.0	282	855	1563	2379	3038	3899	5417	7229	8719	10306	11739	12964
0:11:15	30.0	273	834	1534	2399	3031	3930	5478	7219	8684	10449	11723	13036
0:11:20	30.0	280	825	1539	2360	3015	3846	5411	7243	8717	10366	11600	12989
0:11:25	30.0	272	819	1571	2351	3035	3894	5414	7196	8714	10466	11735	12958
0:11:30	30.0	271	825	1593	2359	3056	3877	5449	7204	8746	10324	11590	12907
0:11:35	30.0	268	837	1538	2378	3026	3855	5472	7289	8755	10308	11601	12975
0:11:40	30.0	267	850	1522	2335	3062	3825	5444	7124	8727	10348	11510	13173
0:11:45	30.0	267	836	1543	2353	3073	3832	5430	7141	8646	10441	11592	12867
0:11:50	30.0	280	835	1537	2352	3060	3833	5448	7163	8694	10371	11631	12781
0:11:55	30.0	271	803	1533	2330	2994	3849	5438	7127	8772	10251	11560	13066
0:12:00	30.0	262	814	1531	2348	3039	3868	5390	7128	8686	10510	11605	12883
0:12:05	30.0	268	805	1535	2350	3050	3789	5405	7226	8689	10386	11444	12874
0:12:10	30.0	295	831	1555	2317	2994	3843	5365	7203	8662	10345	11509	12958
0:12:15	30.0	273	812	1537	2335	3019	3836	5357	7119	8624	10256	11500	13014
0:12:20	30.0	278	812	1552	2311	3000	3785	5394	7160	8646	10377	11423	12881
0:12:25	30.0	258	806	1513	2364	2993	3837	5382	7137	8677	10314	11534	12796
0:12:30	30.0	277	817	1507	2356	2994	3829	5384	7171	8672	10224	11574	12962
0:12:35	30.0	253	796	1506	2320	2981	3800	5397	7151	8666	10357	11455	12847
0:12:40	30.0	279	829	1541	2336	2976	3904	5422	7111	8607	10308	11549	12884
0:12:45	30.0	266	810	1546	2299	2976	3803	5442	7077	8611	10328	11474	12959
0:12:50	30.0	268	809	1533	2295	3023	3784	5367	7075	8505	10414	11482	12887
0:12:55	30.0	255	805	1471	2296	2996	3835	5359	7137	8656	10230	11424	12824
0:13:00	30.0	269	804	1514	2308	2985	3774	5386	7116	8551	10253	11420	12788
0:13:05	30.0	263	809	1554	2312	3008	3797	5352	7085	8651	10208	11461	12724
0:13:10	30.0	261	809	1501	2336	3006	3746	5291	7104	8637	10292	11464	12851
0:13:15	30.0	275	804	1497	2293	2984	3743	5393	7058	8625	10204	11430	12877
0:13:20	30.0	270	778	1495	2308	2959	3804	5366	7110	8624	10230	11554	12785
0:13:25	30.0	261	797	1501	2280	2970	3798	5363	7110	8589	10216	11481	12769
0:13:30	30.0	250	803	1507	2301	2989	3773	5364	7070	8510	10219	11414	12746
0:13:35	30.0	262	790	1485	2297	2904	3774	5345	7050	8593	10145	11365	12839
0:13:40	30.0	271	819	1491	2291	2903	3756	5311	7069	8566	10169	11407	12779
0:13:45	30.0	268	810	1460	2282	2981	3701	5325	7125	8490	10152	11383	12775
0:13:50	30.0	265	794	1498	2281	2986	3776	5367	7019	8468	10215	11385	12849
0:13:55	30.0	255	805	1502	2291	2935	3739	5278	7011	8493	10162	11261	12751
0:14:00	30.0	256	792	1488	2279	2938	3737	5261	6990	8486	10127	11292	12715
0:14:05	30.0	247	793	1469	2316	2913	3676	5300	7023	8518	10121	11378	12698
0:14:10	30.0	266	774	1469	2246	2912	3754	5304	7031	8477	10206	11370	12722
0:14:15	30.0	257	780	1499	2259	2912	3730	5378	7035	8462	10170	11368	12718
0:14:20	30.0	269	783	1459	2278	2886	3741	5299	6963	8500	10204	11396	12696
0:14:25	30.0	255	797	1486	2246	2940	3711	5291	6953	8646	10113	11322	12529
0:14:30	30.0	268	807	1504	2254	2903	3728	5263	6993	8511	10044	11393	12569
0:14:35	30.0	275	787	1471	2254	2907	3756	5223	7073	8436	10103	11394	12456
0:14:40	30.0	271	775	1453	2249	2923	3762	5226	7019	8503	10139	11373	12712
0:14:45	30.0	245	779	1476	2248	2911	3665	5327	6934	8517	10097	11274	12751
0:14:50	30.0	259	763	1468	2215	2910	3720	5318	7081	8403	10086	11281	12679
0:14:55	30.0	250	786	1444	2235	2885	3717	5268	7009	8522	10126	11265	12648
0:15:00	30.0	259	786	1474	2248	2869	3724	5243	7051	8477	10119	11301	12638
0:15:05	30.0	258	763	1478	2271	2913	3683	5191	6999	8416	10147	11309	12578
0:15:10	30.0	249	764	1441	2253	2877	3668	5257	6958	8470	9995	11222	12517
0:15:15	30.0	253	789	1459	2252	2866	3672	5232	6983	8417	10182	11152	12582
0:15:20	30.0	252	772	1433	2256	2912	3669	5212	6962	8465	10126	11360	12468
0:15:25	30.0	261	777	1473	2245	2875	3626	5218	6965	8417	10096	11262	12584
0:15:30	30.0	260	780	1465	2244	2898	3664	5213	6921	8406	10098	11265	12575
0:15:35	30.0	267	776	1457	2211	2894	3672	5171	6907	8411	9986	11287	12581
0:15:40	30.0	262	763	1461	2229	2910	3654	5189	6881	8378	10071	11206	12476
0:15:45	30.0	258	772	1426	2223	2878	3662	5248	6958	8397	10060	11209	12706
0:15:50	30.0	256	769	1444	2212	2906	3639	5229	6958	8462	10019	11246	12492
0:15:55	30.0	258	759	1457	2196	2873	3658	5209	6929	8412	9940	11209	12591
0:16:00	30.0	247	755	1445	2227	2867	3655	5221	6923	8356	9949	11249	12567
0:16:05	30.0	258	760	1447	2195	2845	3689	5221	6978	8372	10109	11195	12539
0:16:10	30.0	259	771	1409	2211	2857	3667	5206	6962	8417	10049	11221	12522
0:16:15	30.0	263	770	1436	2186	2844	3620	5169	6807	8401	10018	11298	12494
0:16:20	30.0	254	765	1459	2236	2810	3657	5232	6930	8380	10036	11155	12636
0:16:25	30.0	256	738	1445	2200	2840	3603	5189	6936	8442	10017	11159	12439
0:16:30	30.0	261	771	1429	2186	2849	3677	5162	6914	8389	9980	11120	12530
0:16:35	30.0	256	774	1425	2195	2886	3681	5126	6898	8344	9940	11116	12485
0:16:40	30.0	252	755	1402	2201	2834	3650	5105	6894	8301	10088	11022	12386
0:16:45	30.0	244	752	1441	2197	2778	3646	5112	6920	8303	9995	11286	12600
0:16:50	30.0	251	764	1392	2183	2806	3618	5119	6873	8334	9944	11174	12542
0:16:55	30.0	254	755	1426	2189	2840	3633	5124	6945	8438	10032	11177	12561
0:17:00	30.0	252	756	1408	2203	2854	3640	5170	6824	8415	9974	11111	12386
0:17:05	30.0	253	772	1421	2199	2821	3628	5207	6903	8348	10037	11220	12474
0:17:10	30.0	245	757	1401	2143	2826	3624	5152	6858	8371	9887	11118	12401
0:17:15	30.0	252	745	1388	2181	2823	3612	5119	6940	8309	9957	11109	12354
0:17:20	30.0	260	760	1362	2156	2816	3607	5079	6903	8296	9921	11150	12471
0:17:25	30.0	255	733	1395	2144	2816	3578	5103	6886	8335	9993	11147	12431
0:17:30	30.0	246	737	1403	2180	2764	3577	5168	6861	8300	10011	11137	12420
0:17:35	30.0	246	751	1383	2152	2786	3631	5115	6892	8260	9935	11024	12348
0:17:40	30.0	255	738	1439	2174	2804	3551	5094	6873	8280	9865	11137	12496
0:17:45	30.0	250	744	1404	2158	2835	3590	5068	6850	8246	9921	11023	12362
0:17:50	30.0	251	742	1383	2182	2821	3592	5089	6834	8347	9938	11127	12467
0:17:55	30.0	249	746	1404	2180	2758	3573	5060	6865	8260	9850	11051	12411
0:18:00	30.0	254	728	1398	2143	2779	3593	5087	6834	8224	9922	11026	12391
0:18:05	30.0	252	760	1401	2117	2769	3563	5050	6845	8312	9883	11155	12348
0:18:10	30.0	246	755	1400	2152	2816	3532	5098	6797	8166	9799	11034	12400
0:18:15	30.0	257	737	1386	2166	2814	3588	5113	6787	8300	9846	11005	12352
0:18:20	30.0	255	759	1407	2127	2751	3573	5105	6841	8221	9869	11060	12331
0:18:25	30.0	247	752	1385	2118	2743	3567	5097	6770	8227	9911	11016	12362
0:18:30	30.0	251	747	1404	2146	2741	3527	5124	6841	8242	9787	11000	12325
0:18:35	30.0	246	741	1383	2140	2768	3569	5037	6781	8250	9895	11050	12333
0:18:40	30.0	251	742	1377	2136	2803	3588	5060	6747	8167	9889	11018	12334
0:18:45	30.0	248	732	1396	2146	2778	3545	5030	6819	8278	9827	11023	12359
0:18:50	30.0	248	728	1384	2134	2800	3497	5013	6763	8235	9724	10989	12342
0:18:55	30.0	250	725	1392	2162	2761	3572	5057	6817	8280	9740	10953	12282
0:19:00	30.0	255	738	1388	2159	2817	3513	5055	6803	8238	9777	11045	12274
0:19:05	30.0	262	724	1381	2116	2756	3511	5052	6818	8260	9843	11107	12198
0:19:10	30.0	252	736	1371	2099	2808	3556	5078	6704	8166	9813	11031	12438
0:19:15	30.0	246	729	1372	2094	2730	3518	5125	6787	8129	9814	11004	12353
0:19:20	30.0	242	737	1365	2125	2776	3546	5018	6795	8125	9790	11024	12183
0:19:25	30.1	235	731	1391	2132	2769	3548	5043	6791	8135	9789	10968	12301
0:19:30	30.0	252	730	1361	2118	2734	3524	5031	6705	8134	9800	11041	12273
0:19:35	30.0	255	724	1376	2108	2714	3523	5017	6696	8175	9756	10965	12252
0:19:40	30.0	256	742	1380	2094	2726	3516	4978	6720	8175	9770	10881	12344
0:19:45	30.0	245	724	1394	2096	2757	3492	5031	6625	8113	9761	10915	12329
0:19:50	30.0	248	726	1348	2100	2714	3485	5050	6740	8093	9735	10925	12348
0:19:55	30.0	249	738	1346	2097	2731	3504	5015	6740	8131	9787	10963	12279
0:20:00	30.0	240	709	1342	2106	2747	3412	5009	6719	8222	9779	10847	12196
0:20:05	30.0	237	728	1368	2091	2745	3483	4936	6801	8180	9737	10967	12210
0:20:10	30.0	241	718	1368	2108	2728	3470	5019	6687	8162	9731	10881	12132
0:20:15	30.0	261	739	1366	2081	2719	3473	5067	6721	8202	9689	11019	12229
0:20:20	30.0	233	717	1362	2074	2696	3476	5036	6692	8134	9761	10891	12121
0:20:25	30.0	246	730	1377	2081	2728	3455	5013	6611	8063	9647	10825	12134
0:20:30	30.0	240	726	1359	2141	2711	3474	4962	6721	8218	9713	10823	12161
0:20:35	30.0	251	722	1348	2114	2719	3456	4979	6682	8112	9772	10847	12243
0:20:40	30.0	253	724	1343	2073	2723	3504	4939	6666	8149	9648	10918	12226
0:20:45	30.0	245	730	1344	2073	2730	3468	4957	6738	8081	9699	10802	12196
0:20:50	30.0	240	707	1340	2083	2701	3438	4899	6614	8083	9681	10805	12242
0:20:55	30.0	244	728	1330	2058	2749	3540	4920	6701	8065	9651	10846	12185
0:21:00	30.0	238	714	1367	2048	2702	3444	4898	6702	8022	9749	10827	12202
0:21:05	30.0	256	702	1353	2065	2690	3493	5026	6699	8097	9696	10788	12181
0:21:10	30.0	243	702	1336	2102	2691	3421	4956	6616	8091	9690	10775	12086
0:21:15	30.0	239	707	1324	2089	2716	3445	5025	6631	8075	9727	10817	12216
0:21:20	30.0	231	740	1328	2034	2702	3439	4959	6654	8074	9622	10805	12056
0:21:25	30.0	242	730	1350	2056	2696	3441	4939	6711	8063	9718	10910	12175
0:21:30	30.0	241	707	1319	2066	2691	3456	4879	6614	7999	9564	10824	12073
0:21:35	30.0	248	702	1318	2076	2697	3489	4929	6660	8048	9626	10846	12055
0:21:40	30.0	253	707	1335	2054	2727	3463	4936	6634	8031	9526	10818	12036
0:21:45	30.0	247	705	1350	2035	2686	3434	4975	6729	7994	9580	10871	12130
0:21:50	30.0	241	711	1316	2064	2710	3466	4886	6674	8042	9499	10695	12043
0:21:55	30.0	248	707	1340	2058	2677	3416	4942	6662	8069	9673	10776	12090
0:22:00	30.0	245	703	1316	2055	2653	3426	4949	6579	8082	9572	10759	12087
0:22:05	30.0	244	708	1317	2048	2665	3439	4903	6604	8081	9607	10716	12036
0:22:10	30.0	242	714	1321	2047	2658	3418	4930	6607	8005	9542	10806	12101
0:22:15	30.0	229	704	1310	2038	2663	3433	4882	6613	8005	9659	10750	12059
0:22:20	30.0	231	721	1343	2031	2677	3399	4900	6592	7991	9573	10664	12066
0:22:25	30.0	238	707	1320	2048	2667	3435	4906	6603	7913	9584	10755	12125
0:22:30	30.0	252	706	1345	2059	2667	3382	4931	6494	8016	9658	10704	11977
0:22:35	30.0	250	706	1318	2049	2625	3370	4887	6634	7894	9578	10739	12015
0:22:40	30.0	239	700	1324	2061	2625	3401	4850	6563	8008	9658	10707	11999
0:22:45	30.0	233	697	1348	2044	2638	3364	4910	6547	8015	9621	10682	11978
0:22:50	30.0	244	717	1306	2008	2591	3396	4880	6560	7924	9599	10781	12059
0:22:55	30.0	247	732	1335	2031	2662	3428	4921	6551	7979	9623	10754	11936
0:23:00	30.0	245	690	1312	2052	2672	3389	4914	6599	7949	9575	10643	12037
0:23:05	30.0	235	699	1315	2037	2625	3429	4799	6603	7932	9535	10676	12002
0:23:10	30.0	248	702	1324	2023	2655	3359	4916	6579	7906	9600	10734	11937
0:23:15	30.0	233	684	1318	2027	2628	3377	4934	6570	7934	9535	10667	11934
0:23:20	30.0	245	687	1312	2000	2633	3389	4840	6557	7868	9567	10732	11905
0:23:25	30.0	240	689	1325	2039	2640	3330	4853	6553	7955	9522	10700	11910
0:23:30	30.0	251	708	1342	2015	2618	3360	4839	6490	7983	9622	10693	11811
0:23:35	30.0	255	710	1332	2033	2647	3373	4816	6581	7946	9482	10612	11898
0:23:40	30.0	242	686	1283	2005	2648	3350	4787	6521	7944	9518	10716	11947
0:23:45	30.0	246	712	1306	2022	2663	3367	4872	6534	7869	9599	10677	12034
0:23:50	30.0	236	705	1297	2031	2636	3375	4859	6556	7904	9465	10650	11812
0:23:55	30.0	240	695	1280	1995	2602	3354	4831	6452	7862	9454	10725	11865
0:24:00	30.0	244	686	1296	1985	2568	3368	4779	6551	7894	9508	10651	11893
0:24:05	30.0	242	684	1274	2022	2621	3364	4857	6490	7906	9488	10587	11954
0:24:10	30.0	236	681	1312	1994	2645	3395	4822	6538	7835	9519	10664	11955
0:24:15	30.0	248	689	1314	1995	2598	3343	4790	6548	7894	9537	10625	11810
0:24:20	30.0	238	698	1351	2029	2599	3340	4837	6559	7892	9449	10523	11853
0:24:25	30.0	252	687	1309	1991	2569	3357	4781	6438	7776	9416	10642	11944
0:24:30	30.0	232	671	1308	1983	2636	3335	4824	6505	7874	9442	10550	11867
0:24:35	30.0	246	689	1300	2013	2585	3321	4813	6497	7853	9516	10566	11888
0:24:40	30.0	245	709	1301	2017	2614	3362	4826	6469	7902	9394	10600	11762
0:24:45	30.0	234	691	1282	2002	2599	3290	4856	6484	7847	9395	10476	11777
0:24:50	30.0	239	688	1291	1985	2592	3319	4796	6485	7847	9444	10549	11779
0:24:55	30.0	235	694	1323	1970	2606	3325	4830	6543	7791	9390	10524	11798
0:25:00	30.0	231	713	1282	1989	2588	3350	4800	6488	7791	9410	10584	11810
0:25:05	30.0	240	685	1282	2019	2607	3334	4837	6394	7888	9355	10541	11834
0:25:10	30.0	244	702	1294	1982	2631	3319	4814	6421	7928	9346	10569	11914
0:25:15	30.0	241	697	1280	1993	2574	3321	4760	6524	7833	9394	10510	11841
0:25:20	30.0	249	684	1271	1999	2543	3319	4730	6426	7719	9347	10612	11864
0:25:25	30.0	232	690	1281	2018	2585	3298	4752	6491	7790	9482	10605	11816
0:25:30	30.0	242	668	1271	1972	2595	3346	4759	6363	7891	9369	10502	11799
0:25:35	30.0	236	677	1252	2006	2562	3292	4765	6435	7918	9449	10622	11779
0:25:40	30.0	241	697	1283	1973	2584	3317	4742	6366	7889	9324	10521	11788
0:25:45	30.0	248	673	1251	1990	2520	3342	4845	6436	7807	9358	10553	11712
0:25:50	30.0	236	672	1255	1929	2533	3284	4706	6423	7805	9464	10544	11762
0:25:55	30.0	238	673	1281	1946	2550	3273	4756	6436	7851	9410	10528	11824
0:26:00	30.0	248	674	1299	2003	2569	3347	4702	6393	7761	9362	10612	11680
0:26:05	30.0	253	669	1266	1973	2581	3270	4764	6401	7821	9430	10471	11824
0:26:10	30.0	249	692	1271	1956	2514	3327	4705	6395	7784	9292	10512	11654
0:26:15	30.0	243	704	1292	1987	2582	3358	4780	6373	7799	9380	10477	11706
0:26:20	30.0	234	666	1283	1948	2569	3276	4691	6434	7753	9375	10493	11726
0:26:25	30.0	240	677	1263	1946	2576	3329	4751	6373	7759	9403	10505	11761
0:26:30	30.0	247	682	1241	1991	2579	3318	4757	6383	7794	9248	10533	11733
0:26:35	30.0	229	681	1265	1962	2550	3291	4749	6416	7787	9352	10381	11770
0:26:40	30.0	232	674	1278	1981	2583	3248	4681	6425	7791	9341	10443	11637
0:26:45	30.0	239	657	1260	1966	2537	3271	4769	6375	7762	9326	10482	11733
0:26:50	30.0	245	665	1263	1980	2515	3268	4684	6440	7761	9292	10485	11646
0:26:55	30.0	230	678	1251	1932	2544	3221	4686	6308	7747	9204	10528	11672
0:27:00	30.1	237	669	1261	1954	2537	3291	4686	6447	7765	9416	10586	11589
0:27:05	30.1	246	672	1245	1934	2535	3237	4671	6359	7877	9290	10582	11767
0:27:10	30.1	237	679	1284	1968	2547	3236	4696	6343	7770	9375	10502	11656
0:27:15	30.1	240	663	1262	1984	2521	3272	4712	6317	7734	9327	10400	11649
0:27:20	30.1	230	670	1244	1894	2550	3275	4737	6414	7820	9237	10425	11665
0:27:25	30.1	231	679	1268	1957	2524	3279	4691	6404	7687	9304	10471	11765
0:27:30	30.1	244	679	1230	1935	2517	3273	4700	6350	7753	9260	10432	11773
0:27:35	30.1	232	652	1263	1952	2522	3251	4698	6288	7784	9186	10435	11735
0:27:40	30.1	223	695	1261	1913	2544	3259	4686	6307	7699	9296	10405	11595
0:27:45	30.1	235	657	1277	1954	2505	3240	4671	6367	7787	9263	10491	11652
0:27:50	30.1	247	668	1240	1956	2533	3260	4714	6336	7704	9269	10478	11612
0:27:55	30.1	236	664	1260	1960	2509	3269	4650	6346	7695	9150	10370	11580
0:28:00	30.1	227	666	1239	1943	2474	3276	4678	6316	7715	9212	10419	11683
0:28:05	30.1	237	671	1267	1903	2531	3257	4654	6323	7599	9352	10390	11612
0:28:10	30.1	237	652	1248	1926	2506	3254	4693	6287	7789	9241	10338	11553
0:28:15	30.1	229	669	1251	1937	2544	3248	4736	6312	7609	9116	10381	11579
0:28:20	30.1	237	680	1257	1912	2527	3274	4775	6368	7552	9183	10297	11658
0:28:25	30.1	240	658	1260	1944	2508	3255	4692	6332	7701	9250	10391	11593
0:28:30	30.1	225	681	1230	1900	2507	3215	4684	6266	7704	9312	10283	11670
0:28:35	30.0	238	669	1242	1929	2498	3197	4676	6398	7637	9312	10344	11565
0:28:40	30.1	232	679	1247	1888	2510	3263	4625	6344	7729	9191	10271	11487
0:28:45	30.1	233	681	1248	1927	2492	3244	4742	6259	7616	9189	10405	11539
0:28:50	30.0	230	662	1253	1936	2466	3236	4631	6330	7601	9235	10433	11595
0:28:55	30.1	236	676	1233	1934	2483	3216	4631	6269	7604	9127	10338	11531
0:29:00	30.1	254	657	1226	1935	2521	3172	4649	6311	7690	9231	10299	11549
0:29:05	30.1	236	651	1222	1914	2521	3202	4688	6234	7703	9248	10302	11480
0:29:10	30.1	230	657	1232	1924	2486	3228	4622	6284	7584	9097	10365	11506
0:29:15	30.1	240	680	1230	1888	2505	3231	4679	6251	7655	9154	10259	11506
0:29:20	30.0	235	662	1239	1920	2507	3207	4688	6311	7573	9125	10450	11509
0:29:25	30.1	238	661	1253	1902	2513	3189	4668	6289	7714	9130	10321	11516
0:29:30	30.0	238	689	1248	1926	2493	3224	4687	6288	7660	9200	10333	11539
0:29:35	30.1	246	672	1238	1889	2482	3187	4592	6184	7650	9138	10327	11489
0:29:40	30.1	236	662	1232	1913	2492	3239	4581	6194	7643	9218	10346	11539
0:29:45	30.1	241	656	1241	1904	2450	3220	4704	6264	7645	9190	10298	11467
0:29:50	30.1	241	664	1224	1884	2463	3198	4588	6244	7569	9176	10233	11588
0:29:55	30.1	231	667	1240	1897	2490	3215	4650	6224	7522	9131	10343	11561
0:30:00	30.1	239	657	1231	1907	2470	3230	4630	6284	7621	9169	10338	11515
0:30:05	30.1	230	668	1229	1948	2493	3156	4650	6307	7590	9066	10210	11450
0:30:10	30.0	234	657	1249	1880	2505	3186	4574	6291	7564	9134	10236	11481
0:30:15	30.1	236	675	1244	1902	2512	3128	4633	6195	7570	9092	10327	11479
0:30:20	30.0	238	647	1251	1882	2492	3179	4615	6209	7618	9090	10290	11499
0:30:25	30.1	236	663	1205	1910	2497	3150	4640	6250	7528	8991	10251	11496
0:30:30	30.1	239	659	1224	1903	2460	3235	4563	6246	7635	9130	10281	11524
0:30:35	30.1	242	667	1230	1893	2460	3175	4578	6220	7592	9099	10273	11495
0:30:40	30.1	226	675	1244	1896	2494	3151	4640	6219	7609	9058	10303	11375
0:30:45	30.1	246	669	1237	1893	2460	3176	4586	6213	7556	9080	10246	11375
0:30:50	30.1	239	662	1222	1895	2463	3211	4589	6213	7554	9113	10321	11382
0:30:55	30.1	228	677	1219	1896	2458	3215	4603	6165	7580	9051	10205	11314
0:31:00	30.1	236	657	1238	1873	2463	3201	4553	6188	7576	9049	10303	11361
0:31:05	30.0	233	651	1210	1863	2466	3174	4590	6174	7517	9147	10273	11492
0:31:10	30.1	229	648	1228	1900	2464	3153	4562	6192	7579	9107	10215	11398
0:31:15	30.1	231	648	1229	1894	2460	3189	4613	6288	7617	9022	10131	11429
0:31:20	30.1	239	644	1213	1855	2454	3195	4605	6184	7611	9058	10197	11345
0:31:25	30.1	239	670	1213	1897	2451	3167	4529	6147	7476	9103	10155	11431
0:31:30	30.1	234	635	1219	1905	2443	3156	4588	6219	7495	9009	10160	11412
0:31:35	30.1	233	684	1214	1882	2457	3132	4575	6245	7490	9068	10119	11532
0:31:40	30.1	234	653	1229	1878	2437	3134	4537	6185	7530	9010	10124	11476
0:31:45	30.0	228	638	1185	1863	2447	3181	4577	6149	7544	8998	10181	11379
0:31:50	30.1	233	659	1204	1884	2441	3099	4543	6227	7464	9022	10235	11377
0:31:55	30.1	223	655	1197	1885	2465	3163	4589	6144	7502	9044	10058	11493
0:32:00	30.1	238	665	1203	1851	2458	3151	4567	6191	7455	9044	10217	11299
0:32:05	30.1	237	648	1240	1865	2463	3120	4626	6179	7480	9034	10124	11384
0:32:10	30.1	242	659	1206	1858	2445	3180	4567	6166	7516	9070	10078	11250
0:32:15	30.1	243	662	1223	1881	2461	3148	4554	6134	7546	9012	10161	11465
0:32:20	30.1	243	644	1217	1862	2395	3160	4571	6151	7486	9052	10215	11331
0:32:25	30.1	231	660	1204	1862	2450	3124	4551	6221	7530	9038	10097	11354
0:32:30	30.1	226	630	1215	1856	2400	3193	4538	6152	7454	9168	10230	11362
0:32:35	30.1	246	637	1200	1858	2417	3134	4522	6225	7430	8952	10096	11401
0:32:40	30.1	248	660	1230	1905	2429	3156	4563	6170	7469	9115	10138	11303
0:32:45	30.1	230	645	1212	1852	2413	3079	4580	6125	7563	9022	10048	11256
0:32:50	30.1	239	651	1202	1859	2454	3106	4497	6153	7514	9081	10143	11342
0:32:55	30.1	221	632	1194	1863	2413	3137	4593	6169	7437	9055	10191	11345
0:33:00	30.1	248	650	1215	1863	2457	3133	4550	6134	7434	9121	10140	11272
0:33:05	30.1	236	655	1176	1841	2387	3190	4551	6057	7454	9000	10104	11408
0:33:10	30.1	233	655	1207	1832	2431	3121	4592	6137	7486	9031	10105	11283
0:33:15	30.1	238	659	1185	1888	2407	3109	4546	6089	7373	8953	10057	11382
0:33:20	30.1	250	647	1219	1870	2431	3145	4535	6148	7416	8926	10112	11245
0:33:25	30.1	238	635	1204	1865	2425	3069	4539	6112	7499	8926	10058	11314
0:33:30	30.0	231	637	1203	1871	2416	3126	4506	6070	7412	9065	10069	11329
0:33:35	30.1	225	630	1204	1848	2417	3090	4523	6064	7394	9001	10085	11274
0:33:40	30.1	246	655	1217	1882	2429	3135	4547	6099	7370	8852	10003	11265
0:33:45	30.1	236	646	1205	1824	2390	3111	4522	6178	7540	9020	10080	11313
0:33:50	30.1	235	641	1168	1848	2417	3094	4553	6073	7435	9014	9976	11337
0:33:55	30.1	234	642	1213	1866	2416	3075	4451	6091	7472	8988	10062	11222
0:34:00	30.1	227	654	1195	1841	2415	3086	4569	6085	7411	8915	10120	11223
0:34:05	30.1	229	660	1192	1846	2383	3103	4505	6080	7451	9036	10020	11260
0:34:10	30.1	241	658	1175	1818	2404	3088	4498	6125	7457	8941	10040	11185
0:34:15	30.1	233	644	1194	1851	2405	3071	4485	6088	7386	8989	10042	11279
0:34:20	30.1	236	624	1205	1831	2402	3111	4471	6034	7390	8911	10091	11263
0:34:25	30.1	234	637	1212	1815	2407	3114	4523	6170	7425	8953	10083	11282
0:34:30	30.1	228	626	1197	1865	2406	3072	4485	6132	7380	8975	10066	11225
0:34:35	30.1	234	645	1199	1791	2371	3137	4446	6005	7375	9009	10007	11221
0:34:40	30.1	246	647	1181	1861	2481	3120	4481	6078	7489	8961	10162	11207
0:34:45	30.1	236	646	1187	1831	2424	3069	4460	6094	7360	8895	10060	11250
0:34:50	30.1	225	636	1181	1851	2381	3083	4536	6043	7379	8837	10021	11215
0:34:55	30.1	232	645	1190	1833	2383	3120	4470	6036	7446	8930	9889	11112
0:35:00	30.1	233	622	1176	1856	2410	3124	4483	6041	7344	8957	10051	11163
0:35:05	30.1	238	629	1192	1836	2402	3097	4442	6077	7329	8860	9931	11171
0:35:10	30.1	236	645	1195	1832	2395	3123	4508	6069	7302	8827	10077	11093
0:35:15	30.1	238	626	1189	1799	2348	3071	4481	6035	7306	8871	9894	11223
0:35:20	30.1	231	630	1193	1868	2406	3077	4428	6069	7391	8874	9941	11108
0:35:25	30.1	234	640	1178	1792	2376	3066	4465	6010	7307	8825	9938	11040
0:35:30	30.1	231	625	1203	1839	2342	3119	4446	6046	7415	8734	10004	11114
0:35:35	30.1	235	651	1186	1812	2371	3114	4442	6009	7404	8891	9892	11144
0:35:40	30.1	235	642	1185	1836	2413	3067	4439	6029	7328	8914	10021	11259
0:35:45	30.1	240	639	1169	1825	2395	3065	4391	5985	7269	8873	9965	11099
0:35:50	30.1	230	639	1203	1807	2358	3030	4446	6078	7313	8813	9963	11081
0:35:55	30.1	234	633	1166	1799	2395	3059	4462	5949	7279	8778	9902	11208
0:36:00	30.1	246	640	1181	1835	2359	3082	4441	6020	7289	8769	9828	11163
0:36:05	30.1	241	641	1175	1790	2351	3074	4446	5991	7319	8771	9860	11056
0:36:10	30.1	228	647	1207	1838	2395	3081	4408	6030	7267	8786	9806	11034
0:36:15	30.1	236	620	1196	1795	2378	3078	4416	6040	7318	8858	9932	11139
0:36:20	30.1	227	639	1187	1842	2318	3029	4410	5977	7227	8891	9781	11122
0:36:25	30.1	221	628	1178	1840	2373	3012	4389	5962	7260	8766	9821	11158
0:36:30	30.1	225	644	1163	1829	2371	2997	4427	5993	7281	8732	9940	11084
0:36:35	30.1	243	637	1168	1809	2322	3048	4436	6043	7296	8809	9890	11082
0:36:40	30.1	226	633	1152	1805	2372	3044	4468	6057	7349	8690	9912	11015
0:36:45	30.1	223	646	1167	1816	2348	3055	4390	5997	7241	8732	9965	11016
0:36:50	30.1	228	631	1180	1808	2357	3004	4461	5947	7283	8711	9948	10952
0:36:55	30.1	226	635	1200	1844	2362	3023	4374	5886	7252	8752	9901	11103
0:37:00	30.1	237	634	1194	1763	2340	3021	4375	5939	7276	8749	9920	11005
0:37:05	30.1	231	633	1175	1797	2371	3015	4395	5917	7249	8623	9880	11009
0:37:10	30.1	223	630	1167	1828	2378	3044	4412	5985	7252	8682	9888	10990
0:37:15	30.1	237	645	1183	1794	2375	3010	4434	5888	7341	8745	9915	10956
0:37:20	30.1	227	626	1176	1777	2344	3015	4387	5975	7311	8783	9881	11012
0:37:25	30.1	234	633	1164	1777	2326	3069	4418	5873	7217	8743	9930	11041
0:37:30	30.1	244	629	1157	1770	2353	3037	4358	5973	7164	8783	9835	11067
0:37:35	30.1	236	639	1160	1799	2334	3001	4417	5967	7309	8761	9881	10992
0:37:40	30.1	230	639	1154	1780	2350	3027	4342	5904	7284	8725	9793	10994
0:37:45	30.1	235	623	1174	1784	2362	3016	4353	5978	7261	8737	9816	10896
0:37:50	30.1	236	627	1161	1798	2327	3042	4373	5958	7219	8818	9914	10984
0:37:55	30.1	219	627	1143	1765	2341	2980	4332	5819	7222	8796	9750	10901
0:38:00	30.1	229	630	1170	1789	2330	3072	4362	5923	7269	8738	9864	10957
0:38:05	30.1	234	632	1160	1805	2309	3007	4317	5916	7230	8739	9851	10965
0:38:10	30.1	232	616	1153	1793	2286	3006	4330	5983	7238	8686	9754	10865
0:38:15	30.1	228	622	1172	1797	2338	2979	4398	5915	7196	8745	9898	10959
0:38:20	30.1	240	639	1151	1770	2330	2997	4342	5918	7213	8736	9859	10935
0:38:25	30.1	230	636	1189	1801	2333	2958	4327	5930	7270	8663	9831	10939
0:38:30	30.1	237	625	1166	1775	2344	2993	4424	5897	7199	8664	9730	10898
0:38:35	30.1	228	636	1153	1799	2336	2999	4367	5915	7194	8596	9821	10989
0:38:40	30.1	241	614	1167	1784	2326	3015	4289	5913	7224	8671	9823	10927
0:38:45	30.1	234	606	1175	1769	2328	3003	4391	5843	7233	8672	9922	10928
0:38:50	30.1	228	634	1165	1777	2358	2956	4346	5893	7185	8598	9736	10957
0:38:55	30.1	239	626	1177	1749	2332	3022	4401	5905	7305	8686	9718	10900
0:39:00	30.1	231	634	1144	1743	2314	2970	4357	5927	7213	8626	9727	10893
0:39:05	30.1	229	626	1173	1765	2329	2988	4314	5929	7184	8734	9740	11008
0:39:10	30.1	227	621	1139	1779	2342	3004	4296	5899	7214	8679	9703	10937
0:39:15	30.1	219	625	1138	1768	2328	3017	4356	5924	7204	8697	9805	10957
0:39:20	30.1	226	616	1165	1750	2345	2961	4277	5902	7226	8705	9833	10965
0:39:25	30.1	233	611	1172	1781	2316	2971	4334	5863	7127	8660	9824	10834
0:39:30	30.1	231	625	1164	1752	2319	3004	4311	5812	7210	8672	9812	10925
0:39:35	30.1	230	627	1149	1779	2322	3004	4365	5832	7177	8685	9717	10861
0:39:40	30.1	234	618	1155	1774	2332	2955	4332	5871	7195	8578	9668	10862
0:39:45	30.1	233	625	1159	1735	2344	2963	4336	5858	7247	8763	9771	10736
0:39:50	30.1	237	626	1162	1770	2335	2962	4348	5859	7239	8635	9659	10875
0:39:55	30.1	226	618	1150	1779	2311	3002	4280	5779	7124	8648	9710	10852
0:40:00	30.1	237	615	1164	1765	2318	2964	4317	5898	7200	8672	9706	10865
0:40:05	30.1	222	612	1137	1753	2307	3036	4382	5890	7076	8626	9711	10729
0:40:10	30.1	232	620	1147	1764	2327	3011	4270	5892	7192	8665	9737	10834
0:40:15	30.1	228	599	1166	1757	2304	2972	4329	5894	7120	8625	9728	10813
0:40:20	30.1	223	612	1158	1770	2325	2998	4307	5841	7181	8659	9727	10871
0:40:25	30.1	229	618	1143	1756	2297	2952	4345	5853	7151	8584	9769	10883
0:40:30	30.1	227	638	1156	1772	2332	2989	4338	5819	7084	8604	9634	10933
0:40:35	30.1	223	621	1146	1798	2329	2920	4262	5876	7204	8523	9736	10768
0:40:40	30.1	231	631	1155	1776	2328	2976	4337	5876	7106	8622	9695	10830
0:40:45	30.1	232	622	1157	1762	2311	2928	4301	5829	7131	8590	9699	10827
0:40:50	30.1	236	618	1158	1719	2316	2986	4286	5825	7212	8617	9713	10776
0:40:55	30.1	238	603	1148	1753	2312	2961	4231	5854	7151	8593	9654	10927
0:41:00	30.1	224	635	1143	1756	2266	2967	4314	5833	7050	8594	9686	10792
0:41:05	30.1	240	622	1165	1738	2306	2924	4312	5852	7089	8604	9725	10866
0:41:10	30.1	225	620	1140	1769	2277	2946	4292	5819	7066	8590	9594	10831
0:41:15	30.1	230	606	1135	1762	2296	2947	4257	5816	7075	8649	9692	10890
0:41:20	30.1	233	601	1144	1780	2283	2949	4249	5845	7058	8592	9536	10868
0:41:25	30.1	230	612	1154	1764	2277	2942	4240	5796	7069	8602	9760	10783
0:41:30	30.1	229	623	1156	1754	2317	2929	4230	5841	7113	8572	9712	10766
0:41:35	30.1	234	626	1154	1761	2299	2950	4259	5777	7076	8634	9628	10769
0:41:40	30.1	223	626	1156	1729	2256	2930	4218	5822	7119	8491	9616	10760
0:41:45	30.1	218	623	1147	1767	2265	2976	4301	5774	7085	8622	9615	10774
0:41:50	30.1	229	629	1178	1764	2245	2933	4265	5812	7034	8684	9644	10725
0:41:55	30.2	231	615	1128	1731	2275	2966	4270	5845	7040	8599	9703	10850
0:42:00	30.1	228	617	1157	1743	2281	2918	4277	5776	7043	8560	9654	10723
0:42:05	30.1	228	620	1108	1746	2284	2939	4309	5807	7120	8639	9584	10879
0:42:10	30.1	226	621	1124	1735	2305	2933	4274	5777	7164	8572	9629	10844
0:42:15	30.1	217	626	1138	1735	2255	2920	4228	5815	7087	8602	9739	10778
0:42:20	30.1	227	615	1134	1741	2264	2953	4302	5739	7023	8501	9548	10762
0:42:25	30.1	226	624	1136	1736	2304	2908	4272	5793	6945	8455	9723	10702
0:42:30	30.1	229	627	1151	1781	2253	2905	4266	5780	7089	8481	9548	10656
0:42:35	30.1	232	604	1136	1719	2268	2932	4246	5779	7023	8600	9633	10722
0:42:40	30.1	227	626	1121	1755	2323	2946	4258	5722	7086	8574	9597	10781
0:42:45	30.1	224	629	1152	1749	2247	2945	4246	5852	6977	8475	9603	10702
0:42:50	30.2	228	590	1144	1762	2259	2883	4229	5818	7057	8555	9611	10681
0:42:55	30.2	236	640	1147	1737	2250	2906	4241	5792	7136	8562	9557	10743
0:43:00	30.1	226	603	1116	1727	2267	2900	4232	5753	6996	8436	9613	10741
0:43:05	30.1	228	625	1142	1728	2266	2930	4220	5795	7034	8530	9538	10725
0:43:10	30.1	219	624	1142	1729	2251	2916	4197	5731	7093	8476	9573	10722
0:43:15	30.1	225	629	1113	1740	2253	2928	4221	5719	7089	8558	9636	10641
0:43:20	30.1	235	592	1137	1736	2254	2903	4223	5766	7059	8454	9601	10798
0:43:25	30.1	230	622	1151	1739	2272	2893	4234	5758	7014	8452	9686	10681
0:43:30	30.1	227	613	1140	1741	2264	2898	4191	5762	6985	8471	9597	10693
0:43:35	30.1	227	630	1126	1727	2249	2934	4285	5783	7010	8550	9648	10700
0:43:40	30.1	226	608	1123	1741	2291	2940	4198	5747	7058	8469	9564	10680
0:43:45	30.1	232	609	1146	1714	2286	2910	4200	5722	7061	8437	9532	10700
0:43:50	30.1	240	614	1133	1724	2279	2900	4253	5783	7051	8430	9618	10705
0:43:55	30.1	220	614	1135	1725	2272	2963	4284	5799	6948	8448	9506	10698
0:44:00	30.1	226	614	1154	1741	2272	2940	4193	5745	7040	8573	9637	10692
0:44:05	30.1	226	613	1164	1696	2287	2887	4227	5783	7047	8435	9579	10646
0:44:10	30.1	235	621	1148	1717	2272	2905	4175	5784	6969	8501	9555	10647
0:44:15	30.1	234	620	1138	1727	2242	2922	4219	5801	6962	8464	9527	10795
0:44:20	30.1	230	616	1140	1747	2215	2876	4210	5707	7024	8536	9607	10667
0:44:25	30.1	240	612	1119	1690	2280	2872	4192	5711	7046	8404	9628	10657
0:44:30	30.1	234	629	1138	1718	2241	2919	4243	5763	6945	8540	9493	10671
0:44:35	30.1	229	613	1132	1723	2253	2931	4218	5694	6997	8442	9551	10706
0:44:40	30.1	225	613	1127	1714	2213	2930	4224	5688	6943	8502	9567	10521
0:44:45	30.1	226	611	1147	1727	2203	2898	4207	5701	7014	8428	9515	10652
0:44:50	30.1	232	619	1120	1750	2279	2920	4193	5730	6946	8452	9553	10571
0:44:55	30.1	222	592	1136	1685	2205	2937	4184	5681	6978	8431	9472	10629
0:45:00	30.1	228	620	1123	1689	2201	2920	4223	5789	6928	8449	9405	10600
0:45:05	30.1	227	602	1142	1725	2237	2928	4236	5773	6978	8458	9559	10821
0:45:10	30.1	213	606	1115	1727	2235	2886	4231	5735	6927	8422	9485	10737
0:45:15	30.1	232	611	1131	1736	2200	2903	4199	5694	6949	8459	9495	10615
0:45:20	30.1	237	627	1125	1710	2256	2876	4192	5758	6928	8397	9556	10673
0:45:25	30.1	233	623	1129	1728	2247	2878	4165	5674	6952	8482	9489	10518
0:45:30	30.1	221	601	1090	1720	2242	2889	4160	5619	7022	8438	9469	10656
0:45:35	30.1	241	618	1137	1710	2218	2869	4194	5723	6963	8461	9484	10730
0:45:40	30.1	232	618	1135	1705	2243	2873	4216	5696	6985	8265	9500	10672
0:45:45	30.1	223	619	1117	1738	2227	2916	4190	5676	6889	8469	9585	10650
0:45:50	30.1	218	619	1127	1719	2238	2905	4180	5677	6940	8448	9592	10566
0:45:55	30.1	226	598	1155	1741	2243	2884	4194	5602	6915	8514	9472	10714
0:46:00	30.1	231	618	1097	1692	2229	2885	4175	5688	6964	8462	9502	10478
0:46:05	30.1	238	610	1113	1728	2196	2890	4173	5778	6997	8375	9464	10631
0:46:10	30.1	223	614	1143	1733	2218	2878	4178	5662	6984	8377	9421	10598
0:46:15	30.1	226	597	1104	1728	2272	2912	4189	5668	7004	8335	9468	10544
0:46:20	30.1	227	611	1123	1714	2233	2883	4190	5748	6954	8377	9388	10756
0:46:25	30.1	225	613	1134	1700	2259	2872	4158	5643	6924	8415	9450	10553
0:46:30	30.1	226	608	1116	1704	2229	2901	4152	5688	6928	8386	9415	10637
0:46:35	30.1	230	618	1138	1743	2259	2874	4149	5664	6882	8366	9586	10534
0:46:40	30.1	229	614	1136	1710	2237	2880	4165	5704	6921	8264	9405	10593
0:46:45	30.1	229	602	1123	1701	2203	2887	4128	5719	6992	8354	9397	10516
0:46:50	30.1	228	620	1145	1692	2211	2875	4137	5685	6937	8304	9472	10487
0:46:55	30.1	225	622	1112	1694	2213	2873	4112	5676	6870	8352	9472	10579
0:47:00	30.1	223	593	1116	1750	2218	2885	4151	5607	6934	8360	9454	10517
0:47:05	30.1	232	606	1126	1719	2226	2872	4176	5666	6935	8315	9495	10630
0:47:10	30.1	236	614	1131	1728	2209	2847	4124	5679	6871	8488	9498	10672
0:47:15	30.1	223	597	1127	1691	2215	2902	4194	5650	6917	8400	9493	10441
0:47:20	30.1	234	615	1119	1697	2225	2839	4112	5674	6993	8417	9337	10507
0:47:25	30.1	214	609	1119	1694	2233	2851	4175	5649	6902	8377	9473	10542
0:47:30	30.1	222	602	1111	1700	2263	2868	4194	5633	6888	8430	9446	10396
0:47:35	30.1	232	622	1130	1729	2212	2913	4137	5606	6909	8456	9465	10560
0:47:40	30.1	239	585	1125	1722	2225	2827	4140	5681	6887	8299	9476	10611
0:47:45	30.1	230	614	1139	1682	2194	2873	4114	5657	6937	8388	9445	10567
0:47:50	30.1	223	603	1090	1688	2206	2883	4157	5601	6885	8333	9486	10559
0:47:55	30.1	229	612	1137	1729	2179	2852	4191	5630	6938	8348	9493	10501
0:48:00	30.1	233	607	1117	1699	2220	2843	4137	5601	6883	8377	9411	10557
0:48:05	30.1	222	613	1116	1709	2254	2884	4119	5601	6884	8478	9432	10487
0:48:10	30.1	231	614	1103	1719	2212	2876	4153	5698	6914	8319	9392	10570
0:48:15	30.1	225	608	1131	1687	2198	2877	4141	5640	6869	8294	9393	10553
0:48:20	30.1	231	609	1141	1727	2182	2860	4129	5611	6868	8355	9372	10547
0:48:25	30.1	233	605	1126	1671	2260	2859	4087	5616	6956	8343	9420	10459
0:48:30	30.1	235	610	1120	1704	2220	2826	4158	5633	6938	8348	9326	10561
0:48:35	30.1	231	602	1105	1708	2190	2862	4144	5668	6856	8324	9359	10375
0:48:40	30.1	221	596	1136	1681	2217	2895	4116	5653	6904	8335	9325	10534
0:48:45	30.1	224	601	1111	1705	2214	2829	4138	5547	6962	8364	9395	10437
0:48:50	30.1	240	623	1121	1698	2220	2850	4154	5629	6929	8317	9410	10452
0:48:55	30.1	234	605	1097	1659	2214	2838	4142	5635	6908	8226	9356	10445
0:49:00	30.1	227	622	1091	1682	2241	2836	4095	5652	6867	8341	9322	10479
0:49:05	30.1	227	618	1120	1708	2200	2817	4135	5603	6856	8286	9413	10532
0:49:10	30.1	223	593	1102	1687	2229	2856	4152	5585	6852	8224	9320	10545
0:49:15	30.1	213	599	1123	1672	2187	2853	4147	5656	6828	8379	9436	10465
0:49:20	30.1	224	605	1107	1696	2195	2849	4165	5641	6859	8295	9316	10492
0:49:25	30.1	219	614	1111	1708	2225	2841	4100	5666	6893	8369	9304	10478
0:49:30	30.1	234	599	1117	1673	2209	2856	4106	5611	6863	8321	9226	10577
0:49:35	30.1	230	612	1116	1676	2186	2866	4082	5616	6796	8258	9347	10550
0:49:40	30.1	230	604	1134	1680	2183	2809	4096	5597	6852	8259	9368	10403
0:49:45	30.1	225	614	1112	1691	2141	2833	4086	5645	6824	8166	9307	10469
0:49:50	30.1	227	610	1138	1715	2194	2824	4123	5564	6836	8275	9437	10529
0:49:55	30.1	227	610	1115	1701	2185	2836	4108	5565	6870	8279	9404	10458
0:50:00	30.1	227	608	1131	1701	2193	2865	4101	5615	6788	8227	9395	10410
0:50:05	30.1	228	598	1096	1671	2186	2821	4182	5657	6857	8346	9385	10434
0:50:10	30.1	231	604	1111	1666	2187	2876	4144	5667	6836	8287	9265	10397
0:50:15	30.1	236	620	1111	1670	2197	2812	4178	5585	6899	8288	9284	10327
0:50:20	30.1	226	598	1112	1689	2205	2842	4089	5592	6851	8211	9347	10315
0:50:25	30.1	236	623	1122	1670	2189	2769	4071	5591	6825	8250	9284	10493
0:50:30	30.1	232	610	1131	1667	2208	2827	4119	5644	6859	8248	9342	10372
0:50:35	30.1	232	598	1111	1680	2228	2846	4112	5588	6796	8276	9322	10433
0:50:40	30.1	230	609	1137	1669	2219	2811	4082	5648	6861	8193	9265	10377
0:50:45	30.1	229	596	1123	1688	2193	2812	4114	5587	6829	8277	9405	10414
0:50:50	30.1	229	591	1108	1677	2171	2867	4145	5635	6797	8337	9269	10394
0:50:55	30.1	231	602	1110	1662	2212	2885	4074	5564	6804	8219	9256	10402
0:51:00	30.1	231	595	1122	1666	2198	2792	4152	5555	6839	8321	9363	10415
0:51:05	30.1	224	615	1094	1699	2162	2818	4102	5565	6893	8220	9369	10472
0:51:10	30.1	228	599	1124	1705	2183	2812	4103	5584	6788	8209	9306	10371
0:51:15	30.1	229	615	1131	1671	2155	2842	4059	5534	6784	8192	9336	10392
0:51:20	30.1	234	603	1138	1667	2220	2811	4100	5590	6830	8181	9336	10387
0:51:25	30.1	221	598	1120	1653	2199	2847	4079	5579	6781	8207	9268	10416
0:51:30	30.1	216	604	1105	1691	2178	2828	4113	5575	6813	8308	9191	10381
0:51:35	30.1	218	601	1110	1700	2190	2808	4058	5529	6814	8308	9294	10392
0:51:40	30.1	216	590	1116	1680	2166	2813	4138	5593	6733	8267	9231	10528
0:51:45	30.1	230	598	1115	1664	2198	2823	4114	5543	6839	8179	9279	10383
0:51:50	30.1	229	603	1123	1684	2201	2791	4126	5530	6804	8196	9232	10302
0:51:55	30.1	220	606	1131	1694	2177	2762	4106	5605	6818	8172	9260	10318
0:52:00	30.1	224	584	1119	1643	2188	2794	4116	5595	6808	8233	9364	10374
0:52:05	30.1	221	609	1116	1681	2209	2812	4128	5569	6761	8226	9291	10427
0:52:10	30.1	219	604	1104	1674	2185	2806	4074	5547	6828	8241	9204	10314
0:52:15	30.1	223	588	1114	1699	2195	2807	4046	5529	6750	8165	9335	10258
0:52:20	30.1	218	614	1114	1654	2168	2814	4119	5570	6764	8265	9197	10420
0:52:25	30.1	228	601	1104	1659	2190	2820	4074	5562	6786	8195	9191	10427
0:52:30	30.1	223	605	1166	1676	2162	2832	4106	5592	6801	8253	9228	10453
0:52:35	30.1	227	611	1108	1669	2141	2812	4031	5530	6750	8273	9247	10378
0:52:40	30.1	230	611	1101	1659	2170	2756	4057	5471	6754	8271	9334	10315
0:52:45	30.1	232	594	1092	1671	2180	2821	4041	5602	6867	8168	9245	10322
0:52:50	30.1	229	595	1105	1631	2185	2806	4034	5577	6744	8216	9260	10348
0:52:55	30.1	222	614	1093	1665	2150	2845	4028	5555	6760	8263	9354	10279
0:53:00	30.1	234	623	1110	1680	2169	2827	4039	5505	6725	8162	9332	10289
0:53:05	30.1	223	599	1074	1693	2192	2833	4028	5491	6820	8242	9311	10421
0:53:10	30.1	228	589	1132	1672	2194	2791	4068	5541	6747	8282	9241	10293
0:53:15	30.1	230	611	1129	1695	2180	2827	4042	5545	6737	8111	9172	10263
0:53:20	30.1	240	607	1087	1651	2162	2807	4075	5638	6735	8179	9175	10351
0:53:25	30.1	219	598	1104	1661	2191	2803	4034	5549	6691	8270	9223	10404
0:53:30	30.1	222	602	1109	1657	2202	2802	3993	5564	6744	8185	9257	10314
0:53:35	30.1	219	620	1138	1686	2158	2764	4045	5535	6671	8171	9142	10297
0:53:40	30.1	218	584	1115	1653	2169	2782	4004	5453	6781	8227	9211	10357
0:53:45	30.1	222	592	1097	1695	2177	2762	4001	5479	6782	8117	9163	10305
0:53:50	30.1	226	602	1109	1684	2158	2798	4061	5486	6770	8210	9177	10282
0:53:55	30.1	232	615	1097	1630	2154	2804	4048	5556	6750	8198	9140	10322
0:54:00	30.1	231	590	1118	1673	2186	2812	4060	5501	6702	8144	9265	10194
0:54:05	30.1	224	599	1103	1654	2149	2783	4091	5532	6811	8172	9222	10296
0:54:10	30.1	240	597	1100	1671	2129	2791	4044	5505	6786	8159	9230	10238
0:54:15	30.1	223	615	1081	1668	2169	2796	3996	5495	6713	8242	9149	10231
0:54:20	30.1	224	597	1099	1673	2164	2771	3999	5522	6717	8188	9150	10235
0:54:25	30.1	229	608	1102	1641	2157	2783	4096	5487	6714	8063	9206	10318
0:54:30	30.1	224	602	1103	1685	2178	2790	4052	5549	6796	8111	9226	10294
0:54:35	30.1	232	601	1130	1682	2155	2794	4015	5529	6785	8137	9248	10155
0:54:40	30.1	231	590	1094	1625	2138	2794	4086	5448	6709	8140	9124	10372
0:54:45	30.1	230	605	1118	1646	2168	2783	4039	5513	6676	8235	9160	10256
0:54:50	30.1	225	607	1106	1631	2139	2829	3996	5525	6702	8076	9164	10219
0:54:55	30.1	228	611	1094	1653	2165	2773	3996	5435	6792	8194	9188	10243
0:55:00	30.1	221	594	1111	1641	2177	2756	4075	5436	6679	8128	9198	10215
0:55:05	30.1	223	608	1094	1667	2145	2783	4011	5432	6732	8217	9166	10362
0:55:10	30.1	220	612	1102	1628	2175	2790	3990	5505	6699	8098	9281	10222
0:55:15	30.1	220	587	1112	1643	2126	2776	4076	5456	6662	8110	9227	10279
0:55:20	30.1	219	603	1112	1651	2148	2763	4056	5467	6778	8145	9143	10187
0:55:25	30.1	230	601	1097	1665	2163	2779	4027	5483	6778	8158	9136	10242
0:55:30	30.1	219	587	1079	1661	2137	2758	4074	5505	6723	8110	9195	10274
0:55:35	30.1	221	588	1098	1663	2167	2795	3989	5478	6662	8123	9183	10230
0:55:40	30.1	221	598	1097	1631	2161	2778	4011	5511	6746	8088	9066	10198
0:55:45	30.1	228	596	1093	1622	2156	2759	4012	5487	6621	8056	9118	10258
0:55:50	30.1	235	600	1083	1650	2160	2819	4021	5466	6715	8163	9271	10278
0:55:55	30.1	235	600	1094	1697	2162	2825	4007	5468	6684	8194	9189	10288
0:56:00	30.1	235	608	1101	1639	2140	2757	4090	5464	6686	8097	9200	10141
0:56:05	30.1	225	586	1119	1650	2162	2739	4013	5503	6643	8049	9096	10240
0:56:10	30.1	231	612	1060	1667	2144	2763	4012	5505	6694	8097	9194	10080
0:56:15	30.1	222	599	1098	1649	2163	2810	3994	5537	6760	8121	9153	10229
0:56:20	30.1	221	588	1087	1660	2128	2788	3982	5506	6755	8142	9220	10288
0:56:25	30.1	227	605	1112	1702	2121	2737	3944	5465	6689	8137	9174	10316
0:56:30	30.1	230	597	1106	1654	2119	2748	4003	5489	6683	8046	9183	10282
0:56:35	30.1	218	599	1091	1671	2178	2775	4014	5483	6723	8110	9157	10286
0:56:40	30.1	228	602	1108	1634	2176	2797	3968	5400	6687	8056	9112	10268
0:56:45	30.1	224	595	1094	1634	2150	2802	4042	5456	6668	8155	9159	10103
0:56:50	30.1	212	603	1110	1647	2111	2728	4026	5476	6680	8080	9155	10207
0:56:55	30.1	224	589	1091	1654	2128	2783	4039	5409	6629	8087	9128	10185
0:57:00	30.1	223	595	1104	1650	2152	2736	3987	5438	6692	8039	9147	10269
0:57:05	30.1	231	606	1092	1643	2196	2732	4041	5442	6727	8027	9120	10312
0:57:10	30.1	217	594	1093	1632	2116	2736	3987	5513	6743	8058	9101	10234
0:57:15	30.1	223	593	1097	1624	2130	2768	3956	5446	6643	8062	9157	10167
0:57:20	30.1	216	607	1091	1644	2162	2793	3977	5450	6717	8015	9209	10121
0:57:25	30.1	226	600	1097	1667	2154	2752	3991	5462	6725	8064	9159	10087
0:57:30	30.1	221	597	1104	1659	2124	2727	4049	5466	6699	8086	9052	10171
0:57:35	30.1	222	592	1093	1638	2143	2740	4025	5442	6700	8031	9081	10177
0:57:40	30.1	221	593	1071	1641	2098	2755	3985	5450	6665	8092	9067	10140
0:57:45	30.1	236	607	1100	1625	2132	2717	4050	5429	6642	7995	9133	10188
0:57:50	30.1	228	593	1076	1658	2157	2776	4013	5480	6661	8099	9122	10192
0:57:55	30.1	221	588	1078	1644	2131	2758	4007	5408	6682	8110	9159	10180
0:58:00	30.1	214	590	1066	1645	2163	2752	4005	5388	6740	8060	9029	10163
0:58:05	30.1	215	585	1103	1634	2109	2733	4014	5420	6589	8069	9038	10139
0:58:10	30.1	229	587	1094	1658	2124	2788	3975	5455	6576	7992	9121	10091
0:58:15	30.1	217	586	1092	1625	2137	2777	3985	5410	6668	8070	9126	10153
0:58:20	30.1	221	590	1087	1616	2143	2757	3982	5440	6683	8120	9027	10224
0:58:25	30.1	230	586	1084	1641	2113	2745	4005	5415	6608	7973	9128	10152
0:58:30	30.1	215	599	1093	1629	2131	2749	3932	5398	6670	8132	9190	10272
0:58:35	30.1	231	598	1089	1638	2156	2747	3961	5438	6720	8032	9028	10175
0:58:40	30.1	240	613	1085	1649	2146	2734	3963	5452	6657	8182	9048	10113
0:58:45	30.1	228	596	1091	1611	2122	2764	3991	5439	6587	8011	9020	10184
0:58:50	30.1	231	612	1085	1629	2174	2761	3989	5450	6648	7952	8995	10158
0:58:55	30.1	221	584	1120	1667	2126	2732	3989	5407	6598	8110	9128	10145
0:59:00	30.1	232	600	1105	1618	2155	2740	4007	5419	6616	8031	9097	10159
0:59:05	30.1	226	600	1087	1646	2133	2714	3967	5417	6645	8074	9112	10164
0:59:10	30.1	229	580	1085	1657	2155	2759	3960	5434	6528	8078	9082	10062
0:59:15	30.1	231	579	1111	1639	2151	2749	4005	5408	6600	8096	9053	10099
0:59:20	30.1	220	600	1118	1654	2147	2724	4016	5462	6638	8022	9020	10103
0:59:25	30.1	218	584	1069	1628	2132	2742	4020	5407	6593	7980	9016	10066
0:59:30	30.1	225	579	1109	1628	2134	2742	3990	5388	6692	8048	9104	10187
0:59:35	30.1	218	605	1085	1655	2126	2724	3966	5417	6599	8005	9076	10099
0:59:40	30.1	222	593	1116	1642	2122	2730	3942	5439	6566	7965	8972	10174
0:59:45	30.1	223	604	1098	1647	2121	2734	3954	5400	6622	7936	9083	10102
0:59:50	30.1	222	597	1064	1643	2116	2711	4012	5443	6584	7982	9027	10117
0:59:55	30.1	229	601	1106	1608	2115	2734	3978	5396	6616	8062	9057	10144
1:00:00	30.1	222	606	1080	1633	2103	2701	3968	5381	6639	8031	9070	10089
1:00:05	30.1	231	583	1102	1623	2127	2743	3976	5415	6595	8050	9074	10083
1:00:10	30.1	219	585	1116	1656	2122	2747	3937	5430	6563	8008	9009	10076
1:00:15	30.1	221	601	1089	1614	2118	2716	3923	5405	6547	7994	9022	10017
1:00:20	30.1	221	600	1082	1631	2122	2709	3922	5407	6592	7940	9026	10036
1:00:25	30.1	224	586	1076	1632	2137	2739	3989	5407	6613	7953	9041	10095
1:00:30	30.1	223	599	1101	1607	2127	2715	3972	5426	6636	8051	8929	10124
1:00:35	30.1	221	582	1106	1637	2148	2747	3996	5385	6604	7992	9066	10154
1:00:40	30.1	231	603	1090	1665	2089	2725	3916	5453	6631	7936	9019	10088
1:00:45	30.1	235	580	1078	1642	2131	2710	3919	5392	6569	7999	9006	10063
1:00:50	30.1	220	598	1098	1648	2117	2707	4001	5332	6581	7980	9001	10072
1:00:55	30.1	230	594	1117	1609	2139	2698	3934	5342	6563	7975	9084	10100
1:01:00	30.1	226	596	1092	1639	2121	2724	3959	5465	6591	7986	8909	10042
1:01:05	30.1	227	591	1078	1652	2145	2715	3882	5385	6606	7968	9038	10130
1:01:10	30.1	225	564	1069	1612	2107	2758	3930	5368	6548	7982	9130	10114
1:01:15	30.1	233	600	1088	1663	2107	2718	3974	5386	6572	7972	8948	9955
1:01:20	30.1	224	595	1079	1637	2126	2715	3956	5420	6598	8011	9042	10161
1:01:25	30.1	231	605	1102	1640	2104	2714	3910	5346	6566	8009	9034	10023
1:01:30	30.1	221	607	1090	1634	2137	2730	3958	5364	6615	7975	8961	10089
1:01:35	30.1	214	583	1088	1631	2134	2651	3962	5362	6567	7966	8960	10056
1:01:40	30.1	225	628	1070	1639	2144	2749	3972	5345	6616	7964	8939	10031
1:01:45	30.1	233	594	1054	1613	2132	2741	3946	5401	6530	8005	9008	10073
1:01:50	30.1	223	597	1102	1628	2183	2718	3940	5338	6574	8059	8955	10031
1:01:55	30.1	222	579	1083	1654	2138	2694	3935	5350	6557	7950	8941	10075
1:02:00	30.1	220	590	1088	1624	2097	2723	3922	5357	6536	7945	8956	10102
1:02:05	30.1	223	598	1094	1632	2123	2715	3913	5345	6559	7991	8933	10103
1:02:10	30.1	224	610	1088	1637	2115	2696	3958	5399	6583	7929	9013	10027
1:02:15	30.1	229	606	1107	1624	2122	2732	3891	5282	6460	8045	8943	9945
1:02:20	30.1	213	575	1089	1624	2136	2699	3932	5370	6503	7974	8925	9948
1:02:25	30.1	218	584	1072	1607	2136	2700	3857	5381	6520	8029	9044	10026
1:02:30	30.1	215	593	1075	1624	2120	2696	3864	5363	6574	7966	8999	9997
1:02:35	30.1	236	598	1078	1615	2114	2689	3938	5383	6573	7949	9023	9978
1:02:40	30.1	224	582	1081	1629	2097	2739	3957	5362	6521	7930	8957	10038
1:02:45	30.1	218	596	1081	1600	2123	2686	3887	5324	6585	7863	8953	10042
1:02:50	30.1	230	607	1084	1585	2093	2739	3952	5338	6590	7964	8907	10077
1:02:55	30.1	232	594	1070	1630	2106	2707	3901	5282	6533	7909	8979	9931
1:03:00	30.1	229	604	1075	1615	2103	2705	3864	5377	6557	7979	9014	9990
1:03:05	30.1	227	588	1109	1649	2092	2708	3916	5391	6547	7896	8952	9988
1:03:10	30.1	220	588	1104	1626	2116	2704	3909	5375	6518	7941	9016	9999
1:03:15	30.1	224	590	1067	1617	2114	2710	3948	5301	6594	7874	8929	10007
1:03:20	30.1	221	595	1080	1634	2057	2692	3908	5298	6599	7964	9002	9980
1:03:25	30.1	232	593	1080	1623	2115	2726	3876	5354	6553	7910	8923	10031
1:03:30	30.1	224	584	1094	1642	2102	2700	3871	5350	6543	7940	8925	9981
1:03:35	30.1	216	586	1062	1621	2128	2691	3912	5343	6581	7944	8942	10009
1:03:40	30.1	226	593	1104	1630	2097	2684	3915	5376	6597	7951	8968	10029
1:03:45	30.1	224	603	1072	1632	2088	2683	3925	5336	6448	7886	8854	10034
1:03:50	30.1	221	576	1074	1607	2099	2705	3931	5334	6509	7844	8990	10073
1:03:55	30.1	214	581	1074	1617	2124	2705	3913	5360	6512	7900	8941	10013
1:04:00	30.1	221	595	1072	1613	2097	2741	3960	5310	6512	7941	8938	10050
1:04:05	30.1	214	616	1090	1638	2125	2665	3882	5338	6499	7823	8948	9941
1:04:10	30.1	220	599	1079	1611	2109	2707	3895	5347	6489	7891	8991	10001
1:04:15	30.1	217	581	1089	1602	2091	2715	3921	5297	6509	7881	8994	9994
1:04:20	30.1	229	592	1076	1605	2057	2680	3897	5314	6478	7945	9007	9927
1:04:25	30.1	229	592	1062	1616	2096	2669	3967	5275	6529	7878	8977	10007
1:04:30	30.1	222	589	1123	1632	2095	2680	3874	5311	6545	7970	8925	9999
1:04:35	30.1	217	599	1080	1591	2118	2674	3890	5360	6567	7973	8908	9943
1:04:40	30.1	229	593	1086	1611	2109	2704	3867	5298	6535	7948	8958	9949
1:04:45	30.1	228	589	1047	1612	2092	2728	3925	5339	6485	7864	8858	9903
1:04:50	30.1	220	578	1086	1642	2101	2711	3882	5314	6496	7904	8927	9895
1:04:55	30.1	217	587	1070	1612	2096	2743	3898	5279	6510	7917	8878	9906
1:05:00	30.1	225	596	1083	1615	2082	2717	3876	5332	6480	7861	8901	9877
1:05:05	30.1	223	589	1064	1613	2104	2710	3895	5269	6535	7850	9009	9858
1:05:10	30.1	224	598	1070	1621	2126	2711	3876	5258	6401	7901	8903	9956
1:05:15	30.1	224	591	1088	1603	2116	2700	3924	5254	6524	7857	8860	10017
1:05:20	30.1	233	594	1080	1642	2092	2691	3878	5329	6492	7874	8783	10049
1:05:25	30.1	222	587	1093	1622	2075	2672	3878	5266	6466	7837	8891	9943
1:05:30	30.1	235	580	1087	1629	2130	2647	3916	5326	6458	7870	8899	9948
1:05:35	30.1	219	592	1090	1571	2093	2687	3832	5340	6515	7864	8932	9988
1:05:40	30.1	226	580	1093	1633	2108	2666	3893	5304	6513	7974	8908	9929
1:05:45	30.1	221	597	1087	1597	2085	2730	3870	5312	6475	7899	8898	9975
1:05:50	30.1	225	579	1073	1622	2105	2675	3883	5300	6485	7904	8939	9998
1:05:55	30.1	221	572	1068	1609	2103	2709	3909	5301	6489	7918	8928	9937
1:06:00	30.1	220	572	1081	1582	2091	2676	3868	5301	6487	7841	8846	9864
1:06:05	30.1	219	575	1081	1645	2120	2688	3854	5264	6550	7793	8839	9924
1:06:10	30.1	227	582	1072	1589	2101	2692	3905	5329	6470	7911	8833	9875
1:06:15	30.1	227	595	1083	1600	2100	2671	3885	5230	6447	7777	8869	9914
1:06:20	30.1	235	585	1053	1620	2081	2675	3832	5326	6438	7919	8858	9856
1:06:25	30.1	219	598	1078	1626	2107	2724	3878	5277	6421	7932	8841	9929
1:06:30	30.1	222	607	1100	1659	2098	2690	3866	5311	6495	7855	8915	9914
1:06:35	30.1	226	586	1080	1608	2072	2677	3857	5265	6445	7900	8811	9985
1:06:40	30.1	217	600	1073	1618	2090	2662	3833	5356	6508	7888	8819	9956
1:06:45	30.1	218	593	1072	1612	2086	2708	3889	5248	6538	7855	8894	9867
1:06:50	30.1	220	574	1081	1608	2075	2675	3855	5305	6507	7803	8883	9862
1:06:55	30.1	221	575	1086	1620	2078	2707	3897	5286	6430	7887	8783	9917
1:07:00	30.1	224	573	1089	1596	2127	2699	3879	5283	6387	7857	8805	9895
1:07:05	30.1	222	588	1057	1592	2082	2681	3860	5294	6476	7781	8866	9782
1:07:10	30.0	218	572	1063	1618	2109	2680	3866	5218	6501	7886	8769	10005
1:07:15	30.1	234	610	1092	1604	2101	2679	3854	5243	6405	7827	8882	9874
1:07:20	30.1	235	613	1073	1612	2078	2693	3898	5247	6515	7836	8842	9942
1:07:25	30.0	216	588	1109	1606	2053	2707	3861	5280	6471	7858	8832	9929
1:07:30	30.1	217	599	1072	1650	2078	2715	3872	5301	6458	7805	8895	9837
1:07:35	30.1	229	603	1062	1614	2095	2693	3816	5236	6500	7883	8828	9876
1:07:40	30.1	215	592	1082	1591	2087	2662	3821	5252	6451	7764	8885	9853
1:07:45	30.1	218	580	1076	1596	2078	2722	3859	5235	6482	7885	8805	9904
1:07:50	30.1	216	598	1064	1593	2087	2651	3846	5308	6476	7788	8839	9882
1:07:55	30.0	232	599	1071	1603	2060	2700	3934	5270	6485	7792	8771	9938
1:08:00	30.1	227	595	1046	1609	2100	2678	3840	5278	6404	7825	8811	9839
1:08:05	30.1	226	585	1083	1586	2046	2716	3865	5270	6409	7849	8827	9906
1:08:10	30.0	211	589	1074	1597	2058	2650	3846	5248	6475	7769	8830	9853
1:08:15	30.1	214	569	1070	1609	2068	2656	3829	5235	6384	7827	8861	9836
1:08:20	30.1	218	592	1083	1602	2074	2671	3872	5274	6410	7747	8837	9867
1:08:25	30.1	214	580	1085	1637	2061	2665	3862	5311	6437	7815	8816	9817
1:08:30	30.1	219	577	1080	1617	2087	2684	3812	5236	6462	7790	8801	9862
1:08:35	30.1	218	594	1051	1593	2059	2675	3868	5236	6465	7734	8845	9890
1:08:40	30.0	212	594	1077	1621	2086	2671	3888	5281	6412	7831	8791	9774
1:08:45	30.1	219	591	1064	1584	2103	2618	3847	5274	6464	7777	8832	9886
1:08:50	30.1	222	580	1060	1588	2095	2672	3889	5289	6406	7844	8751	9847
1:08:55	30.1	220	588	1062	1581	2083	2680	3855	5223	6428	7794	8820	9885
1:09:00	30.0	223	584	1069	1592	2059	2668	3789	5329	6471	7776	8892	9854
1:09:05	30.1	226	572	1067	1583	2072	2664	3883	5234	6459	7746	8863	9842
1:09:10	30.1	218	572	1070	1606	2094	2640	3874	5293	6407	7728	8764	9872
1:09:15	30.1	213	589	1053	1612	2088	2688	3853	5246	6434	7841	8750	9824
1:09:20	30.1	233	590	1082	1582	2080	2693	3882	5194	6408	7786	8793	9857
1:09:25	30.0	222	572	1052	1600	2051	2683	3874	5275	6410	7878	8826	9810
1:09:30	30.1	222	570	1063	1596	2106	2686	3858	5266	6391	7828	8857	9776
1:09:35	30.1	218	585	1079	1606	2091	2654	3839	5245	6417	7763	8827	9765
1:09:40	30.1	218	586	1072	1576	2083	2687	3823	5209	6417	7824	8730	9864
1:09:45	30.0	225	603	1081	1589	2101	2639	3841	5264	6383	7847	8826	9853
1:09:50	30.1	208	591	1092	1591	2096	2686	3803	5205	6369	7757	8770	9858
1:09:55	30.1	231	598	1064	1595	2062	2678	3908	5287	6414	7809	8794	9810
1:10:00	30.1	229	598	1069	1578	2067	2668	3850	5286	6401	7761	8761	9767
1:10:05	30.1	219	596	1071	1582	2051	2676	3812	5195	6400	7814	8808	9825
1:10:10	30.1	217	574	1053	1594	2082	2632	3838	5303	6398	7809	8760	9842
1:10:15	30.1	222	600	1072	1604	2084	2642	3826	5262	6438	7737	8798	9866
1:10:20	30.1	221	582	1079	1566	2047	2658	3832	5255	6394	7817	8811	9817
1:10:25	30.1	221	584	1060	1628	2051	2678	3867	5273	6357	7795	8801	9834
1:10:30	30.1	210	586	1057	1584	2056	2639	3876	5217	6393	7829	8755	9797
1:10:35	30.1	223	594	1058	1596	2049	2632	3856	5207	6367	7716	8759	9767
1:10:40	30.1	222	575	1073	1572	2043	2657	3848	5287	6403	7701	8720	9836
1:10:45	30.1	236	590	1049	1623	2053	2658	3840	5237	6446	7806	8692	9889
1:10:50	30.1	210	575	1055	1597	2072	2655	3814	5266	6383	7735	8847	9797
1:10:55	30.1	213	595	1083	1595	2063	2667	3856	5173	6376	7725	8726	9833
1:11:00	30.1	231	585	1079	1591	2079	2674	3821	5256	6476	7703	8776	9794
1:11:05	30.1	222	607	1089	1580	2048	2641	3854	5241	6381	7750	8747	9752
1:11:10	30.1	220	579	1058	1603	2061	2646	3861	5229	6492	7780	8687	9907
1:11:15	30.1	218	600	1078	1575	2029	2655	3805	5256	6373	7711	8721	9798
1:11:20	30.1	209	595	1063	1619	2077	2676	3829	5247	6429	7726	8778	9812
1:11:25	30.0	230	597	1081	1605	2086	2656	3854	5253	6399	7746	8741	9713
1:11:30	30.1	231	583	1069	1608	2078	2624	3806	5194	6397	7634	8834	9751
1:11:35	30.0	214	594	1074	1624	2064	2656	3855	5237	6376	7691	8727	9781
1:11:40	30.1	211	591	1084	1577	2029	2637	3823	5211	6386	7724	8735	9805
1:11:45	30.1	213	616	1073	1610	2060	2658	3846	5208	6405	7800	8771	9651
1:11:50	30.1	219	591	1082	1590	2060	2628	3861	5156	6422	7778	8721	9647
1:11:55	30.1	227	575	1068	1609	2048	2687	3839	5219	6374	7754	8756	9767
1:12:00	30.1	221	598	1057	1589	2030	2637	3831	5246	6356	7746	8762	9841
1:12:05	30.1	215	581	1073	1576	2069	2665	3838	5237	6401	7683	8808	9805
1:12:10	30.0	234	572	1060	1570	2063	2650	3812	5184	6348	7788	8752	9749
1:12:15	30.1	220	574	1061	1621	2092	2636	3824	5195	6371	7738	8709	9771
1:12:20	30.1	229	572	1046	1577	2053	2654	3784	5230	6422	7775	8754	9663
1:12:25	30.0	222	580	1066	1596	2056	2675	3869	5167	6342	7762	8718	9727
1:12:30	30.1	218	595	1071	1579	2084	2702	3837	5158	6362	7665	8756	9757
1:12:35	30.1	225	587	1089	1604	2047	2651	3775	5179	6370	7778	8671	9719
1:12:40	30.1	211	588	1076	1578	2066	2629	3795	5168	6425	7721	8760	9842
1:12:45	30.1	225	581	1075	1575	2065	2674	3789	5159	6329	7738	8620	9774
1:12:50	30.1	230	584	1071	1605	2067	2633	3817	5195	6264	7774	8720	9755
1:12:55	30.1	228	598	1074	1615	2061	2683	3797	5221	6412	7712	8675	9730
1:13:00	30.0	227	607	1096	1595	2065	2607	3773	5171	6323	7716	8738	9755
1:13:05	30.1	219	593	1054	1589	2086	2650	3802	5244	6369	7757	8712	9751
1:13:10	30.0	225	580	1067	1564	2061	2625	3831	5173	6279	7658	8740	9708
1:13:15	30.0	218	592	1085	1587	2040	2612	3862	5173	6330	7721	8659	9707
1:13:20	30.1	227	599	1081	1586	2088	2642	3812	5189	6382	7672	8708	9625
1:13:25	30.1	211	596	1076	1586	2059	2677	3824	5217	6318	7682	8695	9731
1:13:30	30.1	227	593	1065	1588	2062	2654	3798	5191	6385	7723	8676	9739
1:13:35	30.1	224	588	1065	1612	2038	2638	3820	5187	6260	7736	8679	9676
1:13:40	30.1	235	582	1061	1582	2034	2656	3739	5255	6278	7699	8666	9688
1:13:45	30.1	229	585	1068	1562	2046	2666	3803	5214	6312	7734	8710	9709
1:13:50	30.0	212	579	1066	1562	2065	2650	3775	5199	6413	7715	8674	9747
1:13:55	30.0	224	589	1050	1585	2069	2609	3858	5241	6374	7747	8597	9606
1:14:00	30.1	226	579	1068	1572	2029	2604	3776	5208	6289	7674	8666	9721
1:14:05	30.1	207	592	1068	1560	2061	2643	3817	5101	6326	7626	8627	9701
1:14:10	30.1	212	585	1063	1571	2096	2642	3815	5194	6320	7673	8687	9619
1:14:15	30.1	212	583	1078	1571	2020	2632	3812	5146	6283	7689	8658	9784
1:14:20	30.1	230	592	1080	1599	2020	2621	3756	5208	6298	7694	8682	9708
1:14:25	30.1	218	589	1054	1600	2039	2632	3837	5177	6327	7673	8684	9714
1:14:30	30.1	225	564	1084	1601	2074	2617	3743	5180	6367	7645	8629	9770
1:14:35	30.1	222	593	1070	1585	2041	2631	3813	5195	6347	7690	8629	9770
1:14:40	30.1	215	597	1078	1570	2060	2647	3789	5134	6279	7687	8669	9728
1:14:45	30.1	222	575	1060	1584	2080	2614	3790	5198	6362	7670	8699	9757
1:14:50	30.1	225	584	1047	1571	2054	2611	3773	5172	6277	7677	8663	9624
1:14:55	30.1	218	592	1060	1576	2091	2611	3799	5213	6375	7671	8690	9671
1:15:00	30.1	225	567	1049	1578	2042	2638	3806	5174	6370	7692	8638	9707
1:15:05	30.1	222	585	1069	1556	2035	2661	3783	5156	6308	7641	8657	9649
1:15:10	30.1	218	591	1052	1596	2066	2610	3773	5137	6365	7613	8718	9668
1:15:15	30.1	214	606	1079	1591	2081	2582	3832	5182	6301	7700	8652	9648
1:15:20	30.1	218	594	1046	1577	2027	2650	3769	5166	6329	7726	8627	9775
1:15:25	30.0	205	587	1067	1587	2042	2624	3762	5178	6272	7656	8605	9659
1:15:30	30.0	223	581	1091	1592	2028	2633	3752	5189	6343	7572	8651	9715
1:15:35	30.1	219	574	1045	1572	2076	2573	3753	5212	6305	7674	8621	9721
1:15:40	30.1	221	604	1067	1543	2048	2613	3799	5204	6277	7671	8696	9584
1:15:45	30.1	220	607	1062	1580	2048	2616	3746	5235	6320	7680	8669	9629
1:15:50	30.1	220	591	1062	1606	2069	2626	3794	5172	6338	7702	8661	9733
1:15:55	30.1	227	581	1086	1586	2055	2604	3784	5163	6255	7633	8658	9687
1:16:00	30.1	223	564	1049	1602	2039	2604	3800	5184	6293	7662	8680	9609
1:16:05	30.1	212	582	1056	1554	2073	2615	3758	5168	6295	7596	8561	9689
1:16:10	30.1	226	582	1066	1582	2057	2658	3772	5163	6291	7612	8666	9794
1:16:15	30.0	214	587	1050	1579	2052	2643	3760	5153	6312	7602	8702	9714
1:16:20	30.0	217	584	1062	1590	2046	2587	3781	5126	6261	7658	8550	9660
1:16:25	30.1	205	582	1041	1554	2034	2623	3764	5199	6387	7643	8600	9579
1:16:30	30.1	217	578	1071	1567	2032	2652	3758	5182	6257	7639	8569	9685
1:16:35	30.1	218	572	1061	1565	2063	2620	3768	5169	6263	7631	8603	9672
1:16:40	30.1	210	574	1068	1589	2035	2640	3770	5167	6312	7656	8648	9670
1:16:45	30.1	209	592	1049	1565	2029	2617	3716	5173	6262	7606	8595	9666
1:16:50	30.1	215	583	1085	1564	2042	2617	3794	5183	6282	7641	8585	9602
1:16:55	30.1	220	591	1053	1562	2029	2607	3789	5115	6312	7616	8595	9614
1:17:00	30.1	217	583	1072	1556	2031	2594	3754	5205	6331	7580	8641	9647
1:17:05	30.1	216	576	1085	1557	2030	2646	3777	5119	6318	7635	8632	9609
1:17:10	30.0	219	571	1057	1567	2009	2602	3760	5141	6279	7654	8662	9654
1:17:15	30.1	213	585	1058	1572	2040	2610	3798	5181	6302	7575	8592	9594
1:17:20	30.1	224	582	1079	1565	2048	2584	3800	5111	6307	7638	8667	9612
1:17:25	30.1	224	582	1067	1600	2038	2597	3795	5130	6310	7639	8611	9591
1:17:30	30.1	232	574	1083	1597	2024	2605	3766	5117	6278	7615	8616	9713
1:17:35	30.1	221	594	1074	1579	2041	2610	3793	5104	6283	7636	8691	9565
1:17:40	30.1	214	590	1062	1567	2057	2620	3782	5178	6248	7692	8606	9636
1:17:45	30.1	210	574	1090	1560	2045	2606	3748	5052	6277	7609	8527	9554
1:17:50	30.0	206	600	1063	1572	2032	2617	3734	5192	6322	7582	8591	9588
1:17:55	30.1	213	594	1053	1572	2006	2625	3795	5202	6231	7597	8612	9562
1:18:00	30.1	222	581	1061	1573	2032	2579	3736	5193	6350	7609	8486	9675
1:18:05	30.1	205	573	1069	1585	2061	2612	3772	5145	6330	7575	8554	9568
1:18:10	30.1	222	591	1072	1560	2037	2578	3739	5171	6360	7661	8587	9647
1:18:15	30.1	219	593	1063	1557	2052	2594	3775	5150	6292	7647	8642	9695
1:18:20	30.1	214	568	1051	1561	2012	2642	3782	5128	6301	7610	8574	9626
1:18:25	30.1	220	575	1073	1575	2039	2610	3745	5104	6322	7583	8529	9626
1:18:30	30.1	223	584	1061	1576	2042	2633	3748	5092	6287	7623	8567	9620
1:18:35	30.0	219	568	1067	1559	2011	2611	3751	5097	6163	7559	8564	9635
1:18:40	30.1	211	580	1052	1551	2052	2568	3743	5080	6240	7555	8481	9595
1:18:45	30.1	212	595	1050	1587	2061	2606	3773	5106	6254	7594	8561	9558
1:18:50	30.1	218	581	1052	1571	2026	2622	3776	5207	6220	7595	8534	9646
1:18:55	30.1	219	587	1052	1559	2028	2608	3744	5137	6220	7585	8526	9539
1:19:00	30.1	218	567	1059	1600	2027	2613	3732	5103	6233	7508	8594	9599
1:19:05	30.1	221	584	1069	1570	2032	2608	3729	5110	6253	7566	8513	9558
1:19:10	30.1	219	585	1067	1543	2031	2580	3769	5081	6333	7598	8554	9614
1:19:15	30.1	220	586	1092	1578	2024	2566	3749	5131	6190	7565	8517	9592
1:19:20	30.1	223	584	1054	1597	2046	2583	3806	5073	6242	7584	8556	9516
1:19:25	30.1	218	586	1063	1584	2008	2596	3806	5073	6253	7648	8578	9581
1:19:30	30.1	223	588	1073	1568	2050	2620	3712	5116	6262	7601	8571	9527
1:19:35	30.0	223	571	1066	1556	2037	2646	3747	5147	6211	7548	8505	9593
1:19:40	30.1	215	587	1068	1552	2030	2569	3730	5110	6273	7672	8607	9615
1:19:45	30.1	219	576	1043	1570	2037	2640	3780	5101	6244	7635	8540	9616
1:19:50	30.1	225	570	1049	1558	2033	2576	3763	5089	6236	7563	8538	9605
1:19:55	30.1	221	581	1066	1559	2022	2611	3742	5154	6241	7590	8630	9506
1:20:00	30.1	217	600	1055	1561	2036	2607	3699	5109	6274	7579	8615	9474

Results
	1	2	3	4	5	6	7	8	9	10	11	12
A													Max V [295,335]
													R-Squared [295,335]
													t at Max V [295,335]
													Lagtime [295,335]
B													Max V [295,335]
													R-Squared [295,335]
													t at Max V [295,335]
													Lagtime [295,335]
C	396000.000	-828000.000	-972000.000	-1080000.000	1320000.000	1428000.000	1920000.000	2268000.000	2484000.000	3108000.000	3168000.000	-3672000.000	Max V [295,335]
	1.000	1.000	1.000	1.000	1.000	1.000	1.000	1.000	1.000	1.000	1.000	1.000	R-Squared [295,335]
	0:03:28	0:01:38	0:04:38	0:27:18	0:34:38	0:03:43	0:03:23	0:01:48	0:08:38	0:11:58	0:16:43	0:11:43	t at Max V [295,335]
	0:03:39	0:01:35	0:04:26	0:26:26	0:35:29	0:03:49	0:03:27	0:01:47	0:08:52	0:12:13	0:17:10	0:11:28	Lagtime [295,335]
D													Max V [295,335]
													R-Squared [295,335]
													t at Max V [295,335]
													Lagtime [295,335]
E													Max V [295,335]
													R-Squared [295,335]
													t at Max V [295,335]
													Lagtime [295,335]
F													Max V [295,335]
													R-Squared [295,335]
													t at Max V [295,335]
													Lagtime [295,335]
G													Max V [295,335]
													R-Squared [295,335]
													t at Max V [295,335]
													Lagtime [295,335]
H													Max V [295,335]
													R-Squared [295,335]
													t at Max V [295,335]
													Lagtime [295,335]

