

Software Version	3.03.14

Procedure Details

Plate Type	96 WELL PLATE
Set Temperature	Setpoint 30°C
	Preheat before moving to next step
Start Kinetic	Runtime 1:00:00 (HH:MM:SS), Interval 0:00:05, 721 Reads
    Read	Fluorescence Endpoint
	E1..E12
	Filter Set 1
	    Excitation: 295,  Emission: 335
	    Optics: Top,  Gain: 80
	Light Source: Xenon Flash,  Lamp Energy: High
	Read Speed: Normal,  Delay: 0 msec,  Measurements/Data Point: 5
	Read Height: 8 mm
End Kinetic	

Layout
	1	2	3	4	5	6	7	8	9	10	11	12
A													Well ID
B													Well ID
C													Well ID
D													Well ID
E	SPL2	SPL3	SPL4	SPL5	SPL6	SPL7	SPL8	SPL9	SPL10	SPL11	SPL12	SPL13	Well ID
F													Well ID
G													Well ID
H													Well ID

295,335

Time	T° 295,335	E1	E2	E3	E4	E5	E6	E7	E8	E9	E10	E11	E12
0:00:00	30.0	1569	4936	6574	9959	12183	14958	1383	5030	6559	9432	10751	14546
0:00:05	30.0	1564	4850	6664	9904	12126	15171	1322	5008	6482	9384	10813	14468
0:00:10	30.0	1596	4789	6716	10028	12062	15146	1336	4913	6494	9386	10806	14534
0:00:15	30.0	1529	4725	6534	10095	12249	15117	1299	4862	6315	9277	10725	14296
0:00:20	30.0	1562	4792	6447	9894	12073	15158	1222	4705	6280	9211	10596	14089
0:00:25	30.0	1526	4728	6471	9976	12016	15062	1226	4622	6363	9100	10516	14224
0:00:30	30.0	1482	4737	6513	9869	12030	15015	1175	4542	6180	9096	10483	13988
0:00:35	30.0	1460	4696	6484	9919	12036	14947	1200	4483	6144	8937	10379	13998
0:00:40	30.0	1479	4615	6447	9913	11719	14953	1179	4464	5981	8941	10182	13838
0:00:45	30.0	1399	4658	6356	9779	11828	14969	1162	4400	5979	8766	10139	13910
0:00:50	30.0	1425	4648	6358	9823	11876	14783	1096	4349	5904	8751	10012	13784
0:00:55	30.0	1402	4548	6251	9776	11685	14733	1089	4345	5885	8542	10088	13807
0:01:00	30.0	1382	4565	6273	9545	11604	14812	1073	4344	5716	8674	9970	13880
0:01:05	30.0	1389	4527	6240	9637	11471	15045	1071	4244	5677	8593	9817	13603
0:01:10	30.0	1372	4563	6164	9677	11614	14860	1059	4202	5691	8604	9941	13758
0:01:15	30.0	1375	4517	6213	9639	11426	14628	1044	4198	5674	8332	9713	13677
0:01:20	30.0	1343	4451	6231	9576	11370	14765	1025	4145	5591	8502	9693	13446
0:01:25	30.0	1355	4432	6125	9409	11512	14749	1085	4018	5598	8251	9450	13408
0:01:30	30.0	1327	4385	6108	9367	11238	14560	1022	3977	5484	8267	9555	13364
0:01:35	30.0	1317	4397	6035	9361	11412	14619	1003	4011	5485	8215	9551	13306
0:01:40	30.0	1326	4397	5976	9372	11210	14472	982	3964	5467	8207	9516	13355
0:01:45	30.0	1333	4351	6120	9138	11165	14498	1006	3887	5439	8022	9347	13185
0:01:50	30.0	1306	4268	5977	9269	11208	14525	1045	3930	5359	8018	9388	12990
0:01:55	30.0	1304	4388	5898	9331	11142	14363	999	3835	5336	8000	9309	13072
0:02:00	30.0	1306	4256	5961	9122	11191	14261	979	3845	5201	8118	9254	13106
0:02:05	30.0	1291	4270	5865	9115	11141	14248	991	3872	5301	7909	9267	12828
0:02:10	30.0	1259	4260	5976	9181	10908	14414	989	3800	5209	7856	9128	12946
0:02:15	30.0	1281	4169	5921	9057	11103	14257	997	3778	5193	7826	9066	12779
0:02:20	30.0	1257	4195	5982	9115	11115	14399	976	3762	5199	7753	9105	12875
0:02:25	30.0	1243	4152	5786	8866	10906	14172	981	3758	5111	7662	9070	12861
0:02:30	30.0	1268	4230	5790	9058	10985	14107	990	3644	5130	7713	8981	12697
0:02:35	30.0	1216	4115	5807	9043	10905	14210	992	3664	5107	7717	9079	12723
0:02:40	30.0	1264	4148	5787	8837	10973	13991	948	3628	4975	7772	8911	12534
0:02:45	30.0	1231	4136	5650	8885	10879	13990	972	3660	5008	7575	8881	12688
0:02:50	30.0	1229	4157	5694	8940	10624	13955	1005	3540	5005	7607	8879	12456
0:02:55	30.0	1236	4055	5666	8744	10675	13959	986	3589	4966	7366	8827	12461
0:03:00	30.0	1219	4042	5648	8770	10642	13908	1006	3635	4925	7407	8765	12445
0:03:05	30.0	1238	4033	5646	8771	10703	14029	979	3575	4925	7433	8771	12514
0:03:10	30.0	1223	4007	5679	8823	10527	13831	954	3501	4911	7449	8675	12426
0:03:15	30.0	1223	3970	5621	8810	10666	13799	969	3543	4836	7433	8648	12518
0:03:20	30.0	1226	4053	5494	8617	10441	13879	948	3528	4848	7288	8568	12400
0:03:25	30.0	1223	3995	5602	8705	10287	13775	935	3500	4883	7307	8642	12362
0:03:30	30.0	1205	4034	5550	8757	10492	13834	981	3492	4892	7325	8558	12236
0:03:35	30.0	1219	3924	5622	8672	10442	13732	948	3492	4762	7208	8551	12041
0:03:40	30.0	1219	3935	5492	8538	10463	13599	938	3479	4814	7339	8365	12172
0:03:45	30.0	1235	3993	5512	8533	10462	13480	967	3423	4767	7290	8403	12131
0:03:50	30.0	1219	3938	5418	8538	10378	13586	927	3450	4712	7214	8349	12074
0:03:55	30.0	1204	3912	5439	8447	10269	13729	937	3396	4679	7254	8484	12209
0:04:00	30.0	1242	3908	5378	8439	10206	13367	937	3458	4603	7207	8421	12046
0:04:05	30.0	1200	3948	5514	8522	10396	13509	940	3408	4621	7187	8349	11953
0:04:10	30.0	1214	3917	5374	8355	10232	13579	968	3461	4738	7132	8278	12085
0:04:15	30.0	1203	3872	5328	8455	10187	13391	922	3363	4708	7150	8290	11824
0:04:20	30.0	1233	3870	5476	8324	10219	13602	935	3404	4674	7136	8281	11772
0:04:25	30.0	1204	3814	5285	8332	10203	13474	943	3360	4613	7137	8219	11760
0:04:30	30.0	1196	3827	5352	8379	10139	13418	950	3359	4681	7011	8155	11809
0:04:35	30.0	1208	3787	5332	8452	10253	13232	982	3397	4595	7048	8172	11693
0:04:40	30.0	1209	3857	5296	8322	10075	13132	959	3341	4607	7099	8203	11565
0:04:45	30.0	1203	3775	5266	8418	10055	13169	936	3359	4676	6933	8128	11622
0:04:50	30.0	1193	3799	5227	8403	10087	13321	941	3349	4587	6952	8086	11722
0:04:55	30.0	1208	3744	5314	8258	10082	13117	946	3253	4586	6910	8118	11740
0:05:00	30.0	1190	3768	5298	8279	10017	13328	933	3368	4546	6896	8118	11553
0:05:05	30.0	1199	3815	5243	8279	9953	13214	974	3357	4597	6886	7953	11697
0:05:10	30.0	1194	3798	5143	8235	10059	13234	953	3391	4597	6967	8067	11519
0:05:15	30.0	1188	3732	5170	8209	9858	13170	957	3301	4563	6910	8031	11532
0:05:20	30.0	1210	3786	5232	8135	9853	13176	951	3356	4581	6971	7996	11370
0:05:25	30.0	1217	3747	5154	8162	9893	13137	944	3342	4609	7031	8046	11560
0:05:30	30.0	1190	3733	5247	8188	9952	13050	929	3350	4542	6846	7959	11409
0:05:35	30.0	1160	3712	5218	8038	9884	12997	919	3314	4543	6847	8141	11480
0:05:40	30.0	1205	3768	5187	8093	10063	13010	914	3335	4510	6859	8076	11369
0:05:45	30.0	1223	3672	5091	8042	9899	13042	926	3346	4575	6914	7972	11433
0:05:50	30.0	1182	3718	5163	8021	9893	13079	911	3334	4460	6864	7952	11366
0:05:55	30.0	1177	3673	5178	8112	9807	13060	956	3317	4596	6836	7979	11355
0:06:00	30.0	1180	3648	5084	7973	9835	13046	930	3324	4520	6815	7910	11461
0:06:05	30.0	1178	3631	5129	7975	9628	12864	951	3285	4495	6783	7968	11322
0:06:10	30.0	1227	3663	5140	7952	9815	12916	931	3271	4474	6772	7821	11289
0:06:15	30.0	1191	3638	5103	8050	9851	12974	941	3314	4507	6759	7730	11339
0:06:20	30.0	1176	3694	5137	7976	9761	12964	919	3338	4527	6694	7811	11223
0:06:25	30.0	1192	3720	5092	7960	9912	12846	935	3270	4425	6782	7900	11253
0:06:30	30.0	1180	3706	5073	7903	9686	12785	926	3280	4454	6666	7786	11241
0:06:35	30.0	1175	3720	5049	8007	9772	12775	918	3266	4489	6775	7896	11170
0:06:40	30.0	1158	3633	5072	8033	9691	12673	948	3264	4475	6783	7825	11141
0:06:45	30.0	1181	3639	5047	7843	9646	12616	947	3257	4479	6785	7816	11181
0:06:50	30.0	1227	3616	5063	7920	9600	12755	900	3246	4497	6716	7863	11118
0:06:55	30.0	1185	3611	5019	7951	9597	12915	911	3297	4500	6699	7779	11012
0:07:00	30.0	1182	3626	5101	7868	9556	12764	907	3355	4403	6666	7756	10963
0:07:05	30.0	1193	3607	5061	7854	9581	12691	943	3251	4408	6754	7755	11049
0:07:10	30.0	1207	3588	5095	7843	9639	12555	926	3242	4431	6679	7768	10840
0:07:15	30.0	1211	3549	4962	7832	9555	12714	931	3283	4430	6685	7631	11073
0:07:20	30.0	1213	3618	5093	7856	9472	12518	938	3314	4409	6685	7684	10939
0:07:25	30.0	1145	3587	4982	7816	9410	12613	937	3308	4474	6651	7770	10952
0:07:30	30.0	1181	3608	4972	7764	9519	12497	940	3316	4346	6565	7666	11078
0:07:35	30.0	1172	3583	5005	7854	9560	12653	922	3289	4410	6588	7719	10968
0:07:40	30.0	1196	3524	4972	7771	9443	12605	945	3282	4425	6619	7655	10972
0:07:45	30.0	1199	3584	4975	7776	9453	12483	931	3259	4322	6606	7772	10880
0:07:50	30.0	1205	3640	4974	7780	9285	12677	942	3297	4444	6636	7682	11013
0:07:55	30.0	1226	3604	4892	7683	9508	12480	945	3249	4415	6605	7674	10924
0:08:00	30.0	1201	3583	4987	7744	9345	12434	924	3287	4352	6562	7772	10948
0:08:05	30.0	1155	3598	4897	7862	9388	12558	936	3274	4387	6619	7681	10920
0:08:10	30.0	1230	3578	4938	7765	9393	12618	952	3255	4476	6593	7654	10879
0:08:15	30.0	1189	3577	4964	7741	9312	12513	963	3258	4395	6649	7568	10789
0:08:20	30.0	1192	3553	4943	7687	9441	12436	923	3313	4418	6514	7620	10806
0:08:25	30.0	1211	3512	4883	7679	9424	12483	922	3284	4380	6618	7607	10708
0:08:30	30.0	1194	3582	5067	7737	9395	12438	940	3242	4451	6623	7631	10812
0:08:35	30.0	1192	3549	4902	7685	9336	12328	951	3265	4440	6555	7538	10738
0:08:40	30.0	1217	3534	4950	7618	9260	12426	923	3266	4350	6579	7553	10675
0:08:45	30.0	1183	3468	4925	7617	9334	12186	968	3285	4355	6517	7608	10627
0:08:50	30.0	1175	3480	4934	7684	9173	12284	925	3266	4375	6501	7593	10567
0:08:55	30.0	1178	3600	4872	7703	9332	12380	944	3309	4357	6531	7528	10639
0:09:00	30.0	1182	3487	4951	7583	9168	12197	943	3243	4403	6569	7466	10696
0:09:05	30.0	1214	3520	5015	7605	9365	12208	916	3214	4335	6557	7662	10856
0:09:10	30.0	1166	3495	4966	7578	9166	12234	908	3273	4374	6503	7553	10659
0:09:15	30.0	1196	3465	4906	7621	9264	12185	930	3242	4360	6489	7467	10740
0:09:20	30.0	1192	3528	4921	7638	9321	12219	933	3262	4339	6576	7637	10636
0:09:25	30.0	1184	3522	4875	7523	9255	12209	931	3237	4383	6522	7570	10610
0:09:30	30.0	1211	3543	4812	7665	9229	12222	918	3227	4377	6540	7478	10694
0:09:35	30.0	1193	3486	4872	7441	9153	12142	944	3291	4318	6484	7441	10645
0:09:40	30.0	1182	3473	4887	7602	9087	12142	934	3185	4440	6503	7484	10586
0:09:45	30.0	1181	3495	4931	7574	9106	12231	939	3247	4371	6530	7580	10520
0:09:50	30.0	1194	3499	4896	7513	9211	12093	941	3270	4388	6527	7459	10524
0:09:55	30.0	1181	3531	4786	7432	9184	12164	939	3269	4356	6518	7628	10529
0:10:00	30.0	1233	3521	4853	7511	9063	12165	919	3274	4365	6516	7411	10555
0:10:05	30.0	1192	3480	4862	7511	9194	12042	944	3255	4395	6495	7493	10518
0:10:10	30.0	1156	3487	4943	7373	9175	12200	951	3255	4414	6520	7494	10528
0:10:15	30.0	1204	3511	4854	7485	9144	12165	913	3242	4405	6537	7484	10521
0:10:20	30.0	1199	3510	4825	7486	9193	12137	915	3219	4362	6523	7417	10591
0:10:25	30.0	1144	3498	4805	7477	9107	12037	926	3262	4393	6483	7591	10533
0:10:30	30.0	1198	3489	4794	7518	9074	12220	892	3219	4350	6519	7442	10469
0:10:35	30.0	1215	3514	4822	7530	9069	12040	936	3229	4328	6442	7584	10496
0:10:40	30.0	1163	3450	4748	7367	8891	12006	924	3231	4293	6546	7522	10551
0:10:45	30.0	1190	3445	4826	7530	9133	12036	934	3275	4416	6486	7500	10452
0:10:50	30.0	1159	3463	4780	7457	9031	11959	947	3263	4303	6405	7438	10458
0:10:55	30.0	1165	3437	4739	7389	9019	11828	947	3276	4330	6517	7415	10445
0:11:00	30.0	1190	3502	4772	7414	8978	12018	928	3276	4421	6428	7453	10572
0:11:05	30.0	1195	3459	4846	7454	9017	11963	908	3238	4359	6410	7409	10425
0:11:10	30.0	1190	3534	4781	7402	9019	11931	946	3247	4290	6507	7376	10369
0:11:15	30.0	1198	3526	4811	7522	9111	11877	908	3289	4280	6593	7423	10513
0:11:20	30.0	1217	3470	4748	7466	8949	12087	938	3238	4357	6527	7387	10408
0:11:25	30.0	1196	3439	4873	7362	9117	11889	942	3236	4298	6510	7536	10353
0:11:30	30.0	1162	3488	4781	7375	9049	11790	913	3173	4392	6434	7519	10437
0:11:35	30.0	1226	3471	4882	7349	8955	11849	922	3275	4339	6481	7464	10369
0:11:40	30.0	1174	3445	4904	7308	9067	12018	913	3194	4389	6512	7524	10371
0:11:45	30.0	1150	3430	4779	7401	9071	11956	932	3177	4293	6502	7342	10419
0:11:50	30.0	1164	3383	4734	7318	8975	11868	910	3188	4349	6483	7435	10545
0:11:55	30.0	1179	3448	4764	7369	8883	11855	897	3249	4350	6521	7420	10362
0:12:00	30.0	1186	3446	4727	7492	8991	11777	928	3181	4291	6391	7450	10278
0:12:05	30.0	1168	3481	4804	7280	9107	11804	908	3224	4323	6516	7378	10216
0:12:10	30.0	1194	3453	4802	7422	8876	11620	896	3244	4393	6407	7451	10355
0:12:15	30.0	1202	3458	4771	7451	8868	11696	917	3256	4257	6363	7391	10406
0:12:20	30.0	1220	3456	4699	7207	8928	11733	907	3249	4329	6523	7365	10341
0:12:25	30.0	1197	3429	4746	7345	8975	11921	932	3205	4292	6445	7376	10329
0:12:30	30.0	1178	3447	4724	7268	8933	11755	906	3176	4382	6449	7373	10234
0:12:35	30.0	1161	3490	4878	7346	9028	11822	923	3220	4311	6451	7373	10426
0:12:40	30.0	1206	3459	4675	7261	8871	11655	933	3249	4325	6370	7348	10270
0:12:45	30.0	1151	3463	4820	7342	8753	11646	928	3259	4328	6511	7413	10209
0:12:50	30.0	1195	3493	4784	7202	8891	11679	908	3218	4242	6423	7431	10263
0:12:55	30.0	1210	3416	4886	7244	8880	11742	945	3261	4316	6432	7396	10342
0:13:00	30.0	1172	3443	4752	7353	8968	11634	880	3187	4328	6447	7374	10299
0:13:05	30.0	1188	3497	4668	7300	8915	11669	915	3227	4346	6510	7328	10204
0:13:10	30.0	1214	3450	4771	7331	8885	11660	914	3233	4323	6365	7467	10224
0:13:15	30.0	1179	3491	4739	7294	8808	11647	922	3280	4300	6370	7326	10298
0:13:20	30.0	1137	3482	4734	7353	8809	11711	932	3178	4269	6323	7400	10282
0:13:25	30.0	1170	3409	4698	7344	8721	11655	932	3244	4283	6407	7372	10437
0:13:30	30.0	1185	3440	4655	7448	8880	11639	929	3185	4355	6357	7326	10259
0:13:35	30.0	1168	3470	4788	7315	8752	11609	936	3262	4323	6394	7301	10299
0:13:40	30.0	1164	3396	4769	7294	8837	11529	925	3185	4275	6321	7325	10304
0:13:45	30.0	1191	3426	4697	7328	8805	11519	933	3208	4344	6340	7339	10240
0:13:50	30.0	1176	3448	4768	7182	8804	11580	910	3221	4312	6292	7344	10355
0:13:55	30.0	1163	3408	4730	7331	8742	11546	905	3203	4339	6368	7385	10151
0:14:00	30.0	1178	3451	4788	7179	8838	11526	927	3253	4320	6416	7342	10288
0:14:05	30.0	1187	3485	4684	7167	8795	11611	917	3209	4305	6332	7327	10149
0:14:10	30.0	1162	3386	4704	7172	8784	11547	916	3207	4308	6383	7280	10165
0:14:15	30.0	1165	3414	4727	7255	8880	11520	901	3210	4320	6419	7259	10207
0:14:20	30.0	1180	3509	4708	7311	8851	11527	908	3219	4306	6318	7404	10289
0:14:25	30.0	1168	3448	4838	7236	8838	11408	919	3233	4300	6441	7285	10284
0:14:30	30.0	1161	3455	4820	7391	8794	11579	942	3235	4280	6331	7364	10154
0:14:35	30.0	1222	3456	4724	7323	8734	11431	915	3231	4314	6390	7341	10256
0:14:40	30.0	1170	3428	4692	7204	8805	11554	940	3186	4286	6379	7359	10323
0:14:45	30.0	1183	3484	4703	7210	8733	11534	903	3224	4233	6328	7343	10340
0:14:50	30.0	1171	3460	4686	7297	8793	11513	924	3217	4286	6418	7369	10061
0:14:55	30.0	1192	3464	4709	7336	8776	11553	922	3204	4305	6512	7358	10028
0:15:00	30.0	1197	3433	4640	7291	8655	11581	889	3293	4304	6319	7328	10198
0:15:05	30.0	1195	3442	4644	7323	8758	11571	914	3255	4264	6341	7243	10205
0:15:10	30.0	1191	3458	4623	7198	8734	11591	900	3285	4325	6365	7314	10141
0:15:15	30.0	1174	3379	4684	7335	8715	11606	933	3190	4370	6392	7349	10182
0:15:20	30.0	1195	3491	4667	7199	8761	11464	919	3172	4319	6342	7299	10060
0:15:25	30.0	1177	3387	4697	7208	8883	11384	917	3225	4253	6496	7365	10072
0:15:30	30.0	1174	3375	4682	7232	8777	11436	931	3193	4356	6377	7434	10246
0:15:35	30.0	1174	3432	4752	7232	8628	11371	892	3224	4283	6372	7315	10021
0:15:40	30.0	1158	3483	4735	7149	8714	11368	920	3185	4232	6303	7245	10151
0:15:45	30.0	1201	3410	4680	7274	8714	11430	950	3234	4278	6349	7355	10121
0:15:50	30.0	1206	3444	4660	7201	8699	11400	933	3211	4290	6445	7238	10086
0:15:55	30.0	1186	3408	4664	7323	8645	11479	926	3146	4295	6256	7356	10177
0:16:00	30.0	1175	3352	4627	7157	8767	11420	878	3189	4356	6333	7265	10128
0:16:05	30.0	1187	3401	4756	7270	8732	11394	923	3198	4288	6338	7371	10101
0:16:10	30.0	1196	3420	4713	7210	8824	11329	927	3238	4359	6364	7278	10210
0:16:15	30.0	1212	3434	4703	7191	8723	11321	903	3217	4239	6405	7284	10086
0:16:20	30.0	1178	3413	4610	7156	8694	11323	917	3177	4307	6420	7305	10117
0:16:25	30.0	1186	3483	4709	7205	8764	11264	914	3232	4286	6420	7261	10125
0:16:30	30.0	1190	3408	4679	7244	8604	11453	899	3218	4287	6402	7337	10065
0:16:35	30.0	1223	3420	4679	7232	8690	11565	920	3257	4285	6396	7292	10266
0:16:40	30.0	1136	3392	4658	7167	8839	11494	925	3210	4250	6326	7223	10010
0:16:45	30.1	1149	3425	4629	7166	8723	11501	927	3212	4250	6350	7262	10093
0:16:50	30.1	1227	3403	4694	7209	8661	11352	895	3252	4258	6359	7264	10024
0:16:55	30.0	1178	3502	4629	7276	8580	11283	947	3202	4324	6356	7276	10122
0:17:00	30.1	1182	3430	4684	7079	8683	11254	921	3223	4273	6383	7230	10059
0:17:05	30.0	1195	3457	4769	7191	8749	11408	905	3276	4357	6383	7212	10108
0:17:10	30.1	1196	3398	4724	7188	8734	11309	904	3197	4237	6308	7244	9916
0:17:15	30.1	1186	3424	4806	7132	8612	11183	928	3311	4294	6391	7300	10042
0:17:20	30.1	1157	3385	4613	7287	8784	11258	900	3237	4260	6355	7328	10168
0:17:25	30.0	1176	3424	4718	7219	8730	11118	902	3249	4293	6354	7267	9958
0:17:30	30.1	1180	3456	4677	7197	8738	11142	920	3156	4288	6398	7276	10104
0:17:35	30.1	1158	3415	4686	7206	8725	11261	920	3185	4202	6289	7324	10073
0:17:40	30.1	1161	3418	4722	7205	8623	11272	904	3271	4273	6368	7195	9977
0:17:45	30.1	1193	3423	4649	7207	8658	11337	936	3202	4248	6296	7216	10140
0:17:50	30.1	1175	3445	4619	7265	8719	11181	899	3304	4299	6302	7271	10110
0:17:55	30.1	1171	3445	4616	7144	8601	11354	889	3246	4308	6323	7259	10020
0:18:00	30.1	1151	3403	4690	7149	8646	11209	924	3255	4252	6416	7287	10112
0:18:05	30.1	1182	3459	4691	7093	8593	11242	919	3200	4282	6384	7202	10039
0:18:10	30.1	1184	3426	4566	7215	8697	11188	911	3179	4289	6296	7253	10013
0:18:15	30.1	1185	3407	4597	7114	8755	11233	894	3200	4222	6332	7273	10025
0:18:20	30.1	1167	3388	4630	7193	8707	11216	902	3255	4308	6307	7262	10003
0:18:25	30.1	1175	3442	4642	7132	8667	11290	937	3279	4316	6289	7283	10064
0:18:30	30.1	1182	3422	4672	7098	8715	11138	915	3179	4215	6282	7285	10050
0:18:35	30.1	1162	3402	4642	7296	8677	11267	924	3188	4307	6330	7210	9876
0:18:40	30.1	1136	3372	4634	7142	8699	11194	877	3203	4298	6345	7321	9935
0:18:45	30.1	1154	3439	4639	7046	8721	11085	919	3206	4254	6352	7253	9975
0:18:50	30.1	1142	3430	4696	7272	8658	11146	906	3243	4280	6358	7207	9966
0:18:55	30.1	1160	3400	4624	7185	8642	11117	917	3225	4216	6338	7273	9893
0:19:00	30.1	1173	3444	4628	7148	8713	11179	892	3258	4256	6318	7208	10005
0:19:05	30.1	1162	3430	4609	7190	8578	11163	917	3215	4236	6371	7141	9996
0:19:10	30.1	1160	3427	4724	7277	8639	11112	919	3219	4218	6278	7187	9930
0:19:15	30.1	1199	3449	4632	7144	8613	11150	900	3251	4235	6287	7229	10020
0:19:20	30.1	1192	3372	4663	7141	8603	11161	893	3231	4279	6228	7247	10015
0:19:25	30.1	1160	3455	4657	7248	8659	11208	909	3225	4198	6314	7193	10038
0:19:30	30.1	1157	3474	4724	7227	8717	11187	910	3218	4217	6303	7181	9884
0:19:35	30.1	1138	3403	4517	7284	8743	11172	920	3239	4266	6345	7185	9947
0:19:40	30.1	1154	3446	4687	7156	8651	11131	910	3262	4321	6293	7187	9959
0:19:45	30.1	1183	3445	4641	7121	8776	11131	934	3242	4202	6309	7200	9867
0:19:50	30.1	1158	3442	4676	7098	8666	11034	927	3281	4236	6293	7223	9921
0:19:55	30.1	1173	3355	4596	7153	8663	11210	897	3253	4201	6320	7183	10029
0:20:00	30.1	1159	3411	4669	7213	8647	11150	879	3218	4270	6301	7196	10005
0:20:05	30.1	1175	3406	4603	7245	8657	11220	908	3191	4273	6248	7253	9920
0:20:10	30.1	1184	3442	4587	7227	8645	11050	893	3171	4187	6279	7188	9960
0:20:15	30.1	1169	3464	4656	7205	8493	11003	907	3236	4251	6421	7132	9906
0:20:20	30.1	1184	3404	4597	7231	8760	11093	933	3174	4236	6362	7216	9905
0:20:25	30.1	1131	3436	4678	7158	8711	11101	941	3214	4214	6249	7205	9852
0:20:30	30.1	1169	3434	4633	7140	8716	11055	907	3217	4272	6355	7143	9942
0:20:35	30.1	1187	3406	4700	7146	8627	11163	925	3211	4269	6219	7257	9859
0:20:40	30.1	1173	3448	4760	7093	8695	11147	919	3208	4231	6263	7308	9921
0:20:45	30.1	1127	3357	4715	7190	8675	11062	893	3249	4248	6298	7278	9941
0:20:50	30.1	1207	3402	4607	7279	8558	11102	922	3193	4209	6355	7235	10041
0:20:55	30.1	1182	3359	4625	7142	8646	11223	949	3219	4244	6326	7137	9832
0:21:00	30.1	1164	3421	4625	7199	8624	11139	934	3268	4243	6233	7160	9971
0:21:05	30.1	1172	3406	4670	7125	8674	11029	919	3235	4275	6205	7220	9952
0:21:10	30.1	1123	3384	4587	7241	8646	11079	904	3226	4262	6279	7216	9894
0:21:15	30.1	1164	3429	4597	7181	8623	11118	909	3221	4257	6299	7185	9987
0:21:20	30.1	1132	3403	4559	7126	8684	10971	907	3196	4306	6252	7217	9928
0:21:25	30.1	1154	3413	4612	7144	8702	11101	911	3169	4182	6206	7282	9951
0:21:30	30.1	1128	3497	4621	7205	8753	11005	923	3183	4160	6261	7187	9910
0:21:35	30.1	1163	3375	4580	7177	8490	10998	918	3263	4311	6200	7193	9900
0:21:40	30.1	1166	3364	4646	7160	8624	11020	890	3260	4202	6314	7199	9967
0:21:45	30.1	1164	3409	4571	7152	8669	11107	919	3193	4280	6225	7179	9807
0:21:50	30.1	1199	3479	4647	7133	8707	11022	901	3202	4207	6213	7158	9897
0:21:55	30.1	1149	3371	4648	7178	8773	11067	874	3196	4263	6176	7228	9979
0:22:00	30.1	1148	3391	4686	7144	8690	11102	922	3215	4264	6445	7169	9977
0:22:05	30.1	1145	3382	4595	7139	8659	11003	888	3333	4228	6250	7125	9806
0:22:10	30.1	1134	3379	4609	7150	8626	10889	934	3197	4239	6380	7232	10037
0:22:15	30.1	1144	3382	4563	7160	8664	10971	899	3198	4331	6249	7286	9972
0:22:20	30.1	1155	3368	4647	7222	8685	11008	891	3264	4217	6347	7115	9928
0:22:25	30.1	1123	3405	4679	7215	8685	10979	901	3203	4259	6281	7164	9903
0:22:30	30.1	1166	3417	4561	7181	8606	11106	891	3197	4160	6296	7262	9903
0:22:35	30.1	1183	3405	4599	7161	8538	10897	913	3209	4284	6296	7127	9931
0:22:40	30.1	1163	3390	4675	7208	8699	11080	887	3207	4262	6218	7193	9930
0:22:45	30.1	1183	3348	4646	7139	8636	10969	875	3157	4240	6326	7210	9881
0:22:50	30.1	1141	3436	4554	7141	8702	11027	935	3228	4191	6322	7167	9904
0:22:55	30.1	1166	3382	4600	7176	8665	10996	905	3251	4277	6361	7141	9898
0:23:00	30.1	1146	3375	4639	7224	8647	11112	901	3201	4240	6208	7217	9818
0:23:05	30.1	1161	3329	4595	7117	8642	11045	873	3194	4192	6226	7046	9941
0:23:10	30.1	1148	3387	4645	7170	8653	10929	895	3245	4212	6304	7031	9893
0:23:15	30.1	1150	3445	4621	7168	8673	10997	913	3199	4205	6229	7221	9791
0:23:20	30.1	1193	3445	4545	7161	8574	10889	892	3243	4240	6282	7138	9786
0:23:25	30.1	1164	3365	4599	7147	8653	10955	886	3262	4165	6392	7260	9862
0:23:30	30.1	1149	3412	4566	7262	8646	11040	912	3255	4275	6234	7319	9894
0:23:35	30.0	1166	3365	4613	7127	8766	11021	903	3215	4279	6236	7095	9909
0:23:40	30.1	1143	3366	4663	7156	8598	10967	897	3202	4275	6292	7179	9830
0:23:45	30.1	1137	3412	4637	7158	8776	10890	887	3237	4211	6281	7171	9872
0:23:50	30.1	1164	3408	4652	7228	8614	10984	906	3204	4219	6220	7142	9861
0:23:55	30.1	1134	3357	4599	7197	8634	10992	919	3197	4249	6164	7187	9884
0:24:00	30.1	1160	3334	4540	7162	8638	11020	919	3174	4245	6216	7180	9801
0:24:05	30.1	1182	3358	4574	7132	8675	11044	879	3185	4237	6257	7076	9770
0:24:10	30.1	1125	3419	4623	7198	8645	10970	921	3128	4222	6275	7225	9814
0:24:15	30.1	1155	3424	4610	7155	8714	10854	907	3219	4183	6109	7105	9808
0:24:20	30.1	1148	3410	4564	7081	8694	10898	922	3249	4236	6291	7049	9806
0:24:25	30.1	1176	3349	4610	7071	8638	10868	910	3198	4280	6289	7185	9861
0:24:30	30.1	1146	3471	4591	7087	8728	10892	914	3183	4241	6306	7162	9886
0:24:35	30.1	1143	3327	4629	7126	8551	10823	895	3184	4173	6221	7224	9782
0:24:40	30.1	1164	3319	4562	7102	8644	10962	906	3252	4220	6168	7113	9851
0:24:45	30.1	1138	3395	4564	7161	8614	10912	883	3145	4197	6289	7080	9887
0:24:50	30.1	1139	3343	4598	7057	8666	10961	903	3180	4179	6201	7033	9815
0:24:55	30.1	1182	3304	4614	7138	8699	10966	889	3200	4202	6211	7104	9910
0:25:00	30.1	1145	3436	4618	7197	8500	10785	923	3193	4257	6220	7145	9775
0:25:05	30.1	1171	3321	4648	7242	8722	10888	900	3243	4187	6244	7178	9923
0:25:10	30.1	1147	3315	4643	7027	8578	10780	915	3174	4164	6215	7180	9871
0:25:15	30.1	1157	3373	4624	7146	8586	10827	883	3212	4182	6188	7146	9700
0:25:20	30.1	1148	3409	4656	7077	8483	10711	880	3177	4124	6145	7115	9691
0:25:25	30.1	1170	3343	4648	7242	8559	10759	880	3181	4179	6189	7188	9817
0:25:30	30.1	1146	3355	4570	7117	8588	10866	890	3118	4232	6241	7018	9834
0:25:35	30.1	1159	3317	4530	7159	8572	10871	907	3235	4250	6271	7040	9790
0:25:40	30.1	1158	3395	4600	7016	8707	10769	878	3167	4123	6241	7100	9763
0:25:45	30.1	1151	3342	4570	7092	8531	10794	903	3148	4157	6267	7144	9865
0:25:50	30.1	1150	3390	4596	7075	8596	10655	929	3171	4186	6255	7215	9772
0:25:55	30.1	1133	3348	4545	7197	8542	10818	878	3134	4095	6172	7145	9811
0:26:00	30.1	1142	3348	4533	7173	8643	10896	877	3199	4239	6230	7031	9690
0:26:05	30.1	1170	3374	4534	7156	8542	10860	900	3254	4178	6252	7185	9745
0:26:10	30.1	1147	3298	4589	7061	8499	10744	893	3207	4197	6267	7144	9693
0:26:15	30.1	1131	3368	4559	7097	8549	10865	882	3162	4235	6167	7129	9707
0:26:20	30.1	1137	3354	4522	7046	8594	10892	899	3149	4098	6164	7133	9718
0:26:25	30.1	1160	3367	4609	7150	8567	10749	903	3182	4195	6239	7141	9808
0:26:30	30.1	1175	3423	4652	7123	8547	10880	877	3187	4124	6229	7168	9790
0:26:35	30.1	1144	3323	4551	7223	8468	10762	866	3253	4195	6152	7130	9762
0:26:40	30.1	1153	3368	4595	7181	8504	10913	896	3175	4120	6144	7187	9858
0:26:45	30.1	1180	3395	4596	7095	8575	10738	915	3199	4148	6211	7124	9658
0:26:50	30.1	1146	3391	4543	7139	8583	10782	888	3144	4154	6270	7090	9715
0:26:55	30.1	1159	3361	4536	7115	8648	10709	881	3168	4147	6184	7127	9844
0:27:00	30.1	1129	3362	4618	7198	8531	10759	906	3219	4212	6208	7087	9761
0:27:05	30.1	1148	3310	4571	7042	8544	10693	913	3184	4212	6178	7057	9686
0:27:10	30.1	1152	3300	4562	7244	8561	10792	923	3167	4201	6189	7122	9657
0:27:15	30.1	1173	3377	4497	7092	8531	10790	886	3215	4156	6163	7162	9705
0:27:20	30.1	1156	3334	4575	7056	8521	10854	922	3190	4204	6140	7144	9758
0:27:25	30.1	1146	3297	4454	7053	8479	10705	905	3192	4197	6217	7156	9627
0:27:30	30.1	1179	3380	4510	7137	8572	10706	883	3176	4211	6162	7077	9772
0:27:35	30.1	1121	3338	4506	7040	8537	10898	871	3191	4199	6133	7032	9689
0:27:40	30.1	1150	3319	4533	6999	8477	10685	895	3212	4145	6070	7056	9757
0:27:45	30.1	1178	3350	4541	7158	8567	10653	875	3173	4210	6286	7109	9656
0:27:50	30.1	1153	3349	4571	7167	8538	10734	911	3150	4193	6189	7041	9624
0:27:55	30.1	1148	3339	4550	7101	8575	10797	896	3179	4155	6197	7137	9706
0:28:00	30.1	1137	3356	4582	7096	8553	10807	885	3168	4167	6156	6962	9646
0:28:05	30.1	1169	3332	4532	7039	8510	10830	915	3166	4139	6084	7071	9692
0:28:10	30.1	1154	3321	4479	7164	8466	10792	890	3195	4154	6202	7142	9681
0:28:15	30.1	1128	3382	4491	7054	8548	10689	886	3154	4154	6163	7068	9655
0:28:20	30.1	1130	3292	4511	7072	8495	10848	880	3168	4189	6148	7022	9695
0:28:25	30.1	1150	3356	4560	7200	8530	10808	909	3237	4117	6192	7059	9673
0:28:30	30.1	1183	3329	4495	7076	8640	10730	904	3183	4175	6140	7020	9633
0:28:35	30.1	1154	3269	4541	7095	8465	10784	918	3150	4199	6108	7040	9694
0:28:40	30.1	1146	3316	4508	7079	8606	10797	887	3107	4174	6239	7117	9643
0:28:45	30.1	1171	3404	4543	7061	8512	10813	910	3181	4156	6082	7079	9601
0:28:50	30.1	1152	3341	4534	7012	8496	10711	912	3234	4148	6199	7104	9744
0:28:55	30.1	1178	3350	4640	7004	8549	10649	906	3162	4165	6158	7069	9655
0:29:00	30.1	1076	3323	4520	7084	8625	10675	908	3193	4160	6284	6937	9625
0:29:05	30.1	1150	3293	4583	7117	8479	10678	912	3192	4154	6084	7039	9793
0:29:10	30.1	1151	3345	4550	6989	8386	10926	880	3128	4170	6144	7093	9668
0:29:15	30.1	1155	3400	4499	7049	8466	10734	908	3198	4175	6230	7124	9626
0:29:20	30.1	1134	3404	4565	7135	8547	10723	876	3175	4117	6161	6993	9564
0:29:25	30.1	1141	3386	4626	6938	8474	10726	891	3166	4118	6160	7112	9682
0:29:30	30.1	1147	3330	4509	7119	8593	10836	904	3213	4146	6255	7031	9631
0:29:35	30.1	1162	3387	4563	6954	8486	10727	863	3185	4151	6157	7050	9679
0:29:40	30.1	1139	3332	4569	7036	8536	10656	897	3178	4139	6099	7160	9687
0:29:45	30.1	1130	3384	4463	7100	8591	10577	884	3219	4192	6138	7058	9748
0:29:50	30.1	1157	3299	4569	7036	8519	10726	887	3183	4211	6165	7079	9666
0:29:55	30.2	1165	3361	4609	6962	8476	10618	889	3196	4137	6233	7012	9671
0:30:00	30.1	1132	3392	4539	7059	8471	10727	886	3142	4174	6125	7030	9703
0:30:05	30.1	1149	3391	4485	7006	8415	10604	880	3138	4227	6091	7029	9637
0:30:10	30.1	1147	3357	4516	7062	8510	10716	889	3182	4162	6141	6991	9735
0:30:15	30.1	1146	3381	4557	7051	8552	10663	893	3137	4135	6144	7090	9774
0:30:20	30.1	1167	3318	4540	7106	8504	10674	932	3153	4206	6114	6955	9616
0:30:25	30.1	1119	3276	4510	6950	8573	10669	899	3196	4136	6201	7015	9707
0:30:30	30.1	1137	3349	4538	7061	8429	10637	908	3123	4109	6135	7138	9752
0:30:35	30.1	1148	3280	4498	6929	8517	10758	862	3121	4137	6197	7177	9677
0:30:40	30.1	1111	3358	4577	7064	8418	10813	888	3138	4163	6204	6969	9557
0:30:45	30.1	1134	3311	4540	6999	8504	10820	873	3163	4189	6144	7073	9683
0:30:50	30.1	1141	3341	4529	7047	8510	10776	869	3178	4124	6065	6952	9453
0:30:55	30.1	1143	3389	4552	6978	8500	10692	903	3136	4160	6190	7038	9603
0:31:00	30.1	1134	3316	4486	7016	8443	10764	875	3151	4157	6240	7099	9629
0:31:05	30.1	1119	3395	4499	7081	8472	10580	888	3197	4171	6041	7061	9617
0:31:10	30.1	1160	3353	4437	7006	8382	10686	874	3178	4163	6128	7065	9575
0:31:15	30.1	1162	3360	4580	7025	8449	10770	893	3152	4155	6101	7021	9668
0:31:20	30.1	1142	3333	4578	7088	8553	10652	867	3156	4149	6127	7033	9570
0:31:25	30.1	1154	3353	4481	7040	8383	10704	909	3169	4119	6222	7092	9791
0:31:30	30.1	1102	3311	4519	6992	8492	10666	888	3220	4181	6122	7000	9628
0:31:35	30.1	1158	3288	4574	7060	8481	10606	895	3130	4148	6113	7016	9655
0:31:40	30.1	1139	3283	4463	7043	8484	10794	915	3149	4117	6144	7031	9620
0:31:45	30.1	1128	3365	4519	7120	8552	10718	920	3154	4150	6091	7021	9714
0:31:50	30.1	1131	3272	4557	6996	8468	10638	878	3155	4135	6118	7097	9677
0:31:55	30.1	1125	3334	4544	7108	8578	10717	917	3121	4184	6144	7034	9676
0:32:00	30.1	1130	3363	4577	7053	8382	10668	889	3138	4126	6135	7008	9698
0:32:05	30.1	1140	3316	4476	6954	8486	10790	925	3167	4123	6142	7030	9572
0:32:10	30.1	1150	3316	4562	7093	8481	10700	872	3161	4151	6054	6988	9717
0:32:15	30.1	1172	3361	4520	6994	8504	10763	886	3144	4151	6140	7060	9744
0:32:20	30.1	1154	3356	4485	6978	8489	10750	897	3167	4163	6121	6956	9570
0:32:25	30.1	1126	3334	4606	7077	8473	10690	874	3135	4144	6155	6928	9658
0:32:30	30.1	1165	3291	4507	7104	8549	10621	878	3195	4166	6157	7100	9685
0:32:35	30.1	1140	3359	4528	7205	8582	10676	888	3152	4138	6155	6946	9732
0:32:40	30.1	1128	3304	4481	7034	8500	10663	884	3123	4158	6150	7016	9610
0:32:45	30.1	1153	3316	4564	7061	8504	10767	905	3139	4099	6075	7013	9520
0:32:50	30.1	1159	3294	4523	6950	8377	10665	868	3108	4169	6152	7061	9524
0:32:55	30.1	1151	3259	4532	6956	8405	10736	906	3169	4138	6137	6984	9622
0:33:00	30.1	1170	3302	4538	7021	8423	10649	908	3161	4166	6092	6994	9638
0:33:05	30.1	1136	3331	4590	7067	8408	10579	901	3170	4144	6135	7022	9533
0:33:10	30.1	1117	3298	4524	6963	8456	10682	882	3121	4113	6090	6997	9488
0:33:15	30.1	1118	3295	4487	7068	8439	10604	877	3104	4051	6078	7090	9660
0:33:20	30.1	1113	3325	4639	7125	8590	10575	898	3156	4132	6123	7048	9725
0:33:25	30.1	1145	3278	4527	6956	8347	10652	911	3142	4185	6124	6936	9616
0:33:30	30.1	1127	3309	4521	7034	8447	10652	909	3126	4142	6142	6987	9584
0:33:35	30.1	1148	3294	4531	6988	8472	10591	887	3166	4150	6080	6986	9623
0:33:40	30.1	1132	3352	4461	7002	8437	10633	902	3169	4134	6114	6991	9597
0:33:45	30.1	1153	3338	4509	7137	8490	10732	884	3154	4119	6171	7105	9572
0:33:50	30.1	1129	3287	4564	7017	8315	10549	920	3182	4125	6120	7000	9668
0:33:55	30.1	1167	3341	4517	6992	8471	10718	894	3142	4085	6130	6944	9806
0:34:00	30.1	1136	3339	4584	7070	8437	10677	889	3173	4116	6120	7076	9522
0:34:05	30.1	1114	3338	4475	7005	8471	10665	886	3166	4174	6130	7052	9545
0:34:10	30.1	1147	3337	4539	7040	8418	10797	868	3124	4126	6126	7151	9754
0:34:15	30.1	1129	3359	4537	7028	8381	10686	864	3155	4080	6130	7038	9606
0:34:20	30.1	1157	3305	4548	6964	8392	10646	860	3220	4137	6107	7018	9561
0:34:25	30.1	1137	3336	4559	7042	8455	10736	905	3125	4164	6050	6941	9709
0:34:30	30.1	1155	3327	4509	7046	8506	10642	897	3101	4205	6130	6984	9578
0:34:35	30.1	1123	3259	4511	6989	8559	10660	893	3127	4107	6060	7037	9599
0:34:40	30.1	1125	3324	4523	6991	8506	10699	861	3145	4159	6079	6845	9648
0:34:45	30.1	1133	3388	4488	7020	8444	10693	893	3144	4054	6092	7057	9582
0:34:50	30.1	1147	3332	4520	7063	8465	10722	894	3121	4125	6112	6974	9542
0:34:55	30.1	1158	3356	4477	6952	8500	10601	879	3152	4092	6093	7056	9588
0:35:00	30.1	1147	3310	4483	7012	8432	10624	903	3199	4086	6124	7054	9654
0:35:05	30.1	1156	3277	4546	6984	8527	10554	892	3115	4132	6092	7006	9516
0:35:10	30.1	1142	3289	4512	6943	8401	10635	885	3094	4176	6091	6955	9635
0:35:15	30.1	1140	3297	4524	6970	8416	10592	900	3146	4121	6101	6962	9564
0:35:20	30.1	1146	3318	4529	6968	8450	10722	902	3116	4112	6091	7063	9604
0:35:25	30.1	1126	3358	4527	7037	8483	10615	870	3110	4138	6103	6996	9655
0:35:30	30.1	1145	3284	4516	6988	8523	10616	879	3128	4080	6018	6906	9651
0:35:35	30.1	1141	3270	4590	7037	8473	10639	888	3191	4179	6068	6971	9552
0:35:40	30.1	1133	3283	4484	6995	8468	10636	870	3206	4126	6105	7055	9672
0:35:45	30.1	1151	3372	4518	6969	8598	10682	884	3132	4086	6004	6991	9616
0:35:50	30.1	1152	3377	4575	6964	8402	10655	878	3112	4158	6116	6964	9584
0:35:55	30.1	1125	3296	4508	6990	8381	10579	883	3143	4182	6121	6994	9692
0:36:00	30.1	1099	3333	4486	6981	8496	10750	896	3154	4085	6171	7069	9642
0:36:05	30.1	1107	3317	4591	6944	8377	10629	902	3154	4121	6011	6982	9523
0:36:10	30.1	1132	3303	4488	7125	8430	10547	878	3099	4148	6037	6982	9652
0:36:15	30.1	1111	3267	4592	6981	8385	10597	862	3144	4120	6038	6899	9558
0:36:20	30.1	1155	3300	4530	7019	8356	10692	858	3129	4132	6059	7030	9621
0:36:25	30.1	1157	3281	4523	6970	8552	10588	888	3171	4100	6069	6846	9500
0:36:30	30.1	1143	3295	4518	6993	8474	10562	882	3171	4136	6192	7030	9602
0:36:35	30.1	1106	3319	4541	7025	8449	10558	882	3110	4071	6050	6985	9638
0:36:40	30.1	1122	3249	4512	6907	8427	10462	874	3138	4048	6103	7040	9555
0:36:45	30.1	1138	3331	4493	7002	8556	10638	882	3136	4121	6055	6990	9567
0:36:50	30.1	1110	3339	4498	7003	8412	10810	844	3182	4088	6086	6959	9608
0:36:55	30.1	1138	3260	4563	7080	8454	10658	882	3152	4107	6071	6988	9549
0:37:00	30.1	1144	3280	4537	6977	8499	10703	902	3105	4171	6059	6942	9625
0:37:05	30.1	1112	3399	4472	7018	8409	10511	923	3114	4144	6128	7010	9557
0:37:10	30.1	1115	3335	4572	6946	8473	10593	883	3114	4085	6061	7069	9585
0:37:15	30.1	1158	3386	4569	7132	8526	10566	886	3111	4161	6073	6874	9533
0:37:20	30.1	1127	3269	4461	6952	8425	10548	880	3148	4132	6079	7033	9588
0:37:25	30.1	1140	3325	4538	6934	8453	10692	892	3143	4099	6048	6928	9500
0:37:30	30.1	1144	3311	4498	6997	8410	10513	856	3155	4128	6247	6992	9492
0:37:35	30.1	1123	3348	4468	7010	8507	10675	873	3175	4161	6101	6878	9609
0:37:40	30.1	1153	3215	4506	7074	8485	10560	887	3110	4130	6151	6984	9551
0:37:45	30.1	1099	3264	4497	7043	8418	10571	877	3087	4100	6157	6951	9507
0:37:50	30.1	1117	3300	4540	6969	8583	10650	895	3139	4094	6020	6990	9570
0:37:55	30.1	1105	3322	4418	7048	8488	10615	887	3174	4018	6143	6952	9646
0:38:00	30.1	1103	3364	4607	6884	8390	10577	864	3101	4086	6164	6940	9604
0:38:05	30.1	1154	3297	4548	7041	8444	10721	902	3160	4114	6096	7039	9561
0:38:10	30.1	1125	3264	4529	7023	8342	10554	882	3146	4101	6026	7013	9560
0:38:15	30.1	1124	3306	4538	6992	8488	10649	877	3180	4136	6071	6948	9466
0:38:20	30.1	1133	3241	4468	6990	8396	10592	905	3124	4146	6100	7011	9439
0:38:25	30.1	1122	3301	4577	7096	8407	10568	879	3201	4116	6117	6918	9506
0:38:30	30.1	1120	3351	4431	7118	8435	10695	866	3139	4153	6109	6923	9664
0:38:35	30.1	1114	3360	4510	6909	8385	10467	886	3094	4158	6142	7025	9553
0:38:40	30.1	1150	3312	4565	6921	8436	10598	894	3114	4105	6103	7060	9707
0:38:45	30.1	1115	3315	4541	7000	8468	10730	889	3169	4125	5991	7022	9442
0:38:50	30.1	1123	3308	4514	7036	8391	10609	884	3139	4127	6086	7061	9466
0:38:55	30.1	1105	3307	4494	7032	8362	10611	862	3123	4062	6117	6910	9617
0:39:00	30.1	1124	3317	4557	7051	8476	10656	885	3110	4166	6089	7030	9611
0:39:05	30.1	1133	3271	4497	6893	8467	10719	872	3142	4141	6067	7021	9610
0:39:10	30.1	1154	3332	4553	6999	8361	10643	862	3143	4038	6075	7025	9556
0:39:15	30.1	1178	3272	4469	6950	8432	10644	880	3098	4052	6042	7074	9594
0:39:20	30.1	1124	3314	4517	6975	8445	10582	875	3169	4044	5998	6980	9575
0:39:25	30.1	1130	3264	4398	6972	8484	10601	933	3118	4121	6063	6944	9655
0:39:30	30.1	1154	3275	4472	6949	8501	10482	893	3135	4083	6077	6956	9619
0:39:35	30.1	1134	3285	4486	7022	8565	10624	893	3153	4107	6004	6954	9488
0:39:40	30.1	1120	3339	4480	7030	8483	10557	872	3114	4108	6165	7018	9542
0:39:45	30.1	1138	3331	4476	6976	8367	10574	863	3124	4106	6006	6899	9578
0:39:50	30.1	1125	3308	4504	6909	8388	10547	866	3115	4103	6069	6940	9541
0:39:55	30.1	1134	3321	4516	6995	8406	10488	889	3137	4157	6031	6962	9568
0:40:00	30.1	1117	3254	4485	6936	8566	10569	911	3154	4150	6091	6978	9479
0:40:05	30.1	1123	3273	4498	7097	8441	10644	884	3104	4135	6061	6936	9599
0:40:10	30.1	1131	3310	4486	7091	8429	10597	895	3125	4032	6030	7000	9449
0:40:15	30.1	1159	3361	4495	6937	8336	10609	888	3081	4141	6109	7028	9615
0:40:20	30.1	1138	3228	4532	6957	8478	10645	891	3136	4125	6055	6818	9638
0:40:25	30.1	1126	3237	4588	7025	8312	10545	888	3101	4104	6125	6916	9532
0:40:30	30.1	1173	3258	4508	7026	8554	10625	890	3190	4037	6053	6963	9512
0:40:35	30.1	1121	3332	4464	6966	8483	10594	896	3174	4115	6057	6954	9628
0:40:40	30.1	1098	3326	4441	6952	8371	10606	869	3045	4066	6024	6978	9543
0:40:45	30.1	1132	3265	4541	6934	8362	10527	869	3103	4060	6022	6972	9504
0:40:50	30.1	1144	3277	4463	6925	8386	10583	884	3107	4059	6021	6940	9642
0:40:55	30.1	1152	3309	4510	6987	8384	10508	884	3137	4142	6086	7025	9563
0:41:00	30.1	1127	3299	4579	7018	8388	10529	905	3175	4126	6092	7108	9502
0:41:05	30.1	1146	3314	4472	6981	8425	10523	863	3143	4023	6049	6952	9577
0:41:10	30.1	1138	3259	4483	6914	8456	10546	910	3145	4167	6056	6987	9404
0:41:15	30.1	1126	3331	4461	7042	8280	10701	889	3082	4117	6093	6902	9411
0:41:20	30.1	1127	3271	4475	6967	8312	10565	879	3159	4075	6056	6989	9603
0:41:25	30.1	1126	3295	4487	6961	8477	10516	928	3161	4074	5994	6850	9504
0:41:30	30.1	1113	3329	4552	7058	8447	10538	875	3135	4124	6113	6992	9541
0:41:35	30.1	1114	3294	4489	6940	8448	10569	863	3107	4091	6089	6999	9437
0:41:40	30.1	1126	3348	4511	6912	8529	10675	862	3138	4058	6045	6939	9535
0:41:45	30.1	1102	3258	4486	6962	8367	10727	893	3178	4151	6053	6958	9510
0:41:50	30.1	1111	3243	4522	7018	8389	10597	892	3139	4106	6090	6972	9456
0:41:55	30.1	1116	3280	4554	7059	8324	10552	889	3120	4099	6045	6963	9545
0:42:00	30.1	1111	3349	4554	7049	8468	10509	877	3106	4147	6049	6846	9591
0:42:05	30.1	1087	3349	4463	6979	8322	10622	894	3105	4122	6032	6936	9519
0:42:10	30.1	1117	3289	4463	7006	8518	10529	908	3085	4115	6095	7063	9498
0:42:15	30.1	1091	3320	4509	6852	8444	10628	917	3121	4084	6073	6912	9522
0:42:20	30.1	1127	3280	4508	6884	8447	10701	878	3053	4091	6193	6860	9500
0:42:25	30.1	1145	3326	4422	7002	8417	10661	878	3137	4055	6093	6930	9566
0:42:30	30.1	1132	3307	4493	6988	8390	10573	865	3176	4048	6085	7059	9430
0:42:35	30.1	1130	3316	4424	6899	8421	10568	857	3140	4146	6003	6957	9559
0:42:40	30.1	1131	3297	4437	6995	8341	10557	887	3124	4131	6049	7009	9574
0:42:45	30.1	1139	3264	4433	7039	8442	10598	895	3139	4034	5983	7015	9570
0:42:50	30.1	1103	3270	4482	6873	8387	10611	866	3093	4157	5985	6997	9479
0:42:55	30.1	1143	3271	4524	6935	8368	10735	885	3153	4129	6075	6943	9552
0:43:00	30.1	1120	3312	4454	6945	8387	10531	869	3058	4112	5947	7006	9479
0:43:05	30.1	1129	3261	4437	6973	8402	10440	901	3089	4066	5883	6880	9491
0:43:10	30.1	1125	3221	4448	7036	8314	10509	892	3102	4151	6065	6935	9609
0:43:15	30.1	1111	3276	4443	7053	8318	10589	891	3062	4129	6050	7010	9389
0:43:20	30.1	1133	3304	4470	6978	8362	10542	864	3126	4025	6066	6940	9420
0:43:25	30.1	1114	3319	4429	6976	8352	10537	881	3125	4118	6032	6925	9566
0:43:30	30.1	1128	3335	4426	6912	8405	10523	885	3096	4097	6087	6924	9458
0:43:35	30.1	1128	3291	4390	6970	8378	10553	869	3124	4095	6073	6836	9379
0:43:40	30.1	1123	3350	4513	6934	8500	10523	902	3084	4118	6053	6896	9458
0:43:45	30.1	1121	3313	4463	6919	8345	10551	881	3090	4013	6041	6903	9462
0:43:50	30.1	1060	3313	4433	6842	8456	10455	870	3136	4012	6055	6988	9448
0:43:55	30.1	1129	3290	4497	6839	8543	10598	865	3087	4068	6114	6925	9558
0:44:00	30.1	1145	3291	4477	6991	8323	10490	847	3083	4111	6166	6970	9466
0:44:05	30.1	1128	3255	4499	6926	8395	10587	856	3105	4084	6055	7002	9527
0:44:10	30.1	1139	3271	4395	7016	8392	10585	852	3123	4118	6046	6974	9445
0:44:15	30.1	1128	3312	4607	6944	8466	10466	896	3080	4069	6073	6933	9553
0:44:20	30.1	1116	3289	4399	6971	8381	10612	832	3122	3977	6043	6882	9494
0:44:25	30.1	1116	3218	4451	6900	8445	10550	848	3124	4092	5995	6956	9535
0:44:30	30.1	1116	3324	4433	7036	8525	10584	896	3122	4073	6016	7061	9496
0:44:35	30.1	1151	3229	4446	6968	8485	10576	869	3083	4070	6042	6925	9475
0:44:40	30.1	1134	3258	4487	7014	8451	10577	891	3100	4156	5997	6901	9516
0:44:45	30.1	1143	3284	4436	6961	8475	10612	848	3155	4042	6090	7004	9369
0:44:50	30.1	1151	3319	4445	6956	8423	10442	893	3079	4111	5974	6874	9494
0:44:55	30.1	1104	3238	4513	7010	8425	10531	855	3092	4091	6010	6980	9568
0:45:00	30.1	1126	3311	4496	6920	8471	10493	887	3074	4052	6088	6912	9590
0:45:05	30.1	1161	3268	4475	6989	8455	10512	871	3119	4107	6037	6984	9528
0:45:10	30.1	1123	3275	4492	6891	8344	10566	868	3109	4086	5938	6880	9587
0:45:15	30.1	1144	3285	4571	7042	8404	10680	868	3145	4101	6077	6918	9489
0:45:20	30.1	1151	3347	4421	7005	8349	10522	856	3129	4110	6015	6999	9466
0:45:25	30.1	1129	3292	4435	6859	8396	10543	866	3161	4132	6037	6968	9385
0:45:30	30.1	1071	3273	4454	6999	8412	10574	895	3132	4034	6095	6949	9509
0:45:35	30.1	1117	3263	4413	6937	8429	10505	875	3111	4062	6046	6976	9477
0:45:40	30.1	1127	3290	4466	6914	8498	10613	880	3128	4095	6060	6964	9378
0:45:45	30.1	1140	3355	4513	7007	8274	10422	880	3109	4022	6010	6905	9604
0:45:50	30.1	1130	3315	4463	6908	8424	10416	844	3106	4069	6019	6963	9526
0:45:55	30.1	1129	3245	4452	6896	8361	10525	858	3112	4119	5991	6956	9405
0:46:00	30.1	1126	3271	4456	6984	8408	10459	884	3192	4107	6006	6938	9471
0:46:05	30.1	1093	3266	4484	6935	8362	10639	864	3083	4118	6105	6984	9499
0:46:10	30.1	1112	3229	4453	6971	8281	10670	838	3044	4057	6094	6997	9510
0:46:15	30.1	1110	3292	4505	6984	8385	10571	872	3136	4042	6033	6918	9471
0:46:20	30.1	1116	3284	4473	6874	8339	10566	868	3164	4029	6061	6853	9453
0:46:25	30.1	1134	3245	4559	6942	8411	10536	857	3155	4116	6015	6831	9393
0:46:30	30.1	1116	3328	4461	6861	8367	10572	885	3134	4086	5901	6932	9531
0:46:35	30.1	1121	3260	4490	7022	8435	10410	901	3104	4061	5996	6982	9380
0:46:40	30.1	1125	3325	4439	6979	8337	10582	856	3146	4115	6061	6872	9479
0:46:45	30.1	1145	3262	4505	6937	8413	10564	888	3074	4148	6040	7002	9445
0:46:50	30.1	1118	3251	4568	6960	8409	10618	880	3077	4124	5941	6983	9417
0:46:55	30.1	1087	3312	4470	6940	8384	10563	897	3163	4049	6008	6972	9533
0:47:00	30.1	1109	3271	4438	6933	8411	10471	860	3110	4080	5943	6875	9551
0:47:05	30.1	1118	3316	4466	6913	8387	10443	866	3155	4059	6079	6850	9383
0:47:10	30.1	1122	3256	4492	6936	8428	10517	881	3116	4065	6038	6949	9481
0:47:15	30.1	1104	3285	4493	6978	8392	10659	865	3102	4000	6051	6964	9497
0:47:20	30.1	1129	3227	4476	6937	8385	10498	892	3157	4118	6064	6900	9537
0:47:25	30.1	1105	3299	4488	6884	8286	10537	867	3137	3995	6055	6876	9484
0:47:30	30.1	1106	3249	4499	6987	8395	10424	864	3066	4076	6065	6835	9433
0:47:35	30.1	1119	3296	4478	6951	8423	10555	871	3108	4064	6083	6874	9520
0:47:40	30.1	1133	3318	4457	6831	8303	10522	858	3123	4075	5946	6965	9494
0:47:45	30.1	1129	3260	4455	7038	8401	10551	872	3081	4148	6015	6967	9568
0:47:50	30.1	1111	3255	4493	6992	8368	10621	892	3097	4099	6070	6966	9401
0:47:55	30.1	1106	3327	4507	6991	8442	10532	858	3095	4106	6035	6946	9395
0:48:00	30.1	1098	3219	4485	6980	8389	10506	890	3074	4071	6065	6912	9462
0:48:05	30.1	1100	3219	4453	6912	8288	10579	890	3060	4142	5999	6900	9428
0:48:10	30.1	1135	3258	4427	6986	8312	10531	873	3101	4072	6102	7017	9503
0:48:15	30.1	1122	3299	4437	6894	8490	10432	886	3119	3987	5989	6910	9376
0:48:20	30.1	1155	3191	4417	6949	8277	10746	874	3081	4092	6028	6862	9369
0:48:25	30.1	1119	3248	4407	6921	8451	10446	872	3099	4044	6014	6860	9417
0:48:30	30.1	1106	3276	4473	6943	8422	10525	877	3164	4076	6058	6854	9513
0:48:35	30.1	1105	3265	4484	6902	8331	10586	896	3152	4081	6045	6854	9322
0:48:40	30.1	1102	3283	4384	6894	8340	10471	872	3096	4073	5976	6891	9308
0:48:45	30.1	1134	3240	4489	6783	8393	10547	891	3127	4064	6001	6901	9485
0:48:50	30.1	1129	3319	4486	6865	8326	10395	882	3086	4082	6069	6898	9402
0:48:55	30.1	1100	3335	4388	6937	8337	10539	887	3098	4083	6065	6931	9460
0:49:00	30.1	1130	3305	4447	6977	8344	10447	877	3101	4146	6072	6865	9516
0:49:05	30.1	1104	3259	4385	6986	8354	10596	899	3133	4039	5993	6796	9526
0:49:10	30.1	1147	3276	4503	6940	8431	10405	862	3098	4038	6043	6912	9512
0:49:15	30.1	1104	3318	4464	7013	8409	10581	842	3065	4070	6021	6917	9477
0:49:20	30.1	1095	3205	4352	6886	8257	10424	855	3098	4043	6033	6888	9485
0:49:25	30.1	1117	3280	4451	6876	8471	10473	842	3152	4095	5925	6879	9392
0:49:30	30.1	1116	3235	4459	6991	8295	10635	868	3170	4065	6003	6957	9523
0:49:35	30.1	1109	3238	4481	6968	8430	10410	860	3119	4060	5945	6910	9398
0:49:40	30.1	1118	3250	4532	6893	8300	10550	870	3071	4128	5952	6995	9344
0:49:45	30.1	1126	3269	4449	6900	8324	10510	861	3098	4079	5965	6885	9313
0:49:50	30.1	1116	3282	4397	6854	8390	10568	890	3126	4052	5986	6907	9388
0:49:55	30.1	1117	3295	4471	7001	8438	10526	865	3135	4079	6062	6838	9398
0:50:00	30.1	1109	3322	4431	6935	8323	10355	855	3139	4112	6088	6853	9457
0:50:05	30.1	1123	3230	4526	6915	8347	10491	886	3086	4076	6027	6955	9512
0:50:10	30.1	1096	3257	4395	6954	8393	10536	888	3106	4146	6131	6980	9447
0:50:15	30.1	1132	3317	4453	6869	8330	10469	861	3128	4091	6134	6833	9398
0:50:20	30.1	1096	3219	4418	6971	8353	10499	852	3100	4027	6100	6953	9382
0:50:25	30.1	1112	3274	4475	6951	8224	10481	883	3072	4106	5899	6803	9321
0:50:30	30.1	1108	3315	4479	6803	8400	10493	861	3141	4098	5982	6995	9372
0:50:35	30.1	1107	3297	4438	6959	8465	10516	873	3044	4101	5983	6964	9473
0:50:40	30.1	1121	3248	4492	7004	8387	10587	861	3150	4025	6051	6857	9415
0:50:45	30.1	1130	3309	4483	6930	8405	10519	859	3115	4116	5980	6996	9473
0:50:50	30.1	1115	3225	4412	6910	8382	10505	867	3118	4066	6032	6865	9506
0:50:55	30.1	1102	3252	4528	6982	8329	10523	863	3161	4076	5990	6894	9399
0:51:00	30.1	1098	3238	4446	6958	8258	10590	882	3089	4087	6015	6877	9486
0:51:05	30.1	1098	3305	4433	6885	8406	10483	902	3044	3994	6050	6887	9447
0:51:10	30.1	1123	3203	4414	6896	8343	10488	863	3086	4055	6045	6967	9430
0:51:15	30.1	1099	3300	4471	6841	8512	10580	876	3104	4064	6028	6856	9441
0:51:20	30.1	1116	3236	4381	7030	8341	10583	888	3132	4104	6055	6884	9478
0:51:25	30.1	1109	3321	4473	6970	8298	10485	901	3127	4120	6004	6836	9421
0:51:30	30.1	1116	3274	4409	6952	8365	10422	862	3088	3987	6003	6864	9406
0:51:35	30.1	1079	3281	4473	6882	8182	10562	883	3069	4102	5976	6935	9460
0:51:40	30.1	1135	3274	4428	6863	8334	10546	827	3086	4077	5966	6842	9554
0:51:45	30.1	1078	3210	4478	6921	8361	10443	877	3088	4064	5981	6781	9421
0:51:50	30.1	1119	3312	4439	6887	8337	10626	876	3045	4046	6017	6896	9511
0:51:55	30.1	1087	3267	4480	6923	8371	10438	872	3068	4038	5987	6823	9363
0:52:00	30.1	1099	3244	4360	6962	8276	10424	893	3095	4024	5967	6814	9428
0:52:05	30.1	1138	3280	4417	6991	8409	10432	853	3136	4024	5949	6878	9562
0:52:10	30.1	1152	3226	4424	6903	8321	10567	862	3078	4053	5955	6806	9473
0:52:15	30.1	1115	3244	4460	6953	8344	10469	876	3142	4047	6036	6821	9498
0:52:20	30.1	1138	3211	4492	6984	8227	10472	861	3133	4094	6001	6869	9407
0:52:25	30.1	1130	3201	4405	6920	8324	10537	876	3053	3989	6024	6855	9381
0:52:30	30.1	1127	3337	4459	6858	8271	10517	896	3070	4018	5989	6894	9387
0:52:35	30.1	1113	3266	4468	6966	8356	10309	879	3108	4031	5955	6788	9303
0:52:40	30.1	1154	3271	4436	6871	8318	10414	870	3086	4031	5974	6840	9470
0:52:45	30.1	1079	3316	4416	6770	8232	10618	872	3121	4013	5988	6895	9386
0:52:50	30.1	1113	3288	4426	6902	8362	10547	858	3063	4066	6017	6904	9463
0:52:55	30.1	1090	3277	4502	6926	8330	10443	897	3056	4032	5973	6868	9438
0:53:00	30.1	1138	3281	4447	6942	8478	10456	881	3144	4071	5987	6911	9463
0:53:05	30.1	1113	3290	4413	6997	8312	10494	882	3079	4077	6053	6962	9357
0:53:10	30.1	1102	3291	4506	6902	8392	10406	870	3052	4035	5947	6837	9399
0:53:15	30.1	1093	3319	4405	6934	8340	10428	875	3057	4065	5968	6812	9351
0:53:20	30.1	1157	3248	4446	7070	8317	10503	882	3083	4053	6071	6895	9430
0:53:25	30.1	1100	3202	4404	6935	8267	10401	863	3098	4078	5996	6776	9375
0:53:30	30.1	1125	3301	4449	6909	8369	10559	864	3121	4033	6000	6838	9294
0:53:35	30.1	1105	3240	4413	6950	8277	10383	867	3058	4101	5958	6898	9359
0:53:40	30.1	1077	3288	4421	6798	8260	10464	866	3102	3972	6000	6863	9297
0:53:45	30.1	1111	3297	4497	6869	8365	10414	880	3051	4116	5916	6821	9466
0:53:50	30.1	1149	3257	4439	6865	8330	10456	889	3065	4035	6051	6843	9392
0:53:55	30.1	1094	3237	4423	6868	8394	10625	860	3097	4040	5930	6836	9345
0:54:00	30.1	1145	3294	4416	6799	8316	10545	858	3048	4111	5968	6743	9396
0:54:05	30.1	1129	3239	4413	6955	8343	10452	880	3120	4107	6000	6755	9440
0:54:10	30.1	1088	3280	4399	6840	8396	10402	880	3045	4046	5939	6866	9498
0:54:15	30.1	1103	3234	4480	6871	8355	10610	871	3110	4015	5997	6885	9417
0:54:20	30.1	1095	3256	4479	6905	8440	10429	863	3090	4041	6013	6879	9377
0:54:25	30.1	1113	3310	4447	6890	8270	10454	861	3097	3987	5973	6825	9378
0:54:30	30.1	1081	3247	4417	6834	8282	10496	895	3022	4021	5991	6843	9385
0:54:35	30.1	1105	3291	4405	6904	8310	10418	846	3053	4009	6059	6902	9351
0:54:40	30.1	1089	3225	4436	6997	8297	10551	865	3038	4007	5911	6813	9423
0:54:45	30.0	1101	3200	4476	6921	8253	10487	878	3142	4010	5902	6874	9197
0:54:50	30.1	1142	3260	4386	6879	8346	10425	882	3103	4079	5896	6850	9289
0:54:55	30.1	1094	3255	4391	6795	8299	10441	888	3105	4014	5940	6844	9461
0:55:00	30.1	1096	3279	4420	7000	8322	10387	865	3137	4063	6007	6879	9428
0:55:05	30.1	1102	3312	4469	6908	8255	10444	861	3070	3957	5949	6892	9373
0:55:10	30.1	1163	3265	4379	6893	8308	10586	868	3076	4039	5937	6837	9336
0:55:15	30.1	1087	3245	4416	6865	8323	10487	868	3063	4049	5929	6889	9407
0:55:20	30.1	1118	3222	4423	6986	8448	10424	870	3093	4008	5971	6837	9425
0:55:25	30.1	1133	3243	4400	6927	8331	10339	876	3099	4026	5987	6870	9346
0:55:30	30.1	1096	3240	4412	6939	8257	10299	864	3159	4013	5918	6961	9372
0:55:35	30.1	1098	3259	4387	6865	8302	10489	845	3093	4007	5965	6979	9423
0:55:40	30.0	1103	3181	4404	6911	8212	10407	851	3090	4072	6006	6897	9372
0:55:45	30.1	1150	3186	4521	6879	8288	10345	834	3049	4024	5893	6798	9388
0:55:50	30.1	1095	3218	4410	6837	8341	10419	858	3077	4005	5971	6769	9273
0:55:55	30.1	1088	3246	4397	6817	8359	10464	868	3066	4044	5956	6808	9248
0:56:00	30.1	1170	3267	4451	6884	8443	10463	871	3047	4017	5923	6874	9433
0:56:05	30.1	1072	3252	4434	6822	8254	10283	866	3012	4058	5975	6851	9382
0:56:10	30.1	1102	3348	4356	6896	8331	10455	866	3104	4068	5934	6803	9340
0:56:15	30.1	1071	3273	4488	6892	8318	10402	852	3065	4084	6025	6766	9224
0:56:20	30.1	1121	3274	4371	6793	8366	10589	857	3062	4056	5954	6775	9439
0:56:25	30.0	1112	3198	4475	6937	8301	10365	891	3060	4026	5957	6818	9455
0:56:30	30.1	1094	3206	4361	6979	8301	10380	849	3089	4029	5937	6828	9385
0:56:35	30.0	1075	3176	4406	6903	8409	10341	841	3077	3975	6047	6838	9431
0:56:40	30.1	1111	3222	4305	6864	8154	10426	877	3096	4008	5927	6747	9410
0:56:45	30.1	1112	3303	4427	6914	8240	10456	878	3041	4037	5992	6850	9373
0:56:50	30.1	1093	3214	4351	6836	8306	10467	874	3091	4056	5981	6875	9387
0:56:55	30.1	1118	3202	4422	6859	8274	10466	887	3057	4028	5908	6836	9309
0:57:00	30.1	1128	3228	4425	6890	8337	10383	840	3084	4046	5921	6820	9281
0:57:05	30.0	1096	3218	4409	6991	8297	10391	894	3075	3998	6036	6811	9307
0:57:10	30.1	1089	3242	4452	6813	8295	10331	873	3115	4066	6042	6832	9329
0:57:15	30.1	1126	3226	4400	6928	8489	10353	889	3062	4052	5884	6922	9324
0:57:20	30.1	1129	3251	4425	6764	8212	10361	878	3106	3983	5958	6782	9392
0:57:25	30.0	1082	3174	4419	6772	8233	10421	851	3078	4033	5932	6820	9343
0:57:30	30.1	1123	3249	4415	6807	8188	10409	884	3077	4058	5873	6898	9283
0:57:35	30.1	1125	3241	4439	6807	8302	10573	867	3124	4029	5882	6761	9371
0:57:40	30.1	1077	3222	4453	6856	8397	10375	873	3075	4059	5948	6867	9270
0:57:45	30.1	1083	3276	4375	6899	8299	10496	857	3083	4047	6054	6851	9409
0:57:50	30.1	1095	3256	4461	7014	8215	10499	862	3097	4048	5979	6879	9366
0:57:55	30.0	1117	3276	4467	6936	8310	10494	830	3061	4066	5917	6857	9376
0:58:00	30.1	1097	3254	4444	6853	8282	10395	878	3079	3995	5884	6832	9248
0:58:05	30.1	1090	3194	4377	6816	8307	10473	869	3089	4054	5956	6805	9429
0:58:10	30.1	1092	3220	4391	6915	8300	10539	876	3023	3990	5962	6788	9303
0:58:15	30.1	1111	3220	4378	6828	8361	10271	857	3068	4104	5993	6767	9499
0:58:20	30.1	1100	3223	4373	6828	8323	10377	908	3110	4058	6057	6866	9261
0:58:25	30.1	1114	3259	4384	6975	8361	10487	849	3110	4004	5955	6824	9309
0:58:30	30.1	1082	3259	4412	6898	8274	10464	872	3095	4048	5948	6853	9436
0:58:35	30.1	1109	3231	4386	6948	8200	10401	880	3068	4007	5941	6756	9374
0:58:40	30.0	1089	3238	4390	6859	8344	10434	860	3043	3970	5921	6780	9410
0:58:45	30.1	1117	3223	4425	6938	8243	10318	862	3071	3979	6009	6757	9298
0:58:50	30.1	1090	3199	4422	6834	8374	10436	857	3079	3976	5960	6853	9223
0:58:55	30.0	1102	3201	4380	6922	8314	10244	892	3048	4010	6008	6858	9313
0:59:00	30.1	1104	3229	4330	6907	8266	10445	887	3105	4008	5958	6774	9296
0:59:05	30.1	1100	3260	4427	6891	8339	10344	881	3076	3986	5974	6878	9392
0:59:10	30.1	1135	3267	4357	6810	8269	10230	895	3084	3989	5901	6828	9191
0:59:15	30.1	1103	3166	4370	6869	8265	10566	883	3072	4036	5973	6871	9282
0:59:20	30.0	1116	3247	4416	6791	8293	10361	890	3049	4031	5987	6783	9310
0:59:25	30.1	1094	3246	4344	6881	8363	10356	877	3065	4079	5964	6941	9359
0:59:30	30.1	1087	3248	4336	6888	8203	10334	866	3009	3977	5957	6882	9228
0:59:35	30.1	1092	3246	4410	6883	8331	10340	858	3046	4003	5936	6846	9242
0:59:40	30.1	1110	3246	4430	6863	8270	10464	856	3039	3963	5993	6804	9395
0:59:45	30.1	1139	3281	4388	6842	8270	10356	876	3060	4021	5917	6821	9368
0:59:50	30.1	1082	3218	4487	6886	8252	10512	866	3037	3998	5924	6782	9367
0:59:55	30.1	1091	3234	4413	6762	8240	10435	864	3057	4033	5949	6792	9212
1:00:00	30.1	1080	3191	4390	6845	8371	10365	871	2988	3990	5918	6804	9369

Results
	1	2	3	4	5	6	7	8	9	10	11	12
A													Max V [295,335]
													R-Squared [295,335]
													t at Max V [295,335]
													Lagtime [295,335]
B													Max V [295,335]
													R-Squared [295,335]
													t at Max V [295,335]
													Lagtime [295,335]
C													Max V [295,335]
													R-Squared [295,335]
													t at Max V [295,335]
													Lagtime [295,335]
D													Max V [295,335]
													R-Squared [295,335]
													t at Max V [295,335]
													Lagtime [295,335]
E	-1224000.000	-1728000.000	2544000.000	-2988000.000	-3804000.000	-4344000.000	-924000.000	-1884000.000	-2196000.000	-3264000.000	-2916000.000	-3408000.000	Max V [295,335]
	1.000	1.000	1.000	1.000	1.000	1.000	1.000	1.000	1.000	1.000	1.000	1.000	R-Squared [295,335]
	0:28:58	0:24:33	0:44:13	0:02:23	0:00:38	0:03:58	0:00:18	0:00:18	0:00:28	0:01:13	0:01:23	0:33:58	t at Max V [295,335]
	0:28:36	0:23:39	0:45:01	0:02:03	0:00:33	0:03:38	0:00:10	0:00:10	0:00:20	0:00:55	0:00:58	0:32:32	Lagtime [295,335]
F													Max V [295,335]
													R-Squared [295,335]
													t at Max V [295,335]
													Lagtime [295,335]
G													Max V [295,335]
													R-Squared [295,335]
													t at Max V [295,335]
													Lagtime [295,335]
H													Max V [295,335]
													R-Squared [295,335]
													t at Max V [295,335]
													Lagtime [295,335]

