

Software Version	3.03.14

Procedure Details

Plate Type	96 WELL PLATE
Set Temperature	Setpoint 30°C
	Preheat before moving to next step
Start Kinetic	Runtime 1:10:00 (HH:MM:SS), Interval 0:00:05, 841 Reads
    Read	Fluorescence Endpoint
	G1..G12
	Filter Set 1
	    Excitation: 295,  Emission: 335
	    Optics: Top,  Gain: 80
	Light Source: Xenon Flash,  Lamp Energy: High
	Read Speed: Normal,  Delay: 0 msec,  Measurements/Data Point: 5
	Read Height: 8 mm
End Kinetic	

Layout
	1	2	3	4	5	6	7	8	9	10	11	12
A													Well ID
B													Well ID
C													Well ID
D													Well ID
E													Well ID
F													Well ID
G	SPL1	SPL2	SPL3	SPL4	SPL5	SPL6	SPL7	SPL8	SPL9	SPL10	SPL11	SPL12	Well ID
H													Well ID

295,335

Time	T° 295,335	G1	G2	G3	G4	G5	G6	G7	G8	G9	G10	G11	G12
0:00:00	30.0	8680	10308	12394	16464	8191	10311	11786	15096	6944	8691	10132	12128
0:00:05	30.0	8500	10311	12415	16436	8053	10189	11712	15007	7004	8683	10184	12322
0:00:10	30.0	8466	10283	12106	16217	7882	10026	11603	14980	6902	8710	10021	12166
0:00:15	30.0	8374	10158	12098	16295	7852	10015	11427	14878	6847	8534	10078	12390
0:00:20	30.0	8298	10104	12148	16132	7676	9863	11293	14702	6929	8671	10035	12079
0:00:25	30.0	8313	10158	12045	16222	7570	9735	11120	14409	6866	8465	10067	12129
0:00:30	30.0	8188	10052	11940	16146	7548	9577	11232	14436	6776	8513	10022	12161
0:00:35	30.0	8220	10074	11844	15946	7500	9573	11060	14209	6718	8437	9875	12224
0:00:40	30.0	8127	9883	11850	15927	7331	9422	10875	14151	6856	8387	9850	12002
0:00:45	30.0	8021	9907	11632	15622	7116	9354	10653	14143	6666	8389	9840	12062
0:00:50	30.0	7927	9898	11698	15866	7221	9243	10662	13846	6691	8355	9863	12128
0:00:55	30.0	7921	9819	11610	15764	7210	9111	10627	13707	6645	8377	9798	11985
0:01:00	30.0	7922	9714	11540	15616	6900	9069	10524	13680	6543	8240	9708	12005
0:01:05	30.0	7823	9595	11597	15610	6972	8932	10370	13415	6623	8171	9666	11896
0:01:10	30.0	7736	9678	11347	15496	6880	8871	10392	13318	6592	8322	9733	11913
0:01:15	30.0	7767	9519	11391	15491	6760	8809	10128	13341	6547	8229	9809	11822
0:01:20	30.0	7583	9443	11239	15283	6667	8875	10298	13139	6498	8152	9614	11747
0:01:25	30.0	7601	9448	11136	15414	6765	8634	10064	13062	6472	8209	9634	11859
0:01:30	30.0	7519	9345	11190	15133	6635	8564	9941	13008	6457	8287	9430	11669
0:01:35	30.0	7492	9175	11066	15279	6586	8533	9925	12887	6374	8132	9448	11874
0:01:40	30.0	7478	9228	11058	15102	6613	8436	9986	12812	6391	8156	9416	11809
0:01:45	30.0	7263	9133	11119	15174	6486	8400	9760	12647	6365	8005	9438	11600
0:01:50	30.0	7233	9064	11002	14967	6400	8353	9712	12689	6306	7909	9472	11606
0:01:55	30.0	7280	8978	10793	14961	6380	8313	9618	12629	6306	8036	9451	11801
0:02:00	30.0	7271	8922	10874	14774	6322	8238	9652	12408	6216	7957	9331	11657
0:02:05	30.0	7253	8928	10829	14629	6261	8136	9537	12501	6216	7984	9252	11577
0:02:10	30.0	7082	9031	10731	14478	6369	8282	9511	12355	6171	7859	9310	11545
0:02:15	30.0	7148	8883	10728	14571	6266	8112	9457	12441	6134	7786	9267	11606
0:02:20	30.0	7006	8742	10605	14687	6236	8079	9369	12331	6158	7884	9287	11533
0:02:25	30.0	7063	8828	10520	14459	6097	7922	9355	12154	6105	7758	9292	11521
0:02:30	30.0	6988	8721	10574	14454	6167	7958	9302	12116	6156	7866	9233	11427
0:02:35	30.0	6964	8627	10486	14374	6059	7946	9293	11998	6114	7695	9180	11558
0:02:40	30.0	6903	8682	10431	14332	6077	7885	9086	12075	6074	7730	9194	11353
0:02:45	30.0	6927	8479	10315	14303	6055	7867	9247	12053	6088	7727	9113	11479
0:02:50	30.0	6855	8557	10312	14382	6040	7886	9040	11860	5985	7687	9078	11215
0:02:55	30.0	6757	8399	10451	14123	6029	7844	9189	11882	6017	7682	9097	11487
0:03:00	30.0	6859	8309	10136	14027	6037	7753	9136	11850	5965	7645	9112	11488
0:03:05	30.0	6800	8421	10211	13986	5946	7780	9099	11683	5931	7638	9094	11340
0:03:10	30.0	6621	8444	10241	13998	6004	7648	9064	11708	5948	7543	9009	11227
0:03:15	30.0	6721	8352	10104	14085	5903	7781	8943	11672	5870	7524	9031	11268
0:03:20	30.0	6651	8248	10049	13903	5887	7635	8988	11670	5878	7494	8998	11145
0:03:25	30.0	6699	8234	10059	13939	5943	7582	8865	11671	5915	7442	8908	11294
0:03:30	30.0	6486	8211	9945	13827	5859	7588	8807	11530	5814	7480	8859	11195
0:03:35	30.0	6491	8163	9878	13667	5828	7595	8825	11459	5788	7357	8876	11193
0:03:40	30.0	6484	8193	9980	13532	5829	7540	8793	11397	5835	7441	8849	11041
0:03:45	30.0	6416	8047	9793	13791	5816	7592	8864	11484	5796	7416	8976	11100
0:03:50	30.0	6534	8035	9747	13676	5751	7563	8963	11493	5812	7355	8726	11040
0:03:55	30.0	6393	8071	9758	13481	5870	7522	8742	11411	5790	7318	8794	11126
0:04:00	30.0	6402	8065	9739	13523	5796	7533	8529	11437	5767	7466	8753	11000
0:04:05	30.0	6379	7926	9694	13518	5764	7559	8653	11331	5777	7285	8627	10966
0:04:10	30.0	6493	7898	9608	13392	5801	7430	8664	11299	5732	7324	8694	11017
0:04:15	30.0	6226	7844	9687	13259	5764	7330	8625	11149	5631	7310	8690	10801
0:04:20	30.0	6303	7900	9549	13362	5746	7442	8527	11178	5637	7239	8676	10964
0:04:25	30.0	6297	7854	9526	13403	5735	7387	8502	11289	5705	7243	8614	10922
0:04:30	30.0	6261	7879	9547	13318	5750	7298	8568	11145	5661	7114	8472	10809
0:04:35	30.0	6221	7819	9488	13198	5727	7372	8568	11035	5609	7194	8528	10895
0:04:40	30.0	6213	7787	9548	13196	5757	7417	8593	11031	5587	7153	8570	10907
0:04:45	30.0	6082	7760	9632	12918	5699	7382	8477	11098	5560	7224	8609	10869
0:04:50	30.0	6220	7729	9462	13192	5699	7339	8560	10994	5540	7171	8692	10825
0:04:55	30.0	6092	7642	9374	13111	5683	7320	8414	10934	5504	7207	8513	10799
0:05:00	30.0	6168	7581	9345	13151	5716	7261	8560	11002	5466	7046	8384	10929
0:05:05	30.0	6049	7695	9289	13034	5643	7275	8511	10961	5519	7159	8427	10625
0:05:10	30.0	6141	7612	9336	13003	5673	7318	8402	10996	5423	7097	8356	10733
0:05:15	30.0	6110	7578	9179	12769	5683	7266	8508	10904	5568	7011	8351	10657
0:05:20	30.0	6076	7675	9217	13011	5610	7370	8321	10822	5456	6914	8465	10618
0:05:25	30.0	6087	7481	9222	12814	5637	7365	8367	10780	5436	7015	8419	10667
0:05:30	30.0	6026	7392	9115	12892	5670	7219	8418	10877	5538	6873	8440	10637
0:05:35	30.0	5980	7473	9234	12720	5608	7247	8459	10711	5399	6952	8406	10570
0:05:40	30.0	5924	7400	9215	12724	5590	7309	8337	10843	5411	6931	8358	10516
0:05:45	30.0	5966	7435	9138	12568	5566	7220	8342	10860	5374	6975	8333	10548
0:05:50	30.0	5940	7480	9035	12865	5570	7238	8400	10885	5353	6971	8227	10387
0:05:55	30.0	5820	7473	8947	12526	5639	7255	8368	10792	5356	6964	8333	10609
0:06:00	30.0	5939	7415	9072	12538	5509	7156	8362	10886	5389	6940	8265	10577
0:06:05	30.0	5835	7366	9047	12517	5495	7161	8259	10703	5331	6934	8195	10378
0:06:10	30.0	5925	7343	8993	12549	5666	7161	8344	10718	5285	6897	8241	10421
0:06:15	30.0	5809	7334	8997	12481	5601	7206	8221	10845	5264	6865	8284	10363
0:06:20	30.0	5899	7391	8958	12460	5550	7148	8149	10622	5308	6857	8254	10493
0:06:25	30.0	5922	7429	8962	12477	5543	7133	8189	10655	5312	6867	8186	10376
0:06:30	30.0	5718	7262	8757	12424	5498	7112	8178	10684	5273	6836	8168	10311
0:06:35	30.0	5755	7171	8837	12364	5471	7155	8148	10704	5279	6758	8006	10300
0:06:40	30.0	5836	7206	8839	12298	5544	7058	8227	10760	5278	6758	8172	10359
0:06:45	30.0	5813	7177	8785	12255	5524	7093	8157	10567	5199	6713	8103	10421
0:06:50	30.0	5700	7216	8752	12362	5502	7116	8038	10665	5246	6869	8170	10281
0:06:55	30.0	5684	7265	8816	12279	5483	7146	8165	10479	5134	6776	8086	10318
0:07:00	30.0	5746	7151	8733	12092	5538	7128	8140	10780	5183	6764	7985	10145
0:07:05	30.0	5770	7151	8612	12317	5568	7076	8184	10682	5229	6778	8102	10374
0:07:10	30.0	5690	7261	8714	12357	5609	7101	8235	10639	5127	6608	8085	10224
0:07:15	30.0	5767	7088	8670	12384	5527	7130	8263	10527	5076	6634	8017	10312
0:07:20	30.0	5649	7000	8655	11979	5530	7127	8147	10465	5185	6718	7889	10267
0:07:25	30.0	5716	7089	8628	12012	5566	6962	8121	10829	5037	6612	7888	10119
0:07:30	30.0	5734	7076	8638	12114	5479	6981	8239	10426	5053	6609	7898	10117
0:07:35	30.0	5729	7037	8583	12069	5504	7048	8276	10555	5125	6661	8036	10064
0:07:40	30.0	5598	7010	8588	12200	5449	7054	8166	10552	5175	6561	7915	10226
0:07:45	30.0	5679	6975	8523	11955	5523	7097	8145	10468	5147	6609	7979	10212
0:07:50	30.0	5569	7035	8555	12003	5484	7003	8212	10421	5093	6634	7869	10030
0:07:55	30.0	5621	7041	8416	11874	5447	7118	8134	10402	5057	6567	7952	10278
0:08:00	30.0	5601	6965	8594	11814	5460	7103	8147	10395	5033	6464	7976	10106
0:08:05	30.0	5541	6930	8508	12016	5484	6945	8169	10367	5130	6631	7818	10018
0:08:10	30.0	5538	6939	8480	12002	5461	7048	8161	10515	5025	6602	7698	10014
0:08:15	30.0	5688	6977	8436	11870	5584	7048	8139	10396	5059	6557	7822	9998
0:08:20	30.0	5588	6861	8470	11957	5475	7015	8095	10443	5029	6639	7837	9999
0:08:25	30.0	5524	6865	8435	11853	5517	7012	8060	10446	5051	6460	7855	10020
0:08:30	30.0	5484	6924	8376	11816	5541	7002	8147	10432	5001	6405	7724	10053
0:08:35	30.0	5508	6789	8310	11748	5443	7011	8060	10449	4958	6426	7740	9962
0:08:40	30.0	5548	6852	8463	11857	5462	6965	8171	10503	5145	6502	7745	9942
0:08:45	30.0	5529	6902	8416	11773	5415	7014	8097	10473	5022	6329	7828	10004
0:08:50	30.0	5518	6833	8367	11677	5424	7033	8203	10479	5024	6458	7777	9833
0:08:55	30.0	5512	6997	8383	11649	5524	6934	8160	10368	5000	6371	7745	9719
0:09:00	30.0	5452	6805	8413	11684	5408	6979	8118	10367	5003	6514	7675	9886
0:09:05	30.0	5580	6753	8416	11666	5436	6992	8065	10339	4971	6275	7674	10021
0:09:10	30.0	5508	6752	8299	11673	5438	6942	8052	10325	4953	6335	7761	9845
0:09:15	30.0	5591	6819	8292	11611	5428	6969	8055	10368	4940	6361	7634	9827
0:09:20	30.0	5411	6800	8243	11605	5388	6969	8078	10390	4927	6413	7755	9802
0:09:25	30.0	5458	6798	8238	11558	5552	6956	7990	10306	4870	6391	7606	9856
0:09:30	30.0	5485	6814	8306	11503	5487	6944	8156	10410	4939	6254	7608	9683
0:09:35	30.0	5420	6751	8186	11633	5381	6970	8059	10331	4934	6391	7573	9644
0:09:40	30.0	5377	6876	8282	11573	5370	6942	8149	10382	4929	6315	7581	9755
0:09:45	30.0	5388	6833	8225	11569	5388	7008	8024	10389	4881	6322	7499	9735
0:09:50	30.0	5473	6839	8126	11477	5437	6930	8006	10347	4845	6389	7597	9686
0:09:55	30.0	5378	6800	8236	11504	5451	6929	8149	10323	4911	6306	7679	9764
0:10:00	30.0	5407	6722	8138	11371	5362	6990	8206	10325	4854	6248	7513	9650
0:10:05	30.0	5471	6734	8101	11383	5433	6982	8046	10350	4910	6276	7472	9591
0:10:10	30.0	5398	6793	8258	11417	5464	6865	8103	10351	4836	6269	7636	9614
0:10:15	30.0	5412	6600	8267	11477	5342	6812	8109	10431	4791	6225	7541	9710
0:10:20	30.0	5391	6751	8133	11481	5384	6958	8078	10294	4846	6179	7482	9765
0:10:25	30.0	5518	6639	8232	11404	5472	7003	8009	10294	4851	6300	7487	9629
0:10:30	30.0	5418	6650	8072	11390	5393	6931	7992	10374	4888	6223	7493	9564
0:10:35	30.0	5389	6700	8114	11433	5357	6977	8014	10343	4853	6282	7384	9698
0:10:40	30.0	5461	6599	8114	11430	5365	7085	8039	10304	4808	6236	7434	9630
0:10:45	30.0	5379	6659	8056	11362	5433	6898	7963	10349	4823	6326	7392	9526
0:10:50	30.0	5412	6790	8131	11360	5457	7019	8015	10290	4877	6201	7470	9531
0:10:55	30.0	5437	6655	8035	11347	5352	7008	8085	10379	4862	6166	7455	9590
0:11:00	30.0	5342	6686	8117	11259	5421	6956	7977	10360	4751	6270	7365	9519
0:11:05	30.0	5395	6675	8008	11214	5329	6944	8018	10403	4861	6161	7475	9534
0:11:10	30.0	5387	6649	8104	11319	5441	6976	7976	10388	4860	6221	7383	9462
0:11:15	30.0	5425	6644	8121	11318	5418	6955	8079	10184	4860	6244	7411	9554
0:11:20	30.0	5277	6656	8113	11254	5421	6967	7930	10291	4845	6186	7405	9407
0:11:25	30.0	5246	6557	8066	11165	5340	6903	8010	10263	4847	6155	7338	9664
0:11:30	30.0	5225	6582	8044	11266	5429	6888	8055	10267	4755	6148	7336	9293
0:11:35	30.0	5442	6633	7989	11105	5343	6885	8027	10320	4899	6181	7292	9510
0:11:40	30.0	5243	6615	8062	11193	5433	6823	8041	10331	4761	6153	7379	9454
0:11:45	30.0	5381	6501	7942	11179	5372	6866	7929	10303	4784	6142	7283	9329
0:11:50	30.0	5334	6639	8065	11129	5473	6959	8076	10395	4769	6134	7329	9421
0:11:55	30.0	5335	6624	8049	11081	5327	6928	7991	10377	4779	6134	7329	9393
0:12:00	30.0	5362	6550	7947	11013	5318	6923	8041	10263	4802	6204	7256	9330
0:12:05	30.0	5286	6575	7973	11141	5400	6960	7949	10269	4753	6111	7267	9418
0:12:10	30.0	5389	6572	8039	11192	5391	6877	7952	10284	4771	6141	7340	9346
0:12:15	30.0	5328	6597	7962	11090	5344	6955	7971	10143	4737	6128	7274	9408
0:12:20	30.0	5329	6534	7954	11325	5402	6937	8014	10351	4751	6076	7386	9253
0:12:25	30.0	5358	6730	7882	11007	5420	6959	7962	10319	4761	6035	7362	9354
0:12:30	30.0	5244	6624	7977	11138	5446	6904	7908	10299	4792	5986	7311	9406
0:12:35	30.0	5221	6630	7973	11097	5379	6883	7977	10148	4726	6050	7218	9159
0:12:40	30.0	5295	6618	7967	11017	5396	6813	8019	10182	4790	6047	7228	9257
0:12:45	30.0	5264	6515	7938	11094	5432	6808	7938	10333	4751	6035	7147	9327
0:12:50	30.0	5370	6489	7927	11026	5363	6929	7923	10282	4794	6067	7169	9233
0:12:55	30.0	5398	6584	7834	10970	5350	7003	8069	10252	4684	5994	7107	9209
0:13:00	30.0	5293	6477	7924	10973	5418	6956	7982	10199	4782	6049	7197	9270
0:13:05	30.0	5256	6524	7895	11149	5475	6969	7942	10138	4759	6072	7184	9274
0:13:10	30.0	5352	6624	7892	10950	5417	6809	8007	10175	4736	5935	7150	9284
0:13:15	30.0	5299	6533	7882	11038	5425	6917	7951	10297	4786	5980	7225	9239
0:13:20	30.0	5304	6629	7838	10871	5448	6944	8039	10227	4644	6015	7166	9132
0:13:25	30.0	5235	6519	7974	10903	5330	6888	7975	10148	4765	6008	7079	9193
0:13:30	30.0	5246	6483	7851	11028	5388	6833	8000	10332	4707	5946	7137	9224
0:13:35	30.0	5296	6571	7889	10971	5312	6905	7958	10127	4747	6032	7143	9280
0:13:40	30.0	5295	6513	7823	10833	5425	6865	8006	10236	4659	6115	7103	9190
0:13:45	30.0	5226	6513	7930	11014	5396	6986	7987	10313	4697	6063	7119	9083
0:13:50	30.0	5197	6553	7904	10921	5292	6877	7950	10223	4641	6057	7081	9135
0:13:55	30.0	5301	6501	7823	10915	5362	6871	7917	10245	4656	5931	7121	9167
0:14:00	30.0	5284	6477	7856	10992	5431	6966	8043	10194	4649	5941	7161	9082
0:14:05	30.0	5248	6520	7862	10994	5398	6902	7989	10081	4637	6018	7096	9105
0:14:10	30.0	5371	6455	7884	10863	5302	6914	7951	10155	4635	5894	7235	9247
0:14:15	30.0	5300	6504	7809	11194	5331	6830	7944	10267	4712	5912	7100	9162
0:14:20	30.0	5220	6570	7906	10795	5336	6943	7905	10089	4620	5968	7003	9113
0:14:25	30.0	5258	6407	7914	10844	5339	6952	8029	10260	4668	5954	7031	9045
0:14:30	30.0	5166	6477	7775	10835	5313	6917	7982	10269	4610	5974	7105	9178
0:14:35	30.0	5257	6519	7754	10859	5398	6877	7952	10100	4628	5911	7047	9091
0:14:40	30.0	5204	6455	7742	10755	5379	6846	7958	10295	4710	5933	7026	9032
0:14:45	30.0	5200	6423	7815	10912	5296	6894	7930	10144	4637	5912	7179	9042
0:14:50	30.0	5314	6477	7948	10871	5340	6830	7918	10363	4660	5965	7080	9009
0:14:55	30.0	5321	6429	7745	10710	5305	6833	7948	10245	4616	5917	6986	8966
0:15:00	30.0	5293	6456	7756	10940	5331	6891	7902	10145	4663	5963	7026	9128
0:15:05	30.0	5277	6374	7687	10818	5273	6876	7915	10229	4585	5978	6988	9018
0:15:10	30.0	5245	6534	7818	10837	5333	6799	7912	10197	4636	5859	7063	8967
0:15:15	30.0	5250	6462	7902	10793	5382	6904	8166	10127	4628	5929	7085	8986
0:15:20	30.0	5326	6377	7835	10698	5328	6910	8021	10161	4675	5821	7017	8894
0:15:25	30.0	5246	6392	7785	10885	5321	6851	7968	10184	4716	5913	6997	8974
0:15:30	30.0	5251	6463	7705	10956	5352	6875	7961	10170	4640	5900	7051	9042
0:15:35	30.0	5214	6471	7805	10838	5326	6924	7906	10180	4711	5846	6962	9026
0:15:40	30.0	5159	6462	7779	10687	5307	6804	8007	10370	4662	5826	7034	9039
0:15:45	30.0	5250	6431	7721	10581	5313	6912	7931	10231	4626	5864	7058	8943
0:15:50	30.0	5180	6534	7741	10863	5257	6867	8004	10243	4646	5912	7001	8955
0:15:55	30.0	5254	6483	7782	10716	5389	6863	7917	10312	4691	5878	7027	8949
0:16:00	30.0	5194	6458	7762	10840	5312	6811	7902	10130	4606	5860	6998	8935
0:16:05	30.0	5221	6434	7724	10716	5327	6816	7878	10308	4605	5922	6988	8894
0:16:10	30.0	5260	6340	7818	10750	5375	6870	7813	10253	4644	5891	6973	8929
0:16:15	30.0	5227	6356	7730	10738	5374	6792	8014	10245	4673	5866	6947	8776
0:16:20	30.1	5203	6336	7752	10831	5307	6908	8006	10183	4575	5853	6941	8882
0:16:25	30.0	5220	6433	7779	10729	5325	6856	7913	10147	4566	5750	6876	8852
0:16:30	30.0	5292	6416	7719	10671	5246	6776	7915	10221	4609	5824	7055	8919
0:16:35	30.0	5188	6408	7639	10800	5268	6919	7953	10149	4602	5786	6937	8877
0:16:40	30.0	5240	6455	7757	10838	5342	6751	7970	10295	4603	5838	6954	8955
0:16:45	30.0	5125	6393	7729	10713	5293	6760	7920	10214	4657	5825	6953	8821
0:16:50	30.0	5225	6459	7729	10865	5350	6805	8006	10165	4656	5812	6893	8809
0:16:55	30.0	5229	6417	7635	10809	5409	6881	7987	10304	4611	5827	6989	8742
0:17:00	30.0	5273	6477	7737	10679	5330	6852	7949	10189	4660	5893	6830	8856
0:17:05	30.0	5189	6313	7694	10677	5269	6901	7921	10142	4591	5763	6844	8816
0:17:10	30.1	5168	6457	7621	10701	5339	6805	7947	10386	4556	5777	6926	8859
0:17:15	30.0	5215	6325	7653	10706	5330	6799	7850	10189	4532	5787	6942	8867
0:17:20	30.0	5208	6465	7638	10608	5276	6775	7952	10159	4525	5892	6834	8839
0:17:25	30.0	5187	6421	7692	10618	5372	6873	7823	10169	4609	5722	6951	8713
0:17:30	30.0	5160	6470	7669	10587	5285	6773	7988	10283	4567	5733	6789	8677
0:17:35	30.0	5171	6339	7836	10582	5266	6841	7879	10284	4611	5857	6900	8793
0:17:40	30.0	5030	6388	7578	10673	5276	6832	7841	10106	4548	5804	6864	8811
0:17:45	30.0	5145	6376	7638	10678	5276	6782	7810	10259	4582	5759	6871	8833
0:17:50	30.0	5186	6356	7614	10727	5311	6876	7985	10199	4611	5851	6916	8770
0:17:55	30.0	5265	6374	7684	10597	5250	6789	7941	10234	4539	5738	6861	8752
0:18:00	30.0	5071	6389	7623	10600	5346	6903	7871	10230	4593	5838	6838	8818
0:18:05	30.0	5199	6397	7721	10738	5323	6782	7947	10275	4518	5802	6835	8710
0:18:10	30.0	5186	6345	7641	10655	5262	6894	7916	10151	4565	5764	6950	8718
0:18:15	30.0	5234	6359	7672	10628	5353	6790	7866	10240	4613	5849	7002	8695
0:18:20	30.0	5102	6273	7718	10687	5214	6789	7937	10237	4524	5809	6875	8753
0:18:25	30.0	5197	6357	7695	10675	5210	6825	7931	10100	4560	5799	6852	8747
0:18:30	30.0	5241	6358	7722	10539	5295	6718	7926	10237	4491	5711	6840	8650
0:18:35	30.0	5176	6461	7671	10600	5229	6736	7878	10254	4619	5790	6848	8588
0:18:40	30.0	5176	6360	7686	10664	5283	6913	7836	10231	4517	5728	6900	8676
0:18:45	30.0	5208	6406	7671	10589	5266	6764	7961	10319	4568	5777	6804	8660
0:18:50	30.0	5162	6338	7678	10738	5260	6840	7900	10251	4525	5763	6840	8639
0:18:55	30.0	5141	6306	7621	10504	5249	6834	7886	10242	4572	5788	6753	8632
0:19:00	30.0	5175	6427	7550	10439	5286	6781	7881	10262	4547	5841	6769	8577
0:19:05	30.0	5148	6348	7674	10567	5292	6758	8010	10146	4498	5757	6706	8739
0:19:10	30.0	5140	6350	7696	10666	5269	6766	7940	10187	4501	5721	6800	8695
0:19:15	30.0	5138	6283	7657	10462	5228	6707	7942	10227	4559	5658	6858	8703
0:19:20	30.0	5149	6339	7623	10560	5280	6700	7905	10264	4491	5669	6829	8565
0:19:25	30.0	5150	6453	7632	10501	5207	6818	7856	10271	4580	5850	6815	8614
0:19:30	30.0	5192	6327	7666	10598	5297	6764	7824	10281	4506	5689	6807	8642
0:19:35	30.0	5106	6293	7628	10510	5234	6746	7926	10207	4558	5703	6759	8535
0:19:40	30.0	5152	6357	7658	10599	5263	6688	7899	10294	4570	5756	6883	8702
0:19:45	30.0	5195	6276	7727	10666	5272	6804	7999	10163	4574	5689	6710	8557
0:19:50	30.0	5106	6330	7612	10620	5251	6825	7969	10232	4568	5734	6830	8524
0:19:55	30.0	5153	6378	7653	10545	5265	6814	7895	10275	4499	5759	6807	8611
0:20:00	30.0	5147	6350	7716	10640	5211	6673	7977	10334	4604	5666	6796	8648
0:20:05	30.0	5277	6395	7592	10595	5337	6795	7831	10356	4592	5722	6811	8522
0:20:10	30.0	5138	6334	7572	10596	5227	6843	7942	10196	4516	5786	6695	8405
0:20:15	30.0	5094	6263	7479	10571	5281	6818	7955	10183	4524	5684	6685	8634
0:20:20	30.0	5136	6439	7635	10603	5301	6775	7809	10129	4551	5726	6805	8622
0:20:25	30.0	5074	6326	7685	10537	5293	6729	7895	10263	4496	5699	6813	8586
0:20:30	30.0	5169	6246	7534	10547	5267	6819	7904	10213	4525	5655	6790	8416
0:20:35	30.0	5086	6387	7620	10539	5227	6762	8010	10256	4442	5687	6787	8577
0:20:40	30.0	5191	6309	7548	10462	5308	6746	7824	10182	4530	5702	6733	8530
0:20:45	30.0	5052	6320	7596	10508	5284	6797	7806	10163	4574	5751	6717	8462
0:20:50	30.0	5096	6269	7523	10545	5321	6829	7797	10296	4481	5743	6788	8507
0:20:55	30.0	5170	6310	7697	10427	5195	6837	7888	10389	4532	5656	6730	8562
0:21:00	30.0	5234	6235	7586	10675	5184	6860	7821	10253	4449	5711	6767	8594
0:21:05	30.0	5160	6355	7527	10461	5285	6783	8069	10140	4480	5679	6806	8427
0:21:10	30.0	5147	6184	7577	10495	5266	6885	7891	10278	4538	5715	6729	8540
0:21:15	30.0	5103	6303	7529	10411	5189	6719	7827	10251	4488	5756	6794	8601
0:21:20	30.0	5155	6217	7571	10510	5256	6698	7774	10223	4513	5691	6749	8489
0:21:25	30.0	5110	6329	7602	10519	5248	6823	7867	10230	4515	5745	6568	8439
0:21:30	30.0	5092	6319	7700	10562	5192	6788	7897	10131	4597	5725	6767	8415
0:21:35	30.0	5092	6290	7583	10561	5232	6791	7967	10074	4505	5635	6732	8512
0:21:40	30.0	5214	6263	7623	10551	5255	6806	7783	10283	4508	5693	6700	8557
0:21:45	30.0	5119	6333	7584	10477	5247	6712	7877	10348	4533	5678	6747	8526
0:21:50	30.0	5114	6402	7614	10443	5229	6793	7855	10216	4506	5617	6758	8464
0:21:55	30.0	5040	6302	7529	10544	5224	6780	7893	10223	4515	5597	6817	8521
0:22:00	30.0	5075	6278	7559	10486	5200	6826	7855	10126	4475	5728	6671	8588
0:22:05	30.0	5111	6360	7542	10462	5210	6684	7984	10156	4502	5724	6736	8483
0:22:10	30.0	5148	6369	7619	10400	5211	6804	7911	10091	4497	5715	6669	8454
0:22:15	30.0	5104	6257	7485	10471	5244	6873	7845	10257	4554	5671	6607	8468
0:22:20	30.0	5084	6270	7571	10443	5167	6758	7816	10181	4534	5661	6734	8410
0:22:25	30.0	5126	6358	7557	10437	5243	6694	7881	10204	4485	5629	6708	8346
0:22:30	30.0	5158	6277	7583	10479	5200	6730	7876	10215	4427	5661	6774	8415
0:22:35	30.0	5117	6283	7512	10512	5233	6685	7844	10182	4420	5654	6712	8613
0:22:40	30.0	5181	6385	7509	10477	5217	6705	7726	10149	4483	5722	6729	8384
0:22:45	30.0	5159	6222	7536	10444	5293	6806	7779	10349	4474	5657	6632	8442
0:22:50	30.0	5110	6204	7563	10531	5246	6758	7941	10234	4503	5670	6796	8432
0:22:55	30.0	5123	6207	7526	10312	5292	6607	7816	10109	4524	5678	6689	8486
0:23:00	30.0	5158	6281	7592	10472	5278	6797	7758	10090	4455	5623	6628	8468
0:23:05	30.0	5044	6377	7535	10401	5203	6799	7933	10164	4516	5647	6597	8420
0:23:10	30.0	5113	6278	7529	10500	5234	6745	7803	10311	4464	5629	6697	8331
0:23:15	30.0	4971	6335	7590	10515	5202	6765	7797	10158	4434	5622	6710	8460
0:23:20	30.0	5118	6347	7582	10524	5223	6661	7753	10169	4502	5720	6672	8383
0:23:25	30.0	5089	6376	7557	10385	5205	6780	7928	10172	4494	5661	6701	8500
0:23:30	30.0	5123	6245	7480	10398	5224	6721	7857	10232	4461	5649	6537	8321
0:23:35	30.0	5101	6348	7621	10480	5182	6785	7869	10212	4536	5649	6737	8448
0:23:40	30.0	5048	6346	7547	10423	5212	6834	7732	10191	4564	5607	6617	8443
0:23:45	30.0	5089	6251	7489	10499	5256	6773	7908	10173	4513	5611	6656	8385
0:23:50	30.0	5075	6228	7449	10479	5228	6796	7820	10167	4429	5624	6611	8400
0:23:55	30.0	5042	6174	7521	10506	5233	6710	7844	10324	4501	5652	6666	8289
0:24:00	30.0	5092	6265	7506	10346	5181	6685	7865	10257	4473	5695	6659	8424
0:24:05	30.0	5137	6319	7646	10466	5239	6830	7924	10226	4502	5721	6584	8377
0:24:10	30.0	5133	6249	7588	10424	5198	6698	7745	10282	4499	5562	6613	8392
0:24:15	30.0	5161	6284	7449	10501	5218	6762	7753	10251	4414	5589	6656	8351
0:24:20	30.0	5106	6225	7537	10400	5282	6708	7804	10179	4438	5685	6673	8299
0:24:25	30.0	5113	6218	7628	10471	5249	6703	7832	10311	4493	5646	6671	8338
0:24:30	30.0	5145	6291	7541	10430	5210	6729	7864	10211	4439	5623	6622	8299
0:24:35	30.0	5047	6320	7596	10394	5224	6762	7814	10226	4452	5597	6711	8365
0:24:40	30.0	5058	6280	7509	10417	5172	6728	7938	10179	4550	5655	6622	8267
0:24:45	30.0	5114	6266	7509	10354	5244	6745	7700	10161	4389	5614	6639	8307
0:24:50	30.0	5100	6259	7510	10387	5221	6685	7843	10166	4499	5586	6667	8385
0:24:55	30.0	5042	6197	7574	10464	5235	6735	7774	10177	4486	5583	6601	8298
0:25:00	30.0	5077	6272	7550	10370	5209	6748	7853	10033	4482	5627	6586	8156
0:25:05	30.0	5108	6233	7497	10490	5269	6708	7838	10023	4497	5624	6614	8312
0:25:10	30.0	5055	6165	7518	10461	5317	6817	7885	10220	4409	5602	6665	8431
0:25:15	30.0	5076	6272	7611	10483	5210	6663	7806	10288	4443	5697	6630	8317
0:25:20	30.0	5104	6279	7567	10464	5218	6690	7766	10108	4446	5599	6606	8311
0:25:25	30.0	5119	6242	7529	10412	5178	6725	7816	10040	4522	5593	6557	8300
0:25:30	30.1	5116	6210	7506	10400	5214	6633	7764	10123	4456	5648	6557	8269
0:25:35	30.0	5155	6164	7534	10397	5192	6709	7784	10188	4464	5600	6613	8299
0:25:40	30.0	5066	6257	7616	10351	5270	6667	7900	10118	4409	5564	6715	8365
0:25:45	30.0	5120	6207	7447	10305	5290	6694	7780	10225	4449	5545	6550	8384
0:25:50	30.1	5087	6301	7507	10182	5227	6725	7792	10267	4485	5538	6649	8243
0:25:55	30.1	5023	6286	7489	10389	5211	6749	7727	10362	4383	5582	6679	8293
0:26:00	30.1	5099	6288	7575	10422	5177	6731	7896	10204	4514	5612	6627	8283
0:26:05	30.1	5142	6250	7458	10351	5183	6752	7749	10154	4416	5606	6548	8242
0:26:10	30.0	5079	6294	7520	10239	5246	6728	7871	10111	4521	5581	6600	8285
0:26:15	30.1	5073	6193	7514	10255	5174	6637	7764	10198	4450	5563	6570	8300
0:26:20	30.1	5093	6177	7550	10350	5195	6747	7831	10236	4549	5577	6594	8211
0:26:25	30.1	5124	6247	7493	10380	5226	6741	7751	10146	4436	5611	6627	8239
0:26:30	30.1	5152	6162	7489	10215	5304	6704	7852	10112	4374	5658	6599	8117
0:26:35	30.1	5087	6224	7537	10380	5216	6780	7751	10163	4443	5575	6648	8228
0:26:40	30.1	5098	6289	7538	10425	5179	6701	7836	10109	4405	5646	6635	8268
0:26:45	30.1	5110	6167	7500	10505	5240	6636	7762	10238	4397	5620	6578	8217
0:26:50	30.0	5049	6248	7497	10445	5264	6742	7745	10027	4486	5648	6581	8182
0:26:55	30.1	5087	6152	7528	10499	5228	6616	7847	10138	4553	5591	6551	8106
0:27:00	30.1	4977	6213	7432	10415	5206	6668	7766	10049	4449	5506	6525	8208
0:27:05	30.1	5073	6245	7439	10433	5188	6725	7785	10302	4453	5547	6608	8200
0:27:10	30.0	5119	6271	7554	10218	5282	6664	7795	10070	4467	5572	6476	8267
0:27:15	30.1	5009	6255	7466	10425	5209	6686	7810	10052	4390	5586	6550	8107
0:27:20	30.1	5117	6196	7498	10427	5272	6684	7784	10017	4436	5526	6531	8212
0:27:25	30.1	5212	6238	7584	10491	5253	6804	7778	9985	4474	5570	6489	8221
0:27:30	30.1	5130	6235	7451	10279	5223	6722	7711	10097	4432	5664	6636	8207
0:27:35	30.0	5077	6171	7497	10343	5198	6686	7727	10032	4399	5587	6508	8187
0:27:40	30.1	5055	6225	7468	10394	5273	6721	7812	10157	4438	5518	6624	8227
0:27:45	30.1	5045	6227	7467	10294	5166	6681	7660	10096	4414	5529	6532	8176
0:27:50	30.1	5185	6201	7434	10270	5211	6728	7717	10253	4466	5665	6540	8176
0:27:55	30.1	5041	6172	7544	10232	5215	6684	7703	10097	4471	5509	6492	8171
0:28:00	30.0	5056	6217	7535	10289	5156	6733	7709	10126	4426	5558	6560	8193
0:28:05	30.1	5068	6219	7422	10337	5214	6637	7774	10104	4406	5648	6617	8218
0:28:10	30.1	5099	6231	7541	10241	5146	6717	7789	10226	4475	5559	6607	8116
0:28:15	30.0	5085	6273	7446	10313	5272	6660	7752	10181	4446	5574	6543	8197
0:28:20	30.1	5013	6127	7486	10375	5205	6644	7826	10029	4490	5571	6538	8195
0:28:25	30.1	4971	6184	7454	10371	5238	6692	7723	10066	4403	5482	6550	8157
0:28:30	30.1	5104	6247	7460	10304	5265	6658	7636	10054	4502	5538	6589	8241
0:28:35	30.1	5045	6170	7534	10292	5270	6654	7647	10048	4371	5547	6528	8142
0:28:40	30.1	4977	6215	7528	10378	5201	6726	7834	10134	4410	5541	6568	8252
0:28:45	30.0	4991	6152	7440	10261	5234	6666	7645	9974	4412	5562	6506	8223
0:28:50	30.1	5131	6275	7517	10338	5225	6703	7685	10066	4356	5551	6511	8112
0:28:55	30.1	5075	6225	7499	10349	5225	6578	7623	10116	4438	5551	6545	8247
0:29:00	30.0	4976	6204	7506	10277	5186	6624	7721	10131	4385	5484	6575	8209
0:29:05	30.1	5114	6214	7617	10268	5174	6731	7863	10059	4430	5551	6542	8129
0:29:10	30.1	5125	6184	7419	10232	5246	6689	7825	10104	4371	5567	6517	8157
0:29:15	30.1	5047	6207	7555	10326	5188	6730	7736	9999	4418	5496	6595	8163
0:29:20	30.1	5074	6093	7480	10250	5223	6666	7718	10012	4452	5562	6520	8234
0:29:25	30.1	5023	6187	7580	10182	5215	6620	7750	10004	4435	5465	6556	8145
0:29:30	30.0	5080	6151	7569	10318	5176	6633	7797	9988	4417	5576	6535	8030
0:29:35	30.1	5032	6184	7504	10307	5177	6623	7660	10101	4429	5594	6566	8091
0:29:40	30.0	4967	6208	7402	10408	5190	6645	7792	9931	4441	5569	6556	8068
0:29:45	30.1	5083	6201	7468	10295	5132	6674	7736	10214	4393	5583	6623	8240
0:29:50	30.1	5092	6271	7440	10275	5184	6703	7757	9982	4418	5561	6555	8079
0:29:55	30.1	5015	6160	7442	10274	5211	6614	7688	10019	4389	5525	6596	8126
0:30:00	30.1	5017	6085	7394	10233	5229	6664	7765	10100	4398	5559	6536	8191
0:30:05	30.1	4989	6193	7443	10216	5164	6711	7805	10044	4445	5573	6552	8166
0:30:10	30.0	5086	6183	7437	10231	5099	6685	7723	10026	4390	5548	6516	8131
0:30:15	30.1	5044	6091	7556	10326	5227	6604	7768	10162	4514	5615	6464	8049
0:30:20	30.0	5079	6200	7405	10247	5190	6743	7705	10099	4417	5521	6479	8187
0:30:25	30.1	4970	6166	7463	10306	5208	6652	7652	10104	4375	5503	6458	8116
0:30:30	30.1	5019	6186	7441	10387	5141	6630	7659	10048	4380	5549	6541	8127
0:30:35	30.1	5071	6210	7492	10292	5144	6578	7628	10019	4415	5548	6428	8170
0:30:40	30.1	5083	6171	7369	10163	5171	6675	7818	10008	4386	5493	6396	8054
0:30:45	30.1	5079	6194	7451	10300	5196	6682	7756	10006	4403	5510	6458	8072
0:30:50	30.1	5020	6220	7333	10287	5254	6671	7673	10008	4430	5547	6437	8138
0:30:55	30.1	5013	6205	7394	10255	5164	6722	7827	10131	4438	5459	6482	8075
0:31:00	30.1	5086	6179	7492	10234	5183	6641	7641	10004	4387	5515	6512	7949
0:31:05	30.1	5009	6141	7526	10223	5101	6526	7687	10036	4396	5492	6502	8025
0:31:10	30.1	4965	6202	7411	10406	5183	6605	7775	9999	4422	5491	6586	8028
0:31:15	30.1	5005	6234	7482	10210	5094	6659	7724	10245	4376	5563	6586	8121
0:31:20	30.1	4989	6266	7404	10233	5210	6560	7691	10126	4435	5534	6471	8097
0:31:25	30.1	4993	6219	7490	10155	5167	6655	7746	10031	4359	5514	6587	8128
0:31:30	30.1	5027	6067	7533	10202	5154	6622	7701	9975	4358	5587	6511	8032
0:31:35	30.1	5013	6252	7445	10240	5178	6654	7747	9900	4341	5562	6588	7981
0:31:40	30.1	5014	6168	7433	10280	5205	6689	7591	9957	4362	5511	6481	8132
0:31:45	30.1	5032	6145	7436	10310	5181	6599	7671	10070	4403	5584	6588	8092
0:31:50	30.1	5056	6209	7428	10354	5215	6662	7654	9982	4407	5553	6492	8024
0:31:55	30.1	4991	6137	7437	10282	5179	6539	7701	9977	4402	5481	6444	8084
0:32:00	30.1	5045	6226	7488	10099	5143	6663	7706	10042	4403	5464	6540	8144
0:32:05	30.1	5006	6158	7449	10338	5217	6690	7670	10019	4368	5583	6585	8014
0:32:10	30.1	5064	6219	7464	10147	5102	6545	7732	9897	4381	5557	6627	8044
0:32:15	30.1	5137	6214	7400	10361	5231	6563	7783	9968	4421	5501	6481	8039
0:32:20	30.1	5020	6135	7412	10296	5127	6616	7799	10045	4410	5508	6372	8073
0:32:25	30.1	4986	6209	7390	10168	5226	6634	7691	9898	4348	5475	6496	7997
0:32:30	30.1	4997	6126	7396	10182	5158	6661	7761	9993	4385	5507	6442	8106
0:32:35	30.1	5037	6174	7410	10173	5119	6599	7670	10065	4422	5440	6444	7981
0:32:40	30.1	5086	6138	7377	10216	5100	6669	7721	9897	4430	5496	6492	8011
0:32:45	30.1	5097	6133	7360	10151	5171	6644	7632	10003	4445	5512	6515	8110
0:32:50	30.1	4982	6189	7446	10161	5151	6559	7763	9958	4366	5461	6400	8068
0:32:55	30.1	5036	6156	7364	10212	5068	6606	7622	9977	4336	5541	6412	8041
0:33:00	30.1	5025	6069	7379	10463	5192	6570	7759	9994	4323	5474	6502	8050
0:33:05	30.1	5007	6116	7393	10031	5164	6598	7726	9902	4405	5512	6496	8079
0:33:10	30.1	5008	6139	7399	10212	5196	6567	7645	9891	4373	5427	6520	7992
0:33:15	30.1	5029	6175	7395	10158	5139	6667	7627	10107	4425	5483	6395	8091
0:33:20	30.1	5089	6147	7343	10266	5162	6597	7731	10099	4336	5548	6500	8066
0:33:25	30.1	5043	6198	7422	10206	5163	6622	7655	10010	4389	5456	6416	7900
0:33:30	30.1	4973	6040	7377	10180	5157	6613	7651	10120	4429	5515	6415	8057
0:33:35	30.1	5003	6143	7282	10102	5133	6522	7541	9986	4429	5545	6391	8001
0:33:40	30.1	4963	6116	7387	10182	5154	6596	7670	10042	4391	5465	6495	8046
0:33:45	30.1	5019	6040	7406	10245	5183	6570	7653	10084	4344	5474	6477	8011
0:33:50	30.1	4983	6163	7397	10190	5113	6634	7643	10049	4359	5414	6429	7986
0:33:55	30.1	4949	6108	7487	10166	5074	6615	7651	10021	4425	5519	6580	7990
0:34:00	30.1	4886	6167	7409	10318	5194	6586	7689	10158	4357	5453	6476	8005
0:34:05	30.1	4932	6060	7478	10163	5138	6561	7664	10006	4399	5501	6451	8111
0:34:10	30.1	4960	6119	7538	10110	5125	6591	7682	10015	4325	5455	6465	7908
0:34:15	30.1	5117	6106	7354	10104	5116	6651	7628	10010	4376	5441	6467	7991
0:34:20	30.1	5037	6117	7427	10141	5117	6666	7729	9877	4366	5463	6431	8036
0:34:25	30.1	4959	6091	7366	10124	5166	6596	7571	9911	4370	5441	6465	7915
0:34:30	30.1	4946	6153	7316	10100	5106	6618	7652	9998	4388	5415	6460	7990
0:34:35	30.1	5007	6186	7376	10126	5091	6594	7631	9907	4351	5451	6415	8033
0:34:40	30.1	4988	6093	7356	10272	5159	6565	7534	9947	4334	5431	6351	7955
0:34:45	30.1	4980	6215	7295	10153	5162	6613	7696	9857	4383	5457	6449	7906
0:34:50	30.1	4970	6107	7427	10148	5108	6526	7612	9936	4317	5496	6380	7895
0:34:55	30.1	5027	6095	7382	10267	5172	6602	7624	9998	4381	5427	6420	8060
0:35:00	30.1	4926	6127	7415	10288	5113	6531	7674	9854	4311	5505	6326	7925
0:35:05	30.1	4900	6055	7416	10048	5154	6725	7669	9828	4364	5455	6369	7896
0:35:10	30.1	5047	6106	7285	10044	5006	6545	7542	9920	4345	5442	6444	7924
0:35:15	30.1	4958	6097	7418	10185	5151	6487	7636	9911	4453	5420	6358	7842
0:35:20	30.1	5016	6089	7342	10051	5152	6531	7664	9878	4417	5397	6387	7898
0:35:25	30.1	5009	6092	7289	10182	5070	6621	7610	9954	4351	5357	6325	7901
0:35:30	30.1	4946	6056	7341	10131	5128	6634	7636	9961	4364	5369	6493	7943
0:35:35	30.1	4951	6127	7447	10127	5052	6504	7719	10083	4290	5489	6407	7875
0:35:40	30.1	5010	6114	7425	10161	5095	6507	7615	10074	4316	5385	6342	7908
0:35:45	30.1	4944	5977	7379	10187	5038	6556	7567	9864	4344	5478	6412	7991
0:35:50	30.1	4873	6066	7452	10028	5173	6561	7569	9854	4346	5433	6448	7969
0:35:55	30.1	4910	6092	7383	10046	5018	6489	7540	9834	4350	5337	6415	7857
0:36:00	30.1	4924	6099	7256	10157	5170	6525	7624	9895	4314	5423	6418	7983
0:36:05	30.1	4937	6142	7257	9986	5078	6468	7612	9839	4311	5427	6478	7849
0:36:10	30.1	4971	5969	7305	10082	5093	6568	7548	9808	4392	5442	6414	7825
0:36:15	30.1	4899	6087	7212	10206	5171	6507	7558	9942	4400	5441	6402	7931
0:36:20	30.1	4984	6096	7382	10100	5083	6580	7537	10006	4396	5391	6412	7888
0:36:25	30.1	4938	6106	7353	10164	5086	6578	7562	9834	4307	5446	6352	7912
0:36:30	30.1	4952	6034	7231	9999	5027	6551	7493	9757	4311	5398	6424	7831
0:36:35	30.1	4970	5998	7332	10116	5126	6554	7564	9883	4281	5385	6386	7921
0:36:40	30.1	4907	6084	7291	10062	5006	6514	7623	9840	4336	5370	6403	7852
0:36:45	30.1	4943	6022	7224	10008	4988	6487	7496	10061	4321	5360	6257	7948
0:36:50	30.1	5000	6039	7238	10025	5132	6497	7560	9875	4321	5386	6482	7885
0:36:55	30.1	4970	6094	7369	10159	5117	6432	7551	9951	4331	5405	6385	7920
0:37:00	30.1	5041	6100	7340	10112	5091	6558	7579	9860	4324	5346	6418	7907
0:37:05	30.1	4891	6176	7306	10196	5154	6516	7566	9853	4303	5415	6371	7902
0:37:10	30.1	4942	6026	7288	10155	5068	6467	7550	9906	4283	5343	6402	7790
0:37:15	30.1	4915	6033	7322	10053	5077	6573	7602	9785	4299	5405	6491	7814
0:37:20	30.1	5008	6058	7347	10064	5075	6584	7518	9821	4373	5496	6320	7881
0:37:25	30.1	4936	6032	7385	10128	5032	6483	7552	9830	4321	5388	6323	7885
0:37:30	30.1	4912	6113	7205	10008	5118	6575	7655	9932	4339	5395	6351	7922
0:37:35	30.1	4918	6034	7303	9971	5139	6486	7561	9785	4351	5477	6366	7823
0:37:40	30.1	4926	6060	7332	10098	5099	6472	7614	9820	4268	5425	6283	7860
0:37:45	30.1	4910	5963	7254	9949	5116	6572	7590	9837	4295	5431	6380	7912
0:37:50	30.1	4929	6041	7311	10061	5088	6526	7637	9933	4315	5346	6457	7890
0:37:55	30.1	4920	6039	7401	10049	5003	6591	7617	9859	4350	5356	6406	7808
0:38:00	30.1	5021	6148	7376	10124	5015	6543	7592	9780	4308	5363	6309	7918
0:38:05	30.1	5027	6048	7240	10123	5048	6547	7450	9685	4356	5418	6425	7865
0:38:10	30.1	4960	6081	7293	10080	5099	6476	7590	9956	4357	5435	6479	7897
0:38:15	30.1	4896	6032	7227	9968	5103	6507	7502	9868	4372	5366	6418	7856
0:38:20	30.1	4950	6051	7374	10044	4953	6534	7560	9955	4310	5361	6291	7718
0:38:25	30.1	4984	5982	7229	9995	5026	6553	7498	9902	4363	5478	6400	7833
0:38:30	30.1	4872	6053	7287	10091	5032	6518	7517	9895	4346	5392	6368	7763
0:38:35	30.1	4970	6036	7332	10166	5092	6540	7649	9819	4303	5404	6336	7840
0:38:40	30.1	4945	5996	7210	10270	5172	6523	7556	9764	4354	5454	6298	7917
0:38:45	30.1	4952	6039	7281	10048	5019	6473	7647	9844	4370	5422	6291	7733
0:38:50	30.1	4866	5991	7245	10097	5080	6564	7671	9744	4301	5398	6439	7890
0:38:55	30.1	4941	6010	7291	10122	5112	6479	7561	9735	4317	5414	6367	7736
0:39:00	30.1	5007	6050	7257	9991	5158	6533	7532	9888	4364	5381	6290	7830
0:39:05	30.1	4960	6024	7236	9911	5051	6403	7579	9951	4280	5464	6304	7802
0:39:10	30.1	4891	6002	7234	9940	5116	6520	7577	9807	4266	5400	6313	7646
0:39:15	30.1	4911	6038	7276	10076	5054	6513	7523	9905	4238	5421	6362	7756
0:39:20	30.1	4954	6011	7283	10177	5037	6502	7471	9765	4274	5344	6245	7858
0:39:25	30.1	4923	6070	7257	10123	5116	6508	7547	9824	4330	5354	6247	7871
0:39:30	30.1	4828	6042	7249	9953	5113	6426	7558	9827	4284	5352	6291	7841
0:39:35	30.1	4927	5966	7275	10106	5146	6440	7577	9831	4268	5359	6318	7848
0:39:40	30.1	4969	6046	7203	9856	5071	6447	7644	9681	4367	5330	6357	7827
0:39:45	30.1	4969	5951	7216	10050	5048	6497	7648	9844	4338	5444	6316	7824
0:39:50	30.1	4909	6048	7210	9977	5034	6467	7521	9761	4301	5364	6281	7830
0:39:55	30.1	4897	6019	7206	10087	5037	6525	7508	9877	4274	5380	6371	7796
0:40:00	30.1	4961	5935	7354	9885	5012	6516	7522	9761	4215	5374	6301	7877
0:40:05	30.1	4874	6050	7280	9997	5108	6461	7528	9769	4300	5405	6312	7859
0:40:10	30.1	4901	6010	7332	10072	5078	6477	7643	9811	4257	5414	6377	7809
0:40:15	30.1	4866	6041	7204	10006	5039	6409	7500	9787	4295	5369	6314	7754
0:40:20	30.1	4901	5999	7214	9957	5039	6517	7533	9894	4340	5419	6286	7745
0:40:25	30.1	4905	6054	7320	9997	4996	6522	7544	9848	4284	5402	6310	7783
0:40:30	30.1	4929	6070	7281	10126	5021	6476	7461	9756	4299	5408	6300	7763
0:40:35	30.1	4867	5982	7215	10040	5021	6478	7520	9915	4258	5378	6278	7726
0:40:40	30.1	4927	5971	7279	9906	5107	6498	7498	9704	4285	5397	6293	7758
0:40:45	30.1	4875	6030	7259	9901	5069	6552	7543	9819	4315	5334	6295	7772
0:40:50	30.1	4916	5990	7190	10020	5000	6560	7532	9885	4378	5340	6157	7724
0:40:55	30.1	4920	6075	7192	9969	5066	6443	7565	9832	4305	5355	6204	7773
0:41:00	30.1	4904	5989	7298	10042	5046	6401	7535	9712	4343	5412	6282	7767
0:41:05	30.1	4886	6028	7211	9904	4987	6460	7440	9738	4275	5344	6333	7772
0:41:10	30.1	4912	5984	7271	9956	4989	6597	7559	9722	4297	5269	6302	7729
0:41:15	30.1	4866	5934	7382	9989	5048	6444	7577	9755	4301	5360	6284	7858
0:41:20	30.1	4924	6034	7234	9938	5007	6491	7434	9698	4318	5431	6355	7805
0:41:25	30.1	4922	6004	7196	9948	5076	6472	7563	9695	4322	5302	6244	7781
0:41:30	30.1	4911	6020	7300	9974	5036	6414	7474	9791	4306	5380	6370	7783
0:41:35	30.1	4899	6038	7189	9989	5043	6417	7534	9785	4261	5401	6285	7769
0:41:40	30.1	4873	5984	7159	9891	5031	6546	7462	9809	4249	5426	6387	7847
0:41:45	30.1	4847	5931	7162	10056	5003	6406	7446	9765	4220	5324	6282	7771
0:41:50	30.1	4933	6106	7202	9932	4987	6470	7520	9668	4192	5457	6265	7801
0:41:55	30.1	4887	6065	7226	9931	5082	6484	7516	9810	4279	5313	6334	7697
0:42:00	30.1	4925	6030	7196	10126	5022	6352	7484	9735	4265	5350	6206	7804
0:42:05	30.1	4966	5971	7240	10003	5004	6451	7446	9804	4250	5349	6205	7700
0:42:10	30.1	4942	6044	7292	9871	5078	6571	7530	9782	4258	5371	6329	7829
0:42:15	30.1	4911	5954	7220	10021	5079	6465	7515	9809	4290	5361	6333	7837
0:42:20	30.1	4858	6068	7194	10101	5087	6551	7450	9722	4319	5359	6354	7859
0:42:25	30.1	4930	5911	7174	10004	4974	6497	7504	9780	4313	5335	6299	7743
0:42:30	30.1	4859	5965	7199	9967	5008	6450	7445	9878	4224	5393	6228	7685
0:42:35	30.1	4870	6033	7232	9879	5119	6463	7493	9816	4233	5293	6277	7692
0:42:40	30.1	4845	6084	7185	9924	5094	6510	7500	9791	4247	5360	6340	7847
0:42:45	30.1	4923	6040	7211	9893	5021	6487	7489	9772	4253	5378	6294	7771
0:42:50	30.1	4913	5973	7270	10019	5011	6490	7480	9801	4234	5385	6243	7803
0:42:55	30.1	4921	6097	7145	10066	5043	6512	7407	9801	4254	5262	6300	7663
0:43:00	30.1	4856	6122	7207	9914	5049	6426	7546	9662	4256	5310	6277	7730
0:43:05	30.1	4973	5976	7163	10021	5010	6497	7502	9632	4294	5330	6316	7751
0:43:10	30.1	4942	5978	7264	9927	4999	6501	7457	9714	4294	5289	6338	7760
0:43:15	30.1	4864	5983	7238	9965	4998	6423	7542	9829	4295	5317	6286	7799
0:43:20	30.1	4900	5941	7232	9883	5044	6405	7422	9736	4257	5344	6217	7787
0:43:25	30.1	4861	5913	7346	9876	5044	6530	7442	9736	4267	5322	6265	7711
0:43:30	30.1	4828	5882	7259	9941	4991	6569	7479	9651	4287	5398	6310	7756
0:43:35	30.1	4873	5955	7190	9920	5016	6433	7526	9799	4315	5338	6229	7729
0:43:40	30.1	4846	6031	7121	10038	5045	6429	7486	9627	4230	5289	6263	7676
0:43:45	30.1	4816	5929	7159	9995	4970	6446	7387	9721	4210	5299	6238	7738
0:43:50	30.1	4910	6069	7180	9929	5065	6488	7516	9718	4285	5365	6282	7827
0:43:55	30.1	4944	5985	7188	9807	4998	6440	7546	9745	4206	5415	6336	7603
0:44:00	30.1	4884	5998	7229	9935	5033	6516	7383	9774	4266	5318	6342	7732
0:44:05	30.1	4861	6058	7137	9974	5033	6431	7536	9669	4325	5341	6302	7794
0:44:10	30.1	4881	6090	7298	9903	4987	6405	7493	9818	4258	5272	6318	7748
0:44:15	30.1	4834	6046	7177	9910	4941	6491	7464	9664	4242	5322	6222	7786
0:44:20	30.1	4922	6005	7126	9986	5039	6489	7541	9708	4274	5396	6320	7681
0:44:25	30.1	4938	5955	7216	9937	4972	6540	7461	9795	4211	5280	6367	7819
0:44:30	30.1	4866	5952	7195	9933	4995	6480	7481	9679	4236	5367	6275	7693
0:44:35	30.1	4822	5960	7247	9957	5051	6412	7443	9798	4156	5340	6269	7783
0:44:40	30.1	4888	5980	7194	9971	4975	6416	7497	9793	4278	5269	6251	7730
0:44:45	30.1	4848	5969	7222	9915	5008	6495	7498	9614	4276	5369	6303	7740
0:44:50	30.1	4842	5899	7158	9862	5012	6470	7433	9846	4269	5293	6245	7724
0:44:55	30.1	4871	5933	7198	9771	5043	6429	7445	9719	4228	5248	6268	7720
0:45:00	30.1	4892	5937	7231	9897	5040	6496	7473	9640	4284	5386	6308	7664
0:45:05	30.1	4932	5968	7137	9913	4996	6448	7448	9717	4218	5365	6350	7724
0:45:10	30.1	4803	5963	7200	9941	4949	6462	7474	9742	4345	5372	6216	7710
0:45:15	30.1	4905	5889	7123	9976	5057	6422	7452	9773	4259	5270	6290	7802
0:45:20	30.1	4810	5963	7210	9913	5038	6518	7467	9848	4256	5334	6252	7781
0:45:25	30.1	4881	5957	7137	9885	4992	6435	7501	9677	4301	5388	6259	7676
0:45:30	30.1	4915	6011	7111	9918	4942	6521	7421	9588	4210	5259	6278	7730
0:45:35	30.1	4796	5907	7273	9948	5038	6554	7490	9583	4301	5404	6240	7675
0:45:40	30.1	4864	6011	7198	9931	5056	6439	7427	9750	4261	5361	6373	7715
0:45:45	30.1	4915	5977	7152	9891	5015	6440	7543	9657	4271	5355	6288	7751
0:45:50	30.1	4852	5967	7228	9918	4950	6469	7461	9648	4256	5414	6246	7755
0:45:55	30.1	4896	5900	7196	10016	5001	6391	7429	9742	4198	5296	6259	7759
0:46:00	30.1	4806	5949	7134	9903	5050	6430	7434	9797	4270	5282	6236	7734
0:46:05	30.1	4802	5976	7146	9945	5091	6442	7436	9710	4272	5313	6146	7601
0:46:10	30.1	4777	5970	7153	9963	4995	6330	7566	9751	4233	5328	6294	7765
0:46:15	30.1	4891	5919	7182	9855	5034	6445	7445	9735	4222	5295	6304	7764
0:46:20	30.1	4863	6052	7105	9886	4996	6513	7365	9725	4255	5349	6366	7628
0:46:25	30.1	4873	5989	7153	9865	5043	6431	7518	9716	4313	5373	6299	7707
0:46:30	30.1	4840	6083	7145	9919	5014	6503	7485	9602	4233	5353	6211	7704
0:46:35	30.1	4865	5963	7211	10162	5035	6357	7352	9635	4274	5309	6241	7690
0:46:40	30.1	4905	6025	7193	9950	5003	6426	7444	9836	4238	5402	6245	7790
0:46:45	30.1	4880	6046	7118	9829	5014	6415	7441	9685	4320	5419	6234	7687
0:46:50	30.1	4886	5953	7194	9856	4942	6445	7409	9774	4236	5307	6213	7721
0:46:55	30.1	4876	5931	7141	9932	4971	6407	7381	9734	4245	5335	6266	7745
0:47:00	30.1	4825	5875	7163	9843	4964	6440	7423	9621	4201	5352	6267	7686
0:47:05	30.1	4852	5941	7215	9967	5060	6421	7459	9730	4252	5291	6286	7735
0:47:10	30.1	4796	5916	7151	9936	4991	6427	7440	9707	4280	5285	6209	7582
0:47:15	30.1	4865	5977	7206	9875	5042	6455	7426	9674	4231	5323	6310	7771
0:47:20	30.1	4800	5954	7226	9851	5000	6409	7458	9729	4203	5351	6284	7647
0:47:25	30.1	4885	5973	7188	9837	5043	6423	7472	9620	4238	5247	6278	7654
0:47:30	30.1	4959	5957	7162	9884	4942	6501	7499	9780	4259	5344	6302	7706
0:47:35	30.1	4821	5954	7225	9951	4940	6448	7362	9848	4232	5259	6246	7731
0:47:40	30.1	4833	5907	7165	9890	4965	6449	7532	9673	4230	5328	6166	7651
0:47:45	30.1	4814	5964	7267	9904	4964	6403	7420	9750	4270	5265	6213	7573
0:47:50	30.1	4873	5901	7200	9936	5052	6482	7383	9645	4210	5330	6242	7674
0:47:55	30.1	4844	5960	7121	9916	5000	6447	7463	9622	4226	5336	6155	7662
0:48:00	30.1	4877	5894	7102	9835	4963	6465	7430	9778	4282	5296	6200	7679
0:48:05	30.1	4900	5969	7153	10004	4994	6399	7363	9585	4266	5289	6192	7589
0:48:10	30.1	4883	5834	7161	9887	5069	6473	7420	9846	4282	5255	6246	7750
0:48:15	30.1	4857	5908	7171	9906	5093	6464	7371	9770	4257	5285	6332	7675
0:48:20	30.1	4782	5940	7126	9892	4977	6351	7495	9623	4184	5366	6315	7720
0:48:25	30.1	4900	5929	7177	9962	4986	6452	7500	9663	4235	5256	6342	7776
0:48:30	30.1	4825	5883	7164	9737	4905	6455	7451	9781	4254	5346	6283	7635
0:48:35	30.1	4825	5970	7178	9852	4956	6524	7361	9725	4230	5298	6268	7613
0:48:40	30.1	4783	6045	7077	9846	4950	6353	7472	9721	4234	5281	6266	7697
0:48:45	30.1	4881	5956	7256	9861	4953	6370	7452	9793	4214	5291	6298	7684
0:48:50	30.1	4826	5898	7188	9976	5027	6439	7364	9725	4355	5332	6199	7682
0:48:55	30.1	4829	5946	7158	9923	5102	6277	7407	9568	4224	5297	6270	7644
0:49:00	30.1	4878	5923	7160	9800	5001	6411	7513	9666	4269	5333	6176	7646
0:49:05	30.1	4848	5906	7131	10029	5002	6454	7403	9652	4277	5285	6174	7663
0:49:10	30.1	4809	5982	7157	9906	4945	6410	7463	9746	4280	5387	6196	7624
0:49:15	30.1	4782	5987	7285	9924	4937	6438	7381	9785	4209	5306	6219	7618
0:49:20	30.1	4869	5899	7167	9942	4960	6416	7401	9718	4207	5358	6246	7819
0:49:25	30.1	4796	6010	7239	9885	4985	6362	7434	9661	4272	5263	6185	7647
0:49:30	30.1	4742	5746	7133	9888	4934	6329	7427	9692	4273	5321	6223	7608
0:49:35	30.1	4884	5889	7169	9907	4964	6433	7424	9603	4273	5309	6172	7620
0:49:40	30.1	4883	5877	7096	9919	4943	6443	7443	9744	4247	5203	6237	7647
0:49:45	30.1	4811	5865	7149	9807	4996	6386	7432	9731	4300	5221	6274	7727
0:49:50	30.1	4823	5889	7046	9868	4932	6408	7413	9641	4227	5360	6257	7614
0:49:55	30.1	4869	5963	7156	9819	5051	6445	7363	9761	4234	5372	6225	7623
0:50:00	30.1	4772	5983	7108	9838	4970	6389	7495	9709	4252	5258	6268	7697
0:50:05	30.1	4930	5959	7242	9894	4940	6516	7366	9709	4237	5281	6221	7671
0:50:10	30.1	4843	5972	7219	9869	5028	6324	7424	9693	4223	5291	6277	7638
0:50:15	30.1	4869	5925	7092	9941	5021	6517	7483	9709	4244	5409	6246	7690
0:50:20	30.1	4851	5902	7185	9875	4978	6452	7459	9679	4290	5283	6303	7676
0:50:25	30.1	4810	5924	7177	9925	4940	6417	7407	9735	4220	5340	6192	7713
0:50:30	30.1	4837	5963	7124	9754	4895	6454	7317	9573	4185	5235	6237	7723
0:50:35	30.1	4843	5803	7159	9928	4940	6476	7377	9638	4209	5262	6162	7697
0:50:40	30.1	4811	6089	7104	9850	5004	6376	7457	9745	4251	5269	6202	7700
0:50:45	30.1	4759	5912	7165	9786	4960	6406	7443	9607	4254	5321	6181	7630
0:50:50	30.1	4754	5929	7151	9869	4978	6359	7414	9714	4235	5304	6287	7601
0:50:55	30.1	4795	5860	7234	9908	4930	6412	7428	9637	4202	5292	6285	7665
0:51:00	30.1	4756	5989	7179	9841	4971	6439	7405	9728	4278	5317	6211	7686
0:51:05	30.1	4824	5885	7114	9868	5033	6330	7372	9804	4273	5252	6113	7464
0:51:10	30.1	4790	5935	7123	9898	5000	6453	7286	9684	4224	5298	6140	7550
0:51:15	30.1	4799	5909	7181	9915	4982	6427	7414	9760	4139	5231	6255	7694
0:51:20	30.1	4820	5948	7198	9850	5002	6422	7364	9767	4277	5291	6244	7661
0:51:25	30.1	4847	5915	7228	9707	4943	6504	7306	9608	4268	5275	6150	7609
0:51:30	30.1	4778	5910	7161	9865	5012	6397	7349	9741	4268	5234	6199	7549
0:51:35	30.1	4836	5937	7170	9882	4965	6388	7357	9626	4296	5366	6183	7705
0:51:40	30.1	4833	5922	7167	9929	5058	6509	7386	9819	4238	5301	6168	7589
0:51:45	30.1	4747	5793	7141	9900	5000	6341	7467	9698	4275	5266	6201	7733
0:51:50	30.1	4830	5944	7109	9842	5001	6377	7440	9669	4251	5218	6130	7598
0:51:55	30.1	4799	5940	7163	9763	4984	6425	7394	9639	4295	5266	6251	7544
0:52:00	30.1	4811	5917	7019	9758	5062	6331	7490	9708	4215	5258	6194	7607
0:52:05	30.1	4782	5939	7136	9917	4976	6484	7482	9661	4198	5325	6277	7657
0:52:10	30.1	4820	5912	7110	9758	4925	6394	7401	9789	4181	5312	6142	7557
0:52:15	30.1	4808	5926	7228	9944	4918	6431	7467	9580	4226	5313	6155	7694
0:52:20	30.1	4795	5880	7183	9890	4988	6420	7355	9772	4185	5244	6221	7740
0:52:25	30.1	4763	5820	7111	9982	4891	6349	7377	9621	4197	5288	6185	7699
0:52:30	30.1	4853	5822	7110	9771	4947	6356	7487	9548	4212	5200	6148	7695
0:52:35	30.1	4777	5868	7158	9863	4995	6469	7348	9621	4251	5344	6232	7704
0:52:40	30.1	4811	5910	7190	9797	5039	6317	7377	9706	4212	5327	6268	7638
0:52:45	30.1	4811	5889	7062	9938	4923	6355	7390	9642	4277	5258	6272	7627
0:52:50	30.1	4747	5855	7115	9833	4929	6365	7473	9633	4242	5289	6150	7581
0:52:55	30.1	4807	5898	7124	9809	4947	6333	7385	9738	4248	5289	6175	7608
0:53:00	30.1	4800	5937	7192	9667	5004	6296	7499	9552	4288	5249	6195	7705
0:53:05	30.1	4700	5856	7175	9834	4992	6436	7382	9668	4194	5253	6143	7630
0:53:10	30.1	4755	5925	7187	9844	4963	6410	7451	9531	4193	5234	6278	7572
0:53:15	30.1	4857	5883	7210	9783	4916	6440	7326	9551	4178	5290	6164	7630
0:53:20	30.1	4727	5934	7073	9941	4987	6364	7328	9640	4249	5308	6200	7743
0:53:25	30.1	4816	5902	7071	9938	5040	6312	7420	9629	4218	5344	6161	7516
0:53:30	30.1	4752	5966	7065	9841	4910	6397	7405	9714	4267	5280	6249	7631
0:53:35	30.1	4820	5962	7005	9760	4952	6411	7387	9665	4206	5282	6219	7674
0:53:40	30.1	4705	5880	7178	9846	5032	6394	7459	9654	4189	5278	6197	7714
0:53:45	30.1	4849	5913	7084	9785	4921	6405	7431	9683	4215	5306	6163	7594
0:53:50	30.1	4755	5890	7145	9818	4934	6454	7417	9687	4144	5262	6163	7657
0:53:55	30.1	4841	5997	7197	9876	4925	6328	7442	9695	4234	5241	6157	7668
0:54:00	30.1	4772	5837	7155	9973	4958	6378	7367	9581	4187	5247	6253	7523
0:54:05	30.1	4841	6058	7062	9883	4946	6346	7404	9724	4226	5249	6280	7694
0:54:10	30.1	4853	5875	7139	9930	5015	6441	7426	9606	4224	5274	6162	7561
0:54:15	30.1	4841	5894	7145	9767	4984	6399	7391	9590	4209	5276	6297	7690
0:54:20	30.1	4822	5971	7124	9765	4946	6325	7466	9660	4197	5324	6145	7715
0:54:25	30.1	4805	5878	7201	9752	4961	6386	7395	9723	4236	5300	6156	7567
0:54:30	30.1	4766	5830	7110	9908	4930	6335	7468	9705	4207	5246	6147	7580
0:54:35	30.1	4752	5867	7243	9866	4946	6356	7573	9577	4258	5299	6115	7521
0:54:40	30.1	4792	5955	7136	9766	4951	6310	7414	9666	4290	5254	6205	7639
0:54:45	30.1	4796	5792	7169	9894	4898	6430	7336	9606	4200	5203	6197	7666
0:54:50	30.1	4841	5864	7132	9859	4947	6463	7388	9615	4148	5308	6238	7574
0:54:55	30.1	4841	5991	7116	9855	4931	6400	7319	9669	4164	5291	6134	7608
0:55:00	30.1	4837	5887	7078	9855	4896	6312	7318	9699	4245	5277	6197	7505
0:55:05	30.1	4901	5906	7138	9784	5031	6293	7454	9717	4186	5237	6108	7591
0:55:10	30.1	4768	5947	7104	9690	4988	6352	7336	9540	4299	5276	6309	7583
0:55:15	30.1	4781	5903	7070	9916	4971	6374	7390	9706	4207	5271	6228	7643
0:55:20	30.1	4813	5875	7187	9918	4937	6352	7321	9653	4253	5293	6157	7608
0:55:25	30.1	4828	5911	7095	9832	4910	6423	7361	9636	4220	5297	6118	7745
0:55:30	30.1	4825	5871	7071	9826	4929	6390	7449	9603	4167	5313	6206	7622
0:55:35	30.1	4802	5916	7069	9840	4900	6386	7445	9775	4189	5267	6151	7722
0:55:40	30.1	4793	5998	7121	9779	4934	6445	7400	9678	4189	5141	6209	7604
0:55:45	30.1	4814	5941	7086	9787	4952	6383	7416	9691	4174	5212	6208	7621
0:55:50	30.1	4826	5935	7134	9796	4985	6331	7411	9700	4192	5222	6099	7633
0:55:55	30.1	4763	5930	7096	9840	4977	6359	7336	9555	4213	5206	6313	7513
0:56:00	30.1	4791	5974	7100	9772	4982	6487	7286	9643	4245	5145	6231	7698
0:56:05	30.0	4798	5833	7219	9860	4896	6425	7398	9541	4221	5353	6252	7684
0:56:10	30.1	4758	5912	7118	9765	4915	6358	7391	9731	4217	5253	6148	7666
0:56:15	30.1	4798	5904	7071	9760	4879	6399	7393	9609	4263	5342	6127	7488
0:56:20	30.1	4803	5902	7039	9687	4989	6399	7495	9579	4200	5364	6133	7635
0:56:25	30.1	4771	5869	7090	9819	4999	6385	7409	9673	4233	5225	6155	7641
0:56:30	30.1	4800	5933	7039	9712	5024	6303	7433	9575	4172	5245	6189	7696
0:56:35	30.1	4821	5866	7142	9816	5109	6368	7380	9501	4174	5330	6136	7553
0:56:40	30.1	4751	5873	7154	9721	4946	6321	7371	9705	4243	5231	6216	7660
0:56:45	30.1	4795	5925	7164	9722	4907	6397	7460	9557	4210	5289	6160	7532
0:56:50	30.1	4805	5952	7030	9774	4912	6351	7347	9758	4260	5296	6170	7617
0:56:55	30.0	4755	5921	7089	9719	4936	6423	7365	9717	4253	5249	6160	7639
0:57:00	30.0	4850	5899	7093	9796	4897	6373	7378	9667	4131	5231	6248	7589
0:57:05	30.1	4785	5856	7082	9844	4959	6455	7405	9531	4187	5206	6198	7565
0:57:10	30.1	4808	5923	7191	9714	4950	6366	7321	9614	4180	5194	6127	7643
0:57:15	30.1	4782	5924	7070	9936	4943	6359	7392	9735	4162	5252	6175	7629
0:57:20	30.1	4767	5903	7082	9885	4955	6353	7357	9508	4202	5330	6222	7619
0:57:25	30.1	4767	5826	7074	9700	4929	6292	7328	9519	4218	5252	6149	7725
0:57:30	30.1	4838	5911	7082	9845	4941	6371	7413	9643	4227	5299	6159	7592
0:57:35	30.1	4794	5908	7065	9773	4969	6383	7347	9735	4146	5282	6233	7532
0:57:40	30.0	4759	5892	7122	9765	4973	6432	7371	9645	4256	5273	6254	7535
0:57:45	30.0	4885	5917	7065	9748	4909	6488	7342	9700	4188	5211	6229	7534
0:57:50	30.1	4736	5897	7079	9724	4968	6308	7404	9649	4216	5259	6172	7584
0:57:55	30.1	4791	5886	7043	9873	4929	6352	7361	9702	4230	5281	6225	7538
0:58:00	30.1	4744	5809	7135	9826	4901	6321	7354	9501	4186	5270	6108	7548
0:58:05	30.1	4936	5853	7243	9769	4899	6346	7420	9538	4179	5230	6128	7506
0:58:10	30.1	4768	5934	7081	9612	4936	6404	7418	9569	4187	5252	6110	7544
0:58:15	30.1	4771	5930	7117	9932	4956	6307	7359	9706	4173	5271	6143	7506
0:58:20	30.1	4784	5912	7061	9790	4880	6334	7365	9582	4213	5210	6262	7659
0:58:25	30.0	4783	5873	6970	9886	4943	6426	7409	9509	4208	5197	6141	7561
0:58:30	30.1	4788	5933	7085	9814	4923	6302	7438	9511	4231	5252	6127	7532
0:58:35	30.0	4725	5892	7085	9796	4964	6430	7296	9575	4254	5262	6179	7674
0:58:40	30.1	4791	5910	7147	9778	4888	6338	7386	9588	4188	5222	6142	7600
0:58:45	30.1	4788	5881	7111	9702	4995	6342	7229	9580	4209	5314	6134	7640
0:58:50	30.1	4841	5854	7013	9736	4916	6398	7379	9520	4144	5260	6214	7556
0:58:55	30.1	4847	5924	7119	9742	4867	6366	7383	9624	4168	5215	6187	7663
0:59:00	30.1	4795	5845	7032	9949	4987	6399	7347	9648	4181	5289	6161	7613
0:59:05	30.1	4839	5903	7081	9754	4922	6383	7289	9512	4206	5236	6213	7628
0:59:10	30.0	4825	5934	6968	9778	4926	6358	7358	9566	4191	5317	6214	7619
0:59:15	30.1	4790	5881	7099	9769	4983	6266	7273	9617	4248	5249	6189	7599
0:59:20	30.1	4734	5889	7036	9730	4962	6396	7365	9593	4215	5319	6153	7587
0:59:25	30.0	4819	5806	7003	9850	4941	6366	7351	9523	4137	5286	6170	7594
0:59:30	30.1	4701	5838	7078	9828	4959	6250	7286	9537	4175	5219	6134	7645
0:59:35	30.1	4786	5876	7033	9849	4973	6314	7294	9545	4223	5248	6059	7538
0:59:40	30.1	4785	5874	6953	9757	4967	6339	7456	9541	4258	5262	6093	7609
0:59:45	30.1	4755	5816	7116	9749	4897	6314	7273	9709	4200	5296	6158	7530
0:59:50	30.1	4773	5878	7082	9804	4912	6330	7349	9538	4099	5183	6136	7463
0:59:55	30.0	4747	5885	7089	9724	4940	6365	7340	9586	4235	5195	6139	7533
1:00:00	30.1	4685	5838	7034	9780	4923	6319	7358	9675	4234	5226	6120	7553
1:00:05	30.1	4802	5825	7064	9842	4965	6348	7271	9484	4184	5258	6134	7571
1:00:10	30.0	4766	5842	7048	9725	4846	6316	7362	9590	4171	5289	6094	7513
1:00:15	30.1	4784	5861	7045	9858	4951	6281	7386	9622	4200	5241	6169	7587
1:00:20	30.1	4771	5901	7084	9805	4942	6312	7399	9653	4201	5193	6237	7589
1:00:25	30.1	4760	5955	7145	9807	4942	6304	7326	9544	4240	5230	6262	7528
1:00:30	30.1	4843	5867	7035	9722	4958	6338	7295	9573	4216	5245	6229	7466
1:00:35	30.1	4849	5888	7064	9850	4942	6311	7412	9545	4186	5267	6189	7560
1:00:40	30.0	4785	5883	7148	9688	4919	6377	7327	9689	4156	5265	6077	7509
1:00:45	30.1	4789	5867	7025	9761	4897	6230	7353	9653	4117	5252	6151	7686
1:00:50	30.1	4741	5771	7077	9890	4898	6281	7362	9571	4182	5230	6171	7616
1:00:55	30.1	4788	5934	7067	9821	4873	6266	7393	9577	4134	5292	6101	7570
1:01:00	30.0	4805	5918	6989	9779	4852	6263	7423	9689	4150	5218	6096	7512
1:01:05	30.1	4812	5825	7087	9852	4919	6409	7384	9516	4189	5242	6164	7629
1:01:10	30.1	4726	5869	7041	9892	4924	6229	7347	9700	4195	5263	6173	7595
1:01:15	30.1	4835	5941	7138	9684	4941	6366	7334	9662	4183	5195	6123	7628
1:01:20	30.1	4763	5828	7025	9751	4955	6352	7319	9514	4202	5218	6143	7508
1:01:25	30.1	4788	5913	7171	9718	4949	6364	7305	9612	4181	5194	6131	7551
1:01:30	30.0	4670	5782	7149	9683	5036	6313	7382	9588	4240	5232	6104	7467
1:01:35	30.1	4818	5958	7007	9639	4923	6314	7319	9469	4191	5277	6090	7651
1:01:40	30.1	4688	5839	7163	9796	4874	6355	7379	9596	4221	5247	6119	7550
1:01:45	30.1	4732	5883	6990	9793	4900	6377	7249	9589	4169	5302	6137	7460
1:01:50	30.1	4882	5938	7078	9737	4934	6307	7234	9508	4226	5168	6167	7505
1:01:55	30.1	4732	5830	6995	9880	4900	6369	7427	9465	4217	5238	6150	7538
1:02:00	30.1	4721	5924	7031	9844	4935	6458	7302	9548	4120	5257	6109	7520
1:02:05	30.1	4854	5811	7123	9798	4831	6257	7400	9627	4228	5192	6144	7616
1:02:10	30.1	4748	5845	7071	9855	4892	6287	7356	9538	4144	5306	6235	7493
1:02:15	30.1	4716	5850	7034	9675	4970	6358	7275	9618	4190	5217	6208	7574
1:02:20	30.0	4727	5902	7021	9651	4941	6264	7266	9548	4244	5218	6153	7645
1:02:25	30.1	4788	5879	7093	9843	4979	6378	7518	9660	4148	5204	6201	7529
1:02:30	30.1	4697	5868	7080	9749	4876	6375	7400	9539	4188	5278	6216	7582
1:02:35	30.1	4766	5862	7185	9772	4925	6278	7345	9540	4179	5223	6204	7555
1:02:40	30.0	4761	5907	7132	9641	4960	6279	7288	9732	4224	5268	6139	7414
1:02:45	30.1	4769	5845	7009	9683	4847	6352	7328	9646	4178	5265	6186	7610
1:02:50	30.1	4751	5852	7001	9679	4896	6405	7275	9477	4218	5191	6180	7481
1:02:55	30.1	4739	5927	7144	9697	4790	6307	7344	9548	4196	5245	6102	7584
1:03:00	30.0	4792	5842	7015	9679	4859	6262	7379	9591	4174	5203	6184	7479
1:03:05	30.1	4780	5883	7101	9808	4916	6247	7232	9569	4151	5264	6112	7580
1:03:10	30.1	4718	5794	7166	9720	4907	6388	7306	9659	4169	5234	6149	7522
1:03:15	30.1	4846	5934	7094	9783	4861	6308	7261	9464	4247	5235	6076	7611
1:03:20	30.1	4734	5840	7045	9744	4847	6314	7246	9580	4147	5200	6241	7488
1:03:25	30.1	4783	5833	7101	9805	4945	6437	7252	9636	4165	5199	6076	7556
1:03:30	30.0	4775	5846	7033	9818	4884	6344	7324	9541	4150	5192	6200	7485
1:03:35	30.1	4720	5879	7052	9652	4931	6319	7362	9533	4209	5226	6133	7514
1:03:40	30.0	4764	5794	6985	9780	4911	6380	7266	9511	4216	5269	6057	7605
1:03:45	30.1	4726	5850	7079	9794	4892	6247	7366	9587	4241	5254	6133	7431
1:03:50	30.1	4761	5809	7082	9693	4873	6272	7423	9654	4161	5231	6126	7565
1:03:55	30.1	4776	5934	7054	9560	4911	6342	7414	9556	4184	5192	6106	7418
1:04:00	30.1	4713	5895	7011	9733	4869	6334	7225	9536	4209	5243	6122	7497
1:04:05	30.1	4748	5803	7025	9676	4973	6332	7335	9588	4131	5266	6103	7472
1:04:10	30.1	4791	5828	7101	9716	4907	6373	7279	9570	4219	5241	6149	7436
1:04:15	30.1	4672	5801	7044	9692	4886	6325	7290	9378	4208	5241	6154	7537
1:04:20	30.1	4730	6008	7039	9801	4929	6325	7343	9523	4173	5251	6096	7521
1:04:25	30.0	4807	5813	6919	9775	4820	6237	7331	9487	4155	5181	6150	7585
1:04:30	30.1	4739	5805	7057	9722	4901	6399	7395	9519	4154	5193	6271	7447
1:04:35	30.0	4774	5776	7035	9748	4891	6362	7368	9605	4162	5176	6211	7422
1:04:40	30.1	4759	5807	6954	9710	4861	6397	7252	9524	4171	5206	6133	7449
1:04:45	30.1	4790	5845	7063	9694	4951	6254	7416	9581	4109	5156	6193	7547
1:04:50	30.1	4753	5829	6962	9697	4862	6356	7328	9379	4181	5225	6165	7530
1:04:55	30.1	4769	5885	7092	9766	4967	6199	7305	9479	4235	5267	6132	7563
1:05:00	30.1	4722	5799	7022	9782	4889	6283	7318	9596	4154	5202	6143	7545
1:05:05	30.1	4757	5848	7055	9730	4899	6345	7211	9510	4213	5222	6160	7509
1:05:10	30.0	4770	5782	7159	9743	4927	6272	7348	9505	4210	5291	6110	7494
1:05:15	30.1	4735	5890	6984	9737	4885	6307	7231	9502	4149	5281	6030	7637
1:05:20	30.1	4702	5803	7070	9745	4851	6264	7332	9516	4159	5225	6108	7463
1:05:25	30.0	4727	5811	7129	9796	4910	6384	7385	9492	4135	5199	6128	7465
1:05:30	30.1	4718	5786	7014	9673	4811	6309	7421	9466	4213	5166	6186	7525
1:05:35	30.1	4736	5869	6972	9677	4833	6357	7303	9612	4149	5203	6141	7481
1:05:40	30.1	4800	5839	7054	9712	4939	6339	7249	9434	4161	5189	6044	7547
1:05:45	30.1	4753	5917	6905	9745	4887	6405	7373	9512	4114	5230	6158	7507
1:05:50	30.1	4710	5778	6999	9626	4877	6341	7388	9501	4191	5224	6050	7497
1:05:55	30.1	4748	5936	6999	9766	4913	6356	7253	9575	4151	5232	6038	7491
1:06:00	30.1	4721	5851	6980	9758	4973	6394	7333	9602	4110	5225	6087	7554
1:06:05	30.1	4727	5842	7048	9657	4943	6254	7382	9519	4100	5236	6062	7580
1:06:10	30.0	4702	5748	7077	9636	4871	6254	7321	9555	4251	5224	6109	7536
1:06:15	30.1	4742	5867	6987	9714	4917	6326	7399	9519	4175	5218	6133	7603
1:06:20	30.1	4749	5794	7017	9560	4849	6343	7303	9546	4096	5235	6105	7506
1:06:25	30.1	4763	5734	7064	9689	4889	6281	7415	9735	4182	5245	6121	7485
1:06:30	30.1	4708	5810	7009	9659	4869	6322	7384	9584	4191	5171	6043	7473
1:06:35	30.1	4746	5813	7092	9818	4936	6271	7341	9343	4182	5215	6132	7441
1:06:40	30.1	4801	5737	6903	9702	4968	6273	7331	9553	4165	5241	6128	7543
1:06:45	30.0	4764	5819	7032	9765	4906	6345	7334	9369	4207	5223	6124	7538
1:06:50	30.1	4747	5769	7102	9663	4913	6319	7322	9496	4163	5184	6086	7633
1:06:55	30.0	4748	5776	7030	9659	4952	6379	7287	9382	4175	5160	6149	7391
1:07:00	30.1	4721	5908	7063	9649	4978	6270	7276	9411	4157	5123	6026	7456
1:07:05	30.1	4741	5895	6970	9774	4796	6294	7319	9496	4130	5215	6119	7474
1:07:10	30.1	4642	5819	7034	9723	4853	6261	7434	9487	4179	5240	6101	7399
1:07:15	30.1	4743	5793	7093	9690	4871	6297	7268	9481	4197	5181	6109	7493
1:07:20	30.1	4732	5799	7015	9719	4905	6255	7246	9506	4231	5141	6103	7495
1:07:25	30.1	4825	5842	7006	9752	4836	6413	7192	9382	4161	5266	6038	7460
1:07:30	30.1	4745	5810	7050	9711	4877	6319	7278	9404	4128	5220	6179	7462
1:07:35	30.0	4742	5781	7053	9604	4830	6283	7348	9586	4142	5249	6051	7484
1:07:40	30.0	4743	5792	7003	9751	4903	6381	7387	9633	4186	5317	6061	7445
1:07:45	30.1	4741	5833	7085	9775	4871	6220	7323	9660	4195	5205	6057	7519
1:07:50	30.1	4746	5786	7062	9751	4919	6317	7247	9521	4112	5242	6033	7607
1:07:55	30.1	4682	5799	7016	9659	4883	6224	7271	9382	4121	5246	6134	7457
1:08:00	30.1	4690	5779	6949	9669	4841	6266	7271	9534	4234	5195	6154	7528
1:08:05	30.1	4741	5865	7115	9639	4862	6279	7172	9459	4187	5212	6128	7438
1:08:10	30.1	4739	5789	6992	9650	4870	6312	7283	9416	4183	5246	6056	7501
1:08:15	30.1	4799	5810	6991	9612	4947	6277	7211	9538	4115	5228	6197	7406
1:08:20	30.1	4788	5813	7069	9647	4854	6329	7279	9579	4130	5174	6112	7455
1:08:25	30.0	4722	5767	7056	9613	4914	6324	7220	9442	4138	5191	6066	7447
1:08:30	30.1	4761	5760	6989	9666	4927	6297	7166	9460	4185	5268	6087	7473
1:08:35	30.1	4754	5847	7087	9630	4830	6197	7329	9525	4181	5247	6080	7411
1:08:40	30.1	4753	5783	6928	9638	4859	6305	7294	9366	4178	5131	6160	7442
1:08:45	30.1	4748	5806	6987	9671	4879	6320	7343	9568	4228	5250	6114	7473
1:08:50	30.1	4740	5795	6982	9618	4931	6168	7376	9423	4112	5204	6131	7561
1:08:55	30.1	4763	5760	6980	9680	4887	6249	7288	9427	4182	5192	6142	7530
1:09:00	30.1	4671	5810	7043	9784	4877	6320	7340	9589	4187	5186	6080	7451
1:09:05	30.0	4720	5837	6960	9697	4875	6343	7272	9352	4193	5183	6137	7526
1:09:10	30.0	4737	5840	7005	9645	4932	6299	7295	9573	4168	5212	6060	7433
1:09:15	30.1	4765	5786	6956	9635	4856	6173	7259	9582	4086	5263	6080	7514
1:09:20	30.1	4736	5813	6995	9613	4916	6312	7212	9395	4153	5138	6062	7492
1:09:25	30.1	4780	5772	7099	9703	4947	6306	7374	9453	4229	5147	6140	7453
1:09:30	30.1	4660	5788	7037	9646	4816	6260	7229	9436	4164	5198	6006	7587
1:09:35	30.1	4675	5871	6932	9590	4861	6217	7358	9495	4138	5159	6165	7478
1:09:40	30.1	4788	5894	7011	9800	4936	6287	7357	9497	4137	5200	6135	7551
1:09:45	30.1	4713	5816	6942	9899	4809	6209	7298	9486	4197	5152	6061	7528
1:09:50	30.0	4606	5823	7042	9723	4890	6271	7308	9516	4143	5233	6108	7497
1:09:55	30.1	4754	5876	6905	9641	4891	6285	7284	9416	4238	5205	6081	7501
1:10:00	30.0	4725	5876	7147	9603	4830	6217	7318	9411	4130	5156	6152	7505

Results
	1	2	3	4	5	6	7	8	9	10	11	12
A													Max V [295,335]
													R-Squared [295,335]
													t at Max V [295,335]
													Lagtime [295,335]
B													Max V [295,335]
													R-Squared [295,335]
													t at Max V [295,335]
													Lagtime [295,335]
C													Max V [295,335]
													R-Squared [295,335]
													t at Max V [295,335]
													Lagtime [295,335]
D													Max V [295,335]
													R-Squared [295,335]
													t at Max V [295,335]
													Lagtime [295,335]
E													Max V [295,335]
													R-Squared [295,335]
													t at Max V [295,335]
													Lagtime [295,335]
F													Max V [295,335]
													R-Squared [295,335]
													t at Max V [295,335]
													Lagtime [295,335]
G	-3204000.000	3432000.000	-3780000.000	-5184000.000	-3720000.000	-2892000.000	-3168000.000	-4836000.000	-2280000.000	-2868000.000	-3000000.000	-4452000.000	Max V [295,335]
	1.000	1.000	1.000	1.000	1.000	1.000	1.000	1.000	1.000	1.000	1.000	1.000	R-Squared [295,335]
	0:04:13	0:50:38	0:02:58	0:33:03	0:00:58	0:01:23	0:01:13	0:07:28	0:00:43	0:09:03	0:03:48	0:11:28	t at Max V [295,335]
	0:03:29	0:51:54	0:02:24	0:31:51	0:00:39	0:00:50	0:00:44	0:06:32	0:00:38	0:08:14	0:03:22	0:10:52	Lagtime [295,335]
H													Max V [295,335]
													R-Squared [295,335]
													t at Max V [295,335]
													Lagtime [295,335]

