

Software Version	3.03.14



Experiment File Path:	C:\Users\Public\Documents\Experiments\Tina\20180827_GEF_FRET_assay5.xpt
Protocol File Path:	C:\Users\Public\Documents\Protocols\Tina\GEF_FRET_assay.prt



Plate Number	Plate 1
Date	8/27/2018
Time	2:31:52 PM
Reader Type:	Synergy H1
Reader Serial Number:	1803011C
Reading Type	Reader

Procedure Details

Plate Type	96 WELL PLATE
Set Temperature	Setpoint 30°C
	Preheat before moving to next step
Start Kinetic	Runtime 0:45:00 (HH:MM:SS), Interval 0:00:05, 541 Reads
    Read	Fluorescence Endpoint
	A1..A12
	Filter Set 1
	    Excitation: 295,  Emission: 335
	    Optics: Top,  Gain: 80
	Light Source: Xenon Flash,  Lamp Energy: High
	Read Speed: Normal,  Delay: 0 msec,  Measurements/Data Point: 5
	Read Height: 8 mm
End Kinetic	

Layout
	1	2	3	4	5	6	7	8	9	10	11	12
A	SPL1	SPL2	SPL3	SPL4	SPL5	SPL6	SPL7	SPL8	SPL9	SPL10	SPL11	SPL12	Well ID
B													Well ID
C													Well ID
D													Well ID
E													Well ID
F													Well ID
G													Well ID
H													Well ID

295,335

Time	T° 295,335	A1	A2	A3	A4	A5	A6	A7	A8	A9	A10	A11	A12
0:00:00	30.0	16447	20396	26114	33086	12321	15121	19881	24692	8736	10498	14114	17381
0:00:05	30.0	16286	20490	25451	32818	12377	15144	19789	24573	8577	10485	14035	17426
0:00:10	30.0	16191	20257	25628	32856	12068	15201	19980	23976	8645	10506	14006	17239
0:00:15	30.0	15940	20180	25473	32182	12051	14749	19834	24209	8521	10322	13902	17239
0:00:20	30.0	15926	20299	25241	32421	11933	14776	19712	24062	8310	10070	13772	17091
0:00:25	30.0	16026	20147	25318	32112	11934	14621	19649	23643	8214	10162	13579	17069
0:00:30	30.0	15608	20114	25264	31871	11670	14292	19253	23254	8237	10012	13657	16776
0:00:35	30.0	15659	19884	25282	32226	11556	14345	19269	23522	8087	9998	13602	16738
0:00:40	30.0	15582	19623	25215	31954	11439	14335	19109	23422	8063	9980	13317	16430
0:00:45	30.0	15391	19585	25084	31712	11524	14231	18918	23244	7908	9762	13379	16697
0:00:50	30.0	15244	19723	24687	31822	11479	14048	18936	22945	7937	9680	13100	16531
0:00:55	30.0	15292	19320	24757	31403	11420	13872	18769	22980	7853	9641	13149	16277
0:01:00	30.0	15032	19510	24487	31881	11218	13968	18618	23124	7728	9678	13100	16231
0:01:05	30.0	14994	19213	24725	31488	11107	13596	18587	22541	7655	9340	12927	16058
0:01:10	30.0	15029	19115	24481	31532	10893	13843	18628	22593	7651	9382	12780	16188
0:01:15	30.0	15033	19247	24299	31397	10939	13630	18261	22554	7470	9324	12814	15977
0:01:20	30.0	14704	18863	23862	31203	10804	13512	18590	22266	7546	9151	12757	15858
0:01:25	30.0	14649	19098	23915	31078	10899	13258	18133	22519	7382	9279	12556	15808
0:01:30	30.0	14783	18917	23506	31061	10755	13391	18098	22030	7320	9284	12406	15759
0:01:35	30.0	14511	18857	23761	30963	10553	13214	18019	22086	7351	9139	12424	15533
0:01:40	30.0	14405	18391	23841	30821	10697	13164	17942	22108	7335	8984	12491	15674
0:01:45	30.0	14349	18532	23501	30903	10619	12978	17825	22102	7222	8971	12207	15588
0:01:50	30.0	14241	18510	23369	31082	10538	13034	17746	21755	7250	8828	12354	15555
0:01:55	30.0	14362	18387	23614	30609	10471	12818	17772	21999	7201	8809	12170	15421
0:02:00	30.0	14356	18351	23586	30881	10446	13046	17770	21586	7134	8778	12118	15502
0:02:05	30.0	14182	18351	23286	30451	10378	12917	17669	21579	7147	8779	12120	15256
0:02:10	30.0	14128	18129	23183	30662	10184	12803	17473	21583	6943	8727	11964	15049
0:02:15	30.0	13961	18084	23062	30618	10168	12883	17490	21484	6962	8476	11930	15214
0:02:20	30.0	13939	18017	23107	30337	10182	12637	17282	21291	6949	8597	11941	15101
0:02:25	30.0	13924	17961	23027	30542	10093	12744	17133	21294	6963	8396	11925	14854
0:02:30	30.0	13825	17844	22727	30205	10015	12629	17122	21081	6882	8372	11871	14884
0:02:35	30.0	13726	17722	22969	30205	10034	12499	17271	21172	6904	8500	11711	14923
0:02:40	30.0	13577	17899	22892	29796	9970	12462	17036	20964	6846	8438	11646	14758
0:02:45	30.0	13709	17871	22730	29981	9763	12476	17204	21057	6716	8338	11624	14729
0:02:50	30.0	13616	17677	22619	29809	9875	12354	16950	20826	6786	8397	11727	14689
0:02:55	30.0	13425	17650	22605	29660	9885	12282	16957	20945	6754	8460	11658	14549
0:03:00	30.0	13532	17641	22527	29678	9721	12145	16820	20816	6649	8281	11564	14743
0:03:05	30.0	13416	17285	22561	29515	9659	12358	16974	20740	6669	8279	11480	14458
0:03:10	30.0	13455	17345	22295	29337	9801	12158	16799	20543	6599	8184	11366	14547
0:03:15	30.0	13488	17185	22096	29282	9581	12128	16666	20538	6605	8119	11487	14558
0:03:20	30.0	13204	17308	22151	29292	9707	12232	16834	20421	6618	8082	11350	14324
0:03:25	30.0	13209	17370	22089	29046	9657	12057	16651	20326	6587	8089	11452	14443
0:03:30	30.0	13204	17218	21848	29108	9607	12041	16598	20567	6506	8141	11137	14140
0:03:35	30.0	13099	17072	21809	29036	9650	12030	16548	20417	6481	7953	11295	14147
0:03:40	30.0	13116	17375	21827	28958	9655	12151	16480	20244	6461	8070	11153	14199
0:03:45	30.0	13072	17090	21806	28924	9619	11958	16418	20152	6504	7917	11410	14309
0:03:50	30.0	12919	17002	21631	28912	9504	12009	16398	20080	6558	7932	10988	14050
0:03:55	30.0	12866	16992	21688	28648	9506	11770	16379	20277	6560	7876	11001	14008
0:04:00	30.0	12934	16944	21425	28538	9426	11918	16386	19885	6565	7881	11079	13991
0:04:05	30.0	12791	16974	21580	28518	9387	11698	16450	20037	6384	7794	11043	13945
0:04:10	30.0	12765	16755	21422	28626	9511	11721	16164	20081	6378	7887	10972	13913
0:04:15	30.0	12962	16639	21578	28441	9409	11766	16123	19810	6356	7780	10884	13975
0:04:20	30.0	12814	16811	21449	28246	9403	11627	16268	19982	6335	7919	10864	13758
0:04:25	30.0	12887	16516	20994	28296	9332	11711	16061	19898	6333	7810	10890	13744
0:04:30	30.0	12817	16607	21119	28096	9447	11490	16177	19873	6299	7869	10745	13683
0:04:35	30.0	12603	16706	20963	28121	9207	11630	16097	19610	6343	7788	10791	13719
0:04:40	30.0	12650	16762	21222	28256	9271	11651	16076	19446	6316	7691	10875	13694
0:04:45	30.0	12522	16491	20982	28553	9230	11646	15888	19568	6336	7580	10847	13645
0:04:50	30.0	12548	16448	21270	28214	9228	11550	16043	19737	6306	7719	10737	13616
0:04:55	30.0	12568	16487	21064	28056	9358	11476	15971	19658	6254	7575	10728	13693
0:05:00	30.0	12629	16357	21058	27914	9257	11619	15651	19548	6278	7595	10666	13596
0:05:05	30.0	12393	16311	20924	27779	9161	11407	15806	19581	6208	7675	10641	13370
0:05:10	30.0	12477	16313	20904	27783	9194	11297	15985	19561	6285	7630	10524	13357
0:05:15	30.0	12361	16328	20909	27758	9163	11443	15611	19397	6151	7592	10648	13408
0:05:20	30.0	12349	16144	20770	27976	9154	11455	15673	19566	6161	7556	10506	13331
0:05:25	30.0	12495	16280	20354	27884	9292	11419	15807	19190	6295	7533	10648	13243
0:05:30	30.0	12465	16322	20661	27729	9192	11248	15832	19362	6214	7516	10542	13329
0:05:35	30.0	12325	15983	20651	27463	9110	11469	15803	19186	6201	7570	10584	13234
0:05:40	30.0	12261	16131	20634	27498	9241	11394	15614	19449	6181	7538	10540	13388
0:05:45	30.0	12343	16174	20445	27632	9141	11467	15650	19231	6213	7489	10492	13239
0:05:50	30.0	12232	16145	20249	27719	9226	11334	15620	19228	6199	7577	10298	13224
0:05:55	30.0	12067	15962	20221	27246	9102	11381	15633	19215	6038	7670	10407	13134
0:06:00	30.0	12152	16184	20409	27267	9131	11287	15721	19019	6162	7470	10470	13136
0:06:05	30.0	12122	15822	20512	27458	9178	11384	15534	19074	6174	7489	10392	13197
0:06:10	30.0	12179	15968	20334	27137	9101	11241	15457	18948	6131	7522	10332	13062
0:06:15	30.0	12059	16050	20539	27140	9084	11272	15549	18884	6083	7642	10282	13137
0:06:20	30.0	12092	15844	20294	27174	9088	11297	15466	19058	6120	7470	10328	13001
0:06:25	30.0	11950	15647	20222	27084	9064	11320	15337	18904	6118	7492	10405	13140
0:06:30	30.0	12048	15795	20267	26931	9158	11082	15575	19011	6080	7386	10387	12817
0:06:35	30.0	12074	15730	19910	27230	8949	11248	15397	18821	6081	7411	10312	12959
0:06:40	30.0	12042	15851	20294	26836	9167	11324	15536	18850	6128	7501	10299	13089
0:06:45	30.0	11947	15831	20287	26869	9094	11243	15512	18862	6062	7383	10282	12911
0:06:50	30.0	11934	15699	20021	26532	8964	11186	15262	18816	6093	7321	10175	12982
0:06:55	30.0	11938	15642	19790	27169	9135	11204	15375	18889	6095	7444	10232	12874
0:07:00	30.0	12034	15662	20078	26705	9091	11124	15336	19026	6101	7391	10261	12870
0:07:05	30.0	11895	15601	19879	26758	8932	11178	15579	18887	6038	7416	10238	12961
0:07:10	30.0	11903	15585	19954	26850	8927	11019	15331	18628	6095	7462	10042	12889
0:07:15	30.0	11781	15592	20023	26726	8949	11155	15128	18809	6037	7392	10235	12873
0:07:20	30.0	11720	15641	20051	26688	8942	11139	15268	18863	5891	7267	10279	12717
0:07:25	30.0	11955	15419	19837	26929	8922	11075	15236	18766	5957	7350	10136	12698
0:07:30	30.0	11895	15342	19827	26457	8987	11158	15236	18659	6106	7413	10108	12750
0:07:35	30.0	11925	15452	19593	26694	8914	11173	15355	18598	5950	7324	10159	12865
0:07:40	30.0	11850	15448	20159	26429	9092	11075	15288	18599	6089	7451	10094	12604
0:07:45	30.0	11814	15412	19529	26764	9085	11159	15365	18657	6011	7404	10193	12775
0:07:50	30.0	11843	15552	19563	26411	9080	11188	15241	18682	6042	7383	10000	12713
0:07:55	30.0	11526	15299	19657	26460	9063	11108	15297	18680	5966	7307	10108	12855
0:08:00	30.0	11596	15391	19679	26439	8961	11120	15199	18704	5921	7312	10057	12673
0:08:05	30.0	11821	15359	19472	26503	8980	11071	15187	18670	5976	7312	10019	12709
0:08:10	30.0	11678	15233	19618	26525	8953	11073	15100	18742	6009	7220	10230	12649
0:08:15	30.0	11576	15245	19730	26164	9006	11181	15106	18549	5980	7319	10041	12646
0:08:20	30.0	11592	15339	19684	26329	8956	11065	15233	18491	5974	7332	10046	12565
0:08:25	30.0	11736	15320	19752	26057	8965	11067	15073	18711	5952	7316	10054	12611
0:08:30	30.0	11457	15097	19455	26183	8977	10983	15093	18441	6019	7330	9923	12683
0:08:35	30.0	11785	15356	19397	26280	8980	11149	15149	18377	5948	7306	10057	12622
0:08:40	30.0	11656	15161	19459	26184	8900	11050	15121	18504	5886	7315	9980	12442
0:08:45	30.0	11600	14896	19393	26014	9019	11096	15147	18523	6011	7225	9937	12572
0:08:50	30.0	11584	14971	19327	26028	8913	11149	15047	18404	6023	7274	9920	12482
0:08:55	30.0	11664	15154	19352	25981	9025	11069	15128	18436	5911	7312	9922	12562
0:09:00	30.0	11511	14917	19569	26193	8985	11083	15027	18382	5943	7200	10045	12601
0:09:05	30.0	11486	14952	19295	26118	8935	11098	15199	18372	5901	7326	9896	12446
0:09:10	30.0	11455	14876	19438	26019	9043	11025	15178	18497	5923	7169	9988	12470
0:09:15	30.0	11452	14938	19440	25910	8970	10918	15025	18274	5964	7144	9836	12415
0:09:20	30.0	11513	15027	19312	25649	9043	10902	15085	18309	5938	7322	9904	12473
0:09:25	30.0	11327	14900	19231	26207	9008	11042	15032	18354	5968	7175	9950	12553
0:09:30	30.0	11474	14968	19205	25974	8901	11067	15004	18236	5934	7249	9861	12479
0:09:35	30.0	11323	14715	19259	25948	8921	11034	14953	18393	5919	7257	9942	12426
0:09:40	30.0	11379	14830	19128	25858	8959	11005	14871	18428	5952	7250	9829	12513
0:09:45	30.0	11279	15013	19170	25950	8895	10848	14947	18332	5902	7243	9985	12573
0:09:50	30.0	11390	14930	19183	25916	8931	10953	14965	18441	5812	7142	9763	12489
0:09:55	30.0	11445	14820	18988	25626	9011	11030	15002	18372	5905	7196	9945	12443
0:10:00	30.0	11278	14922	19274	25746	8950	10731	15076	18231	5891	7267	9763	12337
0:10:05	30.0	11238	14794	19032	25617	8952	11035	15013	18073	5893	7184	9929	12264
0:10:10	30.0	11366	14851	18957	26003	8906	11001	15053	18242	5930	7213	9889	12362
0:10:15	30.0	11390	14674	19182	25795	8814	11073	14952	18445	5907	7108	9879	12494
0:10:20	30.0	11356	14760	18977	25757	8982	10957	15150	18295	5915	7176	10013	12431
0:10:25	30.0	11256	14796	18954	25805	8901	11069	14870	18233	5919	7137	9807	12241
0:10:30	30.0	11359	14620	19023	25502	8885	10835	15044	18391	5956	7196	9869	12408
0:10:35	30.0	11240	14842	19046	25595	8970	11062	14896	18377	5889	7099	9826	12365
0:10:40	30.0	11237	14800	19095	25595	8985	10850	14864	18375	5913	7225	9757	12220
0:10:45	30.0	11365	14815	18837	25371	8930	10875	14962	18151	5943	7153	9857	12397
0:10:50	30.0	11215	14653	18948	25539	8930	10989	14965	18323	5871	7193	9871	12196
0:10:55	30.0	11329	14737	18896	25594	8927	11072	14800	18410	5925	7077	9786	12195
0:11:00	30.0	11100	14600	18816	25446	9111	10887	14949	18073	5792	7164	9803	12223
0:11:05	30.0	11202	14603	18866	25396	8928	11030	15038	18243	5893	7311	9786	12346
0:11:10	30.0	11098	14671	18900	25339	8873	11083	14957	18172	5870	7092	9870	12289
0:11:15	30.0	11145	14558	18890	25080	8843	11104	14919	18294	5989	7103	9696	12376
0:11:20	30.0	11225	14757	18674	25385	8971	11057	14849	17996	5813	7138	9645	12263
0:11:25	30.0	11032	14452	18742	25298	8864	11063	14885	18255	5913	7185	9792	12179
0:11:30	30.0	11210	14634	18870	25115	8992	11097	14800	18164	5902	7161	9554	12367
0:11:35	30.0	11306	14421	18891	25401	8945	11002	14735	18406	5870	7104	9760	12450
0:11:40	30.0	11221	14610	18716	25669	8876	10944	14856	18186	5887	7127	9669	12238
0:11:45	30.0	11124	14649	19000	25419	8766	11040	14958	18202	5788	7164	9764	12150
0:11:50	30.0	11243	14713	18897	25155	9017	11029	14844	18114	5855	7098	9770	12191
0:11:55	30.0	11014	14440	18621	25355	8886	11103	14736	18116	5779	7073	9868	12110
0:12:00	30.0	11078	14516	18785	25428	8948	11114	14844	18019	5789	7155	9679	12046
0:12:05	30.0	11171	14664	18917	25584	8881	11038	14816	18078	5831	7218	9700	12243
0:12:10	30.0	11217	14526	18733	25238	8976	10928	14941	18170	5864	7105	9552	12199
0:12:15	30.0	11016	14554	18721	25131	9032	11024	14783	18182	5826	7114	9733	12140
0:12:20	30.0	11183	14576	18854	25329	9011	10988	14799	18063	5788	7079	9706	12199
0:12:25	30.0	11020	14543	18801	25253	8969	10980	14924	18177	5867	7102	9736	12160
0:12:30	30.0	10953	14505	18876	25237	8903	11017	14700	18149	5897	7171	9801	12104
0:12:35	30.0	10958	14456	18720	25272	9107	11071	14756	18104	5791	7153	9706	12204
0:12:40	30.0	11175	14494	18683	25304	8910	11137	14794	17925	5849	7284	9658	12165
0:12:45	30.0	11052	14558	18587	25364	8856	11043	14968	18244	5863	7178	9639	12043
0:12:50	30.0	10933	14366	18649	24978	8942	11032	14874	18109	5885	7042	9611	12297
0:12:55	30.0	11063	14382	18568	25046	8986	10985	14895	18108	5751	7119	9703	12128
0:13:00	30.0	10982	14396	18733	25471	8984	11070	14691	18000	5870	7131	9711	12238
0:13:05	30.0	11055	14415	18775	25092	9018	11060	14742	18148	5803	7081	9744	12069
0:13:10	30.0	11058	14457	18722	25288	8961	10976	14770	17990	5896	7151	9521	12035
0:13:15	30.0	10990	14399	18738	25072	9042	10963	15022	18194	5921	7127	9468	12135
0:13:20	30.0	10927	14365	18732	25192	8975	11043	14766	18004	5853	7116	9594	12040
0:13:25	30.0	11116	14461	18527	25127	8964	11025	14716	18091	5833	7077	9728	12120
0:13:30	30.0	11026	14232	18623	25024	8965	11031	14676	18013	5837	7072	9722	12101
0:13:35	30.0	11195	14496	18556	25199	8887	10942	14807	17915	5760	7130	9687	11960
0:13:40	30.0	11023	14396	18805	25245	8943	11058	14593	18138	5871	7142	9645	11905
0:13:45	30.0	10948	14380	18453	24853	8899	11137	14733	18219	5867	6986	9686	11973
0:13:50	30.0	11018	14478	18738	24792	9003	10942	14769	18100	5840	7158	9550	12094
0:13:55	30.0	10955	14366	18616	25131	9051	10924	14965	18055	5866	7125	9693	12195
0:14:00	30.0	10872	14197	18487	25016	9005	10836	14580	18273	5835	7081	9573	12094
0:14:05	30.0	10923	14257	18633	24862	9081	10931	14544	18276	5835	7117	9688	12007
0:14:10	30.0	11026	14411	18471	24850	8904	11034	14714	17964	5724	7108	9617	12087
0:14:15	30.0	10733	14291	18480	24980	8842	11103	14814	18234	5780	6970	9727	12088
0:14:20	30.0	10986	14472	18468	24714	9069	10931	14848	18232	5808	7029	9691	11892
0:14:25	30.1	10970	14378	18744	25146	8953	11121	14739	17844	5828	7066	9640	12159
0:14:30	30.1	10991	14348	18686	24758	9179	11047	14765	18161	5960	7013	9683	12062
0:14:35	30.0	11011	14323	18640	24969	8991	11172	14472	18017	5785	7061	9748	12118
0:14:40	30.0	10912	14258	18438	24810	8973	10971	14709	18194	5825	7071	9657	12017
0:14:45	30.0	11133	14373	18580	24731	8997	10989	14587	18181	5846	7079	9589	11973
0:14:50	30.0	10948	14365	18491	24808	9018	11039	14718	17928	5837	7069	9690	12001
0:14:55	30.1	11008	14275	18432	24865	8999	10906	14680	18235	5731	6972	9556	11994
0:15:00	30.0	10921	14212	18512	24951	8844	10993	14607	17892	5834	7094	9581	11943
0:15:05	30.0	10918	14322	18403	24967	8989	10911	14767	18113	5837	7088	9577	11991
0:15:10	30.0	10938	14089	18597	24794	9044	10913	14588	18340	5784	7055	9588	12132
0:15:15	30.0	10944	14404	18382	24649	8858	11102	14730	18377	5856	7088	9587	11985
0:15:20	30.0	10800	14257	18637	24767	8955	10996	14692	18285	5810	7066	9678	11982
0:15:25	30.0	10902	14186	18619	24671	8879	11143	14426	17965	5767	7026	9579	12063
0:15:30	30.0	10903	14313	18340	24942	8952	10976	14584	18031	5886	6938	9550	11898
0:15:35	30.0	10845	14255	18389	24595	9008	10921	14799	18099	5762	6942	9396	11872
0:15:40	30.0	10857	14056	18411	24847	8929	10961	14674	18118	5764	6984	9522	12056
0:15:45	30.0	10858	14085	18433	24686	8969	10992	14723	17990	5783	7069	9517	11936
0:15:50	30.0	10808	14193	18371	24550	8867	10961	14793	17827	5736	7072	9532	11978
0:15:55	30.0	10910	14248	18200	24808	8982	10951	14666	18150	5738	7109	9501	11924
0:16:00	30.0	10728	14199	18593	24591	8993	11005	14667	17862	5801	7076	9666	11890
0:16:05	30.0	10894	14288	18351	25007	8890	10946	14688	18060	5678	6961	9573	12032
0:16:10	30.0	10841	14149	18577	24871	8958	10975	14799	17880	5696	7091	9509	11976
0:16:15	30.0	10956	14075	18351	24512	9000	10896	14627	17903	5751	7011	9643	12211
0:16:20	30.0	10856	14183	18441	24575	8895	10940	14670	18021	5733	7091	9503	11983
0:16:25	30.0	10921	14206	18421	24879	8911	10965	14680	18081	5770	7050	9445	11829
0:16:30	30.0	10844	14085	18612	24727	8946	10936	14698	17977	5803	6940	9548	11981
0:16:35	30.0	10797	14079	18566	24622	8874	10950	14646	18098	5700	7049	9595	11985
0:16:40	30.0	10790	14354	18619	24678	8930	11028	14627	18006	5809	7003	9579	11943
0:16:45	30.0	10926	14186	18465	24566	8983	11003	14697	18012	5744	7066	9625	11879
0:16:50	30.0	10794	14162	18359	24353	9048	11030	14707	18043	5801	7022	9563	11950
0:16:55	30.0	10726	14150	18449	24445	8994	10986	14679	18208	5733	6971	9582	12008
0:17:00	30.0	10882	14218	18417	24528	8907	11044	14517	17990	5837	7091	9528	11923
0:17:05	30.0	10854	14025	18495	24639	9094	11029	14791	18071	5663	6926	9450	12084
0:17:10	30.0	10929	14081	18276	24527	9046	11130	14711	18025	5831	6959	9527	11862
0:17:15	30.0	10815	14121	18447	24739	9057	10895	14745	18083	5778	6996	9501	11882
0:17:20	30.0	10775	14150	18373	24800	8904	10930	14775	18134	5738	6954	9576	11967
0:17:25	30.0	10770	14106	18596	24661	8854	10967	14661	18170	5779	7037	9502	11942
0:17:30	30.0	10988	14195	18562	24485	8920	10948	14636	17892	5762	6982	9560	11836
0:17:35	30.0	10774	14092	18530	24422	8849	10982	14671	17939	5770	6947	9609	11873
0:17:40	30.0	10738	14027	18497	24806	8943	10929	14515	17902	5766	6987	9536	11904
0:17:45	30.0	10741	13953	18432	24358	8902	11037	14598	17975	5724	7034	9673	12002
0:17:50	30.0	10727	14098	18542	24549	8840	11047	14683	17982	5780	7064	9507	11891
0:17:55	30.0	10840	14122	18301	24639	8846	11116	14610	17775	5783	7090	9489	11857
0:18:00	30.0	10827	14102	18473	24336	8907	11092	14646	17976	5719	6897	9547	11870
0:18:05	30.0	10654	13831	18366	24076	8926	10881	14712	18101	5793	6996	9444	11998
0:18:10	30.0	10741	14070	18520	24461	8890	10988	14660	17758	5811	7056	9533	11832
0:18:15	30.0	10954	14043	18587	24455	8990	10981	14482	17883	5826	6930	9385	11926
0:18:20	30.0	10843	13982	18414	24242	8968	11029	14538	18027	5699	6902	9466	11836
0:18:25	30.0	10746	14039	18430	24362	8989	10819	14717	17945	5710	7012	9460	11976
0:18:30	30.0	10735	14227	18483	24150	8877	11021	14558	17756	5826	6908	9624	11869
0:18:35	30.0	10821	14070	18378	24152	8949	10969	14540	17724	5770	7047	9536	11856
0:18:40	30.0	10886	13995	18408	24232	8928	10953	14514	17829	5744	7005	9523	11819
0:18:45	30.0	10802	13970	18508	24134	8899	10847	14682	17833	5791	6957	9499	11893
0:18:50	30.0	11019	14084	18400	24443	8927	11027	14660	17806	5802	6920	9411	11893
0:18:55	30.0	10620	14257	18487	24666	8925	10977	14673	17779	5804	7024	9546	11862
0:19:00	30.0	10744	13867	18592	24722	8982	10961	14405	17831	5776	6852	9456	11857
0:19:05	30.0	10676	14098	18426	24366	8939	11063	14605	17617	5773	7110	9605	11794
0:19:10	30.1	10749	14074	18533	24290	8859	10930	14705	18039	5756	7019	9515	11912
0:19:15	30.0	10732	13943	18415	24208	8887	11051	14573	17857	5746	6885	9466	12033
0:19:20	30.0	10669	13996	18306	24418	8985	11041	14774	17789	5850	7072	9522	11795
0:19:25	30.0	10627	13955	18430	24031	8948	10941	14684	17961	5654	6961	9510	11859
0:19:30	30.0	10868	13887	18257	24319	8896	10931	14589	18013	5787	7059	9393	11827
0:19:35	30.0	10836	14002	18546	24588	8918	10981	14445	17931	5708	7046	9514	11746
0:19:40	30.0	10731	13871	18419	24196	8957	10920	14360	17786	5782	6973	9452	11833
0:19:45	30.0	10657	13938	18632	24265	8929	10963	14641	18010	5721	6976	9506	11892
0:19:50	30.0	10772	13963	18469	24154	8920	10910	14458	18063	5806	7073	9635	11846
0:19:55	30.0	10854	13906	18529	23795	8899	11093	14739	18139	5818	6923	9464	11748
0:20:00	30.0	10754	14042	18459	24077	8957	10815	14533	18036	5698	6970	9561	11928
0:20:05	30.0	10630	13880	18612	24156	8923	10882	14363	17850	5826	6977	9451	11918
0:20:10	30.0	10706	14035	18474	24276	8954	10988	14578	17942	5727	7057	9335	11974
0:20:15	30.0	10644	13783	18255	24284	8905	10907	14592	18055	5726	6966	9537	11749
0:20:20	30.0	10740	13820	18292	23879	8940	10912	14586	17988	5751	6946	9480	11749
0:20:25	30.0	10801	13880	18417	24307	8891	10840	14518	17723	5718	6950	9582	11855
0:20:30	30.0	10907	13959	18244	24392	8992	10826	14481	18245	5775	7001	9469	11800
0:20:35	30.0	10722	13866	18516	24134	8899	11003	14665	17779	5637	6944	9509	11876
0:20:40	30.0	10785	13961	18419	24369	8915	10968	14505	17818	5772	6929	9520	11894
0:20:45	30.0	10629	14032	18424	24336	8738	10836	14599	17989	5818	6899	9519	11903
0:20:50	30.0	10740	13947	18387	24100	8920	10860	14545	17796	5748	6931	9449	11764
0:20:55	30.0	10723	13947	18559	24142	8995	10915	14680	17762	5739	7037	9443	11725
0:21:00	30.0	10691	13963	18363	24165	8936	10827	14536	17722	5732	7035	9430	11843
0:21:05	30.0	10673	14057	18276	24278	8900	10934	14607	17836	5725	6939	9481	11717
0:21:10	30.0	10740	14024	18525	23989	8999	11035	14543	17784	5714	6935	9523	11828
0:21:15	30.0	10695	14025	18416	24112	8863	10927	14600	17812	5795	6968	9538	11761
0:21:20	30.0	10674	13759	18385	24031	8928	10916	14471	17791	5737	6951	9428	11911
0:21:25	30.0	10681	13980	18321	23973	8951	10816	14534	17876	5672	6943	9462	11714
0:21:30	30.0	10752	14120	18452	23973	8944	10922	14534	17616	5725	6956	9471	12003
0:21:35	30.0	10656	13920	18454	23963	8866	11014	14586	17883	5742	6900	9381	11849
0:21:40	30.0	10597	14023	18484	24303	8962	10710	14457	17873	5654	6859	9419	11950
0:21:45	30.0	10634	14057	18469	24208	8933	10860	14468	17827	5648	7002	9444	11715
0:21:50	30.0	10744	14008	18192	23872	8923	10981	14460	17632	5744	6885	9486	11763
0:21:55	30.0	10640	13931	18466	24051	8895	10906	14521	17890	5660	6939	9476	11733
0:22:00	30.0	10721	14008	18470	24199	8899	10935	14552	17847	5699	6926	9490	11799
0:22:05	30.0	10612	13831	18445	24181	8925	10898	14492	17938	5759	6896	9325	11733
0:22:10	30.0	10685	13839	18266	23936	8911	10917	14702	17881	5750	6909	9333	11755
0:22:15	30.1	10677	14065	18527	24099	8985	10870	14495	17977	5822	7054	9546	11775
0:22:20	30.1	10683	13889	18551	24124	8784	10826	14509	17863	5739	6945	9497	11781
0:22:25	30.0	10687	13835	18616	24064	8929	10888	14400	17842	5719	7002	9451	11806
0:22:30	30.1	10588	13880	18445	24090	8897	10856	14516	17904	5677	7020	9386	11784
0:22:35	30.0	10615	13917	18317	24175	8882	10930	14405	17720	5729	6869	9398	11768
0:22:40	30.0	10672	13826	18304	23766	8894	10956	14710	17705	5674	7018	9383	11756
0:22:45	30.0	10700	13779	18589	24281	8889	10830	14528	17782	5653	6982	9388	11738
0:22:50	30.1	10659	13893	18694	23862	8832	10960	14438	17723	5749	6934	9403	11716
0:22:55	30.1	10555	13766	18602	24136	8979	10839	14404	17715	5755	6980	9338	11846
0:23:00	30.1	10803	13949	18236	24242	8914	11030	14587	17773	5738	6911	9457	11811
0:23:05	30.1	10689	13874	18187	23996	9030	10885	14577	17818	5717	7016	9517	11696
0:23:10	30.1	10645	13852	18440	23880	8918	10973	14479	17828	5723	6910	9470	11914
0:23:15	30.1	10638	14041	18558	24016	8827	10908	14538	17448	5747	6976	9423	11751
0:23:20	30.1	10704	13737	18254	23868	8893	10914	14364	17974	5653	6931	9444	11651
0:23:25	30.0	10597	13904	18568	23896	8894	10785	14661	17680	5734	6953	9359	11800
0:23:30	30.0	10669	13900	18324	23878	8854	10759	14470	17713	5743	6995	9452	11761
0:23:35	30.1	10622	13800	18428	24057	8854	10853	14366	17852	5720	6901	9396	11734
0:23:40	30.1	10652	13732	18379	24022	8998	10976	14472	17939	5686	6921	9293	11599
0:23:45	30.1	10699	13917	18346	23765	8931	10851	14213	17809	5609	6942	9302	11625
0:23:50	30.1	10615	13868	18353	24020	8893	11015	14354	17888	5703	6943	9478	11760
0:23:55	30.1	10676	13935	18332	24027	9015	10851	14477	17660	5717	7005	9437	11608
0:24:00	30.1	10705	13805	18583	23980	9057	10799	14536	17916	5695	6891	9367	11745
0:24:05	30.1	10641	13834	18357	23787	8850	10963	14441	17711	5634	6881	9478	11716
0:24:10	30.1	10688	13767	18197	23907	8952	10794	14530	17741	5652	6871	9505	11744
0:24:15	30.0	10586	13934	18255	23765	8868	10841	14460	17797	5619	6870	9490	11646
0:24:20	30.1	10502	13837	18421	23951	8856	10939	14357	17811	5670	6933	9433	11796
0:24:25	30.1	10647	13672	18283	23965	8917	10902	14439	17842	5698	7063	9400	11649
0:24:30	30.1	10488	13733	18486	23931	8808	10886	14444	17731	5678	6828	9275	11836
0:24:35	30.1	10707	13629	18422	23836	8849	10933	14407	17769	5636	7013	9372	11735
0:24:40	30.1	10600	13820	18341	23927	8838	10870	14461	17790	5675	6937	9490	11760
0:24:45	30.1	10633	13679	18412	23711	8808	10709	14558	17563	5688	6842	9362	11697
0:24:50	30.1	10540	13832	18317	24118	8919	10973	14429	17839	5640	6858	9303	11782
0:24:55	30.0	10637	13915	18240	23635	8872	10872	14233	17639	5671	7015	9452	11754
0:25:00	30.1	10608	13809	18332	23666	8910	10944	14575	17803	5626	6920	9436	11777
0:25:05	30.0	10601	13828	18557	24032	8879	11002	14446	17705	5684	6947	9457	11655
0:25:10	30.1	10593	13763	18306	23843	8829	10916	14477	17712	5671	6929	9307	11621
0:25:15	30.1	10558	13655	18189	23942	8801	10766	14387	17589	5714	6840	9336	11711
0:25:20	30.1	10422	13755	18451	23690	8943	10998	14351	17692	5650	6952	9471	11665
0:25:25	30.1	10601	13694	18379	23961	8917	10982	14360	17644	5656	6941	9304	11673
0:25:30	30.1	10541	13768	18388	23903	8862	10727	14516	17567	5669	6890	9325	11762
0:25:35	30.1	10603	13708	18222	23609	8890	10922	14578	17520	5653	6924	9362	11818
0:25:40	30.0	10528	13668	18381	23698	8915	10899	14398	17579	5706	6879	9390	11614
0:25:45	30.1	10588	13781	18193	23756	8835	10768	14488	18018	5683	6897	9339	11686
0:25:50	30.1	10619	13685	18400	24017	8792	10893	14573	17455	5701	6888	9277	11497
0:25:55	30.0	10665	13837	18126	23698	8952	10817	14333	17588	5709	6860	9372	11722
0:26:00	30.1	10583	13751	18292	23711	8905	10921	14424	17728	5696	6884	9388	11588
0:26:05	30.1	10592	13756	18138	23711	8812	10828	14531	17708	5721	6920	9430	11604
0:26:10	30.1	10488	13520	18398	23703	8748	10862	14516	17578	5663	6840	9276	11673
0:26:15	30.1	10556	13932	18131	23889	8839	10771	14460	17750	5658	6882	9338	11654
0:26:20	30.0	10429	13735	18544	23787	8835	10693	14456	17664	5635	6915	9366	11616
0:26:25	30.1	10511	13780	17928	23824	8934	10724	14540	17774	5616	6887	9339	11674
0:26:30	30.1	10584	13718	18247	23790	8740	10673	14490	17670	5585	6893	9248	11850
0:26:35	30.0	10521	13788	18298	23761	8844	10651	14329	17649	5694	6960	9360	11717
0:26:40	30.1	10585	13688	18428	23764	8746	10873	14316	17512	5673	6824	9327	11690
0:26:45	30.1	10627	13894	18189	23773	8764	10719	14405	17565	5694	6882	9377	11644
0:26:50	30.1	10596	13785	18220	23830	8878	10839	14245	17651	5679	6776	9439	11642
0:26:55	30.1	10571	13679	18228	23723	8789	10833	14269	17726	5705	6926	9251	11728
0:27:00	30.0	10531	13689	18316	23644	8768	10947	14518	17661	5721	6915	9400	11558
0:27:05	30.1	10528	13800	18556	23855	8845	10781	14315	17730	5703	6823	9346	11646
0:27:10	30.1	10486	13564	18359	23914	8829	10758	14392	17567	5662	6793	9284	11613
0:27:15	30.1	10501	13876	18377	23705	8823	10803	14394	17573	5703	6826	9283	11536
0:27:20	30.1	10564	13727	18414	23715	8897	10795	14147	17692	5578	6944	9458	11650
0:27:25	30.1	10634	13671	18231	23862	8799	10762	14316	17439	5641	6953	9355	11572
0:27:30	30.1	10457	13865	18077	23715	8842	10837	14372	17784	5607	6793	9350	11563
0:27:35	30.1	10496	13620	18071	23861	8810	10733	14376	17840	5673	6818	9289	11704
0:27:40	30.1	10526	13651	18461	23692	8868	10912	14359	17711	5651	6866	9340	11572
0:27:45	30.1	10584	13681	17978	23869	8742	10869	14388	17576	5702	6929	9281	11645
0:27:50	30.1	10502	13635	18212	23572	8869	10815	14392	17669	5643	6834	9263	11706
0:27:55	30.1	10559	13748	18117	23720	8856	10957	14359	17632	5611	6869	9329	11619
0:28:00	30.1	10588	13637	18168	23663	8862	10852	14369	17753	5615	6866	9400	11742
0:28:05	30.1	10552	13707	18050	23707	8793	10717	14498	17588	5610	6812	9296	11705
0:28:10	30.1	10558	13675	18228	23415	8710	10706	14371	17577	5649	6839	9299	11561
0:28:15	30.1	10625	13746	18178	23750	8849	10778	14326	17446	5640	6775	9396	11545
0:28:20	30.1	10579	13825	18080	23619	8922	10690	14359	17602	5769	6830	9249	11554
0:28:25	30.1	10354	13654	18120	23680	8795	10653	14438	17630	5711	6917	9398	11708
0:28:30	30.1	10507	13636	18144	23519	8843	10740	14309	17662	5629	6814	9357	11608
0:28:35	30.1	10514	13631	18123	23442	8808	10720	14316	17718	5613	6894	9425	11769
0:28:40	30.1	10419	13748	18316	23510	8884	10789	14263	17420	5647	6916	9251	11457
0:28:45	30.1	10607	13741	18242	23641	8754	10748	14344	17553	5723	6704	9277	11736
0:28:50	30.1	10432	13615	18275	23753	8791	10944	14306	17566	5655	6874	9432	11547
0:28:55	30.1	10374	13648	18369	23321	8675	10872	14362	17725	5625	6918	9232	11637
0:29:00	30.1	10425	13555	18194	23501	8748	10734	14405	17817	5607	6826	9203	11584
0:29:05	30.1	10583	13638	18082	23484	8806	10726	14345	17596	5676	6909	9441	11669
0:29:10	30.1	10549	13396	18174	23399	8802	10735	14215	17389	5628	6900	9242	11550
0:29:15	30.1	10506	13655	18327	23521	8811	10871	14341	17384	5653	6799	9270	11607
0:29:20	30.1	10378	13674	18127	23377	8761	10839	14266	17576	5599	6801	9267	11488
0:29:25	30.1	10393	13517	18183	23496	8753	10700	14345	17646	5568	6761	9259	11606
0:29:30	30.1	10565	13603	18220	23724	8786	10748	14374	17617	5547	6822	9391	11664
0:29:35	30.1	10415	13627	18245	23428	8829	10792	14175	17452	5585	6815	9299	11641
0:29:40	30.1	10537	13567	18370	23617	8837	10853	14340	17503	5581	6782	9272	11591
0:29:45	30.1	10436	13672	18076	23486	8771	10672	14499	17670	5663	6998	9284	11568
0:29:50	30.1	10480	13694	18131	23776	8905	10633	14375	17597	5575	6785	9200	11633
0:29:55	30.1	10436	13526	18261	23631	8719	10838	14279	17510	5712	6754	9172	11553
0:30:00	30.1	10413	13623	18121	23384	8651	10673	14150	17712	5641	6846	9265	11635
0:30:05	30.1	10355	13602	18299	23493	8726	10701	14251	17589	5620	6842	9212	11595
0:30:10	30.1	10488	13674	18040	23470	8782	10649	14237	17432	5614	6821	9341	11643
0:30:15	30.1	10461	13782	18047	23580	8712	10858	14321	17565	5556	6787	9388	11540
0:30:20	30.1	10443	13558	18191	23911	8703	10899	14189	17721	5558	6903	9359	11527
0:30:25	30.1	10516	13490	18178	23653	8832	10745	14410	17459	5578	6769	9299	11485
0:30:30	30.1	10368	13579	18116	23546	8861	10701	14074	17385	5641	6782	9197	11509
0:30:35	30.1	10356	13449	18103	23589	8693	10768	14409	17591	5636	6814	9380	11559
0:30:40	30.1	10354	13604	18184	23306	8763	10702	14241	17594	5580	6736	9310	11596
0:30:45	30.1	10380	13581	18253	23177	8729	10696	14252	17381	5561	6795	9214	11577
0:30:50	30.1	10511	13607	18105	23621	8712	10611	14346	17364	5615	6835	9189	11622
0:30:55	30.1	10351	13588	18264	23493	8822	10691	14365	17450	5653	6783	9156	11603
0:31:00	30.1	10302	13522	18043	23367	8786	10901	14239	17446	5632	6814	9257	11422
0:31:05	30.1	10440	13516	17911	23508	8866	10650	14291	17374	5640	6842	9233	11545
0:31:10	30.1	10530	13511	17957	23373	8609	10590	14184	17530	5652	6887	9218	11639
0:31:15	30.1	10399	13568	18179	23344	8610	10682	14226	17482	5726	6725	9183	11568
0:31:20	30.1	10425	13497	18264	23367	8693	10739	14336	17500	5539	6797	9177	11612
0:31:25	30.1	10377	13491	18110	23290	8708	10679	14217	17304	5625	6754	9210	11507
0:31:30	30.1	10404	13432	17839	23173	8773	10770	14358	17456	5539	6726	9159	11498
0:31:35	30.1	10356	13672	18051	23484	8635	10721	14238	17374	5640	6939	9260	11497
0:31:40	30.1	10424	13574	17935	23456	8760	10561	14236	17405	5632	6768	9251	11647
0:31:45	30.1	10381	13479	17958	23546	8762	10707	14343	17262	5616	6701	9259	11478
0:31:50	30.1	10429	13484	18056	23218	8723	10671	14228	17278	5620	6784	9205	11366
0:31:55	30.1	10463	13514	17932	23260	8652	10696	14316	17474	5520	6769	9218	11514
0:32:00	30.1	10392	13400	17936	23507	8621	10663	14158	17425	5515	6816	9210	11557
0:32:05	30.1	10383	13512	17926	23235	8756	10611	14177	17469	5566	6774	9270	11381
0:32:10	30.1	10490	13525	18029	23295	8784	10772	14291	17418	5608	6744	9218	11364
0:32:15	30.1	10369	13536	18047	23406	8728	10632	14166	17277	5626	6763	9267	11590
0:32:20	30.1	10384	13683	17835	23302	8802	10600	14324	17348	5508	6705	9163	11404
0:32:25	30.1	10480	13430	18132	23608	8607	10552	14280	17306	5640	6757	9092	11538
0:32:30	30.1	10388	13670	17947	23500	8774	10654	14214	17305	5659	6798	9190	11658
0:32:35	30.1	10433	13625	17965	23219	8729	10621	14284	17201	5576	6885	9272	11502
0:32:40	30.1	10349	13362	17890	23281	8637	10589	14072	17346	5499	6734	9203	11461
0:32:45	30.1	10362	13485	18071	23110	8659	10717	14187	17526	5605	6735	9188	11498
0:32:50	30.1	10352	13539	18051	23477	8628	10542	14152	17549	5577	6875	9178	11471
0:32:55	30.1	10273	13682	17982	23460	8593	10645	14143	17243	5518	6819	9189	11559
0:33:00	30.1	10320	13431	17940	23370	8704	10689	14148	17355	5532	6648	9237	11379
0:33:05	30.1	10268	13409	18072	23231	8679	10619	14132	17345	5525	6865	9123	11511
0:33:10	30.1	10398	13479	17909	23286	8622	10694	14152	17281	5682	6906	9285	11336
0:33:15	30.1	10394	13438	18121	23097	8677	10602	14293	17353	5622	6702	9206	11543
0:33:20	30.1	10402	13526	18009	23138	8686	10580	14142	17263	5508	6692	9325	11468
0:33:25	30.1	10289	13627	17878	23206	8643	10769	14158	17567	5599	6813	9056	11465
0:33:30	30.1	10438	13678	17813	23464	8704	10564	14130	17325	5593	6729	9142	11565
0:33:35	30.1	10352	13451	18031	23389	8677	10718	14123	17245	5585	6828	9187	11439
0:33:40	30.1	10333	13448	17961	23109	8603	10551	14114	17315	5506	6694	9134	11431
0:33:45	30.1	10463	13398	17808	23440	8540	10643	14205	17286	5526	6773	9044	11399
0:33:50	30.1	10278	13450	17890	23134	8630	10692	14215	17260	5523	6732	9144	11317
0:33:55	30.1	10404	13468	17794	23265	8626	10534	14146	17230	5494	6768	9246	11475
0:34:00	30.1	10312	13358	17897	23119	8789	10669	14213	17399	5532	6647	9097	11497
0:34:05	30.1	10299	13331	18006	23074	8592	10599	14092	17297	5437	6686	9302	11511
0:34:10	30.1	10314	13406	18052	23164	8619	10560	14175	17289	5447	6762	9083	11466
0:34:15	30.1	10342	13520	17738	23197	8644	10651	14080	17222	5572	6761	9144	11391
0:34:20	30.1	10512	13413	18107	23006	8559	10543	14219	17189	5516	6743	9200	11455
0:34:25	30.1	10316	13507	17953	23235	8718	10482	13962	17273	5475	6720	9079	11441
0:34:30	30.1	10380	13364	17738	23148	8575	10552	14146	17279	5539	6718	9127	11421
0:34:35	30.1	10403	13468	17841	22938	8625	10650	14203	17204	5475	6671	9123	11364
0:34:40	30.1	10150	13427	17972	23313	8681	10741	14144	17168	5525	6733	9237	11379
0:34:45	30.1	10383	13359	17729	23147	8683	10658	14306	17280	5554	6690	9094	11328
0:34:50	30.1	10389	13555	17923	23133	8740	10570	14135	17229	5558	6694	9057	11370
0:34:55	30.1	10211	13413	17953	22988	8553	10714	14027	17303	5585	6803	9171	11491
0:35:00	30.1	10319	13343	17891	23074	8626	10486	13906	17278	5560	6805	9097	11320
0:35:05	30.1	10234	13401	17910	23321	8590	10650	14122	17212	5564	6723	9177	11630
0:35:10	30.1	10322	13269	18080	23154	8565	10716	14073	17350	5550	6748	8974	11471
0:35:15	30.1	10444	13440	17794	23279	8609	10631	14117	17254	5479	6863	9113	11506
0:35:20	30.1	10259	13502	17903	23196	8581	10654	14130	17258	5532	6736	9271	11536
0:35:25	30.1	10378	13380	17880	23336	8529	10545	14061	17298	5483	6707	9237	11455
0:35:30	30.1	10356	13458	17888	23199	8686	10601	14126	17272	5525	6651	9141	11222
0:35:35	30.1	10268	13244	17873	23270	8642	10552	14048	17201	5529	6733	9159	11391
0:35:40	30.1	10144	13617	17756	23231	8647	10663	14212	17229	5548	6735	9080	11425
0:35:45	30.1	10287	13440	17912	23139	8666	10530	14121	17328	5445	6684	9108	11442
0:35:50	30.1	10423	13275	17970	23106	8656	10660	14223	17327	5546	6774	9131	11413
0:35:55	30.1	10384	13274	17851	22965	8600	10568	14033	17081	5442	6643	9071	11357
0:36:00	30.1	10377	13491	17685	23221	8453	10645	14006	17048	5498	6761	9019	11443
0:36:05	30.1	10296	13569	17647	23051	8732	10585	13977	17265	5520	6755	9034	11453
0:36:10	30.1	10225	13384	17686	22898	8626	10490	13955	17158	5510	6726	9105	11402
0:36:15	30.1	10279	13296	17722	23272	8544	10465	14180	17335	5532	6747	9083	11435
0:36:20	30.1	10323	13467	17957	23141	8536	10583	14103	17051	5506	6739	9093	11467
0:36:25	30.1	10243	13316	17833	23192	8558	10482	13893	17173	5395	6722	9135	11360
0:36:30	30.1	10286	13297	17930	23221	8704	10527	13995	17224	5519	6735	9016	11353
0:36:35	30.1	10279	13420	17884	23147	8626	10490	14125	17290	5499	6664	9084	11503
0:36:40	30.1	10407	13311	17946	23186	8547	10573	14035	17086	5537	6748	9054	11357
0:36:45	30.1	10075	13345	17860	22971	8636	10485	14016	17208	5486	6682	9160	11405
0:36:50	30.1	10384	13479	17843	23195	8623	10499	14101	17223	5529	6708	9176	11352
0:36:55	30.1	10253	13347	17741	23005	8649	10691	14050	17085	5478	6719	9066	11333
0:37:00	30.1	10194	13434	17639	22941	8628	10367	14082	17448	5551	6677	9107	11425
0:37:05	30.1	10268	13300	17769	23033	8600	10561	14052	17135	5509	6769	9283	11446
0:37:10	30.1	10190	13238	17841	23244	8609	10479	13999	17353	5540	6737	9079	11438
0:37:15	30.1	10265	13366	17849	22984	8631	10533	14015	17127	5468	6753	9167	11256
0:37:20	30.1	10270	13310	17652	23180	8588	10582	13896	17130	5493	6723	9097	11350
0:37:25	30.1	10245	13228	17963	23043	8543	10426	14004	17227	5494	6764	9116	11468
0:37:30	30.1	10318	13400	17716	23233	8487	10484	14088	17312	5486	6678	9156	11421
0:37:35	30.1	10191	13272	17964	22896	8616	10720	13959	17352	5475	6665	9165	11335
0:37:40	30.1	10250	13376	17853	22783	8634	10597	13914	17154	5562	6774	9163	11402
0:37:45	30.1	10138	13450	17853	23122	8581	10515	13979	17089	5479	6708	9105	11356
0:37:50	30.1	10305	13379	17746	22930	8582	10498	14107	17287	5456	6745	9060	11337
0:37:55	30.1	10224	13272	17699	23006	8679	10492	13980	17155	5519	6760	8981	11449
0:38:00	30.1	10279	13418	17790	23033	8574	10516	14014	17200	5488	6696	9127	11360
0:38:05	30.1	10245	13372	17766	22999	8583	10549	13975	17340	5633	6719	9171	11468
0:38:10	30.1	10323	13305	17829	23108	8570	10549	13857	17047	5505	6592	9046	11317
0:38:15	30.1	10182	13275	17654	22994	8606	10606	13861	17201	5474	6675	9150	11399
0:38:20	30.1	10231	13437	17763	22957	8548	10493	14059	17203	5494	6745	9104	11468
0:38:25	30.1	10266	13300	17758	23089	8569	10594	13965	17062	5555	6772	9107	11332
0:38:30	30.1	10287	13108	17758	22997	8577	10495	14090	17104	5557	6652	9051	11374
0:38:35	30.1	10260	13337	17774	23201	8681	10506	13975	17162	5524	6657	9158	11318
0:38:40	30.1	10238	13433	17735	23133	8594	10551	14110	17231	5507	6756	9123	11333
0:38:45	30.1	10217	13377	17702	23060	8611	10594	13922	17235	5521	6709	9114	11311
0:38:50	30.1	10188	13283	17718	22780	8612	10465	14089	17060	5525	6682	9166	11490
0:38:55	30.1	10301	13402	17758	23069	8577	10466	13955	17306	5539	6638	8998	11282
0:39:00	30.1	10119	13354	17601	23388	8624	10593	14027	17092	5463	6637	9150	11382
0:39:05	30.1	10182	13267	17742	22963	8674	10463	13990	17041	5463	6584	9162	11470
0:39:10	30.1	10285	13401	17813	22907	8669	10587	14126	17212	5414	6666	9143	11425
0:39:15	30.1	10336	13324	17748	23212	8533	10562	13865	17162	5507	6757	9020	11311
0:39:20	30.1	10151	13303	17516	22885	8625	10545	13953	17056	5490	6779	9074	11392
0:39:25	30.1	10164	13405	17756	23067	8532	10530	13976	17210	5509	6685	9188	11350
0:39:30	30.1	10217	13327	17556	22984	8574	10525	14046	17144	5540	6681	9154	11354
0:39:35	30.1	10191	13320	17787	23135	8511	10542	14059	17015	5606	6706	9090	11322
0:39:40	30.1	10169	13308	17835	22879	8658	10503	13934	17118	5506	6594	8973	11321
0:39:45	30.1	10213	13471	17696	22766	8606	10428	14001	17273	5494	6671	9154	11388
0:39:50	30.1	10167	13340	17901	22959	8671	10489	13903	17128	5503	6643	9149	11372
0:39:55	30.1	10175	13361	17860	23044	8494	10472	13925	17080	5548	6627	9127	11515
0:40:00	30.1	10207	13194	17695	22810	8704	10438	13952	17055	5526	6593	9097	11260
0:40:05	30.1	10179	13384	17650	22719	8536	10586	13911	17111	5585	6694	8973	11311
0:40:10	30.1	10279	13181	17606	23201	8613	10461	13776	17053	5435	6691	9039	11351
0:40:15	30.1	10064	13186	17753	22935	8496	10642	13947	17320	5503	6662	9187	11385
0:40:20	30.1	10167	13287	17612	23211	8507	10425	13931	17204	5512	6716	9092	11226
0:40:25	30.1	10164	13278	17644	23101	8474	10463	14116	17059	5482	6564	9120	11339
0:40:30	30.1	10084	13227	17708	22704	8492	10443	13917	17149	5493	6661	9130	11351
0:40:35	30.1	10108	13347	17647	23032	8561	10399	13899	17158	5480	6741	9162	11401
0:40:40	30.1	10337	13199	17546	23011	8531	10493	13942	17262	5450	6710	9212	11441
0:40:45	30.1	10236	13118	17712	22809	8501	10409	13889	17031	5423	6724	8991	11356
0:40:50	30.1	10196	13231	17597	22744	8512	10585	13987	17169	5516	6703	9045	11301
0:40:55	30.1	10133	13405	17566	22748	8460	10396	13993	16971	5437	6676	8971	11274
0:41:00	30.1	10285	13090	17671	22906	8468	10461	14060	17258	5483	6604	9111	11398
0:41:05	30.1	10281	13182	17619	22929	8488	10381	13926	17054	5477	6685	9058	11209
0:41:10	30.1	10159	13288	17699	22658	8627	10453	14003	17051	5428	6729	8958	11357
0:41:15	30.1	10149	13148	17583	22884	8483	10371	13884	16977	5487	6655	9272	11448
0:41:20	30.1	10126	13343	17616	23089	8590	10451	13838	17044	5541	6697	8987	11284
0:41:25	30.1	10212	13310	17812	22888	8557	10546	13857	17144	5520	6612	9078	11472
0:41:30	30.1	10239	13266	17774	22831	8522	10528	13986	17133	5440	6591	8994	11330
0:41:35	30.1	10245	13259	17632	22962	8532	10443	13824	16928	5442	6638	9041	11213
0:41:40	30.1	10224	13292	17597	22942	8463	10465	14028	17108	5395	6654	8985	11280
0:41:45	30.1	10194	13284	17779	22846	8512	10494	13847	16913	5485	6819	9021	11320
0:41:50	30.1	10151	13187	17809	22843	8484	10525	13891	17136	5459	6622	9067	11444
0:41:55	30.1	10191	13274	17651	22927	8506	10368	13977	17054	5495	6670	9088	11434
0:42:00	30.1	10211	13317	17672	23051	8475	10301	14000	17085	5444	6663	9064	11206
0:42:05	30.1	10161	13288	17662	22892	8525	10515	13831	17112	5528	6581	8990	11302
0:42:10	30.1	10265	13276	17528	22897	8486	10520	13983	17091	5482	6762	8997	11248
0:42:15	30.1	10152	13188	17427	22913	8468	10462	13929	17021	5463	6632	9086	11404
0:42:20	30.1	10179	13281	17686	22856	8527	10452	13917	16802	5497	6664	8950	11224
0:42:25	30.1	10181	13257	17615	23132	8371	10355	14110	16995	5546	6710	8984	11424
0:42:30	30.1	10144	13319	17642	23103	8488	10533	13887	16871	5506	6592	9077	11287
0:42:35	30.1	10216	13395	17771	22931	8592	10362	13772	17074	5396	6608	9034	11331
0:42:40	30.1	10284	13305	17525	22652	8455	10416	13742	17062	5468	6603	8988	11331
0:42:45	30.1	10056	13267	17549	22892	8535	10408	13801	17017	5482	6730	9047	11288
0:42:50	30.1	10184	13245	17552	23213	8517	10383	13830	17068	5492	6607	9154	11399
0:42:55	30.1	10136	13376	17827	22820	8523	10454	13829	17139	5510	6612	9055	11277
0:43:00	30.1	10216	13395	17654	22902	8511	10361	13821	17194	5456	6645	8993	11495
0:43:05	30.1	10061	13204	17557	22850	8434	10445	13966	16916	5493	6607	9129	11312
0:43:10	30.1	10171	13330	17690	22812	8584	10400	13967	17043	5424	6614	8999	11271
0:43:15	30.1	10093	13321	17798	22939	8528	10440	13927	17130	5384	6556	9065	11215
0:43:20	30.1	10134	13303	17619	22756	8563	10337	13917	16959	5434	6693	8986	11183
0:43:25	30.1	10131	13246	17741	22915	8456	10250	13805	16930	5492	6690	8980	11176
0:43:30	30.1	10206	13266	17595	23002	8558	10445	13803	17008	5487	6685	9006	11320
0:43:35	30.1	10067	13155	17637	23040	8616	10452	13886	16975	5485	6594	8911	11379
0:43:40	30.1	10079	13204	17500	23223	8525	10355	13738	17033	5427	6650	9019	11332
0:43:45	30.1	10119	13161	17566	23015	8423	10497	13815	17066	5475	6590	9053	11203
0:43:50	30.1	10071	13371	17509	22856	8451	10447	13744	16882	5497	6745	9076	11370
0:43:55	30.1	10263	13244	17618	22790	8466	10372	13852	17031	5454	6658	9042	11309
0:44:00	30.1	10243	13341	17517	22747	8532	10483	13897	16959	5478	6648	8914	11253
0:44:05	30.1	10035	13177	17614	22966	8511	10341	13837	16985	5390	6661	9156	11323
0:44:10	30.1	10314	13192	17660	22735	8352	10230	13880	16985	5451	6553	8930	11108
0:44:15	30.1	10211	13291	17487	22946	8599	10460	13855	17080	5458	6630	9019	11260
0:44:20	30.1	10267	13227	17656	22691	8468	10564	13929	16938	5390	6631	8912	11220
0:44:25	30.1	10161	13198	17726	22852	8577	10467	14050	16815	5527	6686	8954	11233
0:44:30	30.1	10323	13294	17831	22758	8514	10467	13784	16992	5430	6739	9012	11276
0:44:35	30.1	10121	13159	17745	22788	8424	10473	13921	16858	5473	6661	9031	11345
0:44:40	30.1	10217	13260	17498	22949	8569	10409	13710	16913	5467	6632	9053	11160
0:44:45	30.1	10063	13297	17389	23080	8426	10395	13801	16852	5511	6586	9049	11248
0:44:50	30.1	10167	13115	17515	22750	8509	10363	13764	16976	5432	6596	8995	11172
0:44:55	30.1	10183	13209	17821	22722	8479	10499	13782	16899	5438	6538	8938	11176
0:45:00	30.1	10097	13134	17600	22810	8464	10306	13819	16797	5464	6544	9033	11362

Results
	1	2	3	4	5	6	7	8	9	10	11	12
A	-5016000.000	-5592000.000	-7956000.000	-8088000.000	-3708000.000	-5424000.000	-5484000.000	-7164000.000	-2532000.000	-4056000.000	-5064000.000	-3876000.000	Max V [295,335]
	1.000	1.000	1.000	1.000	1.000	1.000	1.000	1.000	1.000	1.000	1.000	1.000	R-Squared [295,335]
	0:00:28	0:01:38	0:00:03	0:00:13	0:00:08	0:00:13	0:01:23	0:00:08	0:00:18	0:01:03	0:03:48	0:06:28	t at Max V [295,335]
	0:00:20	0:01:18	0:00:00	0:00:08	0:00:06	0:00:11	0:01:06	0:00:04	0:00:10	0:00:48	0:03:13	0:05:19	Lagtime [295,335]
B													Max V [295,335]
													R-Squared [295,335]
													t at Max V [295,335]
													Lagtime [295,335]
C													Max V [295,335]
													R-Squared [295,335]
													t at Max V [295,335]
													Lagtime [295,335]
D													Max V [295,335]
													R-Squared [295,335]
													t at Max V [295,335]
													Lagtime [295,335]
E													Max V [295,335]
													R-Squared [295,335]
													t at Max V [295,335]
													Lagtime [295,335]
F													Max V [295,335]
													R-Squared [295,335]
													t at Max V [295,335]
													Lagtime [295,335]
G													Max V [295,335]
													R-Squared [295,335]
													t at Max V [295,335]
													Lagtime [295,335]
H													Max V [295,335]
													R-Squared [295,335]
													t at Max V [295,335]
													Lagtime [295,335]

