

Software Version	3.03.14

Procedure Details

Plate Type	96 WELL PLATE
Set Temperature	Setpoint 30°C
	Preheat before moving to next step
Start Kinetic	Runtime 0:45:00 (HH:MM:SS), Interval 0:00:05, 541 Reads
    Read	Fluorescence Endpoint
	A1..A12
	Filter Set 1
	    Excitation: 295,  Emission: 335
	    Optics: Top,  Gain: 67
	Light Source: Xenon Flash,  Lamp Energy: High
	Read Speed: Normal,  Delay: 0 msec,  Measurements/Data Point: 5
	Read Height: 8 mm
End Kinetic	

Layout
	1	2	3	4	5	6	7	8	9	10	11	12
A	SPL1	SPL2	SPL3	SPL4	SPL5	SPL6	SPL7	SPL8	SPL9	SPL10	SPL11	SPL12	Well ID
B													Well ID
C													Well ID
D													Well ID
E													Well ID
F													Well ID
G													Well ID
H													Well ID

295,335

Time	T° 295,335	A1	A2	A3	A4	A5	A6	A7	A8	A9	A10	A11	A12
0:00:00	30.1	418	1121	2128	3658	6180	9836	12117	14765	17056	21245	24975	28583
0:00:05	30.1	411	1115	2125	3643	6187	9901	11986	14856	17037	21701	25195	28786
0:00:10	30.0	399	1132	2123	3631	6285	9852	12054	14900	17136	21356	25328	28540
0:00:15	30.1	405	1129	2136	3607	6256	9874	12154	14893	17245	21462	25125	28553
0:00:20	30.1	414	1105	2108	3644	6229	9844	12097	14646	17250	21334	25412	28715
0:00:25	30.1	396	1090	2095	3603	6247	9901	12028	14966	17136	21251	25017	28560
0:00:30	30.1	404	1100	2121	3639	6171	9994	12026	14816	17096	21440	24948	28522
0:00:35	30.1	390	1094	2072	3550	6140	9817	12000	14908	17115	21275	24902	28510
0:00:40	30.0	403	1064	2031	3554	6069	9801	11984	14781	17029	21298	24840	28639
0:00:45	30.1	394	1073	2033	3562	6166	9853	12030	14598	17161	21196	24974	28709
0:00:50	30.0	390	1084	2064	3574	6101	9837	11890	14734	16977	21180	24861	28469
0:00:55	30.1	391	1066	2049	3573	6073	9776	11910	14822	16985	21051	25141	28533
0:01:00	30.1	385	1069	2029	3500	6026	9683	11820	14624	16825	21215	24843	28326
0:01:05	30.1	379	1054	2027	3520	6127	9626	12005	14616	16783	21228	24928	28128
0:01:10	30.1	381	1048	2010	3498	6029	9680	11803	14545	17024	21236	24589	28444
0:01:15	30.1	371	1037	2004	3486	6002	9632	11923	14467	16921	21243	24773	28291
0:01:20	30.1	365	1032	1985	3518	6049	9687	11706	14560	16832	21060	24528	28196
0:01:25	30.0	369	1022	1994	3436	6012	9659	11813	14681	16789	20962	24769	28286
0:01:30	30.0	370	1026	1968	3430	5985	9556	11821	14585	16902	21170	24636	28277
0:01:35	30.1	379	988	1944	3460	5904	9599	11682	14482	16878	20893	24532	28419
0:01:40	30.1	364	1017	1951	3415	5993	9450	11648	14270	16700	20814	24787	28224
0:01:45	30.1	362	1008	1919	3428	5880	9529	11750	14391	16810	21115	24624	28208
0:01:50	30.1	357	995	1920	3389	5936	9458	11679	14305	16698	20813	24699	28363
0:01:55	30.1	350	998	1889	3368	5900	9534	11640	14418	16616	20964	24368	28363
0:02:00	30.1	357	996	1922	3341	5945	9422	11646	14374	16571	20862	24643	28093
0:02:05	30.1	351	983	1905	3350	5895	9414	11689	14283	16662	20801	24569	27725
0:02:10	30.0	351	954	1903	3378	5855	9413	11534	14399	16627	20831	24348	27944
0:02:15	30.1	349	983	1893	3352	5845	9367	11609	14149	16562	20734	24441	28288
0:02:20	30.1	342	969	1876	3300	5853	9323	11423	14311	16501	20648	24267	28046
0:02:25	30.1	348	977	1873	3311	5795	9404	11343	14189	16504	20712	24371	27661
0:02:30	30.1	348	948	1882	3311	5869	9389	11402	14239	16542	20649	24346	28211
0:02:35	30.1	334	958	1839	3234	5763	9369	11479	14097	16401	20644	24393	27750
0:02:40	30.1	343	958	1873	3300	5755	9308	11479	14295	16489	20761	24289	28064
0:02:45	30.1	335	954	1846	3239	5720	9325	11463	14101	16349	20599	24183	27790
0:02:50	30.1	315	943	1811	3272	5652	9294	11313	14114	16434	20669	24195	27387
0:02:55	30.0	327	942	1846	3243	5669	9294	11421	14112	16433	20471	24103	27463
0:03:00	30.1	327	940	1840	3271	5634	9320	11346	14074	16500	20443	24106	27569
0:03:05	30.1	324	911	1846	3210	5658	9247	11346	14189	16173	20368	24319	27684
0:03:10	30.0	314	934	1814	3214	5631	9142	11346	14073	16294	20347	24131	27432
0:03:15	30.0	323	928	1812	3183	5628	9194	11358	14016	16342	20384	23994	27804
0:03:20	30.0	332	915	1795	3181	5677	9202	11439	13871	16177	20599	24105	27638
0:03:25	30.0	317	904	1770	3166	5585	9245	11242	13905	16254	20419	23862	27722
0:03:30	30.0	317	921	1793	3151	5672	9107	11327	13988	16191	20471	24025	27570
0:03:35	30.0	323	912	1751	3194	5569	9144	11274	13868	16124	20291	24074	27595
0:03:40	30.0	323	883	1747	3194	5635	9109	11099	13941	16167	20334	23830	27285
0:03:45	30.0	324	912	1739	3185	5548	9121	11294	13844	16075	20285	23920	27513
0:03:50	30.0	321	878	1751	3158	5521	9072	11223	13910	16173	20092	24152	27554
0:03:55	30.0	313	893	1714	3122	5415	9079	11265	13974	16058	20139	23926	27466
0:04:00	30.0	300	897	1752	3090	5540	9030	11209	13831	15969	20182	23924	27509
0:04:05	30.0	309	886	1740	3105	5550	9105	11120	13765	16029	20204	23856	27533
0:04:10	30.0	305	889	1714	3080	5504	9071	11182	13834	16097	20186	23726	27300
0:04:15	30.0	306	870	1725	3156	5491	8961	11115	13807	16023	20056	23764	27194
0:04:20	30.0	317	880	1694	3102	5465	9040	11046	13765	15942	20275	23787	27067
0:04:25	30.0	301	870	1712	3079	5452	8987	10967	13816	16063	20051	23607	27273
0:04:30	30.0	295	879	1691	3072	5504	8877	11105	13753	15892	20159	23496	27347
0:04:35	30.0	311	857	1709	3060	5441	8998	11055	13648	15672	20011	23458	27533
0:04:40	30.0	294	853	1707	3046	5426	8950	11090	13607	15833	20110	23709	27451
0:04:45	30.0	307	847	1670	3050	5373	8902	10952	13658	15966	20128	23907	27366
0:04:50	30.0	298	861	1676	3038	5421	8947	11011	13803	15894	20281	23662	27391
0:04:55	30.0	292	836	1678	3000	5387	8875	10968	13583	15827	19921	23662	27385
0:05:00	30.0	300	826	1665	3021	5379	8923	10926	13548	15836	20057	23688	27060
0:05:05	30.0	292	825	1657	3050	5442	8861	10864	13554	15807	19906	23266	26562
0:05:10	30.0	285	839	1675	2995	5347	8846	10892	13514	15733	19960	23357	26525
0:05:15	30.0	306	847	1651	2967	5334	8850	10933	13721	15976	19769	23438	26774
0:05:20	30.0	291	846	1636	3040	5374	8903	10797	13597	15852	19808	23516	26571
0:05:25	30.0	290	824	1643	2965	5282	8777	10845	13616	15758	19826	23529	26701
0:05:30	30.0	287	832	1627	2996	5295	8690	10966	13485	15718	19999	23517	26806
0:05:35	30.0	294	822	1667	2944	5334	8686	10929	13545	15810	19901	23617	26893
0:05:40	30.0	289	834	1610	2984	5294	8748	10848	13479	15687	19636	23706	26754
0:05:45	30.0	285	831	1627	2915	5301	8793	10908	13544	15732	19636	23239	26985
0:05:50	30.0	289	816	1614	2941	5290	8765	10749	13594	15576	19538	23295	26760
0:05:55	30.0	280	816	1623	2931	5283	8732	10760	13433	15684	19717	23142	27074
0:06:00	30.0	291	815	1605	2967	5282	8734	10693	13496	15707	19702	23305	26888
0:06:05	30.0	286	807	1639	2928	5266	8662	10776	13388	15646	19692	23384	26761
0:06:10	30.0	283	814	1622	2938	5241	8620	10706	13299	15576	19963	23413	26558
0:06:15	30.0	289	814	1592	2897	5213	8649	10643	13365	15585	19690	23363	26576
0:06:20	30.0	287	822	1590	2903	5213	8649	10673	13349	15715	19706	23174	26699
0:06:25	30.0	272	833	1590	2888	5177	8666	10697	13477	15688	19763	23347	26429
0:06:30	30.0	293	810	1604	2895	5180	8635	10686	13249	15481	19532	22933	26441
0:06:35	30.0	283	795	1599	2890	5252	8582	10664	13283	15291	19525	23025	26348
0:06:40	30.0	288	805	1578	2895	5159	8712	10669	13274	15485	19577	22949	26267
0:06:45	30.0	270	802	1591	2850	5257	8517	10611	13257	15532	19320	23089	26278
0:06:50	30.0	282	777	1569	2891	5150	8625	10543	13255	15521	19492	23066	26367
0:06:55	30.0	279	780	1572	2903	5198	8555	10700	13305	15502	19665	23103	26391
0:07:00	30.1	277	793	1560	2828	5127	8609	10481	13211	15523	19374	23175	26739
0:07:05	30.0	276	770	1543	2829	5116	8628	10565	13308	15423	19644	22812	26663
0:07:10	30.0	284	772	1562	2875	5155	8583	10570	13217	15366	19534	22927	26732
0:07:15	30.0	272	790	1592	2827	5118	8482	10552	13263	15459	19687	22976	26638
0:07:20	30.1	267	776	1546	2830	5210	8449	10563	13105	15375	19492	22876	26667
0:07:25	30.0	277	794	1537	2832	5108	8441	10576	13205	15354	19344	23040	26757
0:07:30	30.0	272	769	1562	2839	5106	8521	10596	13142	15370	19459	22992	26404
0:07:35	30.0	270	788	1543	2815	5138	8469	10535	13057	15292	19166	23213	26372
0:07:40	30.1	266	774	1552	2823	5092	8452	10657	13176	15151	19462	23136	26418
0:07:45	30.1	266	778	1545	2769	5036	8505	10550	13063	15279	19119	22946	26416
0:07:50	30.1	271	773	1546	2786	5047	8485	10557	13023	15366	19467	23118	26587
0:07:55	30.1	266	774	1543	2816	5061	8401	10508	13021	15283	19124	22636	26469
0:08:00	30.1	263	749	1530	2845	5015	8402	10438	13093	15204	19166	22646	26407
0:08:05	30.1	268	757	1521	2776	5051	8429	10369	13035	15235	19457	22945	26361
0:08:10	30.1	264	756	1503	2819	4952	8431	10345	13044	15108	19440	22383	26378
0:08:15	30.1	279	753	1509	2787	5058	8437	10402	13005	15104	19420	22564	26354
0:08:20	30.0	274	754	1528	2772	5007	8298	10300	13026	15173	19123	22553	26402
0:08:25	30.1	260	763	1514	2766	5030	8259	10410	13003	15284	19293	22832	26473
0:08:30	30.1	260	763	1500	2764	4982	8370	10399	12891	15185	19174	22596	26377
0:08:35	30.1	280	775	1489	2751	5006	8290	10322	12802	15273	19057	22778	26337
0:08:40	30.1	265	760	1505	2780	4992	8297	10380	12981	15125	19249	22817	26191
0:08:45	30.1	269	754	1502	2721	5069	8391	10363	12926	15213	19167	22744	26051
0:08:50	30.0	259	769	1484	2754	4986	8318	10334	13086	15141	18859	22617	26219
0:08:55	30.1	267	760	1503	2745	5029	8299	10240	12854	15068	19204	22631	26200
0:09:00	30.1	260	750	1493	2752	4950	8229	10326	12874	14935	19187	22679	26618
0:09:05	30.0	273	756	1507	2741	5001	8244	10268	12883	15124	19220	22441	26407
0:09:10	30.1	272	728	1474	2701	5012	8295	10196	12937	14977	19147	22613	26141
0:09:15	30.1	271	743	1485	2726	5006	8300	10180	12949	15013	19043	22835	26211
0:09:20	30.1	251	756	1501	2699	4952	8283	10269	12791	14991	19266	22702	26046
0:09:25	30.1	264	737	1483	2748	4926	8176	10257	12839	15015	18928	22770	26186
0:09:30	30.1	266	765	1464	2727	4915	8201	10338	12719	14936	19034	22734	25942
0:09:35	30.0	269	727	1472	2725	4906	8224	10199	12863	15037	18837	22641	26245
0:09:40	30.1	267	759	1492	2681	4901	8156	10270	12861	14883	18867	22676	26152
0:09:45	30.1	258	740	1489	2691	4911	8169	10237	12840	14935	19151	22440	26216
0:09:50	30.1	248	744	1479	2697	4894	8187	10202	12743	14716	18921	22582	25875
0:09:55	30.0	265	737	1484	2690	4916	8155	10027	12908	14897	18881	22622	26089
0:10:00	30.1	265	745	1479	2680	4930	8267	10134	12821	14857	18810	22663	26125
0:10:05	30.1	260	745	1482	2708	4870	8181	10145	12657	14819	18955	22556	25931
0:10:10	30.1	253	746	1452	2694	4869	8155	10101	12710	14823	18802	22630	26249
0:10:15	30.1	278	728	1473	2654	4870	8142	10164	12877	14910	18739	22595	26037
0:10:20	30.0	266	739	1457	2659	4830	8210	10224	12653	14803	18615	22600	26064
0:10:25	30.1	259	725	1472	2714	4933	8180	10113	12724	14931	18736	22406	25913
0:10:30	30.1	261	719	1472	2657	4845	8137	10175	12667	14819	18868	22520	25869
0:10:35	30.1	259	727	1466	2671	4829	8117	10021	12609	14815	18973	22499	26127
0:10:40	30.1	259	728	1446	2668	4839	8046	9900	12624	14878	18817	22645	26036
0:10:45	30.0	257	714	1472	2644	4869	8102	10100	12663	14852	19005	22455	25954
0:10:50	30.1	245	724	1447	2654	4790	8111	10059	12696	14748	18782	22460	26069
0:10:55	30.1	258	744	1441	2664	4858	8099	10214	12743	14737	18855	22377	25908
0:11:00	30.0	264	717	1448	2655	4770	8043	10150	12663	14641	18698	22417	25821
0:11:05	30.1	258	720	1457	2661	4866	8058	10141	12601	14576	18582	22255	25971
0:11:10	30.1	261	731	1451	2650	4821	7955	10109	12625	14705	18777	22391	25865
0:11:15	30.1	258	713	1445	2620	4758	8056	10094	12663	14739	18760	22237	25880
0:11:20	30.1	264	719	1420	2632	4773	8055	10041	12639	14626	18957	22223	25901
0:11:25	30.1	257	720	1434	2649	4773	8057	10021	12659	14953	18793	22220	25920
0:11:30	30.0	258	725	1423	2638	4769	8075	10037	12649	14796	18666	22503	25567
0:11:35	30.1	254	723	1425	2640	4824	8022	9976	12538	14606	18899	22427	25708
0:11:40	30.1	258	714	1432	2620	4817	8009	9977	12552	14596	18630	22476	25975
0:11:45	30.1	257	717	1440	2637	4774	8066	9886	12613	14707	18760	22571	25692
0:11:50	30.0	261	725	1455	2613	4740	8086	9929	12473	14669	18683	22322	25757
0:11:55	30.1	254	732	1422	2649	4710	8016	10046	12464	14587	18883	22193	25736
0:12:00	30.1	252	722	1407	2649	4759	7977	10061	12460	14656	18609	22285	25651
0:12:05	30.1	251	728	1399	2598	4754	8003	10034	12512	14638	18856	22312	25753
0:12:10	30.0	260	720	1428	2632	4780	7915	10025	12492	14629	18444	22338	25771
0:12:15	30.1	258	716	1429	2583	4715	7849	10063	12511	14730	18688	22089	25700
0:12:20	30.1	260	726	1420	2616	4739	8053	9912	12437	14559	18586	22071	25619
0:12:25	30.1	258	712	1444	2601	4720	7945	9886	12518	14654	18529	22148	25699
0:12:30	30.1	260	714	1416	2615	4710	7992	9985	12517	14453	18516	22113	25936
0:12:35	30.0	261	712	1401	2616	4713	7941	9966	12288	14479	18648	22111	25724
0:12:40	30.1	253	706	1416	2631	4694	7913	9928	12510	14667	18553	22009	25823
0:12:45	30.1	258	708	1400	2592	4696	7888	9890	12344	14640	18598	22171	25590
0:12:50	30.1	257	714	1415	2612	4673	7985	9817	12512	14524	18606	22025	25625
0:12:55	30.0	243	720	1432	2581	4753	7924	9998	12509	14579	18603	22185	25634
0:13:00	30.1	255	723	1423	2615	4679	7899	9950	12397	14572	18610	21973	25614
0:13:05	30.1	257	723	1428	2582	4713	7908	9827	12397	14556	18531	22126	25520
0:13:10	30.1	250	709	1410	2612	4748	7896	9912	12253	14495	18712	21986	25527
0:13:15	30.1	256	720	1393	2563	4738	7900	9808	12467	14378	18827	21883	25624
0:13:20	30.1	263	732	1414	2572	4680	7949	9891	12428	14482	18573	22096	25316
0:13:25	30.1	256	721	1401	2584	4682	7897	9838	12415	14456	18502	22085	25446
0:13:30	30.1	253	708	1419	2547	4702	7809	9789	12308	14429	18487	21921	25440
0:13:35	30.1	252	717	1408	2602	4682	7856	9796	12470	14542	18391	21955	25492
0:13:40	30.0	252	695	1409	2587	4627	7852	9875	12441	14691	18460	22009	25385
0:13:45	30.1	253	726	1428	2607	4683	7955	9777	12348	14509	18410	22015	25418
0:13:50	30.1	247	712	1411	2562	4698	7871	9853	12467	14533	18511	21953	25308
0:13:55	30.1	250	708	1406	2544	4710	7852	9805	12250	14455	18514	22009	25414
0:14:00	30.1	254	699	1436	2556	4633	7879	9679	12322	14536	18442	21875	25414
0:14:05	30.0	257	708	1419	2554	4637	7777	9761	12399	14362	18532	22066	25437
0:14:10	30.1	250	695	1403	2557	4598	7834	9781	12375	14338	18509	21978	25326
0:14:15	30.1	252	732	1401	2549	4609	7888	9749	12323	14412	18367	21733	25348
0:14:20	30.1	258	711	1421	2559	4616	7927	9771	12230	14326	18313	21657	25348
0:14:25	30.0	245	697	1407	2549	4674	7869	9767	12307	14394	18523	21741	25418
0:14:30	30.1	251	704	1397	2539	4625	7766	9775	12330	14393	18221	22086	25356
0:14:35	30.1	250	713	1400	2560	4640	7846	9748	12280	14320	18189	21705	25204
0:14:40	30.1	257	706	1389	2558	4655	7735	9771	12324	14366	18246	21936	25208
0:14:45	30.1	251	702	1375	2555	4688	7834	9727	12408	14375	18380	21930	25343
0:14:50	30.0	260	707	1389	2526	4634	7793	9842	12221	14306	18529	22023	25414
0:14:55	30.1	256	721	1378	2578	4617	7837	9686	12238	14362	18306	21721	25138
0:15:00	30.1	269	705	1384	2536	4609	7833	9735	12213	14351	18094	21733	25050
0:15:05	30.1	260	713	1382	2535	4556	7794	9701	12214	14288	18313	21774	25370
0:15:10	30.0	252	704	1392	2556	4536	7774	9729	12242	14334	18224	21753	25166
0:15:15	30.1	253	707	1407	2550	4575	7745	9688	12208	14230	18172	21895	25279
0:15:20	30.1	248	707	1368	2576	4602	7786	9794	12217	14227	18346	21950	25038
0:15:25	30.1	244	689	1380	2548	4651	7726	9647	12197	14296	18142	21619	25271
0:15:30	30.1	250	691	1365	2534	4542	7705	9681	12202	14243	18258	21685	25269
0:15:35	30.0	245	689	1393	2514	4615	7779	9665	12039	14364	18199	21707	25025
0:15:40	30.1	258	699	1383	2520	4549	7679	9685	12179	14361	18220	21829	25248
0:15:45	30.1	250	708	1394	2531	4570	7739	9669	12170	14427	18275	21662	25250
0:15:50	30.1	254	705	1392	2534	4633	7695	9538	12071	14394	18153	21625	25120
0:15:55	30.1	243	682	1380	2514	4619	7650	9578	12128	14196	18421	21599	25208
0:16:00	30.0	250	707	1388	2533	4644	7731	9694	12205	14333	18116	21641	25109
0:16:05	30.1	260	709	1403	2533	4586	7803	9606	12098	14230	18240	21651	25094
0:16:10	30.1	249	681	1369	2506	4620	7690	9656	12100	14185	18069	21723	25079
0:16:15	30.1	254	703	1370	2527	4578	7697	9631	12206	14261	18356	21675	25196
0:16:20	30.0	254	707	1368	2517	4602	7754	9660	12109	14319	18089	21496	24844
0:16:25	30.1	249	700	1369	2516	4554	7714	9667	12048	14240	18185	21678	25175
0:16:30	30.1	251	708	1370	2501	4590	7791	9720	12087	14283	18077	21572	25091
0:16:35	30.1	251	678	1380	2522	4575	7745	9701	12011	14231	18343	21469	24989
0:16:40	30.1	246	696	1389	2547	4587	7640	9582	11971	14265	18277	21578	24786
0:16:45	30.1	243	712	1395	2495	4582	7643	9604	12055	14310	17974	21496	25008
0:16:50	30.0	256	682	1370	2508	4540	7798	9613	12137	14222	18063	21650	25038
0:16:55	30.1	255	706	1392	2506	4558	7588	9530	11958	14113	18075	21556	25026
0:17:00	30.1	257	700	1380	2526	4529	7675	9638	12185	14163	18060	21562	24896
0:17:05	30.0	254	691	1386	2462	4555	7618	9600	12194	14144	18216	21546	25034
0:17:10	30.1	254	698	1392	2482	4503	7656	9622	12073	14139	18159	21715	24965
0:17:15	30.1	252	700	1347	2529	4513	7686	9569	11993	14223	17877	21556	24785
0:17:20	30.1	249	715	1378	2510	4560	7671	9579	12049	14209	18101	21599	25016
0:17:25	30.1	249	693	1364	2477	4523	7619	9597	11890	14215	18026	21515	24855
0:17:30	30.1	250	706	1358	2507	4544	7588	9460	12019	14175	18051	21424	24924
0:17:35	30.1	248	689	1378	2487	4551	7600	9513	12087	14032	18041	21548	24982
0:17:40	30.0	257	699	1392	2499	4554	7610	9612	12081	14086	17969	21379	24610
0:17:45	30.1	249	685	1369	2503	4539	7640	9514	12028	14081	18121	21375	24951
0:17:50	30.1	247	708	1349	2513	4542	7727	9501	12046	14119	17843	21394	24868
0:17:55	30.0	251	687	1347	2515	4571	7691	9522	11854	14116	18013	21400	24979
0:18:00	30.1	248	689	1329	2508	4561	7658	9575	11992	14115	18194	21520	24840
0:18:05	30.1	246	688	1359	2464	4529	7640	9531	11953	14165	18059	21322	24785
0:18:10	30.1	247	692	1370	2479	4481	7648	9575	11940	14079	18039	21450	25002
0:18:15	30.1	259	699	1357	2484	4548	7647	9549	12030	14019	17862	21553	24813
0:18:20	30.1	251	712	1371	2490	4531	7601	9514	12116	14084	18073	21468	24777
0:18:25	30.0	251	694	1357	2464	4562	7587	9463	11967	14068	17877	21426	24728
0:18:30	30.1	253	692	1336	2481	4514	7669	9413	11987	13953	17864	21504	24862
0:18:35	30.1	250	674	1337	2466	4442	7519	9475	11923	14061	18020	21507	24705
0:18:40	30.0	257	695	1352	2503	4495	7573	9529	11971	14020	17943	21400	24853
0:18:45	30.1	242	680	1362	2489	4492	7584	9479	11925	14214	17916	21382	24860
0:18:50	30.1	263	690	1353	2458	4493	7590	9523	11838	13933	18033	21436	24496
0:18:55	30.1	245	690	1366	2487	4500	7621	9470	11996	14006	17848	21262	24584
0:19:00	30.1	242	684	1360	2470	4507	7589	9460	11900	14000	17874	21403	24904
0:19:05	30.1	247	698	1377	2489	4491	7634	9378	12046	14001	17957	21423	24893
0:19:10	30.0	244	687	1338	2483	4531	7592	9511	11932	14062	18019	21485	24855
0:19:15	30.0	257	688	1345	2442	4493	7614	9458	12042	14041	17914	21265	24751
0:19:20	30.1	238	676	1354	2482	4431	7574	9540	11905	13971	17822	21221	24617
0:19:25	30.0	236	685	1327	2470	4462	7633	9514	11896	14015	17738	21366	24917
0:19:30	30.1	248	691	1379	2447	4521	7596	9525	11963	13943	17815	21384	24461
0:19:35	30.1	251	691	1347	2453	4515	7478	9375	11957	13873	17814	21233	24730
0:19:40	30.1	245	692	1340	2458	4473	7575	9447	11863	14014	17910	21439	24605
0:19:45	30.1	255	688	1348	2484	4492	7590	9403	11816	14057	17798	21296	24613
0:19:50	30.1	239	684	1356	2467	4491	7513	9311	11839	13860	17801	21326	24627
0:19:55	30.1	243	701	1365	2475	4474	7547	9377	11945	13987	17687	21182	24529
0:20:00	30.1	249	708	1344	2470	4461	7500	9451	11895	13964	17918	21260	24636
0:20:05	30.0	252	685	1356	2427	4518	7560	9302	11875	13798	17732	21252	24699
0:20:10	30.1	254	689	1366	2479	4445	7445	9431	11783	13954	17868	21149	24471
0:20:15	30.1	240	682	1338	2487	4514	7602	9394	11813	13969	17847	21200	24609
0:20:20	30.1	240	671	1327	2444	4453	7503	9435	11878	13850	17858	21129	24656
0:20:25	30.1	248	698	1355	2466	4472	7575	9384	11729	13828	17861	21126	24759
0:20:30	30.1	248	681	1339	2430	4482	7545	9458	11860	14025	17861	21136	24600
0:20:35	30.1	250	691	1340	2411	4450	7503	9404	11928	14025	17761	21226	24861
0:20:40	30.1	253	686	1361	2457	4452	7526	9312	11922	13822	17765	21151	24652
0:20:45	30.1	256	674	1360	2473	4417	7531	9357	11875	13938	17739	21211	24325
0:20:50	30.1	242	680	1343	2449	4478	7500	9352	11757	13726	17730	21016	24535
0:20:55	30.0	244	682	1363	2449	4496	7509	9349	11833	13803	17761	20983	24437
0:21:00	30.0	243	668	1326	2446	4499	7429	9452	11792	13840	17750	20989	24636
0:21:05	30.1	252	686	1345	2467	4540	7469	9416	11878	13963	17797	21069	24737
0:21:10	30.1	257	682	1340	2439	4459	7460	9307	11739	13858	17820	21141	24665
0:21:15	30.1	245	703	1341	2417	4458	7499	9426	11893	13759	17739	21089	24480
0:21:20	30.1	247	682	1336	2461	4488	7539	9364	11825	13870	17761	21057	24647
0:21:25	30.1	248	678	1326	2459	4494	7441	9347	11758	13786	17636	20971	24502
0:21:30	30.1	244	681	1355	2450	4436	7484	9343	11786	13870	17746	21075	24504
0:21:35	30.1	254	681	1379	2412	4440	7444	9327	11765	13822	17656	21142	24478
0:21:40	30.0	252	680	1352	2459	4481	7449	9283	11713	13843	17825	21068	24421
0:21:45	30.0	247	673	1348	2454	4414	7388	9273	11729	13900	17689	21275	24439
0:21:50	30.1	259	678	1343	2440	4451	7531	9290	11796	13766	17822	21105	24319
0:21:55	30.1	243	690	1346	2440	4447	7415	9270	11733	13895	17696	21079	24415
0:22:00	30.1	243	693	1361	2438	4406	7480	9298	11699	13912	17738	20990	24335
0:22:05	30.1	242	685	1364	2451	4404	7511	9407	11783	13933	17637	20968	24400
0:22:10	30.1	244	679	1332	2433	4420	7446	9256	11728	13794	17624	20867	24292
0:22:15	30.1	245	691	1336	2422	4457	7468	9365	11706	13748	17679	21004	24270
0:22:20	30.1	243	668	1307	2440	4409	7432	9318	11672	13771	17557	21066	24353
0:22:25	30.1	247	680	1352	2442	4441	7511	9328	11817	13822	17540	20979	24376
0:22:30	30.0	247	683	1332	2450	4500	7416	9358	11684	13716	17517	21136	24341
0:22:35	30.0	253	684	1365	2449	4436	7443	9389	11668	13753	17825	20926	24313
0:22:40	30.1	249	692	1344	2424	4391	7448	9243	11713	13727	17625	20878	24325
0:22:45	30.1	245	671	1329	2466	4430	7482	9211	11744	13706	17512	21137	24391
0:22:50	30.1	249	691	1333	2475	4466	7421	9277	11715	13708	17718	21061	24493
0:22:55	30.1	240	685	1336	2452	4472	7491	9177	11695	13749	17465	20881	24446
0:23:00	30.1	244	680	1352	2458	4449	7461	9208	11611	13757	17593	21029	24434
0:23:05	30.1	244	685	1346	2474	4446	7474	9333	11717	13729	17615	21027	24409
0:23:10	30.1	263	682	1327	2423	4416	7418	9386	11614	13580	17600	20980	24114
0:23:15	30.0	241	685	1358	2428	4396	7552	9413	11770	13805	17604	20764	24397
0:23:20	30.1	254	675	1348	2426	4453	7380	9379	11654	13797	17550	20956	24123
0:23:25	30.0	245	692	1319	2427	4392	7421	9317	11641	13632	17546	20927	24419
0:23:30	30.1	240	689	1336	2432	4418	7416	9296	11609	13655	17628	21117	24192
0:23:35	30.1	253	674	1343	2423	4384	7466	9163	11831	13695	17441	20898	24209
0:23:40	30.1	253	686	1342	2435	4380	7391	9283	11641	13727	17589	20954	24214
0:23:45	30.1	247	676	1331	2405	4462	7351	9320	11706	13767	17643	20779	24099
0:23:50	30.1	249	689	1347	2416	4383	7444	9277	11643	13717	17625	21084	24261
0:23:55	30.1	240	680	1335	2441	4374	7378	9289	11739	13880	17561	20809	24246
0:24:00	30.1	246	675	1335	2442	4377	7485	9180	11674	13640	17441	20875	24312
0:24:05	30.1	249	669	1314	2445	4365	7405	9373	11571	13702	17565	20810	24405
0:24:10	30.0	241	668	1333	2451	4406	7351	9168	11695	13751	17704	20890	24241
0:24:15	30.1	245	689	1368	2418	4363	7393	9158	11556	13627	17431	20948	24084
0:24:20	30.1	243	674	1351	2445	4403	7411	9358	11626	13694	17564	20962	24245
0:24:25	30.1	240	663	1350	2409	4392	7363	9210	11676	13613	17444	20941	24256
0:24:30	30.1	246	680	1332	2415	4440	7388	9167	11623	13638	17484	20980	24375
0:24:35	30.1	245	684	1341	2404	4358	7434	9223	11561	13567	17508	20841	24108
0:24:40	30.0	250	674	1351	2448	4356	7482	9216	11631	13536	17551	20815	24270
0:24:45	30.1	242	664	1356	2420	4369	7309	9266	11598	13679	17520	20841	23948
0:24:50	30.1	246	688	1316	2400	4376	7332	9288	11542	13635	17480	20770	24279
0:24:55	30.1	233	678	1336	2399	4350	7354	9215	11669	13726	17377	20783	24220
0:25:00	30.0	249	682	1329	2450	4386	7414	9248	11634	13701	17453	20892	24057
0:25:05	30.1	243	675	1344	2463	4424	7454	9144	11645	13743	17387	20805	23920
0:25:10	30.1	248	680	1323	2449	4367	7271	9280	11644	13652	17465	20889	24239
0:25:15	30.1	245	678	1332	2401	4372	7318	9176	11655	13581	17404	20983	24102
0:25:20	30.1	249	689	1334	2414	4412	7316	9307	11580	13606	17549	20706	23961
0:25:25	30.0	240	663	1345	2406	4387	7379	9248	11565	13625	17494	20733	24032
0:25:30	30.1	240	683	1318	2441	4335	7293	9105	11486	13672	17481	20718	24087
0:25:35	30.1	247	665	1338	2429	4341	7375	9090	11558	13670	17501	20660	24236
0:25:40	30.1	253	669	1322	2406	4369	7313	9234	11629	13654	17396	20794	24124
0:25:45	30.1	254	688	1330	2438	4383	7422	9201	11515	13543	17391	20772	24004
0:25:50	30.0	239	684	1348	2392	4408	7330	9215	11654	13496	17470	20707	23953
0:25:55	30.1	245	680	1322	2431	4377	7337	9198	11594	13469	17549	20875	24239
0:26:00	30.1	246	665	1317	2434	4390	7403	9182	11596	13621	17364	20760	24048
0:26:05	30.1	242	665	1325	2422	4399	7308	9197	11655	13530	17312	20840	24030
0:26:10	30.0	250	671	1341	2394	4378	7399	9142	11598	13541	17377	20936	24133
0:26:15	30.1	253	682	1329	2399	4330	7403	9193	11639	13616	17419	20402	24207
0:26:20	30.1	252	699	1344	2401	4308	7354	9200	11603	13614	17384	20709	24124
0:26:25	30.1	241	699	1330	2409	4307	7375	9196	11646	13583	17401	20553	23940
0:26:30	30.1	251	666	1335	2420	4365	7325	9220	11562	13623	17300	20638	23946
0:26:35	30.0	245	680	1320	2419	4388	7339	9164	11506	13679	17344	20832	23963
0:26:40	30.1	242	669	1313	2413	4386	7337	9175	11614	13699	17382	20836	24245
0:26:45	30.1	247	685	1356	2410	4395	7355	9200	11521	13576	17179	20818	23973
0:26:50	30.1	234	672	1319	2408	4357	7400	9178	11572	13434	17229	20502	23971
0:26:55	30.1	239	663	1317	2433	4417	7292	9131	11440	13601	17424	20692	24181
0:27:00	30.0	232	672	1315	2419	4376	7373	9181	11632	13633	17332	20611	23950
0:27:05	30.1	237	680	1328	2382	4383	7370	9223	11698	13606	17337	20729	23823
0:27:10	30.1	242	674	1347	2413	4386	7322	9142	11621	13576	17259	20740	23927
0:27:15	30.1	253	697	1346	2391	4360	7230	9178	11479	13509	17235	20795	23933
0:27:20	30.0	249	680	1305	2401	4367	7383	9096	11376	13572	17328	20684	24015
0:27:25	30.1	246	675	1314	2412	4383	7348	9137	11503	13493	17483	20698	23910
0:27:30	30.1	241	667	1321	2409	4358	7314	9208	11532	13456	17365	20814	23881
0:27:35	30.1	245	688	1327	2423	4325	7290	9101	11587	13622	17294	20511	24097
0:27:40	30.1	248	665	1325	2394	4329	7322	9146	11507	13594	17406	20531	23867
0:27:45	30.0	245	671	1324	2393	4323	7327	9014	11489	13365	17161	20650	24105
0:27:50	30.1	237	676	1347	2408	4331	7317	9150	11476	13419	17183	20614	24092
0:27:55	30.1	250	679	1331	2413	4348	7306	9164	11541	13534	17513	20775	23839
0:28:00	30.1	246	661	1315	2409	4352	7396	9123	11535	13514	17101	20502	23994
0:28:05	30.1	242	667	1300	2399	4360	7316	9078	11540	13519	17219	20545	23875
0:28:10	30.0	243	680	1328	2428	4340	7316	9118	11481	13632	17357	20430	23931
0:28:15	30.1	243	663	1300	2374	4362	7275	9072	11544	13353	17323	20532	23942
0:28:20	30.1	237	673	1339	2398	4340	7367	9122	11371	13572	17155	20558	23711
0:28:25	30.0	245	683	1296	2405	4309	7245	9070	11518	13538	17084	20671	23817
0:28:30	30.1	250	668	1313	2434	4337	7279	9074	11504	13413	17254	20525	23937
0:28:35	30.1	244	683	1309	2416	4305	7258	9116	11405	13407	17291	20565	23945
0:28:40	30.1	250	677	1337	2385	4367	7294	9114	11481	13480	17210	20488	23971
0:28:45	30.1	254	683	1319	2402	4358	7266	9053	11473	13379	17254	20539	23756
0:28:50	30.1	239	681	1330	2399	4344	7193	9096	11545	13445	17252	20540	23984
0:28:55	30.1	241	675	1330	2386	4353	7279	9048	11485	13460	17236	20619	23944
0:29:00	30.0	240	673	1315	2415	4334	7272	9091	11508	13502	17371	20637	23869
0:29:05	30.1	248	688	1345	2377	4325	7260	9080	11574	13448	17224	20542	23863
0:29:10	30.1	250	666	1318	2358	4321	7289	9139	11378	13503	17281	20376	23954
0:29:15	30.1	244	691	1311	2393	4314	7277	9177	11495	13493	17247	20487	23762
0:29:20	30.1	240	674	1320	2394	4326	7248	9011	11453	13536	17257	20561	23855
0:29:25	30.1	243	670	1348	2415	4361	7247	9088	11467	13453	17263	20694	23761
0:29:30	30.1	245	691	1323	2388	4357	7259	9030	11436	13509	17398	20566	23465
0:29:35	30.1	235	655	1322	2374	4308	7225	9143	11303	13488	17189	20422	23591
0:29:40	30.1	239	663	1329	2381	4270	7307	9032	11493	13467	17227	20409	23859
0:29:45	30.0	260	665	1328	2369	4355	7379	9024	11503	13477	17308	20444	23708
0:29:50	30.1	242	674	1350	2381	4279	7241	9045	11519	13526	17105	20345	23666
0:29:55	30.1	236	659	1344	2426	4314	7326	9101	11581	13395	17280	20387	23734
0:30:00	30.1	245	672	1317	2366	4390	7252	9029	11485	13385	17281	20503	23629
0:30:05	30.1	234	687	1291	2364	4345	7270	9100	11448	13493	17123	20413	23639
0:30:10	30.1	246	673	1321	2376	4317	7262	9098	11534	13419	17154	20314	23797
0:30:15	30.1	251	664	1297	2430	4363	7312	9047	11364	13436	17201	20489	23579
0:30:20	30.1	253	660	1321	2390	4332	7303	9118	11409	13449	17111	20507	23650
0:30:25	30.1	240	667	1321	2402	4304	7226	9073	11534	13480	17143	20375	23722
0:30:30	30.0	245	676	1312	2420	4311	7230	9082	11560	13466	17104	20388	23736
0:30:35	30.1	245	687	1306	2375	4309	7283	9093	11440	13480	17220	20490	23704
0:30:40	30.1	247	671	1303	2386	4313	7226	9016	11328	13446	17138	20356	23708
0:30:45	30.1	237	664	1324	2373	4329	7258	9050	11519	13512	17167	20309	23447
0:30:50	30.1	248	668	1291	2405	4362	7150	9114	11413	13283	16984	20383	23626
0:30:55	30.1	243	678	1320	2382	4346	7203	9109	11476	13407	17227	20512	23660
0:31:00	30.1	250	670	1330	2378	4311	7240	8973	11379	13428	17069	20458	23695
0:31:05	30.0	246	660	1321	2358	4320	7273	9024	11431	13483	17141	20526	23529
0:31:10	30.1	235	665	1321	2398	4368	7202	9102	11386	13377	17153	20392	23714
0:31:15	30.1	230	675	1324	2389	4339	7240	9050	11392	13368	17101	20418	23505
0:31:20	30.1	238	667	1323	2425	4294	7249	8995	11343	13353	16993	20471	23717
0:31:25	30.0	237	678	1331	2359	4317	7269	9087	11336	13427	17238	20405	23619
0:31:30	30.1	236	669	1339	2414	4331	7280	9020	11389	13359	17072	20277	23590
0:31:35	30.1	238	687	1336	2411	4305	7261	9004	11313	13477	17124	20376	23464
0:31:40	30.1	252	670	1331	2380	4313	7208	8946	11391	13439	17104	20236	23538
0:31:45	30.1	260	683	1319	2377	4313	7248	9018	11343	13436	17219	20473	23569
0:31:50	30.0	250	673	1291	2369	4301	7219	9056	11342	13353	17182	20525	23822
0:31:55	30.1	242	677	1321	2363	4303	7276	8968	11404	13242	17086	20385	23495
0:32:00	30.1	242	679	1288	2384	4341	7204	9024	11379	13305	17165	20252	23542
0:32:05	30.1	242	649	1305	2390	4333	7256	9061	11359	13350	17164	20440	23780
0:32:10	30.0	241	682	1287	2400	4274	7230	9061	11404	13375	17160	20420	23703
0:32:15	30.1	233	650	1334	2398	4326	7179	9009	11393	13327	16989	20575	23688
0:32:20	30.1	251	669	1323	2380	4253	7217	9003	11335	13551	17212	20407	23497
0:32:25	30.1	241	673	1293	2398	4305	7195	9154	11415	13553	16996	20386	23461
0:32:30	30.1	232	669	1311	2367	4239	7203	9027	11392	13285	17110	20306	23572
0:32:35	30.1	245	667	1318	2414	4316	7282	9014	11453	13401	17116	20437	23541
0:32:40	30.0	242	674	1310	2386	4334	7244	9044	11444	13547	17047	20385	23430
0:32:45	30.1	248	681	1311	2382	4333	7286	8922	11347	13271	17040	20259	23598
0:32:50	30.1	250	673	1326	2382	4330	7340	8978	11309	13411	17150	20504	23720
0:32:55	30.0	249	687	1315	2349	4250	7169	8972	11429	13465	17087	20447	23485
0:33:00	30.1	249	683	1300	2389	4361	7303	8974	11206	13359	17066	20508	23654
0:33:05	30.1	249	660	1318	2430	4344	7175	9008	11356	13273	17017	20458	23642
0:33:10	30.1	244	671	1315	2410	4298	7223	8994	11307	13216	17001	20376	23493
0:33:15	30.1	242	676	1302	2390	4300	7257	9084	11400	13420	17121	20327	23608
0:33:20	30.1	239	682	1309	2385	4274	7110	9046	11381	13378	17020	20347	23776
0:33:25	30.1	237	665	1309	2353	4308	7281	9044	11374	13268	17109	20374	23535
0:33:30	30.0	254	666	1323	2410	4314	7132	8978	11388	13341	17145	20369	23532
0:33:35	30.1	242	668	1317	2395	4290	7182	9060	11452	13392	17189	20432	23358
0:33:40	30.1	238	662	1298	2341	4320	7151	9046	11285	13270	17082	20278	23327
0:33:45	30.0	233	672	1320	2399	4304	7224	9093	11351	13328	17069	20307	23385
0:33:50	30.1	241	666	1303	2377	4266	7213	9041	11293	13372	17015	20266	23452
0:33:55	30.1	239	663	1306	2357	4293	7188	8978	11352	13253	17116	20327	23644
0:34:00	30.1	248	700	1324	2391	4280	7252	8964	11416	13356	17132	20302	23327
0:34:05	30.1	244	667	1322	2364	4319	7186	8963	11351	13427	16922	20366	23436
0:34:10	30.1	243	681	1301	2364	4315	7224	8998	11335	13252	16910	20356	23405
0:34:15	30.0	251	682	1315	2380	4256	7283	8946	11390	13304	17074	20359	23343
0:34:20	30.1	244	668	1307	2373	4304	7240	9007	11414	13324	17119	20226	23343
0:34:25	30.1	241	680	1311	2387	4293	7217	8982	11323	13341	16912	20234	23547
0:34:30	30.1	245	671	1324	2374	4321	7206	8990	11410	13287	16892	20503	23452
0:34:35	30.0	246	671	1314	2366	4288	7259	8989	11375	13270	17129	20164	23503
0:34:40	30.1	237	666	1296	2370	4270	7145	9000	11438	13415	16928	20222	23645
0:34:45	30.1	241	669	1297	2411	4273	7243	9032	11422	13298	17116	20362	23402
0:34:50	30.1	242	669	1294	2365	4292	7230	9037	11291	13240	17171	20271	23425
0:34:55	30.1	251	673	1298	2372	4302	7303	8943	11296	13326	17069	20336	23297
0:35:00	30.1	247	681	1309	2358	4309	7199	9028	11329	13342	17099	20203	23389
0:35:05	30.0	245	674	1333	2387	4272	7209	8892	11329	13335	16860	20252	23576
0:35:10	30.1	241	687	1313	2379	4302	7264	9032	11421	13339	17009	20242	23643
0:35:15	30.0	253	664	1310	2398	4313	7258	8926	11288	13343	17069	20385	23569
0:35:20	30.1	241	669	1315	2373	4292	7189	8944	11238	13337	17051	20310	23511
0:35:25	30.1	239	685	1305	2389	4286	7159	8962	11269	13255	16999	20211	23478
0:35:30	30.1	244	671	1319	2361	4337	7245	8893	11271	13237	16963	20209	23571
0:35:35	30.1	239	683	1316	2371	4290	7261	8926	11324	13356	16988	20286	23493
0:35:40	30.1	231	674	1323	2375	4254	7193	8968	11324	13340	16972	20269	23553
0:35:45	30.1	232	680	1318	2403	4317	7197	9014	11350	13360	17097	20370	23409
0:35:50	30.1	244	672	1312	2428	4287	7236	8926	11208	13300	17075	20233	23386
0:35:55	30.0	249	680	1296	2386	4289	7182	9062	11372	13211	16997	20223	23326
0:36:00	30.1	234	679	1298	2415	4303	7257	8913	11353	13356	16906	20284	23382
0:36:05	30.0	240	662	1322	2344	4283	7183	8970	11216	13365	16955	20157	23271
0:36:10	30.1	235	669	1317	2372	4253	7145	8913	11348	13295	16854	20299	23346
0:36:15	30.1	238	668	1305	2389	4256	7219	8904	11302	13247	16961	20318	23460
0:36:20	30.1	244	676	1304	2391	4313	7222	8868	11401	13355	17061	20133	23333
0:36:25	30.1	245	662	1302	2343	4295	7229	9011	11321	13193	16919	20315	23351
0:36:30	30.1	231	662	1310	2393	4281	7251	9012	11126	13268	17029	20210	23656
0:36:35	30.0	234	667	1303	2409	4305	7182	8935	11244	13167	16922	20133	23338
0:36:40	30.1	245	668	1334	2377	4286	7144	9071	11317	13225	17058	20169	23354
0:36:45	30.1	242	674	1304	2379	4306	7284	8948	11315	13311	16944	20087	23393
0:36:50	30.1	235	666	1305	2373	4258	7196	8946	11272	13253	16970	20220	23350
0:36:55	30.1	235	662	1305	2384	4289	7224	8983	11312	13282	16964	20217	23408
0:37:00	30.1	246	682	1316	2371	4275	7140	9036	11283	13228	17009	20157	23523
0:37:05	30.1	234	671	1323	2401	4309	7189	8921	11270	13260	17015	20218	23461
0:37:10	30.1	242	671	1311	2368	4303	7240	8922	11286	13328	17013	20294	23389
0:37:15	30.1	243	673	1336	2379	4276	7193	8875	11333	13217	16941	20126	23426
0:37:20	30.1	254	670	1324	2381	4303	7181	8941	11363	13181	16900	20352	23464
0:37:25	30.1	233	672	1308	2338	4288	7165	8974	11367	13255	17003	20281	23404
0:37:30	30.0	247	644	1301	2366	4275	7181	8943	11348	13235	16954	20096	23369
0:37:35	30.1	241	663	1316	2356	4275	7151	8963	11287	13347	16932	20200	23339
0:37:40	30.1	233	671	1299	2341	4230	7190	8918	11279	13287	16969	20169	23238
0:37:45	30.1	248	666	1321	2328	4261	7168	8946	11247	13230	17024	20066	23308
0:37:50	30.1	245	655	1295	2352	4258	7166	8963	11346	13178	16882	20106	23301
0:37:55	30.1	244	661	1320	2333	4250	7166	8863	11288	13227	16819	19977	23472
0:38:00	30.1	242	665	1305	2374	4294	7150	8897	11268	13272	16906	20141	23214
0:38:05	30.1	253	671	1305	2365	4305	7143	8982	11213	13210	16917	20123	23129
0:38:10	30.0	244	679	1306	2341	4287	7222	8933	11248	13351	16844	20259	23235
0:38:15	30.1	235	659	1302	2374	4313	7203	8929	11303	13271	16855	20059	23400
0:38:20	30.0	241	651	1297	2356	4286	7151	8900	11249	13245	16947	20319	23195
0:38:25	30.1	243	678	1280	2373	4307	7228	8926	11273	13228	16868	20200	23338
0:38:30	30.1	247	665	1307	2353	4234	7205	8905	11207	13257	16926	20145	23460
0:38:35	30.1	250	672	1335	2369	4249	7200	9022	11134	13158	16959	20152	23219
0:38:40	30.1	238	651	1297	2366	4274	7161	8992	11231	13119	16915	20156	23269
0:38:45	30.1	238	681	1291	2353	4296	7230	8905	11264	13199	16854	20153	23339
0:38:50	30.1	232	665	1310	2348	4328	7174	8939	11193	13149	16838	20192	23278
0:38:55	30.1	237	672	1318	2379	4308	7132	9005	11221	13255	16837	20078	23359
0:39:00	30.1	240	653	1305	2379	4247	7183	8884	11264	13281	16775	20205	23383
0:39:05	30.0	241	674	1292	2348	4294	7161	8955	11373	13179	17034	19920	23124
0:39:10	30.1	235	650	1317	2378	4307	7228	8927	11239	13104	16881	20075	23492
0:39:15	30.1	252	646	1314	2359	4257	7219	8831	11257	13250	16828	20103	23180
0:39:20	30.1	239	656	1280	2349	4272	7064	9018	11222	13231	16960	20185	23037
0:39:25	30.1	236	672	1283	2370	4277	7211	8921	11353	13121	17005	20148	23191
0:39:30	30.1	246	670	1296	2345	4256	7203	8955	11230	13237	16960	19982	23252
0:39:35	30.1	242	667	1275	2392	4263	7141	8841	11187	13224	16872	19946	22977
0:39:40	30.1	237	651	1307	2339	4284	7077	8967	11146	13089	16888	20063	23160
0:39:45	30.0	242	662	1284	2387	4234	7158	8906	11194	13277	16932	20195	23185
0:39:50	30.1	248	671	1322	2398	4270	7227	8892	11248	13157	16756	20080	23224
0:39:55	30.0	244	672	1308	2364	4233	7170	8877	11170	13116	16840	20078	23286
0:40:00	30.1	239	655	1299	2344	4227	7166	8933	11203	13093	16891	20078	23354
0:40:05	30.1	237	662	1284	2338	4259	7129	8938	11217	13186	16789	20062	23178
0:40:10	30.1	236	674	1300	2363	4270	7237	8973	11227	13168	16756	20028	23187
0:40:15	30.1	236	659	1295	2386	4226	7162	8879	11246	13170	16751	19980	23177
0:40:20	30.1	249	659	1296	2363	4317	7188	8836	11165	13250	16873	19937	23313
0:40:25	30.1	244	656	1313	2357	4272	7109	8932	11219	13107	16889	20017	23128
0:40:30	30.0	251	665	1291	2357	4223	7112	8931	11172	13116	16690	20011	23366
0:40:35	30.0	244	665	1293	2389	4260	7129	9041	11285	13147	16839	20020	23250
0:40:40	30.1	238	671	1294	2341	4256	7185	8971	11148	13278	16903	19995	23171
0:40:45	30.1	236	653	1290	2370	4288	7114	8889	11187	13081	16821	20105	23311
0:40:50	30.1	245	674	1292	2317	4269	7178	8943	11133	13107	16835	20059	23039
0:40:55	30.1	245	666	1317	2377	4269	7194	8882	11182	13159	16809	20023	23176
0:41:00	30.1	250	656	1317	2326	4243	7131	8926	11145	13233	16921	19852	22976
0:41:05	30.1	230	677	1308	2379	4254	7148	8964	11130	13182	16845	20009	23090
0:41:10	30.0	239	656	1309	2346	4249	7209	8899	11181	13147	16881	20083	23306
0:41:15	30.1	241	666	1286	2344	4289	7183	8915	11164	13154	16726	20010	23171
0:41:20	30.0	238	653	1322	2343	4276	7180	8919	11190	13199	16820	19983	23180
0:41:25	30.1	241	663	1294	2379	4284	7140	8892	11249	13207	16707	20025	23260
0:41:30	30.1	246	672	1300	2354	4217	7151	8865	11218	13165	16845	20025	23301
0:41:35	30.1	241	675	1317	2354	4219	7152	8846	11152	13187	16724	20059	23261
0:41:40	30.1	247	669	1311	2362	4220	7096	8877	11083	13260	16847	19997	23136
0:41:45	30.1	243	661	1306	2370	4211	7114	8793	11077	13217	16706	19974	23071
0:41:50	30.1	236	667	1309	2401	4267	7078	8865	11146	13073	16877	19928	22986
0:41:55	30.1	243	655	1303	2351	4244	7243	8823	11203	13178	16725	19757	23163
0:42:00	30.1	240	672	1267	2397	4269	7134	8908	11094	13133	16738	19892	23165
0:42:05	30.0	248	672	1294	2351	4227	7064	8892	11171	13224	16786	20037	23172
0:42:10	30.1	243	653	1299	2389	4239	7109	8938	11201	13155	16752	20025	22969
0:42:15	30.1	229	662	1331	2336	4249	7133	8833	11277	13109	16775	19886	23115
0:42:20	30.1	237	669	1280	2343	4258	7092	8918	11266	13145	16804	20017	22965
0:42:25	30.1	234	679	1304	2344	4181	7159	8939	11102	13187	16665	19791	23054
0:42:30	30.1	237	663	1298	2362	4223	7148	8826	11191	13088	16760	19862	23007
0:42:35	30.1	239	661	1313	2326	4293	7197	8916	11224	13128	16742	19981	23061
0:42:40	30.1	246	660	1284	2353	4227	7126	8798	11230	13213	16687	20024	23181
0:42:45	30.1	236	665	1295	2336	4184	7146	8836	11120	13094	16834	19961	23064
0:42:50	30.0	238	651	1305	2339	4256	7061	8919	11164	13135	16767	19977	22803
0:42:55	30.1	236	664	1297	2376	4247	7107	8859	11168	13228	16908	19962	23106
0:43:00	30.1	244	661	1286	2369	4251	7154	8971	11136	13050	16716	20146	22934
0:43:05	30.1	240	678	1287	2372	4259	7103	8910	11171	13026	16739	19969	23177
0:43:10	30.1	240	672	1304	2323	4233	7129	8823	11122	13042	16595	19979	22878
0:43:15	30.1	236	666	1295	2361	4227	7144	8925	11144	13112	16836	19892	22970
0:43:20	30.1	246	666	1296	2328	4199	7082	8846	11239	13121	16706	19936	23202
0:43:25	30.1	240	653	1301	2363	4232	7089	8835	11199	13140	16842	19893	22877
0:43:30	30.1	240	651	1304	2343	4268	7176	8937	11162	13230	16667	20008	23125
0:43:35	30.1	234	667	1268	2322	4247	7086	8887	11121	13099	16708	19907	23185
0:43:40	30.1	248	650	1296	2322	4223	7087	8893	11150	13231	16658	20077	23013
0:43:45	30.1	238	668	1288	2348	4255	7169	8833	11186	13165	16781	19826	22954
0:43:50	30.1	238	663	1294	2326	4202	7042	8820	11045	13028	16679	19895	22998
0:43:55	30.1	237	668	1322	2319	4197	7121	8798	11194	13030	16739	19841	22945
0:44:00	30.1	237	651	1302	2371	4187	7115	8796	11174	13148	16696	20014	22993
0:44:05	30.1	245	656	1306	2327	4250	7107	8860	11100	13048	16870	19900	22936
0:44:10	30.1	245	661	1294	2344	4225	7087	8846	11031	13025	16670	19860	22979
0:44:15	30.1	242	650	1280	2333	4261	7072	8774	11111	13180	16720	19788	22967
0:44:20	30.1	247	679	1294	2313	4251	7080	8859	11138	12961	16873	19738	23015
0:44:25	30.1	247	665	1298	2323	4195	7049	8747	11120	13057	16741	19792	23271
0:44:30	30.1	245	671	1291	2352	4199	7085	8844	11077	13079	16735	19953	22938
0:44:35	30.1	239	655	1267	2359	4200	7056	8853	11092	13078	16757	19754	22987
0:44:40	30.1	239	661	1284	2328	4212	7081	8926	11131	13201	16745	19913	22959
0:44:45	30.1	238	659	1293	2385	4267	7101	8757	11068	12975	16653	19848	23073
0:44:50	30.1	237	663	1311	2350	4209	7074	8881	11167	13085	16705	19888	22726
0:44:55	30.1	225	664	1308	2344	4255	7114	8748	11107	12986	16618	19904	23035
0:45:00	30.1	241	670	1305	2335	4261	7143	8808	11118	13021	16619	20042	22909

Results
	1	2	3	4	5	6	7	8	9	10	11	12
A	300000.000	-456000.000	-684000.000	-1068000.000	1500000.000	-2520000.000	-2628000.000	3840000.000	-3924000.000	5472000.000	-6744000.000	6600000.000	Max V [295,335]
	1.000	1.000	1.000	1.000	1.000	1.000	1.000	1.000	1.000	1.000	1.000	1.000	R-Squared [295,335]
	0:10:13	0:01:33	0:05:38	0:00:33	0:03:58	0:16:53	0:06:58	0:00:23	0:03:03	0:00:03	0:08:08	0:02:28	t at Max V [295,335]
	0:10:43	0:01:18	0:04:55	0:00:29	0:04:26	0:16:01	0:06:23	0:00:22	0:02:51	0:00:00	0:07:47	0:02:33	Lagtime [295,335]
B													Max V [295,335]
													R-Squared [295,335]
													t at Max V [295,335]
													Lagtime [295,335]
C													Max V [295,335]
													R-Squared [295,335]
													t at Max V [295,335]
													Lagtime [295,335]
D													Max V [295,335]
													R-Squared [295,335]
													t at Max V [295,335]
													Lagtime [295,335]
E													Max V [295,335]
													R-Squared [295,335]
													t at Max V [295,335]
													Lagtime [295,335]
F													Max V [295,335]
													R-Squared [295,335]
													t at Max V [295,335]
													Lagtime [295,335]
G													Max V [295,335]
													R-Squared [295,335]
													t at Max V [295,335]
													Lagtime [295,335]
H													Max V [295,335]
													R-Squared [295,335]
													t at Max V [295,335]
													Lagtime [295,335]

