

Software Version	3.03.14

Procedure Details

Plate Type	96 WELL PLATE
Set Temperature	Setpoint 30°C
	Preheat before moving to next step
Start Kinetic	Runtime 1:00:00 (HH:MM:SS), Interval 0:00:05, 721 Reads
    Read	Fluorescence Endpoint
	A1..A12
	Filter Set 1
	    Excitation: 295,  Emission: 335
	    Optics: Top,  Gain: 80
	Light Source: Xenon Flash,  Lamp Energy: High
	Read Speed: Normal,  Delay: 0 msec,  Measurements/Data Point: 5
	Read Height: 8 mm
End Kinetic	

Layout
	1	2	3	4	5	6	7	8	9	10	11	12
A	SPL1	SPL2	SPL3	SPL4	SPL5	SPL6	SPL7	SPL8	SPL9	SPL10	SPL11	SPL12	Well ID
B													Well ID
C													Well ID
D													Well ID
E													Well ID
F													Well ID
G													Well ID
H													Well ID

295,335

Time	T° 295,335	A1	A2	A3	A4	A5	A6	A7	A8	A9	A10	A11	A12
0:00:00	30.0	6756	8834	10239	12731	6264	7917	9485	11569	6696	7925	9387	11531
0:00:05	30.0	6702	8820	10411	12850	6206	7815	9473	11550	6487	7852	9231	11521
0:00:10	30.0	6723	8907	10319	12948	6067	7734	9291	11369	6496	7741	9216	11376
0:00:15	30.1	6685	8998	10451	12808	6056	7471	9135	11196	6331	7669	9134	11369
0:00:20	30.0	6598	8933	10358	12895	5861	7401	9073	11089	6309	7534	8902	11241
0:00:25	30.0	6639	9073	10294	12975	5800	7288	8910	11069	6137	7486	8814	11008
0:00:30	30.0	6644	8980	10397	12761	5786	7214	8668	10787	6014	7248	8697	10890
0:00:35	30.0	6630	8901	10490	12843	5670	7151	8678	10752	6002	7217	8669	10926
0:00:40	30.0	6523	8980	10385	12902	5577	7059	8432	10690	5915	7107	8674	10756
0:00:45	30.0	6636	8780	10464	13073	5553	7021	8391	10518	5804	7108	8430	10697
0:00:50	30.0	6552	8894	10398	12886	5484	6901	8320	10351	5752	6994	8354	10737
0:00:55	30.0	6621	8856	10416	12759	5421	6810	8170	10355	5708	6914	8352	10632
0:01:00	30.0	6598	8935	10262	12832	5345	6838	8135	10164	5635	6829	8179	10424
0:01:05	30.0	6554	8769	10318	12675	5371	6718	8079	10255	5586	6775	8184	10553
0:01:10	30.0	6525	8792	10203	12668	5243	6635	8129	9992	5568	6618	8171	10367
0:01:15	30.0	6506	8661	10214	12710	5259	6645	7963	9935	5444	6713	8027	10248
0:01:20	30.0	6502	8721	10161	12892	5146	6585	8074	9947	5411	6568	7930	10156
0:01:25	30.0	6564	8787	10336	12712	5041	6606	7873	9803	5408	6498	7858	10111
0:01:30	30.0	6477	8705	10360	12605	5098	6403	7919	9763	5315	6436	7779	10164
0:01:35	30.0	6498	8805	10232	12673	5039	6421	7867	9745	5310	6396	7792	9845
0:01:40	30.0	6534	8632	10166	12812	4985	6506	7786	9738	5261	6323	7828	9955
0:01:45	30.0	6437	8705	10083	12678	4956	6364	7700	9659	5154	6389	7598	9853
0:01:50	30.0	6391	8737	10061	12695	4998	6273	7724	9614	5171	6299	7639	9845
0:01:55	30.0	6502	8524	10100	12728	4968	6348	7512	9613	5103	6215	7588	9726
0:02:00	30.0	6442	8622	10075	12529	4935	6287	7529	9584	5120	6277	7527	9891
0:02:05	30.0	6363	8684	10081	12617	4943	6276	7532	9382	5064	6233	7508	9683
0:02:10	30.0	6365	8655	10058	12609	4898	6172	7522	9427	5058	6146	7451	9616
0:02:15	30.0	6361	8628	9991	12502	4969	6259	7597	9297	5061	6107	7385	9604
0:02:20	30.0	6403	8562	10013	12629	4888	6255	7488	9410	4938	6127	7360	9512
0:02:25	30.0	6401	8550	10036	12403	4944	6247	7375	9356	4919	6124	7269	9415
0:02:30	30.0	6317	8587	9985	12514	4928	6202	7396	9202	4975	6075	7355	9448
0:02:35	30.0	6355	8473	9935	12516	4887	6193	7326	9206	4961	5976	7270	9382
0:02:40	30.0	6314	8621	9922	12411	4880	6179	7389	9174	4924	5923	7240	9238
0:02:45	30.0	6293	8607	10014	12448	4831	6048	7378	9075	4824	6002	7127	9449
0:02:50	30.0	6273	8479	10092	12466	4903	6033	7310	9028	4830	5943	7124	9185
0:02:55	30.0	6378	8452	9924	12478	4891	6066	7267	9125	4899	5860	7149	9272
0:03:00	30.0	6186	8441	10136	12327	4840	6054	7319	9018	4841	5847	7051	9133
0:03:05	30.0	6174	8382	9844	12453	4787	6140	7247	8914	4866	5882	6955	9091
0:03:10	30.0	6198	8495	9973	12255	4828	6009	7227	8993	4823	5843	7030	9136
0:03:15	30.0	6183	8307	9822	12442	4752	6026	7298	9126	4844	5874	6974	8987
0:03:20	30.0	6248	8559	9980	12347	4825	6023	7224	8812	4798	5835	6962	8952
0:03:25	30.0	6292	8313	9772	12273	4825	6087	7195	8952	4800	5864	6919	8996
0:03:30	30.0	6212	8499	9855	12406	4687	6052	7208	8941	4770	5825	6941	8827
0:03:35	30.0	6124	8288	9750	12400	4827	5942	7105	8975	4789	5879	7063	8875
0:03:40	30.0	6134	8285	9876	12293	4828	5983	7250	8862	4710	5791	6912	8873
0:03:45	30.0	6137	8406	9600	12210	4831	6053	7253	8829	4786	5835	7023	8826
0:03:50	30.0	6163	8315	9836	12055	4783	6049	7183	8881	4722	5824	6844	8854
0:03:55	30.0	6043	8211	9704	12312	4780	5919	7155	8860	4717	5718	6835	8882
0:04:00	30.0	6210	8336	9701	12253	4768	5948	7143	8890	4705	5759	6905	8682
0:04:05	30.0	6076	8154	9734	12334	4810	6017	7133	8820	4720	5714	6886	8714
0:04:10	30.0	6111	8168	9756	12194	4806	5924	7120	8922	4665	5682	6874	8649
0:04:15	30.0	6109	8129	9613	12187	4848	5962	7053	8766	4740	5694	6814	8763
0:04:20	30.0	5959	8250	9685	12187	4738	5940	7158	8806	4672	5753	6853	8654
0:04:25	30.0	6088	8206	9674	12090	4750	5934	7145	8838	4704	5614	6820	8605
0:04:30	30.0	6059	8199	9604	12192	4725	5927	7071	8756	4682	5728	6869	8637
0:04:35	30.0	6114	8208	9771	12107	4778	6043	7067	8751	4652	5544	6642	8605
0:04:40	30.0	5990	8149	9672	12220	4699	5976	7013	8769	4640	5713	6772	8734
0:04:45	30.0	6099	8142	9641	11965	4694	5989	7138	8748	4633	5664	6675	8570
0:04:50	30.0	5984	8181	9543	12031	4782	5961	7090	8737	4636	5549	6625	8589
0:04:55	30.0	6053	8099	9574	11931	4702	5969	7144	8747	4694	5613	6767	8611
0:05:00	30.0	6050	8159	9659	12075	4793	5907	7011	8707	4670	5617	6732	8455
0:05:05	30.0	5980	8078	9592	11996	4712	6006	7032	8708	4764	5630	6708	8536
0:05:10	30.0	5943	8039	9552	11970	4743	5909	6993	8694	4638	5652	6664	8503
0:05:15	30.0	5955	8225	9474	12061	4738	5788	7117	8615	4663	5607	6761	8517
0:05:20	30.0	5965	8069	9537	11883	4737	5936	7106	8657	4607	5662	6685	8551
0:05:25	30.0	5885	8077	9417	12038	4814	5946	7047	8650	4575	5583	6576	8573
0:05:30	30.0	5957	7981	9538	12041	4735	5953	7006	8625	4666	5624	6749	8470
0:05:35	30.0	5863	8149	9399	11871	4729	5889	6998	8639	4669	5596	6737	8275
0:05:40	30.0	5942	8122	9409	11918	4760	5870	7031	8674	4616	5555	6627	8406
0:05:45	30.0	5938	8045	9348	11992	4756	5805	6970	8643	4681	5586	6643	8338
0:05:50	30.0	5892	8024	9365	11829	4684	5914	7061	8573	4716	5559	6710	8316
0:05:55	30.0	5896	8069	9444	11818	4667	5889	6992	8614	4662	5626	6708	8374
0:06:00	30.0	5827	8053	9411	11872	4751	5859	6946	8609	4574	5537	6655	8404
0:06:05	30.0	5883	8011	9263	11794	4728	5837	7130	8520	4651	5520	6648	8459
0:06:10	30.0	5849	7939	9290	11762	4663	5896	7009	8598	4610	5634	6552	8342
0:06:15	30.0	5878	7916	9431	11719	4688	5900	6950	8636	4613	5568	6570	8198
0:06:20	30.0	5892	7847	9404	11803	4688	5960	6905	8605	4621	5624	6596	8187
0:06:25	30.0	5797	7996	9434	11940	4793	5881	6946	8736	4574	5576	6625	8224
0:06:30	30.0	5769	7874	9381	11770	4653	5845	6924	8735	4582	5567	6636	8395
0:06:35	30.0	5778	7944	9412	11787	4669	5865	6993	8626	4632	5416	6623	8305
0:06:40	30.0	5710	7880	9339	11580	4718	5947	7021	8684	4567	5559	6536	8270
0:06:45	30.0	5804	7915	9312	11854	4755	5847	6926	8547	4657	5491	6515	8203
0:06:50	30.0	5737	8105	9088	11733	4697	5880	7022	8624	4636	5527	6610	8216
0:06:55	30.0	5716	7875	9115	11675	4622	5792	6990	8637	4585	5536	6496	8232
0:07:00	30.0	5759	7778	9297	11698	4695	5758	7029	8647	4722	5473	6581	8241
0:07:05	30.0	5670	7856	9364	11597	4713	5820	6948	8719	4573	5535	6505	8239
0:07:10	30.0	5789	7804	9213	11761	4705	5826	6978	8563	4606	5501	6549	8151
0:07:15	30.0	5723	7881	9085	11676	4702	5860	7021	8609	4585	5565	6544	8259
0:07:20	30.0	5747	7896	9282	11690	4717	5829	7003	8463	4592	5482	6538	8257
0:07:25	30.0	5616	7922	9198	11692	4698	5832	6939	8511	4587	5521	6597	8098
0:07:30	30.0	5636	7820	9111	11684	4734	5822	6947	8548	4496	5544	6600	8220
0:07:35	30.0	5620	7895	9171	11699	4675	5863	6935	8453	4624	5440	6555	8147
0:07:40	30.0	5580	7899	9118	11620	4715	5886	6948	8625	4551	5482	6588	8105
0:07:45	30.0	5592	7747	9112	11623	4676	5816	6916	8571	4600	5545	6562	8192
0:07:50	30.0	5662	7730	9124	11640	4681	5823	6909	8555	4581	5460	6485	8233
0:07:55	30.0	5588	7689	9220	11591	4710	5820	6928	8510	4619	5578	6488	8198
0:08:00	30.0	5587	7764	9110	11619	4702	5848	6909	8514	4553	5465	6488	8215
0:08:05	30.0	5623	7652	9182	11465	4700	5856	7029	8470	4549	5547	6493	8074
0:08:10	30.0	5610	7590	9146	11687	4623	5925	6953	8464	4604	5447	6491	8160
0:08:15	30.0	5564	7750	9043	11590	4749	5813	6916	8459	4609	5573	6557	8057
0:08:20	30.0	5514	7568	9072	11464	4609	5776	6908	8446	4560	5474	6629	8029
0:08:25	30.0	5581	7674	9133	11395	4735	5799	6905	8596	4502	5471	6496	8199
0:08:30	30.0	5601	7592	9060	11474	4698	5747	6989	8478	4540	5555	6477	8213
0:08:35	30.0	5528	7720	9088	11428	4739	5851	6917	8522	4545	5525	6580	8100
0:08:40	30.0	5573	7606	9133	11425	4741	5835	6920	8502	4612	5578	6461	7992
0:08:45	30.0	5583	7648	8966	11488	4738	5858	6922	8540	4497	5505	6525	8124
0:08:50	30.0	5489	7672	8934	11324	4636	5788	7036	8512	4575	5426	6559	8053
0:08:55	30.0	5507	7694	8910	11395	4687	5860	6913	8530	4577	5468	6468	8094
0:09:00	30.0	5405	7611	9129	11383	4610	5746	6959	8597	4458	5398	6562	8152
0:09:05	30.0	5454	7585	8993	11308	4654	5820	6928	8556	4550	5462	6570	7984
0:09:10	30.0	5395	7471	9037	11319	4656	5779	6982	8449	4499	5461	6434	8066
0:09:15	30.0	5453	7543	9042	11331	4645	5735	6925	8471	4577	5405	6456	8175
0:09:20	30.0	5463	7555	8981	11408	4675	5756	6908	8574	4564	5437	6427	8051
0:09:25	30.0	5465	7491	8935	11451	4615	5786	6914	8479	4570	5519	6530	7996
0:09:30	30.0	5516	7470	8876	11339	4672	5741	6868	8440	4522	5508	6487	7970
0:09:35	30.0	5421	7565	8862	11142	4605	5880	6881	8581	4528	5478	6522	8074
0:09:40	30.0	5502	7475	8880	11440	4608	5826	6859	8327	4522	5382	6434	8035
0:09:45	30.0	5350	7447	8766	11294	4675	5796	6965	8483	4514	5508	6389	8003
0:09:50	30.0	5452	7447	8926	11282	4646	5732	6853	8555	4533	5463	6397	7994
0:09:55	30.0	5350	7457	8763	11118	4637	5780	6849	8407	4487	5426	6373	8125
0:10:00	30.0	5449	7435	8981	11227	4653	5773	6847	8531	4532	5452	6387	8173
0:10:05	30.0	5402	7405	8831	11202	4619	5722	6914	8598	4469	5415	6376	8024
0:10:10	30.0	5389	7473	8819	11220	4623	5705	6899	8429	4579	5378	6496	8066
0:10:15	30.0	5371	7443	8672	11389	4674	5765	7019	8460	4531	5460	6579	8021
0:10:20	30.0	5371	7379	8890	11222	4656	5763	6957	8411	4487	5528	6431	8048
0:10:25	30.0	5383	7411	8803	11198	4602	5825	6905	8515	4533	5416	6494	8130
0:10:30	30.0	5371	7317	8770	11192	4646	5781	6856	8376	4577	5560	6382	8069
0:10:35	30.0	5379	7302	8680	11248	4623	5847	6774	8474	4559	5498	6390	8034
0:10:40	30.0	5310	7446	8685	11099	4531	5780	6850	8535	4481	5426	6407	7975
0:10:45	30.0	5340	7265	8719	11236	4605	5866	6906	8511	4556	5448	6444	7962
0:10:50	30.0	5295	7432	8674	11155	4592	5848	6865	8336	4494	5446	6376	8028
0:10:55	30.0	5276	7306	8612	11092	4677	5782	6861	8480	4523	5393	6387	7995
0:11:00	30.0	5305	7355	8732	11171	4625	5743	6889	8430	4494	5356	6436	7932
0:11:05	30.0	5340	7314	8671	11198	4644	5747	6816	8371	4576	5382	6523	7979
0:11:10	30.0	5296	7458	8641	11165	4573	5751	6919	8408	4539	5360	6422	7935
0:11:15	30.0	5280	7303	8686	11142	4576	5741	6855	8380	4461	5401	6380	8034
0:11:20	30.0	5263	7363	8667	10964	4586	5698	6821	8367	4485	5349	6297	7969
0:11:25	30.0	5218	7371	8622	11152	4686	5680	6806	8322	4413	5448	6473	8068
0:11:30	30.0	5210	7318	8655	11013	4549	5767	6931	8316	4527	5336	6435	7873
0:11:35	30.0	5270	7303	8836	10940	4706	5664	6904	8491	4504	5472	6394	7965
0:11:40	30.0	5231	7258	8662	10942	4554	5672	6870	8404	4558	5497	6340	7911
0:11:45	30.0	5289	7268	8725	11068	4521	5793	6908	8366	4555	5349	6466	7941
0:11:50	30.0	5277	7264	8551	10887	4594	5624	6875	8442	4515	5379	6291	8020
0:11:55	30.0	5157	7150	8598	11006	4687	5676	6827	8344	4422	5365	6432	8004
0:12:00	30.0	5128	7296	8564	10772	4631	5774	6849	8465	4485	5366	6479	8058
0:12:05	30.0	5235	7248	8522	11183	4607	5746	6847	8404	4531	5388	6368	8038
0:12:10	30.0	5188	7230	8481	10935	4644	5713	6988	8412	4510	5413	6361	7968
0:12:15	30.0	5222	7163	8667	10980	4580	5609	6960	8390	4504	5506	6410	8024
0:12:20	30.0	5176	7252	8558	10867	4586	5695	6757	8437	4501	5510	6386	8089
0:12:25	30.0	5178	7159	8479	10903	4578	5662	6823	8356	4520	5410	6438	7884
0:12:30	30.0	5233	7276	8565	11101	4591	5777	6927	8345	4477	5424	6409	7947
0:12:35	30.0	5208	7178	8480	10818	4610	5655	6752	8393	4490	5415	6437	7989
0:12:40	30.0	5187	7260	8623	10988	4598	5790	6899	8395	4444	5386	6490	7937
0:12:45	30.0	5148	7293	8525	10934	4632	5782	6751	8342	4572	5428	6403	8007
0:12:50	30.0	5061	7202	8550	10923	4573	5671	6826	8321	4498	5381	6394	8009
0:12:55	30.0	5135	7196	8580	10814	4578	5642	6819	8463	4532	5403	6475	7985
0:13:00	30.0	5123	7150	8444	10882	4613	5711	6851	8363	4514	5344	6302	7982
0:13:05	30.0	5152	7122	8550	10790	4539	5667	6831	8406	4518	5489	6413	7927
0:13:10	30.0	5173	7208	8416	10702	4560	5660	6908	8244	4503	5355	6415	7915
0:13:15	30.0	5148	7100	8429	10801	4615	5635	6802	8408	4439	5408	6446	7996
0:13:20	30.0	5116	7196	8443	10923	4508	5743	6738	8350	4467	5396	6365	7939
0:13:25	30.0	5036	7092	8401	10743	4575	5639	6785	8322	4443	5398	6419	7908
0:13:30	30.0	5155	7130	8395	10716	4588	5793	6883	8327	4438	5427	6379	7931
0:13:35	30.0	5052	7180	8425	10744	4586	5661	6801	8383	4452	5421	6374	8011
0:13:40	30.0	5101	7149	8515	10874	4565	5679	6830	8435	4532	5431	6412	7839
0:13:45	30.0	5068	7035	8450	10856	4543	5717	6790	8359	4463	5464	6397	7990
0:13:50	30.0	5086	7015	8387	10746	4649	5692	6753	8322	4580	5294	6428	7933
0:13:55	30.0	5044	6960	8373	10650	4631	5705	6825	8442	4468	5394	6398	7887
0:14:00	30.0	5017	7051	8460	10694	4513	5596	6799	8475	4455	5354	6414	7861
0:14:05	30.0	5076	7088	8524	10794	4592	5610	6771	8464	4450	5403	6402	7977
0:14:10	30.0	5039	7022	8334	10604	4608	5703	6866	8314	4451	5294	6352	7874
0:14:15	30.0	4907	7127	8471	10584	4601	5685	6780	8329	4512	5435	6394	7933
0:14:20	30.0	5014	7002	8389	10629	4475	5668	6715	8287	4446	5339	6262	7844
0:14:25	30.0	5070	6943	8307	10663	4534	5596	6757	8433	4463	5455	6424	7890
0:14:30	30.0	5056	6899	8277	10731	4628	5711	6819	8312	4549	5454	6361	7805
0:14:35	30.0	4987	7048	8329	10666	4465	5689	6845	8337	4404	5400	6310	7816
0:14:40	30.0	4963	6906	8447	10656	4597	5682	6788	8299	4419	5409	6468	7976
0:14:45	30.0	5025	6960	8279	10600	4584	5787	6799	8310	4525	5410	6347	7962
0:14:50	30.0	4929	6993	8396	10480	4544	5701	6850	8343	4458	5292	6317	7898
0:14:55	30.0	5006	6919	8259	10587	4480	5612	6722	8394	4402	5372	6399	7929
0:15:00	30.0	5043	6925	8164	10656	4517	5632	6757	8272	4452	5455	6409	7909
0:15:05	30.0	4977	6890	8253	10450	4526	5652	6707	8309	4549	5402	6428	7873
0:15:10	30.0	4934	6896	8346	10671	4558	5676	6729	8368	4478	5402	6312	7827
0:15:15	30.0	4938	6978	8199	10572	4517	5647	6749	8406	4513	5432	6289	7866
0:15:20	30.0	4970	6999	8211	10545	4540	5667	6749	8363	4442	5315	6305	7867
0:15:25	30.0	4993	6922	8202	10533	4588	5689	6760	8306	4446	5402	6369	7839
0:15:30	30.0	4959	6889	8371	10629	4568	5647	6736	8258	4494	5356	6431	7853
0:15:35	30.0	5074	6884	8230	10589	4500	5651	6734	8363	4405	5347	6396	7878
0:15:40	30.0	4916	7022	8218	10470	4527	5621	6633	8240	4404	5312	6289	7913
0:15:45	30.0	4892	6941	8242	10539	4515	5717	6794	8421	4498	5272	6370	7869
0:15:50	30.0	4870	6818	8282	10515	4482	5656	6783	8234	4502	5458	6398	7924
0:15:55	30.0	4901	6896	8155	10417	4482	5676	6754	8361	4430	5366	6398	7874
0:16:00	30.0	4891	6897	8060	10386	4626	5646	6781	8330	4410	5364	6382	7846
0:16:05	30.0	4917	6887	8082	10417	4533	5686	6774	8231	4435	5257	6402	7826
0:16:10	30.0	4921	6808	8230	10616	4582	5591	6704	8270	4521	5371	6430	7888
0:16:15	30.0	4911	6930	8172	10552	4551	5646	6716	8346	4410	5334	6327	7896
0:16:20	30.0	4873	6823	8123	10503	4609	5687	6723	8313	4414	5404	6342	7874
0:16:25	30.0	4852	6793	8024	10408	4611	5662	6890	8206	4427	5389	6405	7913
0:16:30	30.0	4836	6865	8131	10397	4556	5600	6721	8265	4440	5405	6321	7827
0:16:35	30.0	4864	6816	8166	10433	4569	5629	6725	8269	4440	5346	6359	7848
0:16:40	30.0	4795	6768	8181	10529	4536	5605	6717	8375	4465	5284	6397	7940
0:16:45	30.0	4891	6808	8197	10339	4479	5605	6744	8353	4433	5325	6407	7807
0:16:50	30.0	4880	6796	8139	10288	4561	5644	6734	8357	4478	5265	6327	7759
0:16:55	30.0	4803	6773	8076	10395	4539	5657	6693	8352	4478	5335	6385	7802
0:17:00	30.0	4857	6745	8141	10380	4554	5601	6673	8288	4524	5332	6408	7817
0:17:05	30.1	4845	6818	8137	10234	4537	5688	6677	8273	4469	5360	6310	7837
0:17:10	30.0	4732	6761	8220	10251	4485	5632	6769	8312	4435	5252	6327	7809
0:17:15	30.0	4800	6667	8167	10356	4555	5739	6714	8207	4518	5274	6370	7824
0:17:20	30.0	4815	6674	8056	10299	4497	5640	6760	8281	4401	5304	6250	7956
0:17:25	30.0	4750	6708	8125	10236	4521	5668	6752	8323	4462	5280	6218	7827
0:17:30	30.0	4783	6694	8005	10304	4547	5620	6711	8210	4382	5363	6267	7873
0:17:35	30.0	4853	6706	8047	10388	4493	5655	6709	8152	4415	5366	6341	7808
0:17:40	30.0	4792	6836	8038	10328	4520	5507	6700	8252	4418	5336	6293	7912
0:17:45	30.0	4814	6754	8027	10183	4490	5599	6666	8221	4435	5305	6385	7775
0:17:50	30.0	4790	6728	7859	10218	4561	5584	6704	8206	4332	5363	6392	7843
0:17:55	30.0	4784	6801	8022	10310	4490	5525	6648	8276	4426	5347	6277	7732
0:18:00	30.0	4760	6684	7911	10196	4451	5628	6759	8252	4410	5291	6257	7801
0:18:05	30.0	4750	6737	8083	10286	4417	5664	6635	8321	4498	5297	6371	7740
0:18:10	30.0	4815	6773	7966	10216	4509	5602	6684	8216	4441	5308	6302	7729
0:18:15	30.0	4816	6728	8012	10233	4450	5599	6618	8153	4445	5361	6299	7853
0:18:20	30.0	4752	6633	7954	10254	4504	5649	6667	8333	4393	5367	6301	7800
0:18:25	30.0	4693	6675	7925	10294	4458	5601	6590	8270	4433	5314	6284	7746
0:18:30	30.0	4704	6670	7961	10168	4473	5606	6685	8215	4405	5349	6304	7813
0:18:35	30.0	4785	6656	7915	10134	4540	5577	6675	8210	4341	5353	6295	7737
0:18:40	30.0	4809	6616	7902	10178	4443	5585	6685	8193	4417	5256	6322	7825
0:18:45	30.0	4727	6664	8006	10150	4525	5572	6634	8259	4401	5269	6307	7817
0:18:50	30.0	4806	6673	7889	10150	4438	5605	6682	8172	4347	5336	6249	7805
0:18:55	30.0	4712	6728	7863	10203	4542	5618	6789	8177	4430	5321	6291	7829
0:19:00	30.0	4696	6709	7972	10251	4502	5646	6609	8282	4401	5337	6400	7802
0:19:05	30.0	4739	6617	7896	10278	4497	5603	6771	8260	4474	5265	6287	7879
0:19:10	30.0	4664	6630	7915	10188	4384	5665	6597	8174	4416	5193	6271	7808
0:19:15	30.0	4672	6635	7873	10084	4470	5585	6629	8187	4356	5274	6363	7734
0:19:20	30.0	4671	6637	7893	10133	4455	5679	6681	8235	4355	5294	6359	7861
0:19:25	30.0	4702	6515	7910	10127	4464	5601	6669	8180	4356	5399	6253	7888
0:19:30	30.0	4702	6626	7984	10081	4473	5661	6720	8295	4386	5319	6253	7865
0:19:35	30.0	4639	6617	7830	9946	4481	5524	6617	8284	4401	5308	6179	7716
0:19:40	30.0	4651	6607	7956	10210	4480	5578	6647	8187	4506	5338	6353	7846
0:19:45	30.0	4767	6532	7837	10096	4504	5641	6723	8181	4368	5385	6307	7778
0:19:50	30.0	4681	6519	7791	10128	4485	5623	6764	8205	4416	5287	6437	7797
0:19:55	30.0	4656	6498	7939	10142	4437	5575	6597	8243	4417	5333	6345	7906
0:20:00	30.0	4645	6512	7864	10035	4524	5544	6684	8390	4384	5186	6288	7763
0:20:05	30.0	4582	6523	7879	10035	4497	5531	6718	8312	4370	5319	6297	7842
0:20:10	30.0	4637	6566	7885	10123	4491	5563	6598	8144	4435	5250	6273	7721
0:20:15	30.0	4706	6590	7818	10193	4491	5533	6656	8147	4457	5390	6332	7831
0:20:20	30.0	4658	6488	7836	9994	4480	5646	6547	8166	4402	5330	6319	7744
0:20:25	30.0	4650	6544	7821	10055	4556	5554	6681	8272	4438	5244	6304	7946
0:20:30	30.0	4709	6574	7810	9991	4456	5562	6552	7999	4372	5369	6252	7749
0:20:35	30.0	4678	6582	7818	9936	4478	5545	6621	8144	4366	5320	6315	7777
0:20:40	30.0	4620	6541	7804	9925	4466	5512	6649	8340	4301	5286	6226	7772
0:20:45	30.0	4542	6503	7878	10010	4495	5510	6667	8129	4359	5270	6223	7790
0:20:50	30.0	4715	6519	7782	10003	4453	5533	6578	8127	4398	5304	6210	7829
0:20:55	30.0	4605	6517	7747	9904	4489	5516	6662	8070	4398	5273	6365	7815
0:21:00	30.0	4545	6491	7818	9926	4420	5608	6689	8202	4325	5293	6189	7756
0:21:05	30.0	4542	6499	7806	9961	4444	5549	6671	8198	4476	5333	6311	7754
0:21:10	30.0	4609	6461	7752	9915	4435	5526	6697	8141	4400	5254	6257	7799
0:21:15	30.0	4611	6447	7684	10035	4510	5614	6713	8226	4371	5194	6255	7883
0:21:20	30.0	4534	6469	7660	9913	4519	5572	6719	8037	4394	5327	6236	7756
0:21:25	30.0	4530	6456	7757	9901	4417	5571	6701	8113	4315	5287	6331	7785
0:21:30	30.0	4584	6522	7541	9887	4470	5539	6674	8166	4417	5243	6315	7823
0:21:35	30.0	4543	6499	7677	9890	4485	5560	6721	8168	4342	5302	6321	7774
0:21:40	30.0	4582	6409	7704	9843	4512	5505	6600	8097	4438	5268	6247	7703
0:21:45	30.0	4576	6428	7749	9836	4496	5570	6720	8238	4348	5261	6197	7728
0:21:50	30.0	4519	6429	7686	9959	4505	5644	6560	8183	4398	5289	6323	7759
0:21:55	30.0	4524	6487	7672	9807	4491	5528	6615	8279	4411	5212	6176	7787
0:22:00	30.0	4560	6473	7671	9801	4479	5591	6625	8225	4413	5230	6261	7816
0:22:05	30.0	4534	6495	7699	9866	4457	5576	6650	8165	4416	5276	6273	7835
0:22:10	30.0	4468	6457	7574	9882	4494	5439	6643	8210	4431	5373	6309	7851
0:22:15	30.0	4544	6463	7657	9878	4446	5509	6610	8125	4356	5302	6382	7779
0:22:20	30.0	4522	6408	7695	9855	4440	5515	6668	8152	4368	5287	6346	7722
0:22:25	30.0	4528	6340	7785	9880	4456	5492	6654	8297	4414	5297	6375	7836
0:22:30	30.0	4499	6375	7584	9847	4503	5496	6711	8145	4393	5247	6263	7818
0:22:35	30.0	4512	6447	7587	9781	4451	5536	6567	8095	4427	5212	6333	7757
0:22:40	30.0	4626	6392	7583	9778	4508	5568	6681	8220	4380	5290	6253	7710
0:22:45	30.0	4503	6329	7657	9778	4467	5607	6573	8163	4368	5214	6190	7772
0:22:50	30.0	4501	6350	7623	9646	4411	5581	6646	8088	4367	5281	6154	7802
0:22:55	30.0	4529	6342	7565	9656	4502	5583	6640	8086	4382	5221	6260	7753
0:23:00	30.0	4638	6439	7633	9797	4467	5548	6558	8154	4407	5292	6235	7657
0:23:05	30.0	4432	6408	7471	9710	4438	5545	6696	8172	4313	5312	6299	7726
0:23:10	30.0	4479	6372	7531	9750	4426	5567	6589	8180	4354	5329	6277	7649
0:23:15	30.0	4452	6493	7623	9788	4414	5548	6592	8244	4356	5220	6272	7779
0:23:20	30.0	4473	6363	7658	9630	4487	5514	6596	8253	4407	5298	6209	7757
0:23:25	30.0	4594	6376	7686	9875	4523	5567	6615	8094	4427	5240	6318	7724
0:23:30	30.0	4539	6330	7606	9789	4522	5561	6684	8145	4332	5272	6251	7802
0:23:35	30.0	4469	6366	7611	9843	4462	5489	6637	8179	4366	5235	6312	7689
0:23:40	30.1	4504	6277	7564	9731	4424	5485	6607	8208	4407	5221	6226	7804
0:23:45	30.0	4434	6288	7517	9860	4445	5479	6677	8128	4410	5321	6238	7682
0:23:50	30.1	4403	6266	7618	9673	4507	5465	6694	8073	4313	5275	6274	7762
0:23:55	30.1	4518	6303	7509	9685	4517	5535	6667	8029	4418	5293	6220	7777
0:24:00	30.1	4469	6322	7494	9806	4423	5500	6592	8126	4380	5227	6243	7760
0:24:05	30.1	4518	6240	7478	9746	4410	5539	6536	8181	4359	5318	6244	7852
0:24:10	30.1	4459	6280	7552	9765	4474	5616	6585	8136	4363	5150	6229	7842
0:24:15	30.0	4449	6357	7515	9702	4368	5515	6662	8045	4443	5316	6289	7702
0:24:20	30.1	4509	6343	7553	9765	4408	5557	6682	8191	4361	5221	6256	7776
0:24:25	30.1	4390	6249	7477	9745	4493	5433	6616	8080	4392	5224	6247	7784
0:24:30	30.1	4422	6366	7485	9711	4446	5581	6597	8179	4388	5320	6269	7700
0:24:35	30.1	4445	6287	7492	9557	4441	5592	6572	8132	4385	5282	6242	7735
0:24:40	30.1	4419	6335	7488	9463	4434	5408	6584	8110	4390	5286	6200	7669
0:24:45	30.1	4380	6283	7422	9646	4408	5468	6590	8257	4350	5178	6136	7822
0:24:50	30.1	4435	6221	7417	9718	4415	5438	6647	8074	4412	5260	6210	7712
0:24:55	30.1	4424	6325	7512	9559	4475	5474	6605	8140	4438	5324	6242	7623
0:25:00	30.0	4313	6221	7470	9677	4437	5490	6546	8025	4362	5291	6303	7816
0:25:05	30.1	4442	6258	7339	9684	4448	5526	6633	8013	4405	5290	6246	7767
0:25:10	30.1	4352	6244	7435	9661	4445	5541	6503	8130	4354	5262	6316	7671
0:25:15	30.1	4437	6320	7428	9632	4392	5508	6592	8073	4431	5335	6194	7682
0:25:20	30.1	4397	6283	7382	9615	4378	5421	6513	8163	4351	5252	6257	7783
0:25:25	30.1	4510	6272	7454	9468	4423	5521	6663	8005	4395	5305	6177	7666
0:25:30	30.1	4430	6213	7546	9524	4452	5507	6650	8145	4352	5214	6326	7745
0:25:35	30.1	4442	6171	7467	9646	4403	5509	6611	8123	4374	5261	6188	7735
0:25:40	30.1	4405	6183	7395	9544	4455	5405	6621	8058	4354	5247	6290	7759
0:25:45	30.1	4397	6174	7385	9693	4415	5468	6590	8112	4358	5253	6213	7768
0:25:50	30.0	4420	6203	7475	9473	4382	5585	6637	8043	4335	5230	6175	7688
0:25:55	30.1	4411	6231	7385	9596	4376	5563	6601	7998	4380	5186	6240	7675
0:26:00	30.1	4394	6170	7336	9568	4440	5497	6658	8105	4346	5231	6251	7711
0:26:05	30.1	4329	6215	7409	9570	4418	5550	6498	8061	4329	5198	6336	7747
0:26:10	30.0	4338	6190	7379	9446	4494	5467	6557	8128	4338	5285	6330	7719
0:26:15	30.1	4400	6081	7413	9713	4464	5471	6622	8244	4324	5228	6224	7688
0:26:20	30.1	4399	6173	7360	9530	4406	5546	6558	8093	4255	5273	6151	7685
0:26:25	30.1	4352	6235	7381	9504	4343	5387	6476	7971	4426	5243	6184	7723
0:26:30	30.1	4392	6171	7391	9542	4487	5464	6522	8056	4352	5244	6214	7743
0:26:35	30.0	4334	6146	7393	9572	4382	5441	6568	8054	4311	5208	6346	7697
0:26:40	30.0	4347	6126	7416	9542	4411	5502	6568	8065	4367	5268	6153	7688
0:26:45	30.1	4364	6114	7303	9447	4417	5592	6509	8133	4294	5219	6190	7609
0:26:50	30.1	4381	6144	7373	9667	4418	5488	6561	8072	4357	5271	6287	7594
0:26:55	30.1	4329	6160	7450	9362	4415	5511	6493	8171	4344	5219	6138	7724
0:27:00	30.1	4338	6160	7275	9407	4425	5411	6611	8013	4369	5245	6267	7656
0:27:05	30.1	4295	6122	7336	9525	4393	5495	6593	7996	4364	5277	6215	7697
0:27:10	30.1	4324	6110	7255	9384	4382	5511	6663	7965	4399	5220	6140	7627
0:27:15	30.1	4349	6079	7340	9412	4407	5536	6564	8172	4301	5194	6348	7645
0:27:20	30.1	4282	6105	7350	9358	4400	5520	6562	8070	4401	5212	6207	7656
0:27:25	30.1	4359	6113	7309	9399	4399	5456	6558	7998	4306	5251	6204	7660
0:27:30	30.0	4292	6089	7276	9438	4473	5526	6622	8096	4375	5156	6203	7700
0:27:35	30.1	4308	6152	7334	9412	4430	5513	6521	8010	4367	5199	6274	7669
0:27:40	30.1	4333	6042	7216	9393	4418	5471	6601	8146	4316	5200	6141	7803
0:27:45	30.0	4387	6092	7289	9358	4371	5501	6581	7925	4388	5244	6245	7715
0:27:50	30.1	4223	6101	7250	9469	4397	5578	6553	8064	4365	5251	6239	7678
0:27:55	30.1	4312	6106	7320	9436	4476	5499	6567	8015	4354	5221	6258	7751
0:28:00	30.1	4296	6038	7251	9542	4381	5444	6464	7961	4374	5257	6202	7602
0:28:05	30.1	4249	6128	7178	9327	4335	5360	6594	8101	4312	5194	6127	7802
0:28:10	30.1	4307	6066	7298	9356	4400	5456	6606	8077	4308	5205	6140	7643
0:28:15	30.1	4247	6077	7314	9421	4334	5371	6470	8161	4373	5208	6162	7590
0:28:20	30.1	4253	6063	7218	9279	4347	5531	6529	8010	4303	5266	6185	7701
0:28:25	30.1	4250	6022	7100	9332	4479	5470	6442	8094	4360	5225	6194	7727
0:28:30	30.1	4287	6149	7203	9443	4392	5385	6479	8095	4329	5253	6193	7564
0:28:35	30.1	4300	6009	7262	9296	4364	5514	6561	8092	4289	5265	6187	7673
0:28:40	30.1	4282	5974	7411	9347	4403	5510	6513	8055	4321	5220	6191	7768
0:28:45	30.1	4270	6010	7226	9389	4352	5478	6488	8119	4289	5257	6193	7715
0:28:50	30.1	4348	5966	7259	9265	4412	5467	6584	8068	4420	5191	6172	7604
0:28:55	30.1	4323	5941	7262	9344	4373	5536	6504	7919	4324	5261	6146	7755
0:29:00	30.1	4238	5910	7231	9367	4357	5486	6633	8014	4321	5312	6091	7707
0:29:05	30.1	4221	5929	7297	9341	4414	5504	6556	8107	4278	5210	6211	7647
0:29:10	30.1	4276	6024	7191	9378	4368	5480	6403	7991	4299	5244	6186	7717
0:29:15	30.1	4275	6062	7268	9321	4455	5431	6531	8095	4370	5192	6119	7732
0:29:20	30.1	4279	5950	7271	9238	4393	5373	6436	7996	4317	5139	6193	7612
0:29:25	30.1	4271	6034	7273	9342	4458	5484	6566	8107	4277	5191	6264	7778
0:29:30	30.1	4191	5960	7224	9283	4409	5498	6546	7998	4330	5187	6166	7633
0:29:35	30.1	4288	6031	7236	9253	4416	5402	6548	8098	4302	5301	6097	7672
0:29:40	30.1	4237	6008	7109	9207	4312	5300	6407	7970	4436	5210	6237	7665
0:29:45	30.1	4279	5927	7239	9095	4423	5454	6411	8013	4360	5249	6187	7708
0:29:50	30.1	4305	5969	7252	9333	4360	5424	6409	8024	4378	5220	6104	7658
0:29:55	30.1	4214	6036	7137	9313	4343	5439	6463	7987	4424	5240	6203	7737
0:30:00	30.1	4248	5904	7176	9276	4360	5479	6470	7977	4332	5164	6122	7701
0:30:05	30.1	4182	5987	7123	9277	4338	5442	6652	8037	4271	5208	6169	7689
0:30:10	30.1	4273	5935	7221	9347	4374	5420	6548	7989	4373	5186	6180	7676
0:30:15	30.1	4240	5943	7164	9282	4369	5493	6520	7951	4299	5238	6094	7666
0:30:20	30.1	4285	5949	7128	9327	4361	5427	6417	7965	4345	5237	6112	7723
0:30:25	30.1	4244	5976	7136	9246	4450	5477	6472	8050	4280	5180	6227	7632
0:30:30	30.1	4220	5902	7216	9217	4369	5396	6449	8048	4272	5221	6110	7717
0:30:35	30.1	4263	6023	7088	9278	4358	5407	6455	7935	4284	5306	6114	7672
0:30:40	30.1	4153	5904	7172	9194	4372	5475	6500	8023	4346	5213	6145	7557
0:30:45	30.1	4201	6034	7052	9236	4356	5457	6450	7924	4260	5150	6144	7645
0:30:50	30.1	4201	5887	7141	9255	4395	5501	6476	8023	4280	5179	6197	7594
0:30:55	30.1	4226	5881	7080	9039	4339	5470	6520	8013	4312	5145	6123	7790
0:31:00	30.1	4295	5923	7220	9287	4301	5397	6511	8042	4311	5200	6125	7635
0:31:05	30.1	4252	5914	7074	9277	4385	5479	6557	8026	4298	5254	6112	7624
0:31:10	30.1	4192	5934	7044	9218	4410	5405	6383	7957	4347	5238	6088	7738
0:31:15	30.1	4199	6002	7129	9196	4341	5465	6636	7984	4340	5161	6171	7697
0:31:20	30.1	4218	5997	7117	9119	4242	5476	6481	8009	4273	5251	6150	7562
0:31:25	30.1	4197	5901	7062	9199	4443	5391	6524	8038	4288	5214	6183	7654
0:31:30	30.1	4187	5913	7073	9200	4373	5407	6504	7934	4297	5251	6154	7654
0:31:35	30.1	4156	5908	6976	9123	4389	5427	6424	8016	4253	5276	6067	7568
0:31:40	30.1	4135	5931	7095	9050	4414	5476	6597	7954	4390	5185	6226	7595
0:31:45	30.1	4232	5940	7092	9091	4309	5403	6477	7905	4297	5234	6118	7637
0:31:50	30.1	4090	5915	6907	9224	4291	5456	6486	7903	4276	5254	6186	7706
0:31:55	30.1	4110	5925	7120	9120	4331	5395	6381	8055	4335	5196	6143	7595
0:32:00	30.1	4217	5963	7094	9055	4318	5400	6479	7999	4328	5182	6084	7686
0:32:05	30.1	4158	5864	7082	9129	4324	5396	6437	7977	4300	5220	6103	7617
0:32:10	30.1	4127	5832	7025	9067	4451	5456	6547	8049	4292	5133	6127	7577
0:32:15	30.1	4120	5845	7129	9043	4315	5381	6573	8026	4232	5121	6144	7647
0:32:20	30.1	4038	5919	7026	9022	4381	5348	6463	7973	4383	5076	6234	7692
0:32:25	30.1	4067	5828	7128	8992	4367	5316	6406	7961	4224	5181	6141	7631
0:32:30	30.1	4123	5877	6987	9084	4382	5331	6439	7981	4300	5199	6176	7633
0:32:35	30.1	4203	5827	7042	9123	4389	5403	6416	7922	4297	5197	6166	7605
0:32:40	30.1	4145	5922	7119	9042	4326	5386	6345	7860	4295	5102	6057	7479
0:32:45	30.1	4076	5836	7001	9090	4348	5548	6488	7963	4298	5135	6197	7650
0:32:50	30.1	4125	5853	7001	9040	4336	5387	6399	8003	4261	5198	6123	7539
0:32:55	30.1	4124	5879	6972	9047	4326	5456	6343	7975	4334	5136	6036	7586
0:33:00	30.1	4107	5782	7010	9051	4307	5337	6397	8005	4308	5082	6084	7547
0:33:05	30.1	4125	5758	7052	9016	4366	5388	6473	7941	4290	5164	6211	7487
0:33:10	30.1	4168	5889	6910	8948	4300	5422	6395	7880	4294	5120	6160	7667
0:33:15	30.1	4048	5887	7010	8943	4368	5422	6433	7875	4292	5107	6219	7650
0:33:20	30.1	4111	5806	7020	9030	4357	5361	6475	7891	4332	5162	6167	7520
0:33:25	30.1	4170	5829	6993	9040	4254	5430	6332	7906	4243	5140	6161	7544
0:33:30	30.1	4135	5793	7020	9022	4320	5469	6323	7903	4322	5167	6077	7628
0:33:35	30.1	4066	5787	6988	8895	4368	5371	6331	7999	4303	5148	6024	7520
0:33:40	30.1	4112	5806	6911	9012	4395	5421	6370	7898	4252	5222	6026	7588
0:33:45	30.1	4050	5797	6997	8993	4333	5423	6361	7950	4337	5042	6067	7572
0:33:50	30.1	4157	5796	6973	8915	4406	5440	6388	7955	4311	5135	6047	7503
0:33:55	30.1	4045	5803	6861	8978	4380	5468	6496	7834	4334	5083	6103	7575
0:34:00	30.1	4086	5828	6858	8992	4299	5348	6539	7960	4251	5121	6033	7641
0:34:05	30.1	4116	5758	6947	9021	4343	5361	6388	7894	4231	5095	6181	7617
0:34:10	30.1	4116	5610	7030	8946	4334	5355	6365	8005	4305	5158	6086	7600
0:34:15	30.1	4143	5766	6926	8935	4323	5390	6369	7925	4291	5106	6145	7618
0:34:20	30.1	4117	5727	6886	9002	4247	5327	6467	7924	4244	5096	6049	7631
0:34:25	30.1	4048	5784	6933	8975	4338	5352	6350	7965	4282	5103	6125	7538
0:34:30	30.1	4121	5687	6841	8942	4300	5433	6376	7927	4280	5049	6143	7573
0:34:35	30.1	4117	5830	6844	8959	4322	5439	6474	7991	4246	5118	6110	7531
0:34:40	30.1	4117	5720	7012	9008	4290	5446	6421	7800	4252	5118	6084	7622
0:34:45	30.1	4066	5845	6883	8851	4313	5314	6439	7798	4308	5137	6022	7558
0:34:50	30.1	4106	5801	6898	8943	4319	5354	6381	7873	4278	5199	6124	7584
0:34:55	30.1	4076	5696	6874	8950	4288	5329	6399	7863	4294	5114	6050	7527
0:35:00	30.1	4030	5781	6968	8824	4295	5322	6363	7960	4331	5129	6070	7603
0:35:05	30.1	4127	5752	6944	8926	4245	5360	6463	7919	4276	5130	6090	7551
0:35:10	30.1	4110	5790	6939	8807	4212	5319	6415	7846	4182	5075	6059	7569
0:35:15	30.1	4109	5744	6881	8974	4299	5440	6408	7865	4227	5092	6165	7585
0:35:20	30.1	4058	5713	6961	8908	4274	5400	6385	7869	4267	5105	6143	7518
0:35:25	30.1	4023	5723	6835	8872	4328	5420	6379	7858	4304	5182	6072	7505
0:35:30	30.1	4089	5724	6918	8799	4286	5365	6338	8012	4281	5142	6125	7552
0:35:35	30.1	4016	5699	6873	8778	4307	5381	6392	7875	4333	5230	6207	7484
0:35:40	30.1	4108	5750	6923	8871	4350	5421	6377	7962	4254	5089	6082	7577
0:35:45	30.1	4013	5767	6787	8818	4320	5346	6277	7880	4255	5124	6092	7464
0:35:50	30.1	4090	5702	6910	8852	4274	5327	6316	7990	4374	5106	6066	7506
0:35:55	30.1	4009	5769	6889	8798	4271	5363	6331	7851	4229	5175	6134	7583
0:36:00	30.1	4018	5743	6861	8721	4291	5293	6435	7726	4259	5201	6018	7469
0:36:05	30.1	3969	5683	6848	8821	4327	5381	6454	7868	4241	5036	6045	7439
0:36:10	30.1	4002	5697	6809	8835	4320	5327	6436	7862	4204	5101	6108	7542
0:36:15	30.1	3976	5729	6887	8861	4268	5375	6289	7865	4241	5030	6029	7514
0:36:20	30.1	4010	5788	6797	8935	4323	5296	6417	7789	4301	5129	6010	7592
0:36:25	30.1	4062	5643	6847	8799	4244	5327	6358	7808	4223	5092	6075	7556
0:36:30	30.1	4053	5733	6816	8915	4257	5402	6410	7815	4219	5138	6094	7505
0:36:35	30.1	4012	5725	6820	8795	4298	5293	6311	7755	4250	5040	5943	7593
0:36:40	30.1	3955	5678	6726	8761	4292	5370	6335	7728	4178	5092	6123	7453
0:36:45	30.1	3996	5630	6787	8771	4263	5377	6331	7831	4328	5092	6017	7534
0:36:50	30.1	3969	5685	6864	8741	4288	5302	6392	7910	4215	5147	6069	7493
0:36:55	30.1	4015	5642	6920	8856	4247	5275	6491	7857	4271	5068	6012	7504
0:37:00	30.1	3963	5627	6768	8724	4325	5324	6311	7906	4256	5123	6000	7496
0:37:05	30.1	4004	5673	6857	8763	4325	5312	6336	7857	4199	5049	6076	7514
0:37:10	30.1	3969	5668	6777	8807	4242	5255	6321	7877	4273	5159	6023	7501
0:37:15	30.1	4075	5670	6715	8770	4319	5292	6283	7830	4300	5098	6009	7527
0:37:20	30.1	4037	5626	6673	8780	4261	5362	6298	7818	4215	5145	6053	7583
0:37:25	30.1	4023	5615	6770	8702	4299	5314	6330	7795	4260	5085	6090	7470
0:37:30	30.1	4016	5708	6806	8842	4246	5297	6404	7855	4230	5097	6107	7536
0:37:35	30.1	3997	5627	6857	8721	4262	5359	6331	7866	4231	5085	6070	7493
0:37:40	30.1	4055	5684	6753	8728	4288	5316	6298	7847	4313	5137	6089	7474
0:37:45	30.1	4061	5630	6748	8756	4356	5388	6423	7867	4230	5119	6061	7543
0:37:50	30.1	3975	5581	6732	8700	4302	5351	6333	7830	4256	5163	6169	7432
0:37:55	30.1	4021	5701	6736	8648	4275	5417	6256	7863	4209	5047	6077	7594
0:38:00	30.1	4008	5603	6783	8580	4349	5377	6352	7750	4235	5085	6062	7441
0:38:05	30.1	4015	5652	6711	8755	4305	5469	6276	7917	4163	5140	6096	7426
0:38:10	30.1	3902	5530	6766	8626	4356	5385	6381	7798	4201	5028	6032	7507
0:38:15	30.1	4000	5635	6655	8764	4241	5344	6319	7841	4218	5046	5949	7463
0:38:20	30.1	4026	5603	6750	8674	4323	5216	6350	7888	4245	5055	6078	7555
0:38:25	30.1	3933	5662	6708	8779	4308	5321	6310	7692	4206	5159	6072	7409
0:38:30	30.1	3956	5637	6693	8678	4298	5302	6334	7825	4212	5031	6037	7431
0:38:35	30.1	3980	5595	6694	8760	4346	5271	6335	7808	4270	5067	6012	7458
0:38:40	30.1	3991	5621	6673	8608	4284	5332	6294	7867	4239	5112	6017	7481
0:38:45	30.1	3942	5598	6690	8822	4228	5261	6368	7849	4256	5084	6055	7480
0:38:50	30.1	4075	5613	6734	8762	4304	5300	6303	7780	4287	5106	6039	7479
0:38:55	30.1	3991	5612	6840	8675	4197	5247	6300	7880	4228	5049	5944	7410
0:39:00	30.1	3913	5554	6628	8660	4282	5374	6368	7870	4154	5048	6079	7630
0:39:05	30.1	3987	5611	6700	8566	4275	5318	6350	7755	4162	5004	6059	7562
0:39:10	30.1	3992	5604	6681	8588	4275	5358	6376	7892	4239	5093	5997	7452
0:39:15	30.1	3973	5641	6685	8625	4287	5366	6251	7792	4165	5090	6002	7443
0:39:20	30.1	3968	5626	6674	8602	4267	5308	6363	7800	4227	5071	6070	7514
0:39:25	30.1	3969	5639	6697	8670	4250	5347	6371	7851	4227	5098	6016	7518
0:39:30	30.1	3934	5658	6666	8737	4304	5266	6387	7769	4251	5029	6028	7492
0:39:35	30.1	3921	5585	6615	8628	4225	5324	6314	7857	4247	5181	5999	7520
0:39:40	30.1	3918	5587	6669	8640	4298	5284	6324	7771	4225	5104	6027	7556
0:39:45	30.1	4007	5568	6544	8559	4249	5309	6286	7908	4236	5083	6020	7473
0:39:50	30.1	3948	5657	6797	8636	4226	5291	6362	7742	4232	5085	6152	7554
0:39:55	30.1	3986	5592	6727	8538	4249	5282	6305	7820	4221	5111	5936	7412
0:40:00	30.1	3981	5625	6644	8623	4195	5349	6297	7812	4182	5029	6030	7461
0:40:05	30.1	3937	5530	6626	8624	4321	5266	6255	7740	4256	5035	5973	7535
0:40:10	30.1	3917	5620	6751	8651	4208	5341	6237	7846	4247	5076	5930	7498
0:40:15	30.1	3925	5518	6691	8597	4233	5357	6293	7848	4252	5129	6003	7449
0:40:20	30.1	4017	5519	6708	8601	4202	5319	6387	7696	4245	5194	6054	7494
0:40:25	30.1	3981	5480	6650	8564	4247	5328	6356	7897	4220	5068	5972	7429
0:40:30	30.2	3925	5570	6579	8669	4209	5259	6325	7891	4244	5032	6093	7491
0:40:35	30.1	3942	5577	6741	8670	4253	5263	6387	7811	4229	5097	6009	7401
0:40:40	30.1	3919	5544	6753	8749	4293	5266	6408	7821	4212	5011	6002	7438
0:40:45	30.1	3917	5536	6688	8716	4196	5240	6311	7892	4177	5042	6042	7521
0:40:50	30.1	3939	5505	6648	8569	4289	5274	6329	7755	4169	5109	5948	7494
0:40:55	30.1	3881	5546	6772	8608	4314	5329	6384	7712	4194	5166	6034	7438
0:41:00	30.1	3924	5569	6648	8468	4285	5339	6339	7840	4233	5132	5929	7429
0:41:05	30.1	3923	5512	6639	8569	4282	5269	6372	7876	4230	4970	6045	7389
0:41:10	30.1	3932	5538	6637	8644	4313	5252	6240	7779	4202	5042	6162	7379
0:41:15	30.1	3929	5536	6657	8524	4252	5269	6377	7827	4231	5052	6061	7378
0:41:20	30.2	3895	5544	6546	8606	4236	5316	6255	7827	4312	5122	6049	7484
0:41:25	30.2	3953	5619	6567	8637	4261	5371	6372	7812	4230	5065	5980	7444
0:41:30	30.1	3986	5474	6557	8604	4268	5284	6289	7720	4294	5151	5903	7468
0:41:35	30.1	3932	5478	6601	8623	4214	5344	6411	7802	4259	5030	6052	7476
0:41:40	30.1	3895	5560	6685	8592	4307	5329	6367	7755	4267	5120	6035	7358
0:41:45	30.1	3884	5514	6662	8557	4194	5330	6236	7904	4242	5037	6059	7426
0:41:50	30.1	3895	5521	6642	8424	4281	5257	6332	7740	4172	5064	6035	7407
0:41:55	30.1	3882	5505	6547	8557	4238	5320	6401	7755	4259	5091	6011	7476
0:42:00	30.1	3867	5490	6620	8580	4242	5271	6420	7731	4167	5088	6044	7402
0:42:05	30.1	3928	5570	6578	8574	4308	5345	6358	7820	4199	5006	6030	7522
0:42:10	30.1	3860	5493	6606	8675	4271	5311	6330	7833	4193	5063	5992	7502
0:42:15	30.1	3961	5508	6650	8562	4215	5359	6261	7738	4228	5033	5987	7435
0:42:20	30.1	3952	5511	6598	8544	4188	5224	6385	7745	4295	5189	6004	7419
0:42:25	30.1	3885	5568	6662	8602	4254	5266	6273	7795	4218	5125	6028	7384
0:42:30	30.1	3857	5577	6505	8527	4267	5283	6368	7807	4266	5035	6048	7478
0:42:35	30.1	3813	5514	6680	8540	4219	5266	6367	7745	4217	5055	6035	7534
0:42:40	30.1	3899	5542	6663	8476	4249	5287	6309	7711	4270	4987	6020	7454
0:42:45	30.1	3897	5517	6546	8550	4223	5321	6299	7771	4186	5064	6028	7561
0:42:50	30.1	3946	5520	6592	8517	4198	5401	6338	7824	4249	5082	6029	7413
0:42:55	30.1	3866	5477	6715	8542	4215	5271	6296	7880	4188	5078	5985	7304
0:43:00	30.1	3890	5494	6613	8614	4215	5256	6374	7845	4222	5110	5992	7446
0:43:05	30.1	3911	5464	6524	8455	4326	5306	6376	7669	4224	5035	6018	7459
0:43:10	30.1	3897	5471	6537	8445	4272	5347	6228	7786	4223	5134	5922	7422
0:43:15	30.1	3902	5516	6562	8456	4292	5268	6295	7778	4209	5134	6079	7412
0:43:20	30.1	3866	5501	6585	8473	4247	5335	6245	7788	4181	5074	6073	7431
0:43:25	30.1	3877	5572	6554	8441	4343	5387	6320	7693	4188	5084	5981	7443
0:43:30	30.1	3858	5413	6478	8530	4301	5266	6281	7817	4251	5072	6007	7394
0:43:35	30.1	3852	5419	6501	8538	4276	5235	6244	7778	4265	5010	6041	7460
0:43:40	30.1	3892	5479	6593	8433	4229	5272	6187	7772	4281	4973	6055	7475
0:43:45	30.1	3882	5391	6544	8490	4201	5328	6282	7731	4198	5069	6059	7362
0:43:50	30.1	3851	5371	6569	8483	4278	5329	6324	7762	4256	5125	6038	7532
0:43:55	30.1	3886	5479	6559	8483	4209	5238	6309	7743	4220	4986	5989	7478
0:44:00	30.1	3948	5424	6517	8378	4221	5209	6196	7833	4181	5116	5973	7470
0:44:05	30.1	3917	5479	6590	8541	4321	5302	6309	7808	4191	5090	6033	7457
0:44:10	30.1	3890	5477	6546	8540	4202	5296	6303	7764	4196	5116	6033	7617
0:44:15	30.1	3841	5472	6591	8460	4198	5335	6273	7728	4243	5055	5974	7377
0:44:20	30.1	3952	5381	6440	8427	4189	5236	6360	7714	4182	5088	5997	7545
0:44:25	30.1	3925	5465	6504	8386	4288	5207	6244	7801	4184	4942	6022	7546
0:44:30	30.1	3871	5358	6428	8441	4274	5292	6321	7843	4213	5021	5981	7351
0:44:35	30.1	3907	5414	6555	8404	4248	5312	6291	7676	4236	5012	5958	7439
0:44:40	30.1	3878	5464	6577	8356	4112	5271	6278	7708	4177	5061	5973	7400
0:44:45	30.1	3905	5482	6532	8331	4268	5253	6276	7740	4223	5066	5903	7435
0:44:50	30.1	3912	5451	6512	8395	4218	5259	6252	7744	4181	5098	5949	7408
0:44:55	30.1	3793	5465	6477	8347	4224	5280	6292	7682	4129	5010	5986	7451
0:45:00	30.1	3807	5450	6461	8502	4182	5271	6270	7799	4225	5070	5973	7481
0:45:05	30.1	3856	5405	6478	8540	4280	5343	6396	7681	4206	5044	6089	7326
0:45:10	30.1	3947	5436	6557	8235	4158	5257	6312	7765	4275	5036	5997	7485
0:45:15	30.1	3836	5409	6506	8554	4239	5246	6297	7872	4208	5038	6047	7421
0:45:20	30.1	3899	5461	6464	8406	4292	5318	6271	7716	4205	5073	5994	7365
0:45:25	30.1	3877	5414	6466	8400	4199	5250	6315	7717	4149	5071	5841	7505
0:45:30	30.1	3852	5447	6475	8410	4208	5300	6321	7760	4219	5120	6023	7399
0:45:35	30.1	3863	5405	6593	8395	4245	5275	6249	7838	4161	5091	6038	7504
0:45:40	30.1	3875	5487	6460	8452	4201	5316	6363	7594	4245	5106	6013	7450
0:45:45	30.1	3800	5469	6403	8397	4256	5180	6300	7756	4118	5028	6034	7404
0:45:50	30.1	3884	5297	6496	8389	4247	5232	6248	7888	4265	5042	5928	7392
0:45:55	30.1	3912	5494	6378	8431	4227	5195	6313	7758	4175	5030	5990	7426
0:46:00	30.1	3864	5469	6465	8351	4244	5288	6234	7624	4221	5030	6024	7420
0:46:05	30.1	3832	5409	6480	8322	4228	5336	6283	7811	4209	5011	5998	7395
0:46:10	30.1	3907	5480	6467	8450	4247	5266	6130	7754	4212	4981	5958	7589
0:46:15	30.1	3818	5461	6465	8323	4207	5275	6367	7805	4158	4992	5990	7457
0:46:20	30.1	3863	5408	6480	8285	4304	5247	6306	7691	4195	5036	6032	7462
0:46:25	30.1	3827	5393	6434	8360	4230	5253	6320	7760	4123	4970	5959	7449
0:46:30	30.1	3872	5416	6399	8465	4163	5288	6180	7707	4151	5008	6008	7362
0:46:35	30.1	3890	5484	6573	8329	4188	5248	6285	7735	4195	5053	5942	7452
0:46:40	30.1	3827	5367	6495	8411	4209	5336	6323	7702	4107	5050	6068	7361
0:46:45	30.1	3814	5482	6426	8183	4277	5245	6234	7621	4160	5012	6064	7456
0:46:50	30.1	3838	5329	6511	8218	4146	5214	6245	7738	4194	5009	6028	7411
0:46:55	30.1	3848	5423	6430	8298	4240	5360	6250	7713	4170	5068	6028	7377
0:47:00	30.1	3837	5473	6474	8288	4208	5213	6265	7709	4236	5012	5993	7393
0:47:05	30.1	3820	5393	6487	8320	4188	5278	6246	7731	4285	5052	5987	7419
0:47:10	30.1	3825	5336	6416	8281	4229	5238	6254	7608	4191	4993	5945	7407
0:47:15	30.1	3755	5400	6527	8362	4230	5319	6155	7732	4183	5062	6016	7486
0:47:20	30.1	3828	5316	6473	8307	4223	5284	6308	7826	4188	5051	6010	7401
0:47:25	30.1	3867	5346	6338	8330	4173	5247	6294	7745	4231	5096	6021	7412
0:47:30	30.1	3797	5384	6486	8244	4233	5319	6229	7741	4231	5080	5976	7405
0:47:35	30.1	3878	5475	6430	8225	4215	5294	6201	7796	4195	4967	5929	7454
0:47:40	30.1	3827	5345	6388	8326	4239	5211	6269	7727	4165	4992	5966	7390
0:47:45	30.1	3836	5473	6480	8374	4167	5285	6347	7745	4159	5009	5978	7457
0:47:50	30.1	3861	5353	6422	8222	4220	5177	6232	7609	4128	5005	5978	7443
0:47:55	30.1	3789	5310	6361	8320	4206	5261	6372	7684	4245	5054	5944	7451
0:48:00	30.1	3818	5459	6394	8340	4235	5254	6281	7666	4198	5004	6018	7383
0:48:05	30.1	3847	5331	6481	8239	4157	5370	6339	7714	4227	5059	5971	7436
0:48:10	30.1	3793	5419	6402	8232	4198	5248	6263	7715	4261	5118	5947	7319
0:48:15	30.1	3868	5432	6439	8322	4266	5235	6198	7747	4186	5003	5966	7431
0:48:20	30.1	3756	5431	6338	8453	4151	5281	6364	7727	4206	5008	5939	7354
0:48:25	30.1	3749	5424	6448	8258	4265	5275	6314	7698	4193	5044	5981	7372
0:48:30	30.1	3796	5381	6342	8311	4228	5252	6258	7699	4195	5050	5945	7538
0:48:35	30.1	3756	5292	6409	8260	4204	5187	6302	7712	4295	4972	5863	7341
0:48:40	30.1	3764	5436	6429	8254	4190	5140	6196	7753	4206	5085	6020	7426
0:48:45	30.1	3797	5312	6399	8276	4299	5246	6320	7679	4229	4991	5924	7451
0:48:50	30.1	3791	5363	6413	8352	4278	5279	6226	7774	4183	5022	5917	7309
0:48:55	30.1	3834	5324	6505	8264	4133	5337	6254	7844	4212	5013	5959	7433
0:49:00	30.1	3834	5304	6352	8276	4237	5211	6241	7770	4187	5034	5969	7412
0:49:05	30.1	3876	5311	6435	8285	4139	5256	6181	7739	4183	5013	5921	7404
0:49:10	30.1	3872	5321	6457	8171	4275	5259	6253	7606	4184	5003	5974	7376
0:49:15	30.1	3766	5281	6390	8124	4194	5212	6252	7774	4204	5029	5940	7361
0:49:20	30.1	3800	5347	6339	8102	4142	5249	6132	7646	4211	5031	5970	7313
0:49:25	30.1	3789	5281	6428	8248	4196	5258	6098	7694	4136	5024	5956	7317
0:49:30	30.1	3852	5285	6416	8163	4148	5245	6286	7688	4198	4898	5916	7411
0:49:35	30.1	3777	5350	6362	8242	4245	5192	6262	7813	4105	4993	5940	7419
0:49:40	30.1	3854	5384	6379	8361	4145	5185	6163	7657	4265	5004	5932	7307
0:49:45	30.1	3763	5354	6276	8239	4232	5225	6362	7653	4220	5144	5998	7400
0:49:50	30.1	3801	5298	6384	8296	4151	5331	6188	7697	4091	4998	6040	7439
0:49:55	30.1	3801	5344	6265	8355	4201	5191	6217	7646	4212	4944	5910	7406
0:50:00	30.1	3746	5259	6400	8170	4191	5260	6270	7667	4294	4939	5990	7396
0:50:05	30.1	3777	5278	6447	8232	4239	5215	6298	7712	4162	4966	6019	7412
0:50:10	30.1	3854	5254	6351	8229	4233	5274	6215	7641	4187	5018	5949	7320
0:50:15	30.1	3778	5338	6284	8082	4111	5184	6217	7671	4210	5004	5941	7443
0:50:20	30.1	3853	5342	6452	8163	4256	5198	6227	7645	4066	5078	5943	7398
0:50:25	30.1	3837	5342	6230	8216	4178	5177	6241	7734	4252	5020	6035	7321
0:50:30	30.1	3713	5239	6281	8124	4221	5147	6180	7695	4203	4944	5905	7458
0:50:35	30.1	3770	5269	6401	8115	4227	5261	6258	7534	4201	4987	5986	7355
0:50:40	30.1	3718	5311	6524	8249	4162	5236	6219	7706	4183	4981	6008	7402
0:50:45	30.1	3760	5317	6330	8175	4259	5223	6314	7719	4203	5002	5915	7449
0:50:50	30.1	3826	5295	6363	8292	4202	5235	6254	7780	4106	4906	5964	7387
0:50:55	30.1	3785	5353	6351	8227	4176	5187	6205	7755	4164	4976	6014	7330
0:51:00	30.1	3823	5328	6255	8167	4194	5179	6260	7586	4191	5055	5920	7281
0:51:05	30.1	3757	5401	6338	8118	4121	5231	6237	7655	4195	5035	6033	7280
0:51:10	30.1	3748	5265	6354	8256	4186	5193	6255	7716	4215	5027	5929	7296
0:51:15	30.1	3801	5293	6437	8215	4218	5209	6142	7590	4179	5007	5977	7404
0:51:20	30.1	3765	5270	6380	8291	4175	5216	6205	7607	4175	5053	5921	7397
0:51:25	30.1	3786	5299	6215	8090	4123	5237	6245	7621	4159	4969	5944	7360
0:51:30	30.1	3780	5195	6393	8266	4251	5134	6208	7736	4164	5069	5955	7418
0:51:35	30.1	3811	5257	6357	8211	4193	5159	6237	7678	4191	5038	6045	7279
0:51:40	30.1	3767	5332	6312	8273	4205	5191	6236	7703	4176	4961	5904	7282
0:51:45	30.1	3798	5293	6313	8144	4240	5250	6130	7684	4190	4937	5947	7403
0:51:50	30.1	3766	5323	6304	8130	4166	5228	6232	7659	4158	5042	5923	7323
0:51:55	30.1	3792	5320	6387	8156	4099	5248	6192	7707	4137	4993	5923	7301
0:52:00	30.1	3776	5305	6303	8225	4230	5247	6215	7740	4153	4986	5943	7428
0:52:05	30.1	3773	5305	6278	8100	4174	5198	6250	7711	4218	4958	5914	7316
0:52:10	30.1	3773	5169	6273	8201	4156	5211	6239	7626	4188	5161	6018	7263
0:52:15	30.1	3771	5213	6294	8226	4155	5245	6211	7678	4198	5014	5958	7373
0:52:20	30.1	3778	5196	6413	8289	4201	5214	6221	7761	4145	5001	5962	7455
0:52:25	30.1	3711	5290	6259	8192	4182	5182	6234	7741	4211	4996	5956	7289
0:52:30	30.1	3841	5279	6347	8062	4291	5177	6323	7623	4206	4972	5922	7439
0:52:35	30.1	3769	5318	6363	8134	4161	5282	6222	7678	4210	4902	5893	7386
0:52:40	30.1	3834	5284	6322	8193	4156	5203	6119	7565	4211	5046	5921	7364
0:52:45	30.1	3726	5358	6309	8186	4221	5177	6159	7637	4238	4986	5975	7384
0:52:50	30.1	3723	5258	6310	8158	4228	5222	6189	7702	4189	5003	5907	7248
0:52:55	30.1	3739	5288	6247	8151	4254	5207	6210	7654	4137	4963	5901	7348
0:53:00	30.1	3752	5291	6279	8222	4265	5191	6245	7645	4129	4999	6000	7356
0:53:05	30.1	3778	5264	6319	8094	4228	5237	6196	7660	4106	5068	5883	7373
0:53:10	30.1	3794	5249	6336	8092	4237	5184	6182	7514	4157	4968	5952	7390
0:53:15	30.1	3738	5314	6154	8117	4237	5268	6314	7688	4166	5076	5973	7309
0:53:20	30.1	3692	5267	6269	8160	4230	5243	6191	7724	4161	5043	5872	7295
0:53:25	30.1	3772	5219	6280	8159	4183	5229	6316	7710	4233	4993	5899	7483
0:53:30	30.1	3788	5282	6363	8129	4189	5221	6169	7737	4128	5007	5943	7321
0:53:35	30.1	3794	5273	6250	8198	4196	5215	6268	7681	4154	4944	5913	7354
0:53:40	30.1	3773	5316	6299	8156	4128	5197	6274	7710	4201	5030	5914	7418
0:53:45	30.1	3725	5194	6259	8161	4131	5202	6214	7717	4134	4967	5990	7410
0:53:50	30.1	3769	5224	6315	8124	4158	5100	6230	7609	4167	4995	5952	7422
0:53:55	30.1	3781	5229	6256	8076	4136	5190	6188	7716	4231	4946	5947	7498
0:54:00	30.1	3800	5299	6225	8135	4211	5295	6216	7634	4150	5033	5938	7337
0:54:05	30.1	3742	5192	6296	8068	4110	5192	6152	7650	4186	5014	6013	7421
0:54:10	30.1	3736	5209	6317	8161	4231	5236	6264	7638	4170	5012	5964	7284
0:54:15	30.1	3756	5112	6304	8195	4227	5206	6261	7547	4137	4961	5942	7348
0:54:20	30.1	3816	5253	6310	8061	4140	5176	6264	7710	4117	4995	5987	7384
0:54:25	30.1	3806	5147	6356	8087	4164	5309	6159	7607	4170	5021	5951	7377
0:54:30	30.1	3723	5261	6351	7890	4161	5266	6256	7609	4134	5026	5958	7362
0:54:35	30.1	3757	5284	6278	8065	4144	5205	6261	7690	4194	5038	5907	7454
0:54:40	30.1	3736	5275	6194	8227	4155	5250	6341	7694	4088	4963	6009	7336
0:54:45	30.1	3765	5247	6382	8151	4134	5208	6257	7665	4169	5023	5856	7288
0:54:50	30.1	3706	5211	6311	8054	4233	5176	6163	7613	4131	4966	5881	7363
0:54:55	30.1	3785	5309	6253	8097	4184	5204	6174	7620	4167	5004	5921	7256
0:55:00	30.1	3715	5226	6307	8203	4163	5217	6134	7541	4159	4954	5936	7444
0:55:05	30.1	3745	5315	6293	8048	4226	5209	6218	7643	4135	5047	5966	7377
0:55:10	30.1	3709	5327	6279	8151	4202	5196	6212	7611	4174	5001	5908	7343
0:55:15	30.1	3784	5293	6268	8151	4261	5264	6128	7838	4115	4974	5913	7280
0:55:20	30.1	3860	5259	6279	8028	4256	5229	6152	7585	4077	4953	5950	7281
0:55:25	30.1	3744	5210	6086	8061	4238	5157	6193	7656	4130	5007	5879	7277
0:55:30	30.1	3771	5107	6369	8129	4176	5198	6138	7671	4089	5019	5839	7321
0:55:35	30.1	3681	5273	6208	8106	4170	5212	6239	7674	4175	4998	5865	7371
0:55:40	30.1	3758	5235	6274	8022	4165	5202	6239	7645	4151	4996	5876	7292
0:55:45	30.1	3692	5222	6190	8228	4148	5201	6152	7637	4086	5019	5935	7245
0:55:50	30.1	3744	5207	6251	8159	4183	5179	6172	7564	4209	5032	5965	7342
0:55:55	30.1	3736	5232	6256	8127	4220	5149	6199	7643	4212	5000	5993	7238
0:56:00	30.1	3746	5226	6170	7953	4224	5191	6182	7685	4114	4986	5970	7291
0:56:05	30.1	3756	5224	6307	7935	4189	5169	6245	7659	4137	4966	5949	7394
0:56:10	30.1	3786	5120	6236	8016	4211	5110	6158	7607	4168	4918	5920	7356
0:56:15	30.1	3713	5221	6205	8011	4191	5177	6130	7587	4153	4917	5962	7239
0:56:20	30.1	3715	5120	6294	8097	4127	5186	6116	7673	4112	4985	5891	7313
0:56:25	30.1	3791	5194	6248	8111	4103	5110	6237	7546	4197	5003	5961	7473
0:56:30	30.1	3787	5142	6215	8035	4109	5079	6128	7590	4156	4974	5851	7313
0:56:35	30.1	3777	5240	6241	8099	4220	5189	6206	7666	4187	4970	5881	7307
0:56:40	30.1	3724	5289	6142	8145	4163	5160	6191	7621	4225	5077	5926	7298
0:56:45	30.1	3709	5198	6233	8132	4217	5192	6246	7558	4166	4987	5979	7326
0:56:50	30.1	3771	5204	6115	7938	4247	5183	6176	7482	4197	4991	5973	7376
0:56:55	30.1	3782	5282	6181	8056	4184	5197	6185	7702	4080	4982	5932	7249
0:57:00	30.1	3715	5275	6222	8105	4118	5168	6177	7617	4161	5059	5920	7345
0:57:05	30.1	3789	5297	6223	7977	4125	5251	6176	7643	4221	4925	5839	7286
0:57:10	30.1	3726	5214	6238	8073	4158	5188	6235	7595	4144	4981	5945	7373
0:57:15	30.1	3729	5231	6268	8001	4241	5065	6155	7548	4133	4996	5878	7414
0:57:20	30.1	3673	5236	6170	8001	4125	5120	6201	7577	4152	4982	5942	7309
0:57:25	30.1	3680	5231	6203	7880	4125	5212	6178	7527	4198	5008	5816	7277
0:57:30	30.1	3686	5310	6256	8076	4167	5134	6240	7556	4154	4947	5883	7327
0:57:35	30.1	3699	5287	6202	8062	4113	5211	6121	7607	4165	5001	5947	7305
0:57:40	30.1	3691	5231	6174	8007	4187	5179	6214	7506	4102	4953	5829	7317
0:57:45	30.1	3761	5245	6097	7913	4128	5208	6197	7642	4160	4975	5901	7396
0:57:50	30.1	3719	5263	6272	7887	4099	5180	6113	7670	4182	5022	5896	7331
0:57:55	30.1	3713	5164	6240	8010	4255	5195	6129	7637	4229	4941	5860	7281
0:58:00	30.1	3651	5195	6255	7924	4124	5163	6106	7566	4236	5022	5945	7278
0:58:05	30.1	3724	5193	6199	8071	4151	5259	6178	7714	4147	4993	5920	7249
0:58:10	30.1	3719	5218	6271	8059	4181	5128	6263	7543	4248	4988	5888	7283
0:58:15	30.1	3731	5183	6194	8013	4173	5211	6104	7637	4201	4995	5845	7304
0:58:20	30.1	3669	5217	6200	8008	4196	5286	6243	7581	4152	4909	5974	7279
0:58:25	30.1	3740	5156	6155	8003	4197	5153	6179	7689	4147	5029	5910	7326
0:58:30	30.1	3758	5110	6193	8090	4106	5201	6103	7675	4174	4982	5876	7358
0:58:35	30.1	3673	5225	6168	8039	4118	5067	6271	7617	4171	5042	5880	7339
0:58:40	30.1	3622	5224	6151	7955	4232	5161	6156	7731	4132	4994	5918	7294
0:58:45	30.1	3703	5267	6134	8106	4124	5168	6212	7616	4092	4963	5781	7215
0:58:50	30.1	3702	5278	6241	7958	4193	5201	6101	7637	4196	4935	5866	7361
0:58:55	30.1	3665	5195	6144	7940	4036	5208	6133	7641	4185	4933	5953	7384
0:59:00	30.1	3641	5152	6235	7949	4184	5175	6114	7644	4132	4994	5893	7351
0:59:05	30.1	3705	5153	6146	8007	4149	5128	6107	7560	4160	5041	5931	7264
0:59:10	30.1	3744	5187	6156	7993	4220	5064	6173	7647	4131	4953	5809	7267
0:59:15	30.1	3772	5173	6098	7985	4137	5280	6253	7545	4111	4997	6006	7310
0:59:20	30.1	3700	5247	6278	8005	4125	5180	6136	7576	4123	5010	5933	7325
0:59:25	30.1	3687	5125	6197	7976	4260	5198	6203	7638	4143	4995	5885	7288
0:59:30	30.1	3693	5179	6270	8055	4180	5147	6256	7549	4167	4916	5895	7341
0:59:35	30.1	3679	5127	6133	7839	4152	5208	6137	7611	4086	5000	5933	7199
0:59:40	30.1	3738	5140	6204	7921	4135	5136	6118	7580	4161	5054	5899	7139
0:59:45	30.1	3684	5156	6208	7907	4138	5093	6239	7687	4130	5016	5872	7344
0:59:50	30.1	3672	5172	6164	7871	4183	5187	6243	7661	4164	4972	5951	7287
0:59:55	30.1	3688	5108	6115	8008	4154	5091	6119	7564	4186	4957	5919	7397
1:00:00	30.1	3698	5148	6146	7974	4182	5118	6146	7642	4093	4995	5843	7313

Results
	1	2	3	4	5	6	7	8	9	10	11	12
A	-2472000.000	3024000.000	-3504000.000	4932000.000	2412000.000	-3156000.000	3036000.000	-3768000.000	-2508000.000	-2856000.000	-2928000.000	-3828000.000	Max V [295,335]
	1.000	1.000	1.000	1.000	1.000	1.000	1.000	1.000	1.000	1.000	1.000	1.000	R-Squared [295,335]
	0:23:03	0:03:18	0:03:03	0:12:03	0:31:23	0:00:13	0:31:13	0:03:18	0:00:03	0:00:28	0:00:43	0:01:33	t at Max V [295,335]
	0:22:09	0:03:25	0:02:58	0:12:24	0:32:10	0:00:07	0:32:11	0:02:36	0:00:00	0:00:16	0:00:25	0:01:09	Lagtime [295,335]
B													Max V [295,335]
													R-Squared [295,335]
													t at Max V [295,335]
													Lagtime [295,335]
C													Max V [295,335]
													R-Squared [295,335]
													t at Max V [295,335]
													Lagtime [295,335]
D													Max V [295,335]
													R-Squared [295,335]
													t at Max V [295,335]
													Lagtime [295,335]
E													Max V [295,335]
													R-Squared [295,335]
													t at Max V [295,335]
													Lagtime [295,335]
F													Max V [295,335]
													R-Squared [295,335]
													t at Max V [295,335]
													Lagtime [295,335]
G													Max V [295,335]
													R-Squared [295,335]
													t at Max V [295,335]
													Lagtime [295,335]
H													Max V [295,335]
													R-Squared [295,335]
													t at Max V [295,335]
													Lagtime [295,335]

