

Software Version	3.03.14



Experiment File Path:	C:\Users\Public\Documents\Experiments\Tina\20180827_GEF_FRET_assay4.xpt
Protocol File Path:	C:\Users\Public\Documents\Protocols\Tina\GEF_FRET_assay.prt



Plate Number	Plate 1
Date	8/27/2018
Time	1:35:53 PM
Reader Type:	Synergy H1
Reader Serial Number:	1803011C
Reading Type	Reader

Procedure Details

Plate Type	96 WELL PLATE
Set Temperature	Setpoint 30°C
	Preheat before moving to next step
Start Kinetic	Runtime 0:30:00 (HH:MM:SS), Interval 0:00:05, 361 Reads
    Read	Fluorescence Endpoint
	G1..G12
	Filter Set 1
	    Excitation: 295,  Emission: 335
	    Optics: Top,  Gain: 80
	Light Source: Xenon Flash,  Lamp Energy: High
	Read Speed: Normal,  Delay: 0 msec,  Measurements/Data Point: 5
	Read Height: 8 mm
End Kinetic	

Layout
	1	2	3	4	5	6	7	8	9	10	11	12
A													Well ID
B													Well ID
C													Well ID
D													Well ID
E													Well ID
F													Well ID
G	SPL1	SPL2	SPL3	SPL4	SPL5	SPL6	SPL7	SPL8	SPL9	SPL10	SPL11	SPL12	Well ID
H													Well ID

295,335

Time	T° 295,335	G1	G2	G3	G4	G5	G6	G7	G8	G9	G10	G11	G12
0:00:00	30.0		9149	10880	14477	5743	6963	8120	9090	3954	4607	5200	6762
0:00:05	30.0	7260	9212	10814	14622	5626	6944	8073	9032	3870	4585	5207	6626
0:00:10	30.0	7222	9189	10926	14517	5608	6768	8027	8932	3780	4451	5127	6562
0:00:15	30.0	7080	9067	10838	14481	5521	6635	7757	8965	3775	4403	5037	6486
0:00:20	30.0	6918	8944	10647	14383	5450	6638	7671	8758	3667	4362	4987	6440
0:00:25	30.0	6878	8906	10636	14226	5434	6544	7627	8689	3614	4253	4896	6533
0:00:30	30.0	6812	8865	10409	13901	5301	6445	7549	8659	3591	4262	4875	6350
0:00:35	30.0	6694	8744	10527	13911	5297	6282	7509	8477	3461	4156	4805	6265
0:00:40	30.0	6793	8519	10385	13726	5188	6253	7409	8455	3469	4098	4727	6242
0:00:45	30.0	6644	8481	10357	13679	5067	6185	7352	8335	3381	4154	4575	6193
0:00:50	30.0	6555	8476	10200	13612	4974	6054	7228	8238	3336	4009	4674	6107
0:00:55	30.0	6543	8317	10088	13463	4899	6032	7299	8124	3274	3938	4635	6120
0:01:00	30.0	6426	8179	9962	13302	5011	6022	7122	8088	3297	3912	4615	5902
0:01:05	30.0	6412	8234	9871	13383	4823	5933	7076	8139	3212	3786	4526	6030
0:01:10	30.0	6491	8109	9810	13211	4772	5872	7093	7955	3155	3831	4504	5953
0:01:15	30.0	6228	8069	9625	13090	4719	5772	7013	7868	3190	3826	4530	5802
0:01:20	30.0	6268	8077	9596	13027	4731	5722	6952	7857	3176	3785	4425	5811
0:01:25	30.0	6129	7807	9555	12944	4693	5692	6840	7756	3160	3702	4367	5715
0:01:30	30.0	6032	7936	9460	12905	4675	5639	6919	7753	3110	3687	4406	5660
0:01:35	30.0	6040	7807	9422	12797	4631	5620	6839	7641	3075	3646	4368	5716
0:01:40	30.0	5946	7731	9399	12808	4560	5543	6740	7530	3088	3615	4226	5656
0:01:45	30.0	5970	7653	9287	12707	4663	5434	6692	7601	2999	3685	4326	5545
0:01:50	30.0	5802	7680	9247	12817	4577	5516	6695	7640	3008	3616	4236	5602
0:01:55	30.0	5847	7636	9180	12667	4482	5487	6634	7529	2967	3560	4185	5489
0:02:00	30.0	5757	7648	9042	12611	4540	5543	6677	7457	2945	3550	4260	5527
0:02:05	30.0	5718	7497	8975	12547	4538	5428	6532	7495	2940	3516	4166	5431
0:02:10	30.0	5680	7572	9051	12317	4415	5456	6611	7299	2916	3522	4098	5407
0:02:15	30.0	5635	7486	8952	12410	4421	5396	6546	7301	2894	3486	4078	5389
0:02:20	30.0	5507	7359	8879	12259	4399	5372	6437	7353	2895	3517	4133	5338
0:02:25	30.0	5536	7348	8883	12325	4360	5304	6477	7238	2862	3502	4083	5362
0:02:30	30.0	5447	7268	8819	12201	4374	5261	6434	7275	2830	3430	4090	5257
0:02:35	30.0	5484	7168	8726	12170	4315	5296	6369	7185	2845	3438	4049	5245
0:02:40	30.0	5356	7253	8591	11995	4251	5159	6412	7131	2815	3409	4032	5095
0:02:45	30.0	5355	7109	8740	12044	4269	5277	6358	7124	2841	3401	3990	5174
0:02:50	30.0	5343	7123	8685	11924	4290	5180	6319	7145	2838	3382	4000	5245
0:02:55	30.0	5331	7038	8706	11840	4276	5286	6334	6938	2853	3365	3997	5062
0:03:00	30.0	5270	7072	8663	11680	4260	5210	6371	7092	2804	3341	3961	5038
0:03:05	30.0	5223	7036	8528	11740	4154	5124	6347	7040	2797	3344	4005	5142
0:03:10	30.0	5197	6930	8510	11617	4228	5149	6324	7048	2749	3371	3861	5046
0:03:15	30.0	5190	6879	8462	11611	4187	5103	6282	7019	2787	3342	3970	4997
0:03:20	30.0	5183	6917	8315	11612	4207	5180	6138	7049	2785	3345	3920	5005
0:03:25	30.0	5116	6879	8453	11532	4114	5051	6169	6930	2759	3334	3888	4953
0:03:30	30.0	5070	6895	8315	11460	4255	5123	6282	7019	2711	3321	3834	4944
0:03:35	30.0	5106	6811	8258	11558	4266	5055	6187	7007	2721	3237	3864	4973
0:03:40	30.0	5047	6795	8330	11315	4150	5030	6203	6918	2711	3260	3798	4907
0:03:45	30.0	4991	6774	8061	11508	4161	5087	6107	6921	2655	3286	3740	4950
0:03:50	30.0	4967	6676	8187	11275	4216	5044	6171	6853	2807	3211	3811	4934
0:03:55	30.0	5010	6654	8186	11279	4135	5056	6171	6928	2777	3250	3787	4865
0:04:00	30.0	4944	6676	8074	11176	4140	5004	6091	6808	2680	3297	3865	4781
0:04:05	30.0	5063	6612	8064	11226	4121	4994	6013	6854	2722	3207	3780	4800
0:04:10	30.0	4895	6602	8050	11118	4111	4970	6143	6855	2742	3244	3769	4825
0:04:15	30.0	4897	6651	8108	11217	4130	4967	6038	6767	2714	3203	3727	4815
0:04:20	30.0	4897	6613	7894	10968	4118	4946	6035	6746	2711	3223	3771	4861
0:04:25	30.0	4853	6472	7997	11089	4073	4972	6017	6831	2679	3147	3790	4811
0:04:30	30.0	4845	6497	7912	11048	4138	4927	6045	6777	2673	3204	3724	4805
0:04:35	30.0	4833	6487	7891	10919	4109	5053	6002	6829	2652	3180	3717	4747
0:04:40	30.0	4865	6561	7778	10916	4066	4943	5946	6741	2659	3177	3775	4783
0:04:45	30.0	4809	6486	7811	10974	4119	4978	6112	6759	2666	3143	3703	4734
0:04:50	30.0	4867	6493	7754	10991	4074	4976	5994	6768	2712	3162	3748	4745
0:04:55	30.0	4786	6437	7832	10896	4148	4972	5958	6777	2715	3172	3628	4776
0:05:00	30.0	4676	6508	7828	10871	4081	4960	5964	6798	2726	3153	3676	4691
0:05:05	30.0	4739	6493	7841	10710	4056	4972	5994	6737	2670	3179	3685	4719
0:05:10	30.0	4753	6407	7720	10750	4131	4924	5936	6696	2633	3141	3666	4718
0:05:15	30.0	4798	6401	7673	10759	4091	4931	5972	6723	2669	3187	3718	4685
0:05:20	30.0	4804	6306	7778	10741	4107	4926	6020	6767	2699	3226	3655	4738
0:05:25	30.0	4721	6284	7656	10769	4057	4877	5920	6676	2628	3120	3669	4711
0:05:30	30.0	4719	6234	7686	10730	4055	4852	5975	6735	2573	3151	3667	4654
0:05:35	30.0	4751	6300	7635	10501	4084	4971	5940	6726	2672	3122	3676	4630
0:05:40	30.0	4684	6376	7724	10495	4080	4879	5964	6674	2636	3158	3646	4730
0:05:45	30.0	4580	6298	7699	10538	4116	4938	5960	6724	2674	3127	3696	4639
0:05:50	30.0	4725	6196	7581	10476	4107	4968	5914	6609	2679	3148	3633	4661
0:05:55	30.0	4687	6255	7682	10585	4128	4933	5945	6660	2582	3142	3631	4568
0:06:00	30.0	4715	6280	7645	10601	4095	4892	5916	6710	2647	3141	3617	4613
0:06:05	30.0	4581	6188	7611	10556	4092	4860	5872	6634	2626	3171	3568	4685
0:06:10	30.0	4710	6256	7551	10423	4097	4928	5934	6677	2636	3199	3666	4609
0:06:15	30.0	4549	6192	7548	10443	4158	4973	5860	6688	2611	3100	3692	4550
0:06:20	30.0	4566	6189	7506	10410	4109	4922	5911	6705	2611	3157	3623	4669
0:06:25	30.0	4552	6229	7541	10426	4116	4865	5923	6641	2606	3081	3646	4668
0:06:30	30.0	4615	6192	7526	10529	4017	4897	5841	6623	2570	3156	3663	4617
0:06:35	30.0	4551	6175	7564	10388	4122	4914	5865	6645	2652	3112	3566	4654
0:06:40	30.0	4588	6280	7568	10404	4082	4916	5887	6608	2597	3151	3572	4613
0:06:45	30.0	4564	6212	7469	10271	4050	4861	5813	6538	2612	3078	3631	4553
0:06:50	30.0	4547	6292	7490	10146	4070	4866	5840	6630	2617	3194	3534	4607
0:06:55	30.0	4603	6202	7382	10268	4041	4881	5924	6564	2634	3114	3616	4536
0:07:00	30.0	4594	6118	7431	10247	4044	4889	5861	6618	2649	3102	3615	4592
0:07:05	30.0	4499	6131	7429	10211	4131	4825	5841	6545	2634	3168	3593	4616
0:07:10	30.0	4504	6197	7344	10315	4027	4866	5797	6557	2601	3117	3608	4543
0:07:15	30.0	4452	6224	7481	10202	4108	4923	5829	6438	2591	3066	3603	4574
0:07:20	30.0	4533	6246	7385	10296	4083	4882	5935	6560	2631	3167	3511	4660
0:07:25	30.0	4524	6151	7390	10206	4088	4944	5828	6610	2582	3103	3595	4542
0:07:30	30.0	4518	6214	7425	10204	4040	4914	5889	6496	2613	3102	3568	4601
0:07:35	30.0	4526	6198	7420	10205	4083	4995	5908	6645	2647	3172	3624	4518
0:07:40	30.0	4517	6132	7270	10153	4118	4927	5942	6526	2589	3074	3556	4520
0:07:45	30.0	4520	6059	7411	10113	4125	4876	5926	6565	2645	3124	3558	4494
0:07:50	30.0	4507	6081	7451	10217	4095	4828	5913	6517	2598	3109	3611	4544
0:07:55	30.0	4412	6068	7363	10044	4099	4830	5841	6587	2570	3098	3569	4516
0:08:00	30.0	4449	6138	7231	10084	4047	4922	5816	6702	2609	3107	3591	4503
0:08:05	30.0	4441	6099	7292	10101	4104	4933	5872	6580	2592	3052	3593	4589
0:08:10	30.0	4455	6096	7315	10098	4131	4919	5849	6540	2588	3069	3571	4524
0:08:15	30.0	4547	5966	7327	10022	4143	4892	5839	6517	2592	3135	3607	4492
0:08:20	30.1	4413	6052	7335	10089	4127	4955	5897	6577	2593	3104	3578	4532
0:08:25	30.1	4459	6024	7382	10023	4159	4881	5797	6523	2586	3061	3652	4478
0:08:30	30.0	4511	6093	7245	10190	4092	4915	5868	6604	2627	3055	3550	4552
0:08:35	30.0	4487	6079	7264	10072	4084	4862	5866	6545	2559	3136	3537	4488
0:08:40	30.0	4437	6015	7207	9931	4068	4895	5891	6574	2627	3074	3580	4566
0:08:45	30.0	4509	6129	7286	10042	4036	4950	5896	6529	2628	3047	3598	4480
0:08:50	30.0	4458	5984	7254	9868	4160	4849	5818	6615	2553	3127	3505	4532
0:08:55	30.0	4543	5942	7305	9965	4169	4823	5824	6523	2592	3079	3551	4532
0:09:00	30.0	4405	6057	7319	10011	4110	4927	5832	6535	2589	3019	3567	4593
0:09:05	30.0	4452	6048	7330	10032	4049	4967	5844	6698	2579	3073	3548	4542
0:09:10	30.0	4431	6024	7372	10101	4070	4844	5891	6634	2636	3065	3512	4534
0:09:15	30.0	4396	6064	7213	9932	4156	4926	5862	6525	2605	3133	3578	4479
0:09:20	30.0	4440	6069	7347	9977	4122	4892	5899	6512	2601	3085	3559	4472
0:09:25	30.0	4498	6050	7274	9972	4167	4944	5866	6527	2637	3077	3470	4561
0:09:30	30.0	4488	6053	7241	10030	4105	4863	5884	6631	2577	3196	3581	4491
0:09:35	30.0	4398	6045	7222	9941	4121	4926	5867	6560	2550	3064	3520	4486
0:09:40	30.0	4480	6068	7193	9939	4030	4846	5922	6473	2598	3111	3571	4519
0:09:45	30.0	4433	5989	7182	9997	4177	4848	5762	6503	2642	3068	3513	4523
0:09:50	30.0	4372	6063	7209	9920	4100	4901	5869	6582	2599	3061	3558	4600
0:09:55	30.0	4425	6025	7249	9998	4087	4925	5835	6506	2597	3130	3523	4506
0:10:00	30.0	4459	6048	7201	9904	4085	4859	5933	6485	2593	3044	3556	4500
0:10:05	30.0	4404	6007	7264	9909	4131	4894	5907	6527	2589	3129	3526	4522
0:10:10	30.0	4390	5887	7157	9771	4131	4953	5861	6545	2606	3121	3546	4540
0:10:15	30.0	4354	5971	7173	9846	4140	4914	5946	6492	2561	3083	3521	4560
0:10:20	30.0	4453	5996	7306	9926	4149	4901	5857	6551	2513	3089	3506	4499
0:10:25	30.0	4409	6024	7242	9879	4117	4823	5875	6529	2605	3087	3524	4526
0:10:30	30.0	4351	5996	7191	9923	4064	5051	5816	6603	2636	3071	3535	4537
0:10:35	30.0	4399	5968	7145	9894	4127	4916	5845	6521	2577	3096	3554	4560
0:10:40	30.0	4386	5947	7133	9887	4117	4884	5856	6633	2578	3082	3544	4417
0:10:45	30.0	4361	5949	7158	10043	4103	4787	5821	6526	2580	3016	3526	4535
0:10:50	30.0	4398	5931	7095	9907	4193	4937	5868	6536	2594	3077	3525	4462
0:10:55	30.0	4384	6007	7219	9886	4142	4943	5821	6521	2600	2996	3576	4580
0:11:00	30.0	4376	5943	7010	9865	4177	4835	5842	6419	2540	3040	3540	4564
0:11:05	30.0	4418	5998	7174	9869	4118	4936	5824	6510	2602	3121	3465	4559
0:11:10	30.0	4390	6006	7164	9953	4067	4887	5892	6556	2618	3054	3541	4509
0:11:15	30.0	4440	5933	7175	9928	4083	4942	5862	6509	2569	3061	3514	4528
0:11:20	30.0	4346	5998	7281	9768	4139	4963	5885	6501	2565	3026	3552	4520
0:11:25	30.0	4394	5928	7084	9819	4121	4885	5867	6576	2611	3040	3513	4493
0:11:30	30.0	4364	5995	7104	9793	4100	4929	5891	6573	2585	3149	3530	4530
0:11:35	30.0	4403	5953	7265	9882	4046	4923	5826	6609	2547	3114	3531	4552
0:11:40	30.0	4416	5916	7190	9704	4119	4953	5834	6564	2568	3092	3523	4413
0:11:45	30.0	4417	5909	7198	9787	4077	4956	5860	6541	2584	3059	3487	4592
0:11:50	30.0	4347	6027	7189	9829	4205	4962	5811	6522	2603	3071	3570	4488
0:11:55	30.0	4309	5958	7095	9801	4075	4999	5831	6541	2553	3008	3531	4540
0:12:00	30.0	4301	5968	7116	9848	4160	4943	5877	6521	2565	3048	3489	4505
0:12:05	30.0	4349	5970	7225	9805	4093	4957	5872	6624	2541	3064	3542	4468
0:12:10	30.0	4380	5988	7170	9707	4135	4951	5918	6516	2584	3058	3493	4416
0:12:15	30.0	4387	5919	7105	9730	4141	4956	5901	6540	2539	2966	3478	4480
0:12:20	30.0	4330	5881	7098	9762	4158	4987	5814	6558	2549	3085	3475	4456
0:12:25	30.0	4344	5941	7107	9763	4132	4919	5811	6572	2597	3071	3465	4530
0:12:30	30.0	4354	5951	7281	9746	4131	4859	5793	6568	2613	3052	3477	4465
0:12:35	30.0	4337	5855	7202	9708	4153	4923	5867	6512	2609	3072	3590	4532
0:12:40	30.0	4354	5846	7083	9691	4213	4940	5774	6432	2593	3045	3500	4495
0:12:45	30.0	4403	5875	7038	9816	4126	4869	5826	6554	2546	3052	3458	4393
0:12:50	30.0	4412	5932	7202	9686	4161	4962	5896	6475	2584	3069	3494	4537
0:12:55	30.0	4356	5941	7055	9843	4077	4907	5850	6471	2530	3065	3564	4394
0:13:00	30.0	4297	5999	7078	9763	4117	4926	5821	6519	2578	3061	3524	4454
0:13:05	30.0	4372	5937	7078	9626	4107	4939	5803	6521	2603	3035	3498	4471
0:13:10	30.0	4351	5866	7137	9668	4109	4949	5807	6548	2600	3013	3545	4445
0:13:15	30.0	4350	5892	7150	9653	4106	4899	5815	6539	2578	3012	3554	4390
0:13:20	30.0	4415	5873	7115	9689	4206	4982	5827	6610	2559	3066	3449	4520
0:13:25	30.0	4319	5949	7071	9622	4162	4860	5891	6432	2536	3039	3534	4469
0:13:30	30.0	4352	5846	7127	9655	4148	4962	5776	6569	2608	3030	3526	4480
0:13:35	30.0	4314	5909	7146	9613	4192	4879	5881	6508	2604	3056	3518	4439
0:13:40	30.0	4353	5876	7009	9813	4093	4918	5680	6465	2559	3029	3565	4553
0:13:45	30.0	4345	5915	7119	9683	4111	4929	5918	6527	2578	3021	3459	4430
0:13:50	30.0	4339	5880	7071	9685	4088	4877	5824	6596	2534	3048	3523	4423
0:13:55	30.0	4350	5937	7103	9675	4079	5003	5841	6487	2567	3031	3522	4518
0:14:00	30.0	4362	5848	7147	9709	4141	4866	5869	6506	2574	3018	3455	4510
0:14:05	30.0	4394	5877	7106	9726	4129	4952	5871	6454	2548	3061	3419	4504
0:14:10	30.0	4285	5861	7234	9708	4162	4898	5794	6541	2537	3050	3496	4461
0:14:15	30.0	4398	5859	7088	9634	4109	4932	5965	6488	2567	2945	3492	4491
0:14:20	30.0	4343	5834	7118	9746	4134	4936	5819	6463	2575	3014	3520	4447
0:14:25	30.0	4325	5853	7065	9729	4128	4944	5914	6407	2560	3118	3433	4508
0:14:30	30.0	4341	5856	7021	9671	4110	4937	5743	6490	2560	3068	3514	4406
0:14:35	30.0	4313	5837	7052	9588	4120	4955	5763	6494	2558	3093	3498	4432
0:14:40	30.0	4403	5941	7149	9619	4084	4959	5815	6545	2526	3005	3503	4466
0:14:45	30.0	4301	5876	7026	9626	4200	4910	5873	6511	2569	3037	3422	4460
0:14:50	30.0	4412	5782	7046	9656	4100	4829	5775	6475	2558	2985	3508	4435
0:14:55	30.0	4369	5793	7176	9638	4177	4921	5934	6560	2529	2979	3417	4406
0:15:00	30.0	4343	5842	7018	9777	4049	4988	5835	6559	2547	3051	3440	4448
0:15:05	30.0	4432	5858	7092	9574	4191	4928	5864	6510	2564	3028	3467	4404
0:15:10	30.0	4327	5909	7059	9553	4131	4953	5816	6489	2582	3033	3489	4439
0:15:15	30.0	4317	5878	7163	9704	4063	4928	5847	6473	2543	3062	3507	4452
0:15:20	30.0	4398	5763	7052	9818	4110	4909	5906	6485	2529	3064	3465	4479
0:15:25	30.0	4347	5916	7084	9722	4061	4961	5944	6525	2588	3042	3396	4468
0:15:30	30.0	4306	5856	7058	9660	4155	4862	5804	6480	2494	3037	3585	4467
0:15:35	30.0	4392	5803	7068	9627	4129	4953	5807	6466	2572	3058	3458	4439
0:15:40	30.1	4406	5806	7033	9713	4104	4942	5710	6457	2527	3027	3456	4474
0:15:45	30.1	4343	5925	6991	9672	4145	4886	5882	6547	2530	3056	3546	4418
0:15:50	30.0	4363	5850	7001	9634	4105	4931	5808	6397	2561	3041	3452	4380
0:15:55	30.0	4311	5851	7076	9663	4137	5001	5764	6488	2532	3009	3501	4423
0:16:00	30.0	4386	5811	6935	9554	4086	4920	5792	6535	2568	3065	3473	4358
0:16:05	30.0	4304	5863	7003	9508	4106	4901	5775	6485	2559	3025	3470	4431
0:16:10	30.0	4254	5824	7064	9735	4127	4897	5797	6577	2590	3037	3492	4468
0:16:15	30.0	4358	5836	6958	9642	4067	4890	5804	6420	2530	3004	3411	4374
0:16:20	30.0	4282	5799	7015	9651	4132	4902	5855	6577	2544	3021	3464	4433
0:16:25	30.0	4406	5951	7060	9475	4092	4932	5800	6561	2469	3010	3465	4378
0:16:30	30.0	4380	5855	7032	9526	4114	4890	5813	6504	2537	3063	3466	4413
0:16:35	30.0	4356	5881	7024	9564	4109	4880	5854	6492	2541	3014	3465	4434
0:16:40	30.0	4340	5725	6996	9416	4068	4852	5789	6441	2543	2933	3533	4447
0:16:45	30.0	4352	5803	7039	9625	4107	4881	5783	6498	2537	2996	3428	4472
0:16:50	30.0	4326	5842	7088	9482	4057	4932	5840	6557	2548	3026	3467	4404
0:16:55	30.0	4368	5828	7055	9543	4142	4887	5844	6452	2553	2996	3493	4498
0:17:00	30.0	4347	5792	7003	9584	4106	4974	5828	6482	2589	3002	3520	4442
0:17:05	30.0	4322	5801	6957	9508	4045	5012	5805	6491	2550	3004	3429	4434
0:17:10	30.0	4343	5817	6995	9461	4113	4951	5827	6456	2559	3020	3476	4437
0:17:15	30.0	4335	5809	7039	9539	4066	4896	5908	6410	2584	2970	3473	4424
0:17:20	30.0	4387	5832	6901	9403	4086	4945	5834	6469	2497	3023	3465	4419
0:17:25	30.0	4383	5791	7067	9494	4220	4958	5842	6556	2570	3007	3478	4501
0:17:30	30.0	4363	5835	6917	9594	4113	4931	5786	6477	2547	2979	3485	4425
0:17:35	30.0	4355	5810	7057	9452	4090	4917	5807	6466	2474	2986	3454	4427
0:17:40	30.0	4341	5795	7007	9423	4005	4914	5755	6531	2543	2979	3500	4463
0:17:45	30.0	4341	5768	7021	9426	4107	4882	5776	6459	2553	3051	3522	4452
0:17:50	30.0	4392	5789	6965	9606	4121	5005	5798	6455	2520	3031	3478	4361
0:17:55	30.0	4350	5855	7037	9480	4105	4893	5794	6495	2505	2987	3490	4446
0:18:00	30.0	4340	5821	6958	9554	4144	4872	5791	6448	2556	3019	3447	4431
0:18:05	30.0	4304	5796	6990	9411	4177	4969	5818	6474	2532	3044	3464	4458
0:18:10	30.0	4415	5811	6954	9503	4131	4932	5823	6447	2520	3052	3492	4405
0:18:15	30.0	4359	5816	6980	9539	4168	4905	5833	6557	2574	3036	3407	4419
0:18:20	30.0	4319	5829	7063	9525	4124	4880	5797	6473	2532	2952	3429	4448
0:18:25	30.0	4386	5836	6904	9513	4094	4991	5829	6536	2543	3026	3516	4428
0:18:30	30.0	4375	5817	6960	9571	4123	4859	5882	6545	2532	3081	3506	4410
0:18:35	30.0	4275	5779	7007	9617	4078	4916	5783	6474	2545	2995	3479	4353
0:18:40	30.0	4323	5843	6974	9425	4077	4846	5946	6436	2525	2994	3467	4378
0:18:45	30.0	4374	5780	6946	9561	4051	4837	5706	6456	2561	3012	3473	4423
0:18:50	30.0	4386	5901	7046	9457	4123	4946	5775	6380	2568	3021	3485	4436
0:18:55	30.0	4326	5834	6967	9479	4109	4941	5823	6530	2488	3044	3409	4471
0:19:00	30.0	4332	5767	6929	9474	4146	4872	5855	6446	2505	3013	3420	4334
0:19:05	30.0	4331	5841	7065	9398	4117	4911	5692	6473	2592	3061	3500	4357
0:19:10	30.0	4413	5811	6921	9471	4082	4872	5836	6414	2541	2975	3406	4397
0:19:15	30.0	4366	5855	6953	9560	4050	4916	5780	6446	2564	2969	3371	4406
0:19:20	30.0	4342	5759	6995	9462	4090	4921	5813	6527	2530	3064	3518	4415
0:19:25	30.0	4425	5819	7021	9400	4138	4852	5761	6581	2515	3046	3454	4359
0:19:30	30.0	4354	5720	7079	9492	4104	4929	5863	6410	2566	3017	3413	4452
0:19:35	30.0	4302	5760	6881	9516	4136	4895	5732	6438	2547	2997	3471	4447
0:19:40	30.0	4316	5742	7022	9537	4108	4823	5828	6550	2504	2983	3504	4425
0:19:45	30.0	4354	5745	6957	9370	4076	4839	5774	6461	2491	2972	3474	4462
0:19:50	30.0	4417	5816	6999	9389	4076	4852	5775	6412	2532	2992	3462	4416
0:19:55	30.0	4324	5839	7041	9429	4123	4935	5836	6390	2511	2981	3448	4408
0:20:00	30.0	4395	5838	6932	9392	4120	4860	5797	6466	2549	2976	3408	4414
0:20:05	30.0	4413	5715	6918	9373	4018	4860	5794	6472	2524	2979	3430	4397
0:20:10	30.0	4441	5690	7018	9348	4131	4872	5864	6373	2513	3014	3370	4386
0:20:15	30.1	4351	5715	6878	9531	4084	4910	5764	6488	2554	3053	3465	4411
0:20:20	30.0	4289	5789	6993	9406	4034	4945	5722	6440	2523	2980	3435	4379
0:20:25	30.1	4421	5764	6928	9461	4066	4957	5766	6500	2524	2957	3399	4465
0:20:30	30.0	4332	5717	6901	9320	4051	4928	5752	6494	2530	3013	3428	4486
0:20:35	30.0	4339	5731	6999	9500	3984	4890	5789	6490	2521	3003	3451	4381
0:20:40	30.1	4397	5764	6968	9357	4146	4780	5799	6415	2506	2979	3457	4417
0:20:45	30.0	4398	5738	6924	9436	4059	4888	5794	6446	2555	2956	3457	4344
0:20:50	30.1	4384	5763	7010	9434	4016	4906	5806	6411	2530	2999	3457	4373
0:20:55	30.0	4339	5847	7064	9414	4173	4845	5824	6546	2545	2946	3401	4367
0:21:00	30.1	4387	5724	6847	9356	4070	4883	5713	6483	2516	2965	3393	4406
0:21:05	30.1	4397	5764	6822	9406	4116	4954	5757	6458	2540	3069	3386	4437
0:21:10	30.1	4339	5770	6899	9373	4082	4843	5902	6426	2535	3008	3540	4384
0:21:15	30.1	4380	5745	7029	9443	4101	4812	5847	6496	2495	2960	3407	4395
0:21:20	30.1	4416	5720	6958	9541	4066	4899	5739	6525	2559	2966	3376	4421
0:21:25	30.1	4312	5668	6881	9468	4112	4863	5812	6364	2573	3030	3400	4383
0:21:30	30.0	4352	5651	6876	9364	4075	4932	5835	6429	2536	2989	3410	4412
0:21:35	30.1	4326	5775	6972	9429	4069	4913	5813	6435	2546	3039	3396	4355
0:21:40	30.0	4337	5663	7002	9411	4066	4824	5806	6452	2496	2966	3403	4439
0:21:45	30.1	4358	5774	6907	9443	4075	4875	5734	6448	2521	2977	3461	4347
0:21:50	30.1	4359	5772	6919	9399	4058	4896	5711	6408	2524	2928	3395	4356
0:21:55	30.1	4390	5692	6883	9345	4099	4828	5735	6445	2548	3018	3421	4256
0:22:00	30.1	4327	5697	6935	9328	4096	4930	5751	6507	2533	2952	3414	4382
0:22:05	30.1	4347	5878	6998	9351	4008	4897	5763	6420	2496	3009	3464	4390
0:22:10	30.1	4371	5690	6828	9386	4015	4840	5767	6405	2495	2942	3456	4411
0:22:15	30.1	4416	5753	6976	9425	4088	4846	5865	6446	2497	2988	3429	4363
0:22:20	30.1	4381	5771	6936	9319	4032	4904	5743	6347	2522	2998	3384	4326
0:22:25	30.1	4444	5724	6831	9501	4067	4846	5792	6378	2554	3005	3392	4426
0:22:30	30.1	4417	5789	6921	9405	4070	4884	5707	6488	2478	2999	3478	4441
0:22:35	30.1	4404	5758	6852	9365	4106	4865	5739	6461	2514	3007	3445	4422
0:22:40	30.1	4355	5623	6985	9366	4039	4881	5753	6419	2508	2950	3396	4395
0:22:45	30.1	4353	5735	6902	9343	4057	4853	5770	6425	2538	2896	3389	4325
0:22:50	30.1	4512	5721	6887	9340	4004	4828	5757	6477	2576	2944	3404	4373
0:22:55	30.0	4430	5735	6940	9424	4149	4891	5756	6399	2532	2934	3434	4385
0:23:00	30.1	4446	5812	6802	9302	4151	4866	5755	6429	2508	2941	3406	4341
0:23:05	30.1	4413	5745	6880	9365	4004	4823	5776	6368	2529	2972	3417	4451
0:23:10	30.0	4450	5676	6955	9480	4039	4868	5750	6468	2412	2974	3351	4328
0:23:15	30.1	4429	5735	6936	9368	4105	4853	5747	6428	2563	2975	3407	4406
0:23:20	30.1	4385	5721	6865	9272	4053	4769	5703	6452	2480	2979	3464	4303
0:23:25	30.1	4420	5725	6904	9431	4022	4828	5806	6405	2528	2995	3469	4338
0:23:30	30.1	4471	5708	6884	9414	4022	4824	5723	6409	2519	2954	3471	4330
0:23:35	30.1	4328	5678	6876	9240	4088	4793	5770	6313	2477	2925	3367	4399
0:23:40	30.1	4385	5736	6878	9307	4046	4904	5676	6368	2535	2986	3438	4461
0:23:45	30.1	4450	5759	6844	9406	4089	4864	5719	6405	2495	2990	3374	4273
0:23:50	30.1	4512	5618	6969	9327	4067	4865	5772	6403	2489	2992	3412	4328
0:23:55	30.1	4437	5737	6838	9362	4045	4808	5648	6374	2528	2959	3362	4400
0:24:00	30.0	4446	5733	6899	9334	4066	4941	5689	6470	2529	2968	3419	4334
0:24:05	30.1	4370	5731	6865	9295	4013	4775	5843	6423	2534	2970	3422	4384
0:24:10	30.1	4353	5793	6804	9214	4029	4785	5739	6471	2471	2896	3372	4323
0:24:15	30.1	4466	5745	6872	9329	4089	4783	5766	6392	2452	2939	3407	4432
0:24:20	30.1	4422	5695	6937	9339	4083	4860	5711	6389	2496	2942	3363	4307
0:24:25	30.1	4396	5764	6874	9298	4003	4857	5737	6423	2544	2945	3442	4376
0:24:30	30.1	4454	5718	6786	9362	4014	4855	5725	6402	2487	2935	3388	4336
0:24:35	30.1	4482	5674	6822	9298	4044	4816	5838	6437	2513	2978	3418	4354
0:24:40	30.1	4367	5728	6902	9387	4007	4871	5710	6441	2515	2945	3424	4375
0:24:45	30.1	4490	5729	6741	9429	4065	4812	5764	6418	2506	2923	3438	4341
0:24:50	30.1	4429	5701	6845	9459	4052	4848	5779	6329	2514	2998	3444	4289
0:24:55	30.1	4452	5664	6789	9427	4075	4859	5743	6412	2526	2949	3425	4297
0:25:00	30.1	4396	5627	6859	9215	4074	4856	5763	6292	2494	2969	3359	4410
0:25:05	30.1	4432	5728	6999	9327	4075	4827	5749	6338	2446	2920	3417	4292
0:25:10	30.1	4493	5665	6849	9267	4044	4858	5772	6383	2485	2970	3375	4309
0:25:15	30.1	4476	5753	6895	9344	4014	4887	5748	6363	2481	2919	3363	4342
0:25:20	30.1	4479	5772	6848	9331	4130	4867	5685	6314	2480	2960	3382	4311
0:25:25	30.1	4457	5737	6844	9328	4046	4796	5768	6381	2471	2905	3415	4402
0:25:30	30.1	4462	5669	6786	9369	4048	4842	5781	6405	2510	2975	3384	4382
0:25:35	30.1	4449	5632	6841	9316	4031	4806	5701	6435	2473	2953	3343	4335
0:25:40	30.1	4491	5683	6861	9408	4014	4867	5677	6338	2538	2917	3357	4369
0:25:45	30.1	4441	5763	6909	9307	4046	4786	5680	6386	2476	2907	3414	4305
0:25:50	30.1	4473	5669	6879	9281	3987	4863	5693	6398	2515	2952	3387	4362
0:25:55	30.1	4453	5692	6818	9270	4071	4826	5759	6422	2494	2987	3321	4310
0:26:00	30.1	4480	5698	6900	9354	4078	4885	5689	6427	2489	2984	3390	4326
0:26:05	30.1	4485	5732	6985	9260	4029	4808	5845	6323	2493	3017	3430	4333
0:26:10	30.1	4480	5653	6889	9385	4102	4688	5627	6385	2458	2966	3405	4421
0:26:15	30.1	4438	5706	6849	9302	4053	4879	5727	6385	2467	2989	3414	4358
0:26:20	30.1	4486	5719	6789	9349	3948	4807	5679	6387	2537	2914	3365	4333
0:26:25	30.1	4539	5666	6851	9398	4046	4845	5642	6444	2467	2987	3393	4389
0:26:30	30.1	4469	5679	6696	9237	4022	4814	5756	6433	2551	2982	3403	4353
0:26:35	30.1	4550	5578	6845	9199	4025	4821	5719	6399	2521	2932	3365	4406
0:26:40	30.1	4473	5723	6851	9195	4042	4805	5728	6460	2534	2977	3346	4360
0:26:45	30.1	4469	5685	6859	9236	4035	4755	5737	6334	2485	2922	3403	4359
0:26:50	30.1	4509	5711	6873	9216	4079	4782	5694	6381	2483	2976	3346	4356
0:26:55	30.1	4539	5587	6817	9341	3963	4833	5756	6372	2517	2968	3459	4308
0:27:00	30.1	4518	5634	6805	9160	4070	4774	5751	6461	2526	2948	3401	4309
0:27:05	30.1	4536	5694	6867	9207	3989	4820	5662	6372	2525	2959	3415	4402
0:27:10	30.1	4532	5705	6851	9313	4051	4778	5689	6433	2480	2938	3423	4331
0:27:15	30.1	4587	5683	6785	9337	4048	4736	5775	6364	2506	2918	3352	4265
0:27:20	30.1	4526	5756	6916	9225	4024	4804	5662	6314	2498	2969	3404	4345
0:27:25	30.1	4528	5732	6860	9195	4065	4786	5694	6422	2462	2948	3386	4356
0:27:30	30.1	4544	5703	6811	9323	4111	4730	5747	6357	2475	2962	3371	4312
0:27:35	30.1	4494	5692	6737	9288	4044	4820	5742	6372	2442	3006	3374	4309
0:27:40	30.1	4507	5770	6883	9212	4020	4787	5753	6353	2460	2977	3404	4274
0:27:45	30.1	4541	5615	6941	9313	4030	4759	5643	6337	2480	3000	3344	4347
0:27:50	30.1	4435	5623	6849	9274	4066	4811	5665	6336	2465	2907	3374	4351
0:27:55	30.1	4499	5720	6818	9265	3992	4844	5689	6348	2479	2948	3401	4312
0:28:00	30.1	4495	5693	6805	9361	3991	4868	5614	6335	2468	2903	3353	4385
0:28:05	30.1	4525	5683	6809	9234	3980	4899	5740	6343	2551	2941	3402	4303
0:28:10	30.1	4606	5627	6849	9222	4049	4807	5649	6375	2483	2960	3414	4237
0:28:15	30.1	4553	5647	6822	9230	4017	4843	5693	6304	2487	2950	3402	4366
0:28:20	30.1	4565	5665	6797	9247	4015	4790	5846	6381	2443	2947	3349	4334
0:28:25	30.1	4553	5626	6906	9185	3928	4770	5683	6419	2461	2924	3358	4254
0:28:30	30.1	4624	5667	6777	9214	3990	4688	5724	6376	2486	2927	3344	4311
0:28:35	30.1	4513	5628	6826	9226	3943	4885	5725	6313	2498	2943	3305	4275
0:28:40	30.1	4566	5573	6795	9186	3968	4796	5697	6361	2443	2935	3344	4270
0:28:45	30.1	4524	5648	6817	9271	3990	4770	5648	6306	2475	2964	3315	4317
0:28:50	30.1	4396	5651	6783	9144	4070	4789	5690	6356	2499	2934	3331	4328
0:28:55	30.1	4477	5589	6729	9245	4009	4716	5659	6324	2460	2893	3324	4261
0:29:00	30.1	4540	5677	6830	9287	3998	4789	5629	6336	2432	2907	3417	4300
0:29:05	30.1	4485	5601	6761	9113	3999	4829	5659	6282	2433	3009	3416	4334
0:29:10	30.1	4503	5669	6828	9185	3995	4767	5619	6339	2454	2970	3404	4363
0:29:15	30.1	4511	5594	6717	9192	3988	4730	5686	6289	2497	2936	3421	4304
0:29:20	30.1	4517	5632	6884	9148	4010	4724	5655	6332	2496	2908	3346	4263
0:29:25	30.1	4428	5596	6722	9175	3983	4777	5617	6300	2418	2908	3345	4233
0:29:30	30.1	4487	5608	6639	9135	4016	4774	5655	6278	2417	2910	3389	4339
0:29:35	30.1	4480	5629	6773	9150	3957	4781	5692	6347	2447	2958	3397	4288
0:29:40	30.1	4569	5555	6820	9181	3982	4763	5637	6252	2403	2887	3352	4297
0:29:45	30.1	4512	5673	6784	9138	4009	4753	5582	6338	2452	2872	3336	4239
0:29:50	30.1	4508	5579	6756	9177	3987	4739	5637	6303	2477	2905	3332	4335
0:29:55	30.1	4538	5619	6717	9011	4016	4712	5598	6291	2456	2930	3343	4284
0:30:00	30.1	4503	5689	6771	9180	4027	4707	5640	6274	2424	2943	3353	4215

Results
	1	2	3	4	5	6	7	8	9	10	11	12
A													Max V [295,335]
													R-Squared [295,335]
													t at Max V [295,335]
													Lagtime [295,335]
B													Max V [295,335]
													R-Squared [295,335]
													t at Max V [295,335]
													Lagtime [295,335]
C													Max V [295,335]
													R-Squared [295,335]
													t at Max V [295,335]
													Lagtime [295,335]
D													Max V [295,335]
													R-Squared [295,335]
													t at Max V [295,335]
													Lagtime [295,335]
E													Max V [295,335]
													R-Squared [295,335]
													t at Max V [295,335]
													Lagtime [295,335]
F													Max V [295,335]
													R-Squared [295,335]
													t at Max V [295,335]
													Lagtime [295,335]
G	3948000.000	-3240000.000	-3228000.000	-3900000.000	-2256000.000	2736000.000	-3240000.000	-2484000.000	1824000.000	-1740000.000	2268000.000	-2616000.000	Max V [295,335]
	1.000	1.000	1.000	1.000	1.000	1.000	1.000	1.000	1.000	1.000	1.000	1.000	R-Squared [295,335]
	0:00:03	0:01:23	0:03:43	0:00:28	0:01:03	0:10:28	0:00:13	0:00:18	0:03:48	0:00:48	0:15:28	0:00:58	t at Max V [295,335]
	0:00:00	0:01:00	0:02:53	0:00:21	0:00:41	0:11:12	0:00:08	0:00:12	0:04:28	0:00:29	0:16:13	0:00:40	Lagtime [295,335]
H													Max V [295,335]
													R-Squared [295,335]
													t at Max V [295,335]
													Lagtime [295,335]

