

Software Version	3.03.14

Procedure Details

Plate Type	96 WELL PLATE
Set Temperature	Setpoint 30°C
	Preheat before moving to next step
Start Kinetic	Runtime 0:45:00 (HH:MM:SS), Interval 0:00:05, 541 Reads
    Read	Fluorescence Endpoint
	C1..C12
	Filter Set 1
	    Excitation: 295,  Emission: 335
	    Optics: Top,  Gain: 80
	Light Source: Xenon Flash,  Lamp Energy: High
	Read Speed: Normal,  Delay: 0 msec,  Measurements/Data Point: 5
	Read Height: 8 mm
End Kinetic	

Layout
	1	2	3	4	5	6	7	8	9	10	11	12
A													Well ID
B													Well ID
C	SPL2	SPL3	SPL4	SPL5	SPL6	SPL7	SPL8	SPL9	SPL10	SPL11	SPL12	SPL13	Well ID
D													Well ID
E													Well ID
F													Well ID
G													Well ID
H													Well ID

295,335

Time	T° 295,335	C1	C2	C3	C4	C5	C6	C7	C8	C9	C10	C11	C12
0:00:00	30.0	732	2165	3301	4947	7327	10453	826	1225	3097	4529	7094	9546
0:00:05	30.0	715	2090	3319	4915	7255	10445	805	1166	3006	4445	6927	9591
0:00:10	30.0	752	2136	3251	4918	7180	10521	800	1147	2906	4371	6919	9550
0:00:15	30.0	690	2154	3183	4815	7315	10344	769	1148	2913	4224	6733	9300
0:00:20	30.0	716	2065	3235	4801	7381	10232	749	1073	2816	4218	6581	9244
0:00:25	30.0	701	2003	3194	4747	7239	10302	714	1095	2808	4097	6621	9047
0:00:30	30.0	672	2021	3156	4764	7239	10288	720	1045	2690	4043	6445	8924
0:00:35	30.0	668	1938	3082	4681	7016	10159	715	1039	2670	4082	6301	8935
0:00:40	30.0	685	1922	3075	4663	7060	10174	675	1002	2616	3942	6354	8739
0:00:45	30.0	664	1927	3011	4553	6931	10115	678	972	2583	3954	6232	8756
0:00:50	30.0	665	1843	2965	4509	6836	10131	636	936	2511	3862	6140	8512
0:00:55	30.0	620	1869	2969	4551	6935	9840	642	952	2520	3820	6026	8376
0:01:00	30.0	627	1832	2917	4431	6825	9959	639	931	2459	3731	6062	8322
0:01:05	30.0	663	1760	2944	4417	6762	9848	647	918	2437	3660	5947	8305
0:01:10	30.0	626	1774	2909	4375	6711	9769	624	926	2362	3746	5842	8272
0:01:15	30.0	635	1768	2786	4411	6617	9742	620	895	2401	3580	5903	8191
0:01:20	30.0	626	1753	2825	4341	6575	9698	626	909	2377	3668	5754	8056
0:01:25	30.0	621	1701	2812	4364	6528	9617	615	871	2283	3542	5773	8010
0:01:30	30.0	603	1730	2826	4242	6411	9598	615	908	2303	3541	5691	7998
0:01:35	30.0	638	1710	2741	4216	6506	9478	633	862	2235	3501	5644	7917
0:01:40	30.0	616	1696	2659	4148	6430	9462	616	892	2260	3434	5524	7737
0:01:45	30.0	608	1726	2702	4180	6395	9460	614	849	2192	3465	5486	7889
0:01:50	30.0	593	1664	2702	4146	6340	9383	604	864	2219	3426	5447	7792
0:01:55	30.0	596	1669	2680	4048	6251	9255	597	849	2202	3377	5375	7672
0:02:00	30.0	609	1668	2651	4077	6275	9288	606	863	2154	3355	5402	7698
0:02:05	30.0	626	1642	2635	4071	6141	9382	583	834	2139	3313	5360	7563
0:02:10	30.0	629	1641	2593	4004	6058	9281	597	827	2188	3251	5376	7603
0:02:15	30.0	628	1606	2592	3980	6068	9276	593	835	2176	3303	5268	7506
0:02:20	30.0	596	1608	2559	3955	6105	9126	609	853	2140	3290	5324	7410
0:02:25	30.0	603	1610	2563	3975	6045	9040	597	857	2132	3145	5257	7478
0:02:30	30.0	607	1671	2545	3972	6103	9240	589	852	2134	3203	5223	7344
0:02:35	30.0	606	1545	2574	3954	6022	9171	599	849	2116	3163	5172	7341
0:02:40	30.0	612	1591	2548	3877	6079	9037	597	854	2063	3195	5170	7170
0:02:45	30.0	624	1591	2504	3953	5919	9018	583	828	2113	3112	5034	7291
0:02:50	30.0	609	1583	2547	3838	5989	8963	589	850	2040	3144	5044	7095
0:02:55	30.0	592	1567	2535	3829	5944	8965	571	822	2032	3072	5019	7113
0:03:00	30.0	629	1549	2539	3882	5907	8869	571	839	1990	3091	5016	7085
0:03:05	30.0	626	1547	2540	3832	5892	9013	569	802	2057	3058	4941	7084
0:03:10	30.0	615	1524	2448	3843	5836	8793	594	816	2063	3036	5044	7031
0:03:15	30.0	598	1538	2443	3841	5919	8824	579	817	2008	3077	4954	7000
0:03:20	30.0	605	1590	2478	3826	5773	8785	582	836	1941	2994	4911	7006
0:03:25	30.0	627	1519	2487	3723	5802	8776	589	828	2023	3009	4901	6905
0:03:30	30.0	605	1543	2448	3723	5725	8857	581	826	2057	3025	4884	6896
0:03:35	30.0	623	1533	2439	3769	5746	8914	566	815	1954	2971	4851	6926
0:03:40	30.0	598	1514	2473	3693	5793	8688	586	823	1995	3003	4918	6799
0:03:45	30.0	605	1516	2442	3738	5666	8620	584	826	2020	2943	4847	6856
0:03:50	30.0	605	1520	2449	3698	5678	8572	585	788	1944	3077	4719	6773
0:03:55	30.0	603	1499	2430	3693	5665	8474	579	809	1985	2929	4740	6794
0:04:00	30.0	614	1542	2433	3669	5584	8556	555	827	2023	2973	4755	6757
0:04:05	30.0	597	1518	2389	3663	5690	8624	564	831	1975	2927	4737	6758
0:04:10	30.0	601	1509	2361	3639	5609	8504	569	803	1939	2910	4687	6717
0:04:15	30.0	614	1516	2401	3598	5615	8511	584	767	1995	2935	4669	6645
0:04:20	30.0	603	1521	2380	3564	5609	8332	561	827	1928	2930	4713	6577
0:04:25	30.0	592	1505	2385	3561	5609	8446	567	827	1957	2863	4757	6608
0:04:30	30.0	599	1521	2428	3590	5619	8365	569	795	1948	2886	4716	6576
0:04:35	30.0	590	1541	2365	3543	5524	8367	561	802	1956	2925	4628	6614
0:04:40	30.0	613	1492	2348	3593	5533	8446	565	813	1933	2892	4621	6564
0:04:45	30.0	625	1530	2382	3545	5441	8316	602	790	1975	2923	4628	6596
0:04:50	30.0	597	1485	2370	3532	5515	8427	573	795	1919	2917	4657	6559
0:04:55	30.0	604	1484	2399	3588	5503	8213	551	801	1958	2858	4606	6477
0:05:00	30.0	617	1456	2397	3557	5471	8271	569	805	1894	2810	4604	6444
0:05:05	30.0	601	1477	2366	3508	5456	8174	571	810	1948	2812	4629	6493
0:05:10	30.0	612	1500	2362	3500	5426	8373	577	808	1954	2799	4553	6403
0:05:15	30.0	603	1473	2388	3553	5364	8221	561	788	1926	2870	4574	6490
0:05:20	30.0	600	1480	2330	3528	5368	8248	573	806	1915	2842	4534	6304
0:05:25	30.0	599	1476	2398	3496	5431	8219	565	824	1908	2836	4541	6476
0:05:30	30.0	620	1503	2360	3453	5407	8174	557	792	1910	2908	4552	6470
0:05:35	30.0	607	1459	2339	3452	5300	8129	570	786	1937	2827	4475	6373
0:05:40	30.0	605	1470	2339	3484	5400	8159	586	838	1947	2802	4553	6414
0:05:45	30.0	610	1496	2347	3491	5262	8106	573	808	1938	2788	4514	6371
0:05:50	30.0	575	1493	2346	3481	5215	8059	554	801	1945	2839	4363	6367
0:05:55	30.0	613	1466	2355	3419	5268	7994	555	794	1935	2825	4527	6283
0:06:00	30.0	612	1481	2327	3416	5350	8074	560	826	1940	2863	4502	6326
0:06:05	30.0	628	1485	2319	3427	5247	7886	574	808	1882	2727	4482	6271
0:06:10	30.0	589	1504	2327	3451	5319	8068	571	795	1869	2801	4461	6301
0:06:15	30.0	580	1476	2307	3422	5224	8001	572	822	1925	2829	4417	6381
0:06:20	30.0	598	1508	2267	3427	5268	7932	578	809	1891	2823	4502	6271
0:06:25	30.0	590	1485	2387	3430	5252	7927	557	794	1954	2796	4462	6329
0:06:30	30.0	600	1488	2297	3392	5322	7842	548	795	1899	2792	4391	6302
0:06:35	30.0	624	1502	2308	3453	5154	7928	585	829	1931	2853	4426	6270
0:06:40	30.0	587	1483	2356	3486	5239	7955	576	805	1887	2838	4421	6221
0:06:45	30.0	599	1460	2348	3402	5250	7905	572	823	1882	2844	4393	6243
0:06:50	30.0	586	1460	2331	3418	5215	7838	554	814	1889	2759	4415	6216
0:06:55	30.0	609	1468	2309	3394	5253	7949	553	791	1892	2795	4368	6213
0:07:00	30.0	597	1490	2324	3414	5196	7859	566	788	1895	2807	4489	6271
0:07:05	30.0	593	1462	2289	3435	5237	7802	586	786	1849	2761	4405	6206
0:07:10	30.0	594	1429	2300	3441	5221	7707	582	800	1882	2786	4390	6277
0:07:15	30.0	608	1513	2287	3365	5196	7808	555	810	1877	2828	4356	6230
0:07:20	30.0	592	1473	2300	3377	5194	7776	558	776	1866	2816	4380	6180
0:07:25	30.0	598	1510	2311	3349	5246	7791	560	814	1916	2777	4411	6173
0:07:30	30.0	599	1468	2273	3397	5168	7721	581	796	1885	2814	4436	6122
0:07:35	30.0	595	1464	2327	3416	5167	7695	556	777	1905	2745	4378	6083
0:07:40	30.0	594	1497	2281	3368	5169	7777	560	804	1885	2823	4362	6103
0:07:45	30.0	610	1435	2280	3312	5156	7693	549	819	1821	2750	4352	6126
0:07:50	30.0	588	1448	2338	3343	5045	7717	561	817	1889	2715	4345	6081
0:07:55	30.0	611	1443	2355	3331	5150	7666	553	807	1888	2808	4337	6103
0:08:00	30.0	601	1445	2294	3373	5134	7755	580	769	1883	2772	4328	6128
0:08:05	30.0	567	1448	2356	3337	5145	7628	563	796	1874	2782	4399	6064
0:08:10	30.0	582	1514	2292	3400	5134	7685	570	802	1878	2770	4316	6044
0:08:15	30.0	580	1521	2317	3372	5022	7550	557	832	1895	2759	4242	6090
0:08:20	30.0	622	1445	2312	3414	5014	7666	559	817	1883	2798	4439	6062
0:08:25	30.0	595	1454	2270	3308	5014	7660	551	795	1907	2832	4329	6111
0:08:30	30.0	590	1462	2308	3320	5117	7560	568	789	1916	2790	4305	5903
0:08:35	30.0	598	1488	2271	3316	5056	7658	592	764	1875	2800	4375	6019
0:08:40	30.0	609	1473	2315	3338	5072	7528	560	801	1852	2781	4369	6053
0:08:45	30.0	600	1507	2359	3319	5059	7575	570	789	1891	2733	4316	6074
0:08:50	30.0	588	1494	2292	3305	5098	7573	558	798	1889	2810	4289	6131
0:08:55	30.0	596	1466	2313	3326	5072	7677	568	795	1898	2782	4335	5946
0:09:00	30.0	598	1507	2287	3393	5080	7515	556	823	1849	2817	4270	6027
0:09:05	30.0	599	1451	2280	3385	5072	7508	561	795	1877	2800	4321	5976
0:09:10	30.0	593	1476	2294	3386	5082	7542	563	801	1891	2779	4320	6073
0:09:15	30.0	593	1470	2305	3325	5044	7608	562	782	1892	2709	4328	6006
0:09:20	30.0	588	1416	2279	3330	5017	7515	565	789	1919	2797	4280	6057
0:09:25	30.0	615	1526	2308	3321	5062	7566	575	773	1908	2743	4245	6032
0:09:30	30.0	590	1467	2290	3357	4979	7431	567	789	1855	2809	4335	5962
0:09:35	30.0	601	1495	2303	3366	5039	7454	549	779	1916	2745	4274	5983
0:09:40	30.0	600	1474	2253	3310	5116	7548	568	801	1898	2766	4338	6007
0:09:45	30.0	589	1475	2322	3282	4961	7435	584	768	1920	2719	4220	5984
0:09:50	30.0	588	1473	2298	3385	5033	7361	578	807	1908	2771	4353	5912
0:09:55	30.0	570	1465	2270	3354	5107	7479	562	780	1862	2750	4326	5927
0:10:00	30.0	572	1442	2283	3349	4968	7442	581	760	1888	2712	4311	6100
0:10:05	30.0	588	1449	2278	3322	4985	7427	575	772	1898	2766	4306	6020
0:10:10	30.0	591	1464	2304	3263	5092	7452	562	782	1908	2756	4297	5965
0:10:15	30.0	595	1444	2279	3336	4997	7504	575	791	1862	2760	4272	5996
0:10:20	30.0	577	1454	2307	3322	5079	7331	558	798	1879	2709	4300	6027
0:10:25	30.0	592	1483	2324	3278	4988	7471	582	824	1911	2716	4240	5903
0:10:30	30.0	590	1463	2300	3338	4939	7462	544	773	1857	2718	4253	6024
0:10:35	30.0	601	1509	2304	3326	5016	7477	563	802	1874	2709	4324	5956
0:10:40	30.0	609	1504	2289	3358	4920	7432	571	776	1875	2762	4324	5921
0:10:45	30.0	573	1500	2299	3349	4984	7324	553	793	1880	2755	4234	5920
0:10:50	30.0	588	1493	2332	3353	4975	7393	574	795	1877	2731	4316	5988
0:10:55	30.0	601	1475	2271	3372	4982	7313	569	810	1860	2772	4259	6007
0:11:00	30.0	581	1497	2272	3351	5017	7377	551	785	1882	2793	4324	5970
0:11:05	30.0	609	1439	2296	3285	4988	7322	569	779	1873	2712	4341	5894
0:11:10	30.0	586	1494	2294	3288	5027	7309	568	803	1851	2778	4329	5937
0:11:15	30.0	610	1510	2303	3310	5027	7452	575	748	1858	2749	4314	5988
0:11:20	30.0	598	1449	2282	3286	5016	7298	569	786	1890	2748	4375	5860
0:11:25	30.0	610	1492	2272	3344	4952	7435	551	772	1867	2686	4292	5957
0:11:30	30.0	597	1480	2264	3276	5106	7267	546	762	1899	2739	4171	5916
0:11:35	30.0	554	1448	2332	3350	5035	7418	575	763	1860	2733	4218	5893
0:11:40	30.0	583	1454	2289	3282	4992	7278	560	790	1871	2742	4309	5899
0:11:45	30.0	592	1476	2277	3320	4907	7205	580	806	1915	2770	4277	5911
0:11:50	30.0	585	1470	2342	3272	4986	7357	560	790	1853	2758	4272	5854
0:11:55	30.0	578	1465	2312	3331	4993	7403	577	782	1856	2727	4245	5910
0:12:00	30.0	597	1449	2279	3309	4987	7292	571	769	1851	2775	4283	5849
0:12:05	30.0	579	1488	2259	3382	4947	7241	554	793	1890	2676	4273	5976
0:12:10	30.0	597	1447	2276	3337	4899	7397	559	789	1854	2717	4210	5911
0:12:15	30.0	590	1439	2310	3234	4940	7231	551	775	1838	2758	4275	5992
0:12:20	30.0	592	1472	2252	3323	4952	7260	566	798	1873	2732	4260	5907
0:12:25	30.0	583	1486	2294	3311	5011	7363	565	774	1903	2731	4236	5888
0:12:30	30.0	600	1470	2273	3317	4981	7351	572	773	1856	2724	4228	5886
0:12:35	30.0	609	1494	2298	3308	4978	7197	552	788	1828	2731	4232	5837
0:12:40	30.0	601	1454	2305	3422	4996	7218	555	769	1893	2714	4306	5910
0:12:45	30.0	601	1511	2295	3281	5006	7421	575	779	1855	2695	4228	5846
0:12:50	30.0	586	1480	2305	3385	4875	7392	554	789	1898	2745	4253	5926
0:12:55	30.0	577	1494	2262	3295	4989	7220	536	776	1845	2735	4254	5983
0:13:00	30.0	595	1483	2330	3296	4946	7262	569	819	1831	2769	4261	5922
0:13:05	30.0	582	1433	2342	3344	4882	7252	568	779	1891	2683	4208	5840
0:13:10	30.0	575	1484	2290	3355	5016	7248	577	759	1861	2776	4269	5901
0:13:15	30.0	574	1488	2303	3276	4901	7294	547	776	1882	2736	4230	5888
0:13:20	30.0	592	1457	2320	3339	5014	7311	550	787	1844	2734	4262	5851
0:13:25	30.0	575	1456	2331	3329	4971	7251	525	787	1827	2703	4158	5966
0:13:30	30.0	584	1484	2296	3287	5006	7328	576	772	1852	2733	4244	5895
0:13:35	30.0	601	1475	2292	3321	4923	7236	573	752	1850	2735	4257	5827
0:13:40	30.0	566	1487	2244	3283	4910	7174	560	780	1892	2741	4198	5831
0:13:45	30.0	575	1507	2331	3348	5003	7157	571	793	1845	2708	4244	5900
0:13:50	30.0	576	1508	2312	3295	4972	7349	563	786	1845	2702	4209	5865
0:13:55	30.0	576	1445	2245	3332	4859	7133	582	796	1894	2665	4251	5886
0:14:00	30.0	599	1436	2278	3329	4923	7181	550	768	1855	2697	4264	5966
0:14:05	30.0	607	1454	2259	3298	5014	7123	542	760	1838	2724	4273	5945
0:14:10	30.0	593	1494	2302	3260	4927	7127	553	805	1846	2708	4224	5829
0:14:15	30.0	566	1508	2259	3292	4940	7282	585	790	1852	2731	4151	5831
0:14:20	30.0	593	1497	2274	3312	4929	7300	566	771	1870	2712	4199	5909
0:14:25	30.0	589	1473	2248	3293	4974	7201	554	755	1858	2731	4234	5812
0:14:30	30.0	581	1453	2297	3237	4914	7231	538	763	1856	2704	4204	5879
0:14:35	30.0	589	1475	2365	3336	4985	7266	552	794	1864	2684	4216	5879
0:14:40	30.0	595	1495	2293	3318	4913	7214	568	777	1849	2704	4273	5788
0:14:45	30.0	581	1487	2278	3281	5020	7191	564	776	1869	2729	4273	5890
0:14:50	30.0	573	1478	2312	3381	4920	7091	563	752	1858	2722	4178	5858
0:14:55	30.0	592	1435	2285	3286	4970	7143	551	780	1830	2726	4168	5854
0:15:00	30.0	595	1491	2274	3298	4861	7241	555	775	1830	2712	4159	5910
0:15:05	30.0	564	1483	2279	3293	4922	7167	540	774	1900	2713	4215	5863
0:15:10	30.0	583	1456	2316	3310	4946	7154	554	756	1834	2742	4230	5879
0:15:15	30.0	594	1470	2321	3313	4975	7217	546	784	1873	2705	4239	5822
0:15:20	30.0	574	1466	2287	3303	4953	7212	547	785	1836	2690	4240	5914
0:15:25	30.0	575	1471	2284	3239	4962	7226	567	788	1865	2682	4224	5835
0:15:30	30.1	590	1466	2287	3240	4895	7163	537	761	1837	2682	4178	5829
0:15:35	30.0	582	1433	2318	3257	4963	7210	532	778	1840	2759	4213	5814
0:15:40	30.0	608	1482	2209	3330	4965	7156	569	776	1866	2699	4299	5828
0:15:45	30.0	576	1476	2288	3270	4881	7212	552	755	1865	2724	4185	5926
0:15:50	30.0	573	1417	2284	3282	4935	7255	543	779	1803	2701	4247	5866
0:15:55	30.0	591	1465	2239	3297	4864	7125	576	756	1872	2705	4260	5796
0:16:00	30.0	591	1457	2272	3290	4895	7143	552	754	1866	2708	4171	5802
0:16:05	30.0	584	1494	2306	3360	5038	7187	561	768	1892	2675	4173	5871
0:16:10	30.0	564	1461	2291	3323	4902	7159	558	786	1898	2711	4189	5782
0:16:15	30.0	597	1481	2280	3318	4926	7022	564	791	1829	2707	4128	5781
0:16:20	30.0	595	1444	2265	3393	4926	7206	551	771	1836	2746	4193	5781
0:16:25	30.0	586	1481	2272	3318	4897	7051	562	752	1858	2682	4185	5749
0:16:30	30.0	561	1458	2222	3238	4897	7098	554	806	1802	2707	4170	5748
0:16:35	30.0	581	1471	2267	3345	4906	7087	560	793	1823	2716	4161	5856
0:16:40	30.0	584	1462	2311	3293	4942	7125	555	766	1848	2726	4148	5839
0:16:45	30.0	604	1486	2307	3244	5000	7161	575	802	1828	2730	4174	5809
0:16:50	30.0	593	1483	2282	3281	4913	7177	562	780	1863	2710	4192	5781
0:16:55	30.0	589	1483	2277	3307	4862	7178	563	780	1862	2756	4200	5777
0:17:00	30.1	590	1519	2302	3270	4872	7141	547	761	1875	2731	4222	5764
0:17:05	30.0	571	1479	2316	3351	4801	7098	546	763	1839	2688	4189	5766
0:17:10	30.0	582	1488	2346	3251	4863	7063	563	778	1854	2711	4085	5796
0:17:15	30.0	607	1497	2288	3331	4858	7149	551	795	1862	2750	4169	5804
0:17:20	30.0	574	1439	2307	3346	4943	7099	557	775	1847	2701	4164	5808
0:17:25	30.0	592	1419	2226	3265	4924	7207	572	752	1856	2617	4282	5781
0:17:30	30.0	590	1485	2278	3278	4966	7146	541	781	1871	2750	4126	5827
0:17:35	30.0	580	1440	2307	3314	4893	7162	547	769	1821	2715	4219	5810
0:17:40	30.0	587	1437	2312	3262	4931	7123	572	776	1819	2698	4117	5737
0:17:45	30.0	581	1469	2268	3284	4898	7069	552	789	1846	2734	4205	5905
0:17:50	30.0	581	1444	2288	3358	4952	7171	553	771	1869	2710	4248	5858
0:17:55	30.0	593	1437	2281	3317	4833	7161	570	776	1838	2676	4234	5790
0:18:00	30.0	586	1443	2231	3267	4849	7163	557	776	1835	2728	4211	5760
0:18:05	30.0	572	1486	2307	3321	4876	7072	559	768	1874	2685	4254	5838
0:18:10	30.0	589	1438	2263	3329	4844	7125	559	773	1887	2641	4153	5762
0:18:15	30.0	577	1453	2282	3213	4887	7194	548	760	1857	2727	4202	5747
0:18:20	30.0	596	1500	2239	3271	4950	7136	566	765	1859	2684	4181	5787
0:18:25	30.0	601	1452	2299	3280	4962	7132	559	753	1834	2673	4118	5737
0:18:30	30.0	599	1469	2288	3311	4921	7051	543	773	1804	2738	4216	5780
0:18:35	30.0	591	1499	2284	3318	4933	7072	551	776	1877	2664	4116	5771
0:18:40	30.0	573	1472	2301	3297	4902	7096	558	779	1807	2703	4175	5756
0:18:45	30.0	588	1479	2258	3294	4814	7128	569	768	1885	2656	4188	5788
0:18:50	30.0	594	1468	2322	3302	4883	7087	548	781	1842	2673	4197	5755
0:18:55	30.0	589	1451	2283	3261	4909	7136	571	784	1802	2653	4162	5789
0:19:00	30.0	580	1478	2279	3294	4951	7081	557	757	1823	2703	4217	5760
0:19:05	30.0	575	1467	2278	3257	4871	7041	531	773	1844	2704	4156	5730
0:19:10	30.1	600	1466	2331	3265	4950	7121	554	747	1821	2701	4224	5779
0:19:15	30.1	591	1465	2274	3237	4935	7144	567	794	1808	2690	4219	5693
0:19:20	30.0	574	1480	2294	3301	4903	7133	559	761	1831	2703	4202	5818
0:19:25	30.0	556	1471	2290	3289	4854	7115	546	779	1882	2742	4208	5713
0:19:30	30.0	576	1446	2269	3226	4912	7019	560	785	1854	2648	4196	5657
0:19:35	30.0	574	1464	2288	3278	4856	7086	569	780	1855	2620	4159	5760
0:19:40	30.0	593	1485	2287	3258	4922	7040	544	767	1830	2675	4192	5766
0:19:45	30.0	579	1469	2286	3323	4881	7093	547	754	1863	2698	4166	5764
0:19:50	30.0	581	1464	2294	3196	4941	7124	540	774	1842	2663	4197	5691
0:19:55	30.0	595	1467	2238	3229	4835	7048	550	769	1822	2734	4258	5775
0:20:00	30.0	593	1452	2260	3271	4885	7121	563	779	1841	2667	4125	5728
0:20:05	30.0	614	1443	2307	3309	4916	7099	551	781	1834	2687	4193	5711
0:20:10	30.0	591	1484	2274	3321	4864	7144	558	763	1848	2685	4185	5753
0:20:15	30.0	587	1458	2264	3268	4880	6995	540	824	1860	2665	4104	5779
0:20:20	30.0	606	1450	2280	3253	4924	7026	524	779	1798	2683	4098	5769
0:20:25	30.0	578	1482	2303	3264	4863	7015	531	750	1821	2699	4218	5690
0:20:30	30.0	579	1454	2274	3284	4914	7014	543	765	1827	2685	4139	5716
0:20:35	30.0	583	1461	2278	3268	4891	7042	538	773	1829	2734	4183	5804
0:20:40	30.0	587	1454	2325	3283	4877	7048	563	747	1814	2723	4195	5744
0:20:45	30.0	568	1456	2262	3280	4871	7093	558	762	1853	2676	4154	5797
0:20:50	30.0	581	1452	2279	3294	4934	7106	549	758	1817	2661	4173	5690
0:20:55	30.0	562	1470	2286	3285	4825	7042	557	763	1819	2645	4199	5738
0:21:00	30.0	581	1451	2291	3300	4882	7139	574	749	1853	2658	4068	5814
0:21:05	30.0	592	1454	2265	3236	4824	7078	546	770	1848	2695	4186	5760
0:21:10	30.0	579	1456	2235	3247	4890	7011	561	789	1827	2688	4195	5723
0:21:15	30.0	583	1449	2277	3245	4759	7060	560	733	1838	2695	4162	5668
0:21:20	30.0	595	1444	2233	3325	4964	7059	561	764	1823	2677	4164	5756
0:21:25	30.0	591	1449	2253	3313	4838	7080	540	767	1815	2662	4193	5744
0:21:30	30.0	583	1469	2304	3225	4871	7068	547	759	1842	2669	4067	5729
0:21:35	30.0	587	1487	2264	3316	4927	7078	534	806	1822	2679	4207	5737
0:21:40	30.0	613	1441	2312	3316	4948	7165	554	777	1787	2685	4117	5743
0:21:45	30.0	590	1442	2293	3228	4908	6967	547	765	1827	2651	4145	5684
0:21:50	30.0	599	1452	2267	3271	4863	7071	544	774	1798	2704	4253	5745
0:21:55	30.0	577	1446	2257	3286	4853	6939	547	749	1825	2702	4178	5655
0:22:00	30.0	583	1432	2244	3259	4901	7165	538	773	1824	2574	4149	5716
0:22:05	30.0	593	1469	2253	3251	4838	6979	514	756	1886	2666	4215	5799
0:22:10	30.0	582	1448	2295	3253	4875	7048	558	777	1802	2633	4189	5692
0:22:15	30.0	578	1479	2241	3271	4917	6889	549	773	1812	2661	4170	5689
0:22:20	30.0	577	1431	2274	3232	4929	6874	560	772	1816	2662	4210	5726
0:22:25	30.0	566	1431	2266	3200	4869	7094	551	761	1867	2655	4140	5677
0:22:30	30.0	602	1448	2290	3262	4842	7032	560	772	1845	2661	4190	5653
0:22:35	30.0	579	1439	2214	3257	4903	6959	556	787	1816	2631	4074	5772
0:22:40	30.0	550	1430	2266	3239	4830	7045	540	782	1826	2770	4263	5681
0:22:45	30.0	586	1422	2285	3191	4899	6983	535	795	1855	2654	4188	5739
0:22:50	30.0	566	1446	2281	3278	4850	6947	533	773	1807	2670	4179	5734
0:22:55	30.0	602	1453	2247	3218	4850	7047	542	767	1789	2685	4116	5764
0:23:00	30.0	573	1445	2319	3250	4899	7016	540	773	1833	2638	4144	5620
0:23:05	30.0	580	1450	2284	3233	4855	7031	555	770	1815	2658	4124	5609
0:23:10	30.0	581	1438	2274	3299	4800	7005	556	772	1823	2701	4075	5688
0:23:15	30.0	582	1474	2240	3260	4944	6959	542	786	1852	2716	4097	5638
0:23:20	30.0	589	1451	2244	3260	4849	7036	541	788	1838	2698	4165	5625
0:23:25	30.0	576	1426	2242	3260	4914	6928	538	749	1782	2670	4157	5676
0:23:30	30.1	590	1458	2287	3236	4884	6941	545	763	1788	2631	4129	5704
0:23:35	30.1	599	1442	2300	3247	4925	7043	560	759	1808	2644	4146	5676
0:23:40	30.1	600	1424	2258	3285	4890	7141	532	780	1786	2662	4141	5660
0:23:45	30.1	579	1437	2334	3198	4858	7084	537	797	1797	2632	4120	5727
0:23:50	30.1	580	1430	2284	3237	4931	6935	562	745	1857	2622	4042	5690
0:23:55	30.1	581	1466	2253	3254	4848	6990	532	772	1823	2630	4206	5778
0:24:00	30.0	574	1494	2297	3221	4833	6951	547	761	1857	2684	4120	5721
0:24:05	30.1	590	1447	2301	3201	4842	6980	530	780	1798	2668	4152	5652
0:24:10	30.0	581	1436	2269	3263	4931	7081	530	778	1848	2688	4135	5628
0:24:15	30.1	596	1442	2265	3261	4809	6996	557	756	1803	2646	4072	5709
0:24:20	30.1	607	1476	2254	3252	4862	6932	550	773	1810	2680	4201	5624
0:24:25	30.1	586	1443	2257	3269	4841	7105	544	764	1875	2653	4177	5628
0:24:30	30.1	584	1461	2237	3262	4886	7035	533	761	1848	2666	4130	5691
0:24:35	30.1	589	1458	2258	3253	4842	6959	568	771	1848	2631	4088	5643
0:24:40	30.0	597	1487	2239	3223	4815	6996	526	738	1823	2668	4059	5702
0:24:45	30.1	604	1442	2204	3241	4788	6970	508	760	1836	2694	4127	5621
0:24:50	30.0	584	1448	2252	3274	4840	6992	544	764	1809	2639	4181	5703
0:24:55	30.1	564	1441	2221	3241	4801	7076	539	715	1832	2620	4121	5717
0:25:00	30.1	588	1456	2299	3268	4924	6875	556	776	1779	2697	4194	5697
0:25:05	30.1	566	1454	2282	3226	4843	6899	540	741	1796	2594	4105	5673
0:25:10	30.1	565	1465	2317	3173	4825	6844	555	756	1765	2645	4182	5678
0:25:15	30.1	575	1392	2297	3231	4848	6943	547	760	1839	2610	4124	5786
0:25:20	30.1	568	1450	2272	3212	4813	7108	548	790	1800	2661	4131	5593
0:25:25	30.1	577	1433	2271	3293	4875	7018	528	771	1852	2612	4113	5677
0:25:30	30.1	586	1458	2247	3229	4827	6957	533	775	1780	2631	4079	5644
0:25:35	30.0	593	1452	2269	3245	4815	6882	550	767	1793	2623	4108	5687
0:25:40	30.1	605	1487	2268	3279	4853	7059	543	768	1812	2678	4102	5667
0:25:45	30.1	602	1464	2240	3236	4893	7009	541	767	1829	2653	4136	5619
0:25:50	30.1	581	1419	2267	3215	4832	7022	533	779	1821	2655	4145	5697
0:25:55	30.1	599	1466	2234	3233	4743	7026	555	774	1788	2707	4130	5642
0:26:00	30.1	585	1460	2270	3227	4787	7076	555	757	1808	2621	4090	5670
0:26:05	30.0	579	1453	2243	3190	4902	6983	550	764	1823	2641	4122	5717
0:26:10	30.1	570	1455	2269	3206	4865	6963	554	759	1796	2666	4097	5668
0:26:15	30.0	586	1460	2297	3326	4793	7067	548	755	1785	2677	4103	5695
0:26:20	30.1	578	1451	2262	3232	4866	6961	535	748	1833	2674	4132	5681
0:26:25	30.1	544	1426	2256	3218	4835	7013	527	737	1802	2560	4111	5663
0:26:30	30.1	567	1410	2221	3220	4871	6967	564	772	1827	2649	4092	5742
0:26:35	30.1	585	1427	2275	3248	4875	6903	540	778	1817	2645	4084	5657
0:26:40	30.1	569	1401	2270	3163	4881	7066	524	765	1800	2617	4058	5696
0:26:45	30.0	588	1466	2252	3290	4856	6927	531	752	1837	2673	4037	5681
0:26:50	30.1	573	1458	2312	3259	4783	6950	552	754	1842	2619	4115	5670
0:26:55	30.1	583	1464	2257	3160	4901	6967	522	744	1824	2589	4063	5668
0:27:00	30.1	583	1424	2216	3259	4854	7044	561	771	1826	2688	4091	5658
0:27:05	30.0	583	1405	2242	3242	4843	7011	541	745	1802	2662	4082	5617
0:27:10	30.1	584	1412	2246	3229	4757	7109	546	730	1826	2620	4083	5679
0:27:15	30.1	582	1430	2227	3200	4933	7026	562	755	1796	2599	4101	5631
0:27:20	30.1	565	1389	2241	3214	4854	7077	556	753	1835	2636	4076	5662
0:27:25	30.1	593	1465	2246	3201	4801	6870	529	753	1821	2633	4142	5729
0:27:30	30.0	590	1476	2245	3219	4841	6954	543	749	1838	2637	4060	5741
0:27:35	30.1	592	1430	2215	3232	4857	7059	535	756	1837	2679	4150	5628
0:27:40	30.1	587	1437	2276	3214	4855	7067	536	757	1809	2670	4069	5625
0:27:45	30.1	566	1436	2251	3208	4773	6969	548	769	1809	2625	4183	5640
0:27:50	30.1	577	1423	2193	3234	4888	6985	515	772	1820	2595	4038	5647
0:27:55	30.0	580	1469	2224	3181	4847	6975	516	752	1801	2651	4060	5554
0:28:00	30.1	584	1449	2226	3323	4798	6970	527	735	1796	2685	4118	5724
0:28:05	30.1	564	1424	2265	3177	4826	6984	551	765	1851	2643	4115	5637
0:28:10	30.1	593	1471	2214	3227	4866	7043	534	751	1802	2636	4140	5728
0:28:15	30.0	602	1429	2254	3227	4831	7003	533	764	1861	2610	4090	5643
0:28:20	30.1	566	1409	2260	3221	4785	6978	547	781	1809	2624	4089	5670
0:28:25	30.1	597	1432	2296	3267	4768	6986	522	760	1772	2664	4115	5696
0:28:30	30.1	563	1405	2264	3249	4786	6922	531	741	1774	2646	4105	5567
0:28:35	30.1	556	1427	2268	3298	4798	6967	564	746	1794	2641	3998	5713
0:28:40	30.0	570	1466	2277	3241	4911	6945	540	736	1816	2659	4078	5659
0:28:45	30.1	604	1410	2208	3193	4867	6946	557	765	1787	2631	4041	5579
0:28:50	30.1	590	1432	2258	3208	4848	6960	570	753	1800	2624	4095	5716
0:28:55	30.1	573	1415	2264	3216	4869	6934	557	766	1808	2634	4082	5725
0:29:00	30.0	575	1436	2242	3250	4871	6977	543	768	1827	2585	4084	5600
0:29:05	30.1	585	1423	2242	3210	4785	6984	523	753	1810	2648	4101	5703
0:29:10	30.1	573	1432	2290	3227	4809	6904	518	738	1799	2669	4086	5622
0:29:15	30.1	577	1430	2238	3267	4877	7045	534	756	1808	2630	4077	5624
0:29:20	30.1	559	1458	2240	3201	4878	7070	536	767	1843	2614	4097	5640
0:29:25	30.1	558	1428	2238	3203	4847	6930	529	741	1796	2624	4152	5626
0:29:30	30.1	567	1396	2218	3165	4820	6894	547	746	1785	2618	4039	5670
0:29:35	30.1	588	1456	2211	3223	4858	7004	538	756	1786	2604	4055	5642
0:29:40	30.1	581	1433	2265	3239	4806	6862	536	773	1838	2598	4166	5572
0:29:45	30.0	560	1441	2282	3215	4838	7017	545	778	1803	2625	4112	5577
0:29:50	30.1	574	1439	2187	3279	4770	6939	561	753	1781	2645	4118	5592
0:29:55	30.1	572	1416	2223	3216	4892	6976	545	730	1789	2661	4105	5675
0:30:00	30.1	568	1437	2221	3233	4883	6943	529	759	1803	2650	4102	5676
0:30:05	30.1	579	1424	2173	3166	4819	6960	549	727	1790	2625	4117	5575
0:30:10	30.1	581	1391	2223	3211	4773	6938	549	766	1802	2571	4035	5686
0:30:15	30.1	584	1425	2259	3204	4818	7022	554	758	1788	2575	4105	5588
0:30:20	30.1	572	1410	2215	3198	4850	6939	519	757	1804	2640	4059	5621
0:30:25	30.1	566	1410	2240	3231	4844	6936	566	766	1804	2608	4083	5588
0:30:30	30.1	572	1440	2264	3171	4865	6969	542	766	1790	2626	4017	5547
0:30:35	30.1	581	1428	2221	3241	4779	6864	525	761	1763	2609	4081	5619
0:30:40	30.1	577	1418	2268	3214	4820	6913	546	756	1784	2698	4052	5615
0:30:45	30.1	586	1461	2277	3258	4738	6956	522	769	1794	2653	4067	5592
0:30:50	30.1	568	1447	2222	3226	4729	7001	553	717	1835	2580	4103	5645
0:30:55	30.1	582	1434	2255	3222	4821	6908	555	760	1816	2674	4103	5681
0:31:00	30.1	565	1439	2204	3207	4781	7006	534	780	1780	2601	4049	5653
0:31:05	30.1	582	1421	2229	3193	4729	6943	521	766	1794	2592	4039	5600
0:31:10	30.1	586	1399	2226	3189	4796	7003	525	761	1837	2580	3995	5629
0:31:15	30.1	578	1432	2238	3184	4803	6933	555	747	1818	2644	4087	5599
0:31:20	30.1	598	1446	2242	3193	4811	6981	545	743	1775	2635	4106	5600
0:31:25	30.1	592	1431	2247	3270	4807	7021	552	760	1814	2607	4096	5602
0:31:30	30.1	569	1425	2236	3229	4766	7032	537	731	1802	2635	4136	5540
0:31:35	30.1	587	1408	2215	3210	4718	6890	535	761	1818	2622	4036	5507
0:31:40	30.1	579	1432	2302	3223	4813	6971	533	752	1797	2627	4101	5600
0:31:45	30.1	579	1429	2233	3198	4768	6899	520	724	1771	2618	3976	5533
0:31:50	30.1	583	1440	2197	3277	4860	6933	548	758	1756	2563	4044	5619
0:31:55	30.1	577	1438	2214	3195	4671	6810	524	732	1767	2574	4081	5538
0:32:00	30.1	583	1424	2232	3198	4820	6881	529	738	1805	2627	4131	5659
0:32:05	30.1	578	1415	2258	3185	4775	6931	525	733	1774	2593	4098	5589
0:32:10	30.1	575	1394	2190	3152	4787	6872	542	740	1790	2540	4039	5602
0:32:15	30.1	562	1458	2233	3232	4743	6923	527	742	1769	2609	4105	5596
0:32:20	30.1	554	1421	2199	3181	4766	6744	517	756	1794	2623	4030	5604
0:32:25	30.1	581	1429	2204	3260	4848	6803	533	760	1804	2633	4108	5564
0:32:30	30.1	585	1433	2254	3282	4769	6980	521	768	1794	2622	4019	5570
0:32:35	30.1	567	1422	2224	3152	4839	6892	530	731	1762	2599	4072	5565
0:32:40	30.1	586	1397	2279	3221	4785	7014	531	741	1761	2595	4074	5550
0:32:45	30.1	577	1465	2230	3231	4759	6930	531	769	1778	2647	4116	5637
0:32:50	30.1	587	1386	2252	3250	4764	6946	548	753	1819	2623	4084	5578
0:32:55	30.1	570	1434	2209	3182	4713	6866	531	770	1739	2635	4094	5652
0:33:00	30.1	580	1427	2181	3219	4778	6938	548	748	1759	2632	4107	5710
0:33:05	30.1	581	1455	2193	3188	4759	6904	534	753	1799	2603	4030	5547
0:33:10	30.1	568	1428	2158	3142	4816	6960	534	749	1784	2543	4053	5614
0:33:15	30.1	556	1413	2213	3196	4742	6937	545	761	1766	2590	4018	5581
0:33:20	30.1	562	1440	2234	3187	4784	6917	566	759	1751	2561	4028	5620
0:33:25	30.1	586	1449	2273	3169	4767	6728	516	746	1790	2563	4021	5562
0:33:30	30.1	593	1425	2178	3172	4794	6819	556	767	1788	2599	4074	5604
0:33:35	30.1	558	1378	2254	3170	4809	6937	528	750	1811	2635	4056	5500
0:33:40	30.1	559	1366	2260	3143	4761	6999	536	756	1779	2606	4033	5543
0:33:45	30.1	569	1432	2226	3161	4761	6874	554	744	1762	2612	4029	5608
0:33:50	30.1	577	1412	2173	3247	4723	6825	530	756	1819	2617	4037	5525
0:33:55	30.1	542	1386	2198	3222	4822	6813	541	743	1762	2632	4068	5605
0:34:00	30.1	558	1427	2280	3162	4733	6821	517	752	1778	2586	4069	5522
0:34:05	30.1	561	1397	2214	3180	4894	6850	524	735	1754	2568	4027	5521
0:34:10	30.1	558	1466	2206	3150	4826	6964	530	749	1786	2594	4011	5505
0:34:15	30.1	573	1378	2221	3195	4778	6890	530	741	1752	2588	4001	5490
0:34:20	30.1	584	1410	2228	3201	4777	6850	539	742	1770	2618	4019	5504
0:34:25	30.1	578	1392	2198	3218	4807	6891	527	734	1760	2645	4094	5607
0:34:30	30.1	572	1434	2203	3237	4696	6820	534	736	1765	2595	4002	5582
0:34:35	30.1	561	1417	2225	3184	4796	6751	549	779	1779	2550	4043	5555
0:34:40	30.1	566	1409	2183	3138	4775	6846	523	758	1766	2542	4002	5554
0:34:45	30.1	564	1412	2210	3134	4727	6897	534	747	1771	2550	4055	5442
0:34:50	30.1	570	1419	2220	3184	4720	6834	531	741	1813	2575	4089	5556
0:34:55	30.1	555	1438	2189	3271	4825	6789	546	755	1787	2572	4020	5565
0:35:00	30.1	585	1407	2180	3210	4684	6840	549	755	1781	2560	4028	5531
0:35:05	30.1	553	1406	2215	3177	4752	6851	539	733	1781	2588	4071	5510
0:35:10	30.1	555	1449	2175	3241	4734	6760	534	744	1800	2559	3943	5589
0:35:15	30.1	564	1442	2161	3149	4792	6891	532	748	1758	2586	3988	5562
0:35:20	30.1	564	1399	2150	3093	4758	6785	526	723	1773	2571	4099	5565
0:35:25	30.1	562	1398	2222	3205	4867	6837	509	760	1777	2593	4066	5597
0:35:30	30.1	565	1426	2183	3218	4725	6813	525	749	1815	2554	4035	5542
0:35:35	30.1	565	1401	2248	3167	4759	6873	518	718	1773	2551	3993	5576
0:35:40	30.1	560	1407	2170	3161	4748	6831	519	752	1793	2590	3976	5578
0:35:45	30.1	590	1399	2206	3167	4762	6829	533	773	1785	2625	4051	5464
0:35:50	30.1	562	1383	2219	3189	4834	6903	516	743	1771	2629	4042	5612
0:35:55	30.1	581	1439	2200	3159	4793	6975	536	731	1756	2585	4090	5542
0:36:00	30.1	573	1414	2179	3197	4721	6772	542	778	1803	2583	4033	5544
0:36:05	30.1	562	1400	2214	3261	4696	6845	511	727	1794	2578	4002	5519
0:36:10	30.1	584	1403	2198	3126	4727	6773	544	739	1782	2592	4049	5555
0:36:15	30.1	561	1413	2193	3201	4811	6872	545	750	1751	2613	4076	5468
0:36:20	30.1	584	1385	2149	3168	4786	6880	532	742	1771	2566	4034	5545
0:36:25	30.1	579	1391	2212	3227	4692	6990	537	750	1772	2587	4014	5520
0:36:30	30.1	564	1377	2169	3113	4712	6879	545	746	1804	2574	3984	5604
0:36:35	30.1	561	1412	2234	3157	4724	6817	520	748	1744	2586	4067	5528
0:36:40	30.1	550	1409	2213	3120	4711	6857	533	742	1784	2629	4073	5461
0:36:45	30.1	557	1394	2219	3159	4681	6798	533	759	1763	2596	3965	5593
0:36:50	30.1	557	1390	2236	3180	4746	6862	510	749	1762	2585	4016	5549
0:36:55	30.1	578	1414	2227	3164	4675	6725	533	722	1758	2568	3980	5632
0:37:00	30.1	571	1392	2215	3162	4710	6850	533	737	1814	2609	4024	5463
0:37:05	30.1	588	1389	2242	3172	4790	6889	528	751	1795	2583	3949	5518
0:37:10	30.1	581	1402	2180	3169	4731	6783	529	731	1770	2589	4019	5620
0:37:15	30.1	581	1420	2231	3177	4702	6900	527	741	1751	2581	4111	5475
0:37:20	30.1	560	1422	2169	3146	4743	6910	531	731	1757	2609	4035	5503
0:37:25	30.1	591	1396	2200	3182	4693	6784	547	733	1738	2564	4116	5432
0:37:30	30.1	585	1395	2220	3146	4725	6892	536	756	1784	2582	3960	5511
0:37:35	30.1	573	1410	2203	3198	4713	6853	547	735	1756	2578	3999	5593
0:37:40	30.1	562	1437	2188	3237	4742	6948	526	734	1733	2549	3982	5524
0:37:45	30.1	553	1373	2254	3205	4695	6761	521	758	1766	2611	3976	5516
0:37:50	30.1	563	1425	2198	3166	4793	6853	523	727	1790	2592	3926	5559
0:37:55	30.1	544	1433	2133	3146	4741	6833	541	733	1758	2599	3998	5528
0:38:00	30.1	542	1424	2224	3139	4688	6917	515	736	1770	2577	3981	5556
0:38:05	30.1	592	1386	2186	3139	4717	6813	532	754	1760	2567	4021	5480
0:38:10	30.1	566	1380	2203	3156	4744	6719	543	730	1746	2565	4036	5536
0:38:15	30.1	571	1435	2154	3186	4726	6743	529	733	1767	2621	4019	5441
0:38:20	30.1	544	1381	2195	3149	4607	6827	530	748	1765	2556	4000	5467
0:38:25	30.1	579	1396	2205	3124	4735	6852	535	717	1787	2549	4027	5527
0:38:30	30.1	572	1391	2196	3131	4806	6890	538	730	1773	2564	4029	5524
0:38:35	30.1	557	1428	2193	3106	4761	6778	504	742	1771	2580	4061	5442
0:38:40	30.1	573	1409	2200	3143	4693	6827	516	755	1750	2572	3965	5462
0:38:45	30.1	559	1391	2199	3173	4722	6791	521	755	1782	2590	4000	5538
0:38:50	30.1	560	1381	2202	3132	4760	6759	549	756	1750	2588	3959	5397
0:38:55	30.1	570	1411	2161	3106	4688	6880	513	765	1775	2617	4012	5518
0:39:00	30.1	599	1452	2206	3130	4760	6882	538	737	1751	2581	4013	5435
0:39:05	30.1	564	1405	2198	3146	4656	6722	543	731	1765	2551	3986	5432
0:39:10	30.1	542	1389	2201	3126	4675	6833	512	734	1729	2606	3979	5612
0:39:15	30.1	582	1374	2232	3156	4765	6783	534	731	1785	2586	4014	5434
0:39:20	30.1	551	1372	2213	3162	4730	6826	519	742	1763	2576	3978	5427
0:39:25	30.1	564	1374	2145	3141	4767	6850	512	735	1738	2553	4004	5551
0:39:30	30.1	544	1396	2190	3145	4696	6892	523	719	1760	2620	4065	5560
0:39:35	30.1	566	1413	2201	3121	4767	6801	537	744	1770	2550	3984	5491
0:39:40	30.1	542	1371	2188	3136	4751	6830	515	722	1751	2553	4057	5463
0:39:45	30.1	552	1400	2195	3149	4718	6841	541	755	1755	2570	3998	5491
0:39:50	30.1	561	1367	2173	3113	4663	6714	529	756	1762	2545	4063	5409
0:39:55	30.1	550	1412	2143	3102	4772	6892	510	727	1821	2541	3989	5508
0:40:00	30.1	578	1402	2185	3113	4759	6750	528	744	1742	2556	3956	5458
0:40:05	30.1	555	1399	2216	3179	4675	6898	516	724	1744	2551	3961	5525
0:40:10	30.1	594	1411	2230	3135	4738	6781	532	732	1774	2534	3988	5475
0:40:15	30.1	562	1379	2176	3156	4778	6835	541	724	1775	2591	3979	5508
0:40:20	30.1	560	1431	2194	3173	4767	6768	516	750	1725	2629	4016	5483
0:40:25	30.1	575	1418	2171	3149	4720	6767	528	713	1800	2593	4037	5545
0:40:30	30.1	547	1386	2219	3118	4747	6788	543	736	1811	2591	4003	5489
0:40:35	30.1	575	1349	2172	3092	4768	6840	519	744	1766	2578	3974	5458
0:40:40	30.1	573	1407	2146	3134	4650	6822	532	746	1772	2560	3945	5475
0:40:45	30.1	533	1391	2180	3168	4693	6809	530	713	1780	2607	3988	5586
0:40:50	30.1	556	1359	2182	3231	4748	6801	532	723	1763	2551	3961	5496
0:40:55	30.1	562	1370	2155	3169	4625	6794	545	737	1784	2500	4046	5510
0:41:00	30.1	562	1385	2201	3162	4722	6812	524	747	1740	2541	3966	5433
0:41:05	30.1	566	1372	2163	3120	4722	6757	524	752	1786	2550	3948	5424
0:41:10	30.1	572	1397	2206	3143	4749	6803	539	740	1724	2540	3966	5536
0:41:15	30.1	569	1417	2195	3139	4634	6721	528	734	1736	2576	3962	5522
0:41:20	30.1	546	1391	2195	3130	4695	6807	517	746	1750	2622	3965	5531
0:41:25	30.1	561	1407	2140	3167	4756	6868	519	713	1698	2601	3998	5511
0:41:30	30.1	564	1397	2166	3179	4646	6706	518	735	1746	2546	3971	5439
0:41:35	30.1	570	1378	2218	3144	4669	6791	530	723	1724	2523	3974	5460
0:41:40	30.1	545	1379	2177	3115	4748	6775	532	734	1764	2553	4012	5386
0:41:45	30.1	582	1389	2216	3135	4693	6847	515	734	1779	2554	3970	5535
0:41:50	30.1	565	1415	2171	3152	4727	6741	527	727	1750	2555	3980	5505
0:41:55	30.1	561	1431	2149	3210	4719	6766	527	745	1741	2570	4014	5492
0:42:00	30.1	566	1404	2186	3092	4715	6844	523	739	1727	2562	4045	5582
0:42:05	30.1	541	1407	2190	3159	4631	6772	511	758	1728	2559	4042	5564
0:42:10	30.1	545	1402	2186	3192	4755	6773	508	730	1799	2498	3999	5469
0:42:15	30.1	565	1374	2172	3120	4657	6695	538	734	1724	2562	3992	5451
0:42:20	30.1	556	1387	2128	3162	4726	6731	525	733	1742	2604	3953	5429
0:42:25	30.1	566	1414	2214	3137	4659	6701	535	724	1761	2613	4001	5496
0:42:30	30.1	590	1393	2178	3137	4710	6838	559	718	1754	2571	3943	5511
0:42:35	30.1	547	1430	2211	3217	4714	6753	498	725	1742	2512	3910	5488
0:42:40	30.1	571	1425	2160	3096	4717	6812	531	746	1795	2579	4047	5494
0:42:45	30.1	577	1404	2212	3134	4698	6667	539	757	1728	2580	4000	5401
0:42:50	30.1	575	1408	2192	3188	4751	6865	530	718	1750	2582	3977	5411
0:42:55	30.1	564	1389	2161	3172	4645	6802	519	761	1760	2570	3971	5418
0:43:00	30.1	557	1399	2201	3076	4802	6827	515	716	1766	2577	3948	5508
0:43:05	30.1	553	1419	2148	3120	4647	6807	529	731	1760	2542	4029	5362
0:43:10	30.1	562	1378	2215	3133	4658	6855	539	735	1745	2522	3993	5503
0:43:15	30.1	545	1393	2179	3122	4686	6765	500	721	1711	2509	4002	5446
0:43:20	30.1	550	1376	2167	3138	4637	6685	525	749	1762	2485	3998	5521
0:43:25	30.1	574	1363	2213	3149	4694	6732	538	726	1780	2548	3963	5482
0:43:30	30.1	555	1369	2181	3141	4711	6742	509	737	1767	2624	3936	5401
0:43:35	30.1	564	1404	2163	3051	4670	6914	541	732	1747	2584	4018	5482
0:43:40	30.1	566	1405	2178	3125	4764	6752	521	721	1750	2560	4001	5485
0:43:45	30.1	592	1398	2162	3152	4673	6823	534	737	1747	2570	3955	5439
0:43:50	30.1	550	1407	2197	3129	4759	6778	508	725	1740	2572	3994	5510
0:43:55	30.1	567	1426	2194	3092	4694	6680	524	741	1763	2506	3978	5486
0:44:00	30.1	564	1382	2228	3130	4735	6735	517	726	1728	2557	3994	5488
0:44:05	30.1	565	1395	2167	3104	4679	6759	517	755	1714	2613	4034	5479
0:44:10	30.1	567	1384	2174	3065	4623	6706	532	727	1784	2573	3988	5502
0:44:15	30.1	552	1398	2178	3162	4763	6895	527	711	1741	2528	3974	5475
0:44:20	30.1	540	1386	2132	3147	4690	6852	519	737	1732	2577	4027	5509
0:44:25	30.1	570	1440	2212	3168	4659	6777	523	758	1736	2512	4043	5395
0:44:30	30.1	542	1395	2234	3179	4708	6707	544	715	1724	2575	3901	5516
0:44:35	30.1	562	1404	2199	3142	4673	6706	502	730	1761	2537	3926	5543
0:44:40	30.1	566	1378	2198	3151	4635	6819	515	753	1762	2579	3954	5452
0:44:45	30.1	543	1397	2217	3152	4668	6792	524	738	1731	2553	3939	5533
0:44:50	30.1	558	1370	2210	3140	4658	6741	527	719	1766	2590	3987	5390
0:44:55	30.1	543	1368	2207	3175	4669	6766	535	711	1771	2576	3950	5452
0:45:00	30.1	566	1403	2165	3141	4665	6827	540	716	1765	2575	4049	5426

Results
	1	2	3	4	5	6	7	8	9	10	11	12
A													Max V [295,335]
													R-Squared [295,335]
													t at Max V [295,335]
													Lagtime [295,335]
B													Max V [295,335]
													R-Squared [295,335]
													t at Max V [295,335]
													Lagtime [295,335]
C	-744000.000	-1512000.000	-1476000.000	-1752000.000	-2676000.000	-3492000.000	-732000.000	-900000.000	-1416000.000	-1992000.000	2364000.000	-3000000.000	Max V [295,335]
	1.000	1.000	1.000	1.000	1.000	1.000	1.000	1.000	1.000	1.000	1.000	1.000	R-Squared [295,335]
	0:00:13	0:02:33	0:01:13	0:28:03	0:00:33	0:00:53	0:42:33	0:00:18	0:00:28	0:01:13	0:08:18	0:00:13	t at Max V [295,335]
	0:00:12	0:02:10	0:00:54	0:27:04	0:00:28	0:00:44	0:42:08	0:00:10	0:00:13	0:00:46	0:09:27	0:00:10	Lagtime [295,335]
D													Max V [295,335]
													R-Squared [295,335]
													t at Max V [295,335]
													Lagtime [295,335]
E													Max V [295,335]
													R-Squared [295,335]
													t at Max V [295,335]
													Lagtime [295,335]
F													Max V [295,335]
													R-Squared [295,335]
													t at Max V [295,335]
													Lagtime [295,335]
G													Max V [295,335]
													R-Squared [295,335]
													t at Max V [295,335]
													Lagtime [295,335]
H													Max V [295,335]
													R-Squared [295,335]
													t at Max V [295,335]
													Lagtime [295,335]

