

Software Version	3.03.14

Procedure Details

Plate Type	96 WELL PLATE
Set Temperature	Setpoint 30°C
	Preheat before moving to next step
Start Kinetic	Runtime 2:29:45 (HH:MM:SS), Interval 0:00:09, 999 Reads
    Read	Fluorescence Endpoint
	G1..G12
	Filter Set 1
	    Excitation: 295,  Emission: 335
	    Optics: Top,  Gain: 80
	Light Source: Xenon Flash,  Lamp Energy: High
	Read Speed: Normal,  Delay: 0 msec,  Measurements/Data Point: 5
	Read Height: 8 mm
End Kinetic	

Layout
	1	2	3	4	5	6	7	8	9	10	11	12
A													Well ID
B													Well ID
C													Well ID
D													Well ID
E													Well ID
F													Well ID
G	SPL1	SPL2	SPL3	SPL4	SPL5	SPL6	SPL7	SPL8	SPL9	SPL10	SPL11	SPL12	Well ID
H													Well ID

295,335

Time	T° 295,335	G1	G2	G3	G4	G5	G6	G7	G8	G9	G10	G11	G12
0:00:00	30.1	13800	19616	22726	24629	28068	33053	13751	18870	22001	24456	26221	31571
0:00:09	30.1	13961	19646	22769	24486	28302	33026	13651	19181	22309	24544	26164	31320
0:00:18	30.1	13900	19651	22972	24706	28335	33187	13790	19469	22079	24683	26235	31242
0:00:27	30.1	13966	19463	22688	24849	28120	32847	13627	19392	21913	24318	26320	31639
0:00:36	30.1	13853	19582	22533	24539	27955	32893	13499	19072	21896	24320	26410	31041
0:00:45	30.1	13841	19578	22625	24450	28189	32974	13535	19232	21751	24479	26355	31371
0:00:54	30.1	13657	19552	22593	24575	28114	32713	13571	19121	21941	24357	26291	31134
0:01:03	30.1	13581	19435	22394	24435	28288	32536	13507	18996	21725	24392	26224	31231
0:01:12	30.1	13768	19481	22468	24367	28317	32553	13374	19079	21869	24446	26203	31074
0:01:21	30.1	13644	19477	22534	24407	28091	32533	13499	19144	21807	24221	26160	30848
0:01:30	30.1	13659	19220	22361	24444	28047	32177	13489	19058	21623	24232	26092	31096
0:01:39	30.0	13576	19379	22497	24175	27986	32494	13313	18761	21729	24153	26159	30898
0:01:48	30.0	13511	19271	22232	24241	27816	32225	13351	18680	21673	23972	25999	30818
0:01:57	30.1	13347	19113	22169	24058	27694	32283	13081	18613	21406	24022	26199	30879
0:02:06	30.1	13419	18920	22143	24042	27539	31798	13152	18450	21264	23860	25850	31014
0:02:15	30.1	13518	19062	22345	24347	27446	31905	13124	18467	21649	24345	26062	30626
0:02:24	30.0	13519	19049	21955	23909	27498	31988	13317	18457	21438	23782	25761	30699
0:02:33	30.0	13256	18681	21975	23797	27540	31671	13024	18345	21339	23782	25740	30483
0:02:42	30.1	13314	18802	21812	23680	27329	32001	12933	18390	21388	23650	26021	30423
0:02:51	30.1	13186	18644	21804	23632	27512	31773	13020	18271	21242	23842	26088	30831
0:03:00	30.1	13294	18692	21721	23809	27635	31947	12859	18419	21312	23860	25918	30726
0:03:09	30.1	13218	18701	21701	23652	27578	31552	12858	18279	21231	23693	25581	30780
0:03:18	30.1	13158	18387	21601	23499	27183	31671	12796	18187	21040	23638	25457	30254
0:03:27	30.1	13045	18414	21684	23402	27272	31489	12741	18213	21144	23503	25576	30625
0:03:36	30.1	13210	18481	21582	23728	27039	31394	12748	18230	21041	23539	25463	30202
0:03:45	30.1	13127	18533	21530	23650	26832	31505	12644	18240	21113	23733	25446	30237
0:03:54	30.1	13015	18490	21462	23328	27251	31575	12524	18218	21064	23705	25534	30066
0:04:03	30.1	12920	18438	21362	23498	26795	31368	12643	17811	21014	23359	25372	30292
0:04:12	30.1	12860	18422	21286	23262	26882	31118	12531	18021	21025	23304	25408	30214
0:04:21	30.1	12827	18284	21406	23536	26941	31328	12513	17935	21052	23319	25536	30050
0:04:30	30.1	12859	18100	21043	23460	26629	30978	12464	17796	20705	23258	25326	30130
0:04:39	30.0	12920	18124	21302	23185	26472	31014	12363	17786	20951	23351	25298	30247
0:04:48	30.1	12717	18066	21136	23380	26877	31111	12465	17868	20801	23395	25793	29806
0:04:57	30.1	12700	18081	21184	23205	26675	30941	12467	17771	20718	23042	25079	29807
0:05:06	30.1	12735	17905	21136	23123	26383	30779	12373	17824	20507	23343	25298	29843
0:05:15	30.1	12716	18102	21138	23038	26223	30919	12447	17718	20753	23283	25043	29738
0:05:24	30.1	12738	17972	21056	23043	26527	30683	12370	17694	20511	23150	24934	29934
0:05:33	30.1	12662	17855	20864	22956	26294	30495	12144	17650	20596	22870	24924	29484
0:05:42	30.1	12528	18029	20973	22891	26096	30676	12207	17602	20436	22959	25038	29702
0:05:51	30.0	12498	17782	20970	22837	26228	30258	12258	17403	20344	23075	25190	29480
0:06:00	30.1	12559	17794	20866	22921	26283	30359	12227	17573	20541	22781	24976	29544
0:06:09	30.0	12594	17940	20721	22754	26072	30504	12192	17569	20482	22590	24843	29561
0:06:18	30.1	12414	18118	20713	22849	26319	30514	12235	17656	20652	22927	24875	29770
0:06:27	30.1	12406	17886	20800	22711	26180	30307	12204	17217	20284	22626	24962	29814
0:06:36	30.0	12381	17754	20713	22719	25856	30144	11957	17405	20387	22593	24892	29779
0:06:45	30.1	12549	17524	20334	22629	26121	30301	12033	17451	20332	22699	24795	29515
0:06:54	30.1	12471	17848	20708	22800	26131	30002	12014	17475	20132	22602	24508	29648
0:07:03	30.1	12377	17863	20433	22573	25786	30261	11964	17464	20259	22943	24736	29435
0:07:12	30.1	12329	17682	20712	22725	26201	30055	12165	17244	20214	22544	24525	29446
0:07:21	30.1	12262	17488	20614	22410	25560	30015	11889	17306	20112	22875	24874	29589
0:07:30	30.1	12143	17492	20283	22400	25446	30150	11869	17264	20154	22596	24522	29251
0:07:39	30.1	12246	17540	20307	22564	25759	29951	11853	17297	20221	22661	24853	29491
0:07:48	30.1	12126	17375	20254	22353	25796	29780	11820	17368	19877	22438	24617	29365
0:07:57	30.1	12355	17581	20253	22257	25745	29892	11847	17305	19963	22231	24495	29370
0:08:06	30.1	12119	17315	20267	22426	25625	29774	11807	17182	19945	22375	24191	29177
0:08:15	30.0	12146	17567	20322	21998	25748	29622	11796	16965	19900	22033	24307	29099
0:08:24	30.1	12095	17413	20219	22127	25421	29625	11751	17017	19891	22222	24337	29053
0:08:33	30.1	12117	17514	20095	22506	25534	29775	11786	16944	19745	22334	24139	29161
0:08:42	30.1	12038	17277	20171	22233	25427	29751	11561	16798	19670	22271	24319	29062
0:08:51	30.1	12141	17125	20326	22089	25473	29448	11601	16815	19832	22341	24104	29022
0:09:00	30.1	12024	17103	20139	22278	25491	29762	11725	16984	19754	22248	23970	29044
0:09:09	30.1	11817	17138	20029	22011	25289	29280	11634	16661	19718	22219	24346	28963
0:09:18	30.1	11984	17110	20096	21859	25077	29722	11551	16798	19881	22372	24284	28960
0:09:27	30.1	11961	17163	19935	21957	25054	29416	11703	16952	19687	22118	24083	28841
0:09:36	30.1	11975	16993	19791	21872	25060	29146	11396	16707	19441	22238	23844	29070
0:09:45	30.1	11720	17146	20015	21962	25373	29454	11583	18253	19578	21734	24177	28918
0:09:54	30.1	12110	16874	19957	21665	25035	29054	11482	16691	19514	22051	24050	28528
0:10:03	30.1	11868	16844	19836	21610	25115	29084	11513	16738	19540	22025	23960	28768
0:10:12	30.1	11864	16837	19764	21788	25096	29321	11506	16623	19605	22076	23986	28265
0:10:21	30.1	11848	17038	19710	21686	25208	29016	11335	16570	19440	22173	24155	28735
0:10:30	30.1	11735	16898	19574	21631	24917	28915	11420	16310	19448	22006	23990	28710
0:10:39	30.1	11744	16794	19779	21533	24925	29220	11391	16494	19430	21792	24075	28705
0:10:48	30.1	11653	16916	19653	21609	24624	29021	11285	16628	19572	21759	23706	28514
0:10:57	30.1	11826	16837	19709	21748	24758	29226	11412	16534	19212	21693	23903	28746
0:11:06	30.1	11624	16778	19544	21532	24757	29130	11344	16577	19419	21638	23995	28788
0:11:15	30.1	11643	16778	19529	21518	24753	28875	11168	16601	19184	21677	23779	28402
0:11:24	30.1	11627	16553	19654	21704	24640	28889	11364	16496	19213	21786	23734	28287
0:11:33	30.1	11671	16795	19335	21567	24749	29168	11323	16489	19152	21743	23605	28602
0:11:42	30.1	11371	16800	19559	21297	24610	28811	11271	16449	19154	21841	23690	28371
0:11:51	30.1	11500	16543	19551	21577	24714	28650	11166	16650	19118	21959	23524	28160
0:12:00	30.1	11502	16535	19515	21267	24523	28730	11090	16438	19039	21554	23334	28231
0:12:09	30.1	11460	16552	19332	21227	24592	28799	11091	16407	19147	21579	23533	27993
0:12:18	30.1	11451	16724	19494	21256	24363	28283	11062	16258	18990	21519	23649	28079
0:12:27	30.1	11438	16333	19484	20984	24523	28570	11110	16445	19020	21558	23632	28296
0:12:36	30.1	11312	16576	19188	21076	24328	28784	11090	16454	18784	21394	23321	28193
0:12:45	30.1	11443	16454	19430	21229	24161	28490	11074	16204	19067	21541	23425	28548
0:12:54	30.1	11315	16346	19094	20970	24383	28346	11054	16216	18898	21422	23482	28271
0:13:03	30.1	11296	16354	19305	21067	24322	28432	11073	16304	18934	21342	23518	28127
0:13:12	30.1	11426	16555	19095	20936	24057	28410	10943	16126	18976	21156	23485	28284
0:13:21	30.1	11374	16482	19033	21101	24439	27979	10976	16046	18914	21199	23297	27898
0:13:30	30.1	11306	16260	18824	20895	24123	28355	10852	16287	18920	21499	23317	27619
0:13:39	30.1	11264	16099	19180	20823	23900	27960	10927	16216	18599	21306	23169	27682
0:13:48	30.1	11169	16216	18960	20759	24067	28305	10879	16050	18789	21017	23210	28149
0:13:57	30.1	11300	16203	18970	20685	24037	28282	10954	16184	18776	21251	23309	27830
0:14:06	30.1	11207	16155	18924	20760	24117	28301	10827	16098	18839	20954	23152	27727
0:14:15	30.1	11296	16214	18966	20691	24027	28010	10928	16126	18725	21113	23164	27872
0:14:24	30.1	11369	16249	18949	20891	23976	28137	10813	16068	18751	21071	23226	27832
0:14:33	30.1	11281	16133	18645	20763	23909	27859	10840	16277	18709	20981	23074	27643
0:14:42	30.1	11099	16054	18705	20538	24047	27858	10732	15989	18538	21217	23093	27616
0:14:51	30.1	11109	16231	18835	20669	23932	28030	10752	15917	18760	21105	22960	27692
0:15:00	30.1	11067	15982	18691	20663	23560	27799	10703	15767	18523	21015	22902	27575
0:15:09	30.1	11104	16090	18720	20743	23978	27983	10804	16013	18428	20949	23041	27565
0:15:18	30.1	11137	15979	18816	20676	23993	28018	10721	16012	18357	20777	23101	27567
0:15:27	30.1	11031	16012	18734	20554	23857	27904	10779	15913	18412	20957	22961	27797
0:15:36	30.1	11134	16036	18821	20354	23836	27926	10717	15920	18482	20833	22730	27710
0:15:45	30.1	11060	15901	18612	20516	23428	27522	10634	15886	18431	20775	23002	27499
0:15:54	30.1	10975	15857	18491	20542	23973	27697	10538	15739	18718	20570	22767	27436
0:16:03	30.1	11007	15900	18701	20473	23603	27605	10622	15816	18478	20811	22951	27639
0:16:12	30.1	10906	15938	18508	20600	23668	27526	10637	15806	18575	20731	22903	27609
0:16:21	30.1	10983	15846	18591	20563	23602	27813	10636	15721	18181	20976	22897	27440
0:16:30	30.1	11047	15845	18537	20307	23601	27439	10437	15642	18336	20693	22828	27365
0:16:39	30.1	10893	15827	18566	20413	23441	27781	10377	15656	18373	20702	22610	27348
0:16:48	30.1	10893	15864	18598	20284	23381	27389	10610	15749	18238	20659	22548	27186
0:16:57	30.1	10843	15713	18406	20124	23439	27527	10554	15436	18311	20705	22907	27369
0:17:06	30.1	10879	15663	18446	20199	23562	27236	10510	15760	18475	20389	22572	27314
0:17:15	30.1	10911	15891	18555	20441	23373	27320	10485	15563	18328	20487	22296	27100
0:17:24	30.1	10831	15755	18560	20289	23180	27331	10545	15583	18230	20616	22633	27072
0:17:33	30.1	10864	15792	18528	20147	23046	27174	10502	15478	18037	20615	22628	27330
0:17:42	30.1	10725	15552	18246	20377	23309	27072	10415	15525	18124	20301	22682	26926
0:17:51	30.1	10823	15608	18198	20250	23080	27488	10489	15576	18246	20758	22453	27152
0:18:00	30.1	10814	15846	18382	20065	23414	27268	10406	15544	17951	20678	22734	27377
0:18:09	30.1	10677	15828	18139	19923	23506	27264	10308	15469	18122	20589	22322	26958
0:18:18	30.1	10813	15409	18239	20346	23236	27417	10318	15496	18267	20495	22474	27361
0:18:27	30.1	10656	15573	18242	20154	23052	27168	10472	15467	18081	20350	22416	27081
0:18:36	30.1	10718	15576	18256	20036	23102	27219	10237	15472	17979	20152	22407	27149
0:18:45	30.1	10867	15397	18277	20009	23027	27175	10382	15620	17696	20004	22323	26845
0:18:54	30.1	10697	15466	18126	20225	23256	27088	10317	15337	18074	20233	22306	27082
0:19:03	30.1	10723	15488	18130	20006	23119	27379	10504	15404	18037	20191	22427	26738
0:19:12	30.1	10658	15611	18031	19895	22972	26979	10310	15330	18063	20490	22331	27063
0:19:21	30.1	10653	15420	18201	19965	22977	27301	10271	15380	17760	20467	22359	26898
0:19:30	30.1	10774	15342	18058	19788	22872	26994	10329	15370	17914	20234	21966	26662
0:19:39	30.1	10617	15490	18092	19899	23237	27091	10253	15141	17862	20235	22361	26746
0:19:48	30.1	10637	15683	18219	19803	23276	26833	10187	15348	18059	20294	22335	26751
0:19:57	30.1	10578	15338	18194	20044	23128	26763	10283	15312	17899	20173	22132	26986
0:20:06	30.1	10614	15340	18010	19909	23050	26906	10180	15222	17884	20209	21798	26752
0:20:15	30.1	10612	15456	18091	19743	22830	26848	10141	14997	18034	20270	22094	26650
0:20:24	30.1	10580	15342	18010	19806	22784	26701	10231	15131	17829	20126	22390	26545
0:20:33	30.1	10554	15312	18156	19803	22891	26960	10198	15368	18100	20065	22014	26858
0:20:42	30.1	10594	15269	18008	19695	22660	26461	10217	15301	17785	19955	22172	26732
0:20:51	30.1	10482	15325	18007	19785	22875	26728	10336	15202	17795	20043	21996	26447
0:21:00	30.1	10495	15151	17802	19661	22916	26942	10106	15040	17574	19912	22064	26645
0:21:09	30.1	10403	15194	17973	19721	22849	26708	10134	15007	17741	19884	22009	26547
0:21:18	30.1	10490	15303	17539	19774	22938	26748	10002	15198	17492	19995	21857	26506
0:21:27	30.1	10570	15297	17966	19630	22884	26629	10018	15017	17588	19941	21775	26684
0:21:36	30.1	10490	15075	17926	19646	22744	26616	10005	15128	17500	20090	21841	26676
0:21:45	30.1	10413	15151	17833	19459	22851	26671	10036	15021	17494	20035	21924	26748
0:21:54	30.1	10452	15225	17753	19797	22569	26690	10044	14988	17782	19912	21957	26637
0:22:03	30.1	10531	15265	17797	19703	22762	26870	9997	15120	17621	20001	22029	26436
0:22:12	30.1	10345	15173	17839	19475	22830	26735	10094	14975	17569	20010	21735	26157
0:22:21	30.1	10509	15044	17684	19735	22720	26369	10003	15152	17562	19936	21970	26343
0:22:30	30.1	10368	15201	17713	19616	22840	26772	10046	14972	17618	19640	21821	26369
0:22:39	30.1	10279	15015	17865	19658	22506	26530	10001	14991	17349	19771	21724	26454
0:22:48	30.1	10423	14999	17667	19357	22873	26272	10043	14966	17467	19707	21785	26273
0:22:57	30.1	10350	15149	17745	19328	22659	26275	10032	14850	17464	19748	21722	26415
0:23:06	30.1	10360	15001	17664	19399	22374	26555	10034	14830	17354	19819	22058	25943
0:23:15	30.1	10444	14940	17637	19705	22542	26473	9926	15074	17534	19888	21948	26622
0:23:24	30.1	10309	14964	17654	19306	22295	26297	9959	15003	17290	19802	21568	26243
0:23:33	30.1	10299	15139	17554	19364	22449	26601	9863	14775	17389	19580	21617	26121
0:23:42	30.1	10267	14964	17613	19301	22439	26547	9966	14768	17407	19745	21831	26208
0:23:51	30.1	10275	15056	17650	19425	22358	26260	9818	14773	17484	19655	21582	26383
0:24:00	30.1	10272	15177	17567	19129	22349	26486	9867	14848	17142	19590	21489	26268
0:24:09	30.1	10192	15085	17621	19422	22115	26321	9839	14826	17320	19888	21621	26316
0:24:18	30.1	10286	14945	17559	19520	22262	26404	9840	14727	17292	19575	21383	25935
0:24:27	30.1	10349	14902	17576	19367	22435	26419	9863	14884	17223	19891	21639	26294
0:24:36	30.1	10382	14974	17648	19373	22366	26317	9839	14686	17331	19736	21249	25977
0:24:45	30.1	10318	15044	17706	19299	22590	26244	9847	14714	17268	19568	21461	25907
0:24:54	30.1	10283	14989	17476	19256	22363	26351	9876	14669	17097	19513	21492	25925
0:25:03	30.1	10227	14886	17582	19215	22476	26391	9714	14578	17018	19551	21515	26228
0:25:12	30.1	10310	14903	17525	19273	22271	26015	9692	14701	17212	19475	21472	25881
0:25:21	30.1	10315	14884	17392	19316	22300	26217	9837	14724	17059	19496	21423	26316
0:25:30	30.1	10298	14905	17442	19620	22072	26070	9889	14703	17006	19638	21410	26160
0:25:39	30.1	10094	14766	17409	19112	22197	26236	9849	14661	17259	19421	21456	26033
0:25:48	30.1	10194	14780	17172	19160	22314	26160	9791	14769	17173	19608	21650	25906
0:25:57	30.1	10180	14753	17451	19254	22171	26400	9895	14636	17075	19530	21543	25906
0:26:06	30.1	10337	14817	17448	18998	22171	26150	9622	14690	17046	19558	21213	25936
0:26:15	30.1	10193	14792	17344	19357	22184	26001	9746	14549	17224	19475	21372	25763
0:26:24	30.1	10240	14814	17561	19203	21817	26214	9770	14624	17369	19494	21261	26083
0:26:33	30.1	10176	14683	17309	19271	22259	26187	9716	14475	17121	19337	21234	26040
0:26:42	30.1	10221	14724	17445	19189	22251	26061	9717	14521	16987	19331	21217	26000
0:26:51	30.1	10206	14731	17472	19159	22083	26176	9801	14611	17207	19747	21366	25804
0:27:00	30.0	10131	14724	17321	19012	22050	25906	9685	14522	16835	19621	21364	25828
0:27:09	30.1	10113	14656	17351	19167	22293	26176	9877	14452	16906	19272	21300	25976
0:27:18	30.1	10182	14724	17487	19043	22202	25957	9738	14481	17023	19348	21341	25684
0:27:27	30.1	10235	14541	17311	19063	22310	25782	9721	14347	17070	19282	21088	25608
0:27:36	30.1	9988	14633	17143	19179	22109	25688	9676	14444	16990	19218	20968	25792
0:27:45	30.1	10200	14751	17170	19248	22092	25898	9746	14390	16883	19434	21294	25752
0:27:54	30.0	10079	14848	17089	18984	22230	25637	9526	14591	16810	19329	21132	25617
0:28:03	30.1	10091	14603	17138	19009	22001	25814	9683	14402	16885	19357	21060	25837
0:28:12	30.1	10011	14609	17261	19039	22015	25737	9792	14426	16892	19251	21081	25539
0:28:21	30.1	10145	14699	17071	19055	22066	26098	9638	14651	16856	19414	21153	25589
0:28:30	30.1	10113	14701	17022	18973	22214	26178	9671	14469	16892	19203	21261	25478
0:28:39	30.1	10058	14639	17309	18697	22126	25835	9607	14305	16800	19296	20997	25581
0:28:48	30.0	9978	14630	17210	18810	21869	26104	9759	14292	16864	18975	21048	25498
0:28:57	30.1	10019	14616	17429	18820	21995	25658	9643	14347	16862	18860	21284	25503
0:29:06	30.1	9984	14570	17220	18817	22110	25785	9405	14380	16862	19124	20979	25401
0:29:15	30.1	10058	14626	17185	19032	21943	25481	9551	14325	16777	19222	21061	25509
0:29:24	30.1	10093	14686	17204	19018	22049	25552	9615	14392	16801	19246	21085	25715
0:29:33	30.1	10034	14627	17079	18979	21842	25726	9602	14312	16865	19219	21033	25810
0:29:42	30.0	9890	14590	17037	18736	21916	25663	9624	14275	16718	18994	21077	25763
0:29:51	30.1	9964	14513	17135	18921	21950	25786	9584	14251	16562	19084	21174	25412
0:30:00	30.1	9886	14489	17190	18871	21770	25827	9534	14248	16817	19084	21110	25570
0:30:09	30.0	9987	14608	17132	18796	21678	25676	9609	14411	16725	19114	20980	25603
0:30:18	30.1	9981	14632	17149	18799	21952	25820	9650	14375	16769	18937	20938	25479
0:30:27	30.1	10002	14593	17035	18792	21928	25899	9589	14121	16694	19126	21063	25393
0:30:36	30.1	10004	14604	17159	18874	22047	25759	9432	14226	16781	18937	20896	25718
0:30:45	30.1	9943	14621	17105	18780	21768	25653	9408	14193	16564	18826	20862	25605
0:30:54	30.1	9768	14568	17132	18559	21858	25618	9627	14417	16610	18958	20797	25235
0:31:03	30.0	10046	14472	17232	18758	22010	25887	9512	14212	16624	19035	20962	25414
0:31:12	30.1	9940	14552	17052	18719	21817	25345	9582	14356	16653	18967	20952	25142
0:31:21	30.1	10062	14349	17030	18687	22016	25537	9493	14066	16747	18937	20982	25714
0:31:30	30.1	9834	14487	17157	18656	21579	25489	9393	14205	16460	19069	21001	25200
0:31:39	30.1	9860	14412	17049	18763	21700	25649	9472	14323	16646	19045	20753	25212
0:31:48	30.0	9856	14436	16948	18704	21687	25396	9503	14093	16609	18828	20797	25219
0:31:57	30.1	9941	14498	16897	18777	21650	25392	9541	14363	16483	18830	21112	25125
0:32:06	30.1	9807	14493	16978	18737	21659	25377	9463	14163	16565	18827	20751	25028
0:32:15	30.1	9851	14487	16926	18620	21712	25303	9607	14004	16670	19085	20897	25215
0:32:24	30.1	9898	14354	16993	18806	21657	25685	9495	14199	16621	18785	20646	25057
0:32:33	30.0	9871	14348	16929	18668	21727	25546	9502	14254	16504	18522	20689	25208
0:32:42	30.1	9785	14289	16989	18638	21578	25379	9555	14195	16451	18746	20883	25457
0:32:51	30.1	9805	14400	16936	18763	21806	25560	9420	14072	16608	18896	20781	24885
0:33:00	30.1	9807	14548	16977	18724	21706	25478	9445	14220	16525	18792	20702	25148
0:33:09	30.1	9888	14497	17230	18651	21868	25528	9354	13980	16501	18871	20807	25328
0:33:18	30.0	9904	14545	17095	18595	21690	25395	9363	14035	16569	18772	20581	24955
0:33:27	30.1	9874	14327	17116	18638	21478	25342	9441	14078	16517	18719	20653	25192
0:33:36	30.1	9917	14353	16949	18601	21514	25352	9328	13987	16456	18728	20505	24931
0:33:45	30.1	9903	14232	17087	18622	21675	25567	9457	14124	16524	18717	20577	25172
0:33:54	30.1	9838	14317	17032	18708	21812	25208	9443	14089	16679	18638	20699	24822
0:34:03	30.1	9919	14247	16794	18491	21569	25168	9512	13938	16395	18546	20286	24946
0:34:12	30.1	9838	14456	16863	18551	21680	25409	9331	14117	16601	18599	20713	24872
0:34:21	30.1	9741	14417	16880	18734	21457	25441	9504	13996	16458	18620	20536	24709
0:34:30	30.1	9744	14381	16835	18510	21270	25451	9363	14104	16559	19060	20433	24998
0:34:39	30.1	9869	14201	16862	18587	21515	25277	9486	13994	16579	18727	20657	25172
0:34:48	30.1	9727	14483	16841	18471	21336	25420	9314	14026	16346	18651	20687	24902
0:34:57	30.1	9773	14349	16883	18488	21575	25229	9347	13976	16240	18433	20396	24953
0:35:06	30.1	9782	14137	16877	18677	21605	25566	9321	13984	16344	18770	20653	24815
0:35:15	30.1	9702	14378	16871	18717	21381	25275	9329	13991	16436	18548	20678	24741
0:35:24	30.1	9874	14123	16800	18447	21450	25354	9377	13942	16204	18514	20550	24748
0:35:33	30.1	9844	14290	16718	18710	21467	25451	9307	13905	16411	18434	20651	24776
0:35:42	30.0	9794	14515	16720	18438	21464	25263	9267	14030	16326	18557	20386	24712
0:35:51	30.1	9940	14266	16847	18505	21280	25345	9528	14154	16330	18392	20380	24896
0:36:00	30.1	9848	14297	16907	18597	21496	25048	9469	13910	16198	18598	20310	24894
0:36:09	30.0	9725	14272	16731	18588	21522	25317	9405	14032	16378	18488	20374	25190
0:36:18	30.1	9876	14200	16813	18546	21212	25223	9423	14116	16119	18490	20440	24671
0:36:27	30.1	9856	14125	16684	18524	21366	25391	9383	13854	16488	18519	20458	24644
0:36:36	30.1	9715	14292	16708	18454	21391	25190	9188	13733	16265	18397	20570	24734
0:36:45	30.1	9707	14191	16897	18362	21346	25154	9311	13908	16345	18494	20303	24509
0:36:54	30.1	9785	14091	16859	18427	21528	25205	9241	13901	16282	18485	20384	24866
0:37:03	30.1	9689	14191	16792	18585	21389	25283	9258	13858	16177	18267	20453	24743
0:37:12	30.1	9634	14243	16741	18406	21412	25071	9301	13848	16124	18368	20210	24753
0:37:21	30.1	9743	14246	16844	18528	21554	25452	9332	13890	16417	18539	20232	24807
0:37:30	30.1	9765	14046	16705	18274	21378	25078	9293	13755	16207	18492	20326	24562
0:37:39	30.1	9697	14043	16764	18469	21657	25169	9271	13824	16350	18485	20142	24889
0:37:48	30.0	9798	14191	16789	18382	21252	25107	9195	13873	16239	18383	20347	24556
0:37:57	30.1	9728	14181	16569	18449	21613	25110	9183	13739	15897	18389	20111	24639
0:38:06	30.0	9823	14236	16639	18631	21352	25084	9225	13939	16234	18275	20377	24638
0:38:15	30.1	9736	14082	16697	18283	21316	24967	9236	13832	16225	18383	20080	24806
0:38:24	30.1	9780	13989	16561	18438	21336	24967	9187	13674	16059	18449	20060	24601
0:38:33	30.1	9702	14111	16669	18453	21325	25091	9344	13798	16190	18378	20222	24583
0:38:42	30.1	9699	14143	16659	18249	21532	25258	9155	13563	16142	18429	20176	24431
0:38:51	30.1	9746	14068	16488	18281	21366	25057	9227	13666	15901	18348	20279	24672
0:39:00	30.1	9678	14097	16601	18293	21385	24945	9295	13785	16031	18220	20064	24536
0:39:09	30.1	9825	14138	16516	18303	21212	25117	9369	13846	16227	18443	20302	24752
0:39:18	30.1	9684	14101	16610	18194	21278	24997	9213	13625	16148	18599	20086	24262
0:39:27	30.1	9549	14176	16426	18239	21184	25000	9254	13679	15916	18287	20004	24234
0:39:36	30.1	9657	14135	16672	18333	21351	25204	9361	13838	15968	18321	20295	24619
0:39:45	30.1	9544	14160	16638	18371	21215	25038	9193	13660	16197	18553	20008	24347
0:39:54	30.0	9707	14101	16560	18343	21259	24985	9227	13770	16047	18254	20229	24566
0:40:03	30.1	9753	14053	16575	18281	21225	25025	9174	13846	16016	18291	20029	24588
0:40:12	30.1	9491	14041	16640	18308	21065	24933	9089	13654	15988	18216	20060	24464
0:40:21	30.1	9587	14133	16791	18351	21341	25107	9234	13756	16077	18331	20179	24372
0:40:30	30.0	9588	14107	16523	18469	21292	25071	9206	13651	16054	18159	20024	24627
0:40:39	30.1	9699	14183	16715	18289	21288	25130	9177	13706	15943	18439	20058	24595
0:40:48	30.1	9603	13979	16668	18271	21262	24791	9285	13538	16119	18136	20132	24274
0:40:57	30.1	9634	14037	16607	18570	21098	24911	9052	13644	15988	18389	20131	24361
0:41:06	30.1	9535	14123	16632	18220	20974	25112	9200	13542	15825	18177	19846	24409
0:41:15	30.1	9491	14156	16706	18397	21287	24886	9206	13697	16045	17986	20019	24577
0:41:24	30.1	9576	14019	16483	18067	21044	25085	9294	13641	16045	18252	19945	24291
0:41:33	30.1	9620	14025	16624	18310	21127	24817	9263	13640	16034	18215	20150	24681
0:41:42	30.1	9668	13953	16605	18438	21385	25077	9258	13733	15974	18168	19897	24403
0:41:51	30.1	9624	13941	16452	18320	21214	24819	9119	13690	15907	18220	20027	24266
0:42:00	30.1	9675	14098	16480	18053	21275	24839	9147	13490	16001	18011	19964	24171
0:42:09	30.1	9569	14028	16478	18106	21111	25057	9087	13639	15978	18058	20090	24204
0:42:18	30.0	9689	14110	16548	18527	21300	24713	9205	13643	16062	18248	19891	24323
0:42:27	30.1	9694	13977	16556	18095	21284	24739	9116	13704	15948	18028	20023	24240
0:42:36	30.1	9604	14045	16678	18022	21110	24815	9057	13696	15927	18097	19960	24137
0:42:45	30.1	9482	14093	16327	18113	21158	25025	9164	13707	16048	18024	19767	24068
0:42:54	30.1	9610	14064	16515	18360	21091	24980	9064	13774	15871	18096	19859	24166
0:43:03	30.1	9483	13976	16517	18191	21181	24855	9272	13588	15871	18163	19881	24465
0:43:12	30.0	9630	13965	16440	18318	21225	25073	9178	13524	15891	18084	19753	24268
0:43:21	30.0	9589	14087	16686	18293	21136	24943	9196	13612	15817	18100	19829	24312
0:43:30	30.0	9622	13964	16570	18091	21405	24996	9096	13657	15974	18111	20013	24363
0:43:39	30.0	9556	14033	16444	18519	21298	24833	9202	13728	15953	18141	19770	24314
0:43:48	30.1	9542	14212	16426	18142	21174	24998	9179	13526	15878	18200	19898	23950
0:43:57	30.1	9694	14148	16428	18108	20991	24559	9179	13575	15859	18184	19774	24226
0:44:06	30.1	9486	13890	16509	18143	21326	24767	9102	13711	15787	17896	19879	24286
0:44:15	30.1	9451	13947	16612	18179	21084	24830	9074	13513	15819	17958	19794	23919
0:44:24	30.0	9515	14015	16573	18315	21129	24714	9066	13533	15660	18024	19956	23888
0:44:33	30.1	9644	14068	16602	18076	21223	24856	9083	13556	16089	18068	19961	24025
0:44:42	30.1	9559	14009	16598	18290	21252	24745	9214	13496	15790	17800	19884	24193
0:44:51	30.1	9566	13901	16415	18132	21204	24721	9101	13438	15817	18012	19851	23797
0:45:00	30.0	9513	13884	16507	18180	21142	24642	9036	13573	16013	18252	19964	24274
0:45:09	30.0	9622	13797	16407	18378	21381	24977	8977	13505	15828	17857	19869	24169
0:45:18	30.1	9521	13879	16533	18135	21049	24903	9199	13467	15861	17830	19661	24048
0:45:27	30.1	9447	14050	16265	18062	20801	24690	9071	13499	15851	17882	19854	24168
0:45:36	30.1	9579	14005	16321	18225	21158	24903	9180	13468	15760	17811	20111	24020
0:45:45	30.0	9513	13983	16589	18131	21113	24932	9150	13512	15852	17871	19485	24085
0:45:54	30.0	9571	13867	16482	18105	21009	24473	9057	13435	15747	17726	19747	23942
0:46:03	30.1	9563	13992	16533	18307	21351	24914	9006	13658	15853	17687	19676	24301
0:46:12	30.1	9610	13838	16450	17905	20955	24638	9130	13520	15715	18044	19639	24145
0:46:21	30.1	9610	13943	16291	18038	21030	24665	9177	13429	15648	17868	19712	24129
0:46:30	30.1	9509	13781	16534	18161	21156	24702	9096	13518	15821	17977	19774	24108
0:46:39	30.0	9507	13949	16431	18081	21028	24571	9210	13517	15779	18007	19558	24042
0:46:48	30.1	9495	14055	16254	18090	21196	24853	9149	13458	15556	17879	19801	23883
0:46:57	30.0	9516	14090	16495	18191	20929	24862	9174	13420	15743	17946	19702	23858
0:47:06	30.1	9496	13849	16259	18104	20969	24685	9105	13447	15660	17790	19655	23719
0:47:15	30.1	9455	13924	16478	18202	21011	24404	9120	13417	15842	17901	19617	23775
0:47:24	30.1	9565	13665	16313	17889	21082	24639	9112	13491	15857	17904	19695	23882
0:47:33	30.0	9477	13891	16435	18087	21029	24787	9006	13577	15630	17752	19726	24063
0:47:42	30.1	9438	13816	16423	18057	21075	24873	9090	13447	15791	17677	19564	23903
0:47:51	30.1	9484	14006	16507	18185	20935	24876	8965	13445	15701	17858	19602	23687
0:48:00	30.1	9529	13806	16409	18118	20957	24567	9045	13409	15785	17904	19549	23700
0:48:09	30.0	9445	13839	16276	18134	20972	24564	8939	13516	15704	17669	19450	23989
0:48:18	30.0	9534	13893	16283	18146	21044	24644	8997	13377	15605	17864	19510	23810
0:48:27	30.0	9427	13906	16478	18128	20961	24539	9043	13423	15749	18008	19581	23655
0:48:36	30.1	9451	13930	16476	18080	21080	24911	9061	13261	15719	17781	19516	23726
0:48:45	30.0	9491	13873	16310	17931	20946	24679	9024	13261	15560	17573	19397	23569
0:48:54	30.0	9384	13896	16395	18230	21111	24459	8959	13257	15507	17671	19450	23665
0:49:03	30.1	9438	13877	16454	18066	21010	24469	9002	13577	15667	17553	19455	23764
0:49:12	30.1	9478	13738	16208	18099	20908	24568	9009	13367	15447	17595	19350	23827
0:49:21	30.1	9486	13767	16362	17932	21183	24888	9017	13460	15703	17757	19615	23735
0:49:30	30.1	9462	13933	16471	18089	20997	24642	9086	13337	15567	17656	19555	23824
0:49:39	30.1	9442	13644	16200	18030	21015	24458	8855	13429	15702	17602	19493	23774
0:49:48	30.1	9390	13726	16379	18009	21170	24608	9057	13441	15589	17712	19401	23634
0:49:57	30.0	9541	13941	16253	17975	20741	24615	9120	13380	15561	17959	19410	23709
0:50:06	30.1	9472	13846	16293	18056	21104	24576	9030	13470	15671	17935	19423	23704
0:50:15	30.1	9280	13818	16398	17833	21025	24650	9016	13501	15468	17676	19396	23597
0:50:24	30.1	9427	13777	16435	18101	21095	24651	9053	13349	15651	17734	19622	23867
0:50:33	30.1	9460	13923	16434	18161	20816	24822	9072	13241	15617	17749	19490	23652
0:50:42	30.1	9485	13791	16304	17885	20934	24641	8934	13387	15484	17472	19306	23764
0:50:51	30.1	9360	13842	16222	17847	20939	24662	8930	13297	15537	17693	19390	23584
0:51:00	30.1	9385	13674	16286	17952	20921	24576	9011	13391	15602	17499	19629	23806
0:51:09	30.1	9465	13693	16319	18188	20835	24806	8981	13384	15581	17640	19459	23769
0:51:18	30.1	9481	13844	16293	17990	21120	24670	9052	13406	15655	17655	19390	23919
0:51:27	30.1	9311	13906	16289	18007	20967	24453	8959	13257	15546	17461	19370	23676
0:51:36	30.1	9455	13789	16306	17860	20885	24255	8972	13343	15465	17666	19443	23327
0:51:45	30.1	9376	13702	16363	17979	20720	24426	8992	13261	15572	17567	19292	23461
0:51:54	30.0	9249	13819	16342	17676	20821	24600	9013	13201	15542	17790	19325	23439
0:52:03	30.1	9347	13681	16263	17776	20691	24751	8991	13175	15370	17596	19446	23534
0:52:12	30.1	9488	13741	16199	17826	20932	24466	9023	13219	15501	17734	19462	23928
0:52:21	30.0	9413	13795	16385	17859	20913	24510	9099	13278	15673	17338	19387	23842
0:52:30	30.1	9413	13678	16139	17926	20740	24530	8917	13214	15580	17585	19245	23417
0:52:39	30.1	9410	13786	16200	17868	20955	24485	8935	13389	15453	17478	19306	23592
0:52:48	30.1	9292	13786	16341	17954	20994	24474	9126	13279	15607	17727	19510	23688
0:52:57	30.1	9480	13748	16305	17871	20941	24351	8977	13108	15588	17543	19422	23495
0:53:06	30.0	9392	13691	16294	18171	20806	24449	8895	13292	15476	17618	19285	23640
0:53:15	30.1	9331	13705	16339	17876	20759	24613	8957	13185	15408	17578	19432	23537
0:53:24	30.1	9356	13804	16276	18016	20566	24474	8991	13080	15433	17611	19205	23646
0:53:33	30.1	9349	13526	16117	17861	20985	24260	8897	13246	15403	17674	19201	23419
0:53:42	30.1	9387	13736	16148	17686	20841	24329	8928	13275	15451	17402	19344	23600
0:53:51	30.1	9442	13667	16202	17971	20875	24608	8957	13104	15548	17767	19335	23367
0:54:00	30.1	9313	13730	16412	17873	20814	24500	9015	13303	15620	17560	19304	23461
0:54:09	30.0	9302	13547	16064	17799	20684	24306	9001	13266	15177	17469	19352	23341
0:54:18	30.1	9300	13740	16033	17805	20862	24379	9016	13191	15481	17686	19003	23246
0:54:27	30.1	9360	13719	16246	17922	20863	24263	8967	13254	15446	17595	19165	23349
0:54:36	30.1	9241	13727	16167	17859	20601	24471	9007	13188	15496	17441	19324	23434
0:54:45	30.1	9245	13632	16011	17715	20593	24231	8820	13258	15352	17404	19035	23429
0:54:54	30.0	9380	13688	16073	17977	20664	24485	8833	13331	15380	17410	19258	23599
0:55:03	30.1	9272	13716	16158	17703	20548	24188	8957	13004	15307	17448	19082	23287
0:55:12	30.1	9364	13473	16014	17802	20730	24448	8971	13069	15330	17314	19108	23081
0:55:21	30.0	9273	13674	16236	17811	20791	24391	9014	13143	15430	17563	19033	23410
0:55:30	30.1	9315	13778	16300	17749	20734	24117	8844	13146	15294	17345	19037	23315
0:55:39	30.1	9288	13525	16175	17947	20779	24403	8909	13152	15418	17277	19096	23275
0:55:48	30.1	9172	13804	16054	17837	20640	24445	8903	13076	15243	17576	19089	23044
0:55:57	30.1	9271	13613	16220	17466	21045	24024	9094	13189	15194	17643	19144	23315
0:56:06	30.0	9296	13485	15940	17889	20662	24331	8843	12987	15372	17232	19129	23308
0:56:15	30.1	9321	13614	16120	17750	20805	24396	8876	13281	15332	17315	19191	23189
0:56:24	30.1	9287	13676	15935	18015	20752	24326	8938	13050	15338	17546	19085	23201
0:56:33	30.1	9286	13635	16098	17757	20605	24277	8887	13014	15357	17253	19324	23202
0:56:42	30.1	9282	13554	16298	17812	20801	24455	8908	13123	15367	17342	19184	23177
0:56:51	30.1	9157	13767	15974	17740	20992	24300	8965	13113	15547	17294	19161	23485
0:57:00	30.1	9282	13586	16074	17806	20689	24095	8798	13081	15169	17354	18899	23236
0:57:09	30.1	9215	13665	16038	17891	20743	24286	8993	13118	15324	17379	19011	23005
0:57:18	30.1	9265	13581	16149	17875	20645	24217	8906	13103	15329	17458	19111	23251
0:57:27	30.1	9336	13659	16071	17500	20587	23943	8927	13104	15387	17370	19048	23130
0:57:36	30.1	9237	13641	16153	17746	20635	24421	8962	13136	15314	17601	19177	23292
0:57:45	30.1	9339	13662	16285	17760	20783	24305	8853	13200	15330	17448	19077	23081
0:57:54	30.1	9179	13632	16140	17834	20586	24368	8792	13078	15216	17206	18979	22891
0:58:03	30.1	9167	13744	16059	17864	20602	24108	8859	13217	15306	17210	18960	23108
0:58:12	30.1	9240	13562	16008	17676	20640	24242	8870	13214	15229	17237	18843	23246
0:58:21	30.1	9291	13573	16079	17405	20615	24198	8858	13249	15104	17223	19232	22927
0:58:30	30.1	9337	13469	16027	17785	20562	24274	8836	13104	15153	17072	18935	23057
0:58:39	30.1	9221	13575	15884	17689	20790	24304	8892	13203	15369	17102	18815	23230
0:58:48	30.1	9346	13453	16056	17690	20855	24356	8822	12823	15217	17323	18751	22913
0:58:57	30.1	9299	13563	16160	17635	20561	24328	8854	13041	15295	17365	18873	23162
0:59:06	30.1	9212	13603	15915	17719	20398	24087	8896	12850	15221	17449	18813	23171
0:59:15	30.1	9230	13523	16206	17752	20624	24396	8823	12985	15254	17431	18792	23126
0:59:24	30.1	9288	13603	15859	17629	20399	24247	8775	13031	15149	17282	18999	23039
0:59:33	30.1	9179	13448	15983	17564	20314	24049	8832	13051	15130	17248	18806	22995
0:59:42	30.1	9225	13644	15936	17507	20446	24035	8818	13065	15254	17283	18954	22891
0:59:51	30.1	9344	13587	16165	17823	20429	24095	8841	13193	15194	17173	19000	23107
1:00:00	30.1	9212	13454	16150	17697	20489	24107	8904	13035	15199	17203	18905	22901
1:00:09	30.1	9360	13723	15935	17589	20545	24188	8722	13195	15135	17114	18828	22982
1:00:18	30.1	9155	13533	15928	17835	20518	24104	8830	12974	15262	17241	18714	22877
1:00:27	30.1	9256	13671	15909	17809	20676	24273	8843	12975	15197	17181	18950	22888
1:00:36	30.1	9324	13537	16010	17507	20643	23982	8789	13109	15119	17038	18921	23018
1:00:45	30.1	9262	13601	15967	17665	20479	24090	8861	12986	15146	16892	19128	22798
1:00:54	30.1	9236	13617	16162	17832	20297	24308	8829	12992	15201	17009	18989	22834
1:01:03	30.1	9234	13604	16128	17642	20496	23959	8896	12969	15108	17105	18966	22853
1:01:12	30.1	9244	13633	15875	17590	20502	24156	8793	12951	15081	17094	18959	22814
1:01:21	30.1	9261	13543	15899	17663	20317	23986	8869	12972	14985	17241	18934	22773
1:01:30	30.1	9224	13481	15967	17670	20392	24147	8933	13027	15187	17079	19000	22802
1:01:39	30.1	9117	13457	16203	17652	20545	23807	8805	13150	15356	17171	18788	23184
1:01:48	30.1	9165	13582	15981	17795	20374	24388	8779	12739	15091	17208	18817	22900
1:01:57	30.1	9233	13517	16065	17775	20565	24071	8786	13078	15037	17265	18782	22825
1:02:06	30.1	9293	13680	15796	17449	20456	24205	8828	12967	15015	17331	19096	22836
1:02:15	30.1	9145	13442	15882	17512	20446	24042	8876	12696	15140	17055	18715	22789
1:02:24	30.1	9127	13483	15784	17562	20551	23853	8811	12946	14972	16974	18615	22762
1:02:33	30.1	9166	13646	15856	17648	20483	24145	8755	13032	15011	17076	18840	22571
1:02:42	30.1	9132	13520	15762	17507	20518	23886	8830	12956	15049	17224	18790	22873
1:02:51	30.1	9103	13466	16100	17611	20437	23989	8892	12993	14894	17176	18582	22810
1:03:00	30.1	9131	13667	15811	17449	20314	23999	8847	12818	15061	17012	18705	22832
1:03:09	30.1	9152	13432	15980	17561	20600	24054	8855	12958	15114	17196	18953	22683
1:03:18	30.1	9133	13464	15872	17341	20495	24123	8843	12869	15138	17192	18669	23071
1:03:27	30.1	9181	13505	15900	17438	20581	24104	8853	12897	15115	17038	18741	23079
1:03:36	30.1	9163	13405	15804	17541	20454	24058	8754	12779	15045	17033	18690	22846
1:03:45	30.1	9133	13428	15841	17290	20406	23896	8864	12992	15154	16944	18434	22654
1:03:54	30.1	9182	13601	15878	17433	20441	23903	8804	12917	15123	17011	18769	22609
1:04:03	30.1	9258	13560	15846	17539	20309	23958	8695	12844	15083	17121	18693	22784
1:04:12	30.1	9176	13578	15877	17542	20585	23905	8795	12890	15018	17090	18634	22494
1:04:21	30.1	9102	13496	15721	17515	20234	24030	8754	12897	14923	17118	18543	22896
1:04:30	30.1	9159	13452	16039	17592	20194	23594	8800	12805	15081	17036	18579	22638
1:04:39	30.1	9126	13299	15909	17511	20329	24022	8778	12923	15099	17099	18505	22736
1:04:48	30.1	9067	13410	15904	17550	20478	23943	8945	13004	14946	16900	18645	22624
1:04:57	30.1	9074	13443	15900	17412	20219	23974	8698	12957	14977	17150	18615	22894
1:05:06	30.1	9113	13375	15863	17498	20204	23843	8730	12786	15156	16833	18766	22619
1:05:15	30.1	9056	13439	15725	17498	20370	23961	8830	12773	14975	16951	18493	22604
1:05:24	30.1	9137	13285	15738	17425	20432	24023	8725	12987	14960	16828	18634	22757
1:05:33	30.1	9148	13379	16038	17343	20552	24231	8770	12754	15155	16870	18667	22611
1:05:42	30.1	9031	13408	15761	17257	20582	23905	8717	12887	14842	16833	18469	22331
1:05:51	30.1	9030	13370	15884	17316	20157	23830	8626	12830	15100	16987	18691	22348
1:06:00	30.1	9106	13434	15926	17574	20349	24280	8774	12894	14893	16938	18690	22666
1:06:09	30.1	9154	13525	15862	17576	19995	23842	8767	12721	14886	16964	18583	22513
1:06:18	30.1	9065	13374	15772	17572	20252	23930	8754	12831	15016	17087	18521	22392
1:06:27	30.1	9068	13174	15693	17381	20543	23891	8714	12989	14967	16932	18661	22550
1:06:36	30.1	9261	13404	15870	17208	20356	24164	8765	12787	14948	16987	18443	22556
1:06:45	30.1	9104	13372	16009	17527	20220	23929	8727	12743	14928	16996	18345	22544
1:06:54	30.1	8978	13445	15975	17358	20391	23768	8759	12778	14852	16778	18370	22276
1:07:03	30.1	8977	13453	15801	17410	20235	23936	8700	12835	14824	16802	18435	22461
1:07:12	30.1	9064	13274	15908	17588	20209	23939	8765	12921	14813	16884	18473	22644
1:07:21	30.1	9175	13404	15730	17343	20219	23926	8694	12701	14829	16788	18527	22367
1:07:30	30.1	9030	13320	15784	17563	20149	23827	8752	12698	14979	16778	18436	22386
1:07:39	30.1	9141	13265	15756	17195	20104	23967	8815	12857	14907	16884	18640	22354
1:07:48	30.1	9023	13268	15697	17259	20293	23672	8697	12734	14863	16818	18490	22268
1:07:57	30.1	9091	13271	15732	17144	20327	23863	8622	12680	14772	16890	18431	22647
1:08:06	30.1	9108	13232	15703	17328	20009	23907	8549	12846	14854	16596	18233	22403
1:08:15	30.1	9064	13488	15775	17461	20382	23663	8685	12764	14902	16750	18406	22221
1:08:24	30.1	9078	13347	15840	17365	20437	23727	8763	12720	14848	16785	18363	22194
1:08:33	30.1	9033	13262	15582	17366	20133	23565	8578	12798	15022	16648	18130	22319
1:08:42	30.1	8981	13141	15518	17159	19974	23556	8847	12890	14867	16746	18378	22350
1:08:51	30.1	8960	13430	15682	17212	20265	23801	8695	12676	14681	16545	18366	22134
1:09:00	30.1	9045	13378	15769	17291	20266	23649	8693	12650	14770	16631	18240	22372
1:09:09	30.1	8964	13200	15715	17244	20089	23769	8604	12677	14797	16786	18406	22082
1:09:18	30.1	9008	13208	15723	17280	20349	23649	8820	12670	14736	16657	18403	22387
1:09:27	30.1	9050	13221	15559	17293	20098	23646	8612	12710	14727	16882	18212	22398
1:09:36	30.1	9039	13259	15699	17338	20175	23508	8755	12690	14730	16868	18368	22206
1:09:45	30.1	8959	13163	15672	17284	20138	23857	8680	12771	14669	16778	18296	22190
1:09:54	30.1	9088	13326	15527	17281	20136	23634	8655	12607	14773	16883	18337	22273
1:10:03	30.1	8940	13234	15838	17416	20155	23340	8602	12796	14848	16787	18357	21877
1:10:12	30.1	9091	13342	15719	17330	20155	23563	8638	12671	14764	16730	18174	22146
1:10:21	30.1	9118	13332	15830	17424	19875	23645	8573	12553	14739	16723	18260	22225
1:10:30	30.1	8983	13223	15499	17036	19988	23590	8637	12640	14725	16733	18163	22123
1:10:39	30.1	8971	13252	15488	17197	19921	23490	8655	12686	14691	16757	18487	22106
1:10:48	30.1	8885	13261	15643	17194	20074	23617	8716	12720	14844	16540	18214	22064
1:10:57	30.1	8930	13403	15627	17281	20070	23542	8661	12675	14604	16660	18308	22150
1:11:06	30.1	9022	13179	15580	17219	20137	23741	8596	12694	14817	16619	18005	22284
1:11:15	30.1	8940	13211	15630	17218	20213	23652	8665	12608	14687	16423	18226	22436
1:11:24	30.1	8974	13310	15808	17281	20150	23811	8660	12691	14703	16630	18174	22107
1:11:33	30.1	8970	13328	15589	17271	20080	23834	8687	12635	14716	16616	18188	21808
1:11:42	30.1	9041	13141	15432	17296	19910	23406	8618	12584	14690	16586	18232	22140
1:11:51	30.1	8981	13254	15502	17223	20052	23567	8648	12536	14678	16798	18168	21849
1:12:00	30.1	8951	13133	15717	17080	20082	23550	8519	12709	14697	16417	18166	22105
1:12:09	30.1	9040	13115	15539	17236	20316	23444	8570	12725	14783	16792	18224	22130
1:12:18	30.1	8945	13073	15590	17064	20023	23516	8611	12468	14755	16616	18088	22208
1:12:27	30.1	9042	13076	15399	17237	20077	23277	8573	12558	14744	16531	17938	21975
1:12:36	30.1	8952	13116	15337	17035	20125	23467	8477	12586	14512	16508	17825	21912
1:12:45	30.1	8993	13263	15854	17258	19930	23576	8551	12505	14866	16492	18092	22141
1:12:54	30.0	8879	13120	15485	17117	19838	23355	8636	12549	14660	16691	18140	21984
1:13:03	30.1	8882	13168	15355	17090	20093	23333	8608	12579	14755	16558	18017	21752
1:13:12	30.1	8990	13071	15529	17206	20042	23601	8546	12669	14660	16772	18157	21943
1:13:21	30.1	9001	13129	15607	17310	20079	23327	8608	12593	14748	16674	18160	21780
1:13:30	30.1	8943	13047	15510	17111	19904	23638	8585	12439	14573	16439	17937	21911
1:13:39	30.1	8905	13138	15511	17132	20179	23456	8584	12492	14783	16600	18070	21908
1:13:48	30.1	9005	13267	15481	16959	19979	23433	8676	12516	14675	16658	17996	21964
1:13:57	30.1	8836	13141	15517	17094	20221	23516	8523	12595	14699	16620	17864	21805
1:14:06	30.1	9040	13212	15546	17072	20089	23533	8623	12471	14741	16450	17902	21860
1:14:15	30.1	8850	13059	15498	17094	19764	23247	8601	12593	14630	16439	18074	21793
1:14:24	30.1	8957	13057	15664	17050	19785	23546	8450	12527	14559	16543	17948	21880
1:14:33	30.1	8818	13232	15410	17064	19923	23288	8495	12401	14495	16658	18004	21858
1:14:42	30.1	8826	13247	15666	17240	19964	23313	8637	12515	14651	16324	17964	21917
1:14:51	30.1	8985	13098	15530	17219	20023	23467	8505	12485	14640	16607	18071	22245
1:15:00	30.1	8907	13074	15466	17054	19974	23346	8534	12458	14499	16513	18054	21922
1:15:09	30.1	8935	13080	15695	17096	19980	23502	8638	12505	14682	16525	18125	21706
1:15:18	30.1	8940	13107	15471	16907	20169	23464	8533	12542	14572	16487	17950	21789
1:15:27	30.1	8843	13005	15493	17199	19977	23494	8574	12564	14457	16418	18065	21774
1:15:36	30.1	8968	13121	15468	17166	19834	23307	8538	12518	14431	16386	18158	21602
1:15:45	30.1	8913	13108	15489	17066	19975	23445	8487	12497	14554	16384	18015	21847
1:15:54	30.1	8845	12919	15376	17045	20064	23482	8414	12448	14396	16534	18033	21975
1:16:03	30.1	8914	13136	15381	17123	20003	23295	8438	12478	14447	16497	18079	21511
1:16:12	30.1	8995	12987	15317	16924	19934	23112	8519	12402	14492	16293	17914	21661
1:16:21	30.1	8869	13110	15600	17065	19819	23385	8619	12378	14515	16429	17930	21845
1:16:30	30.1	8934	13078	15531	16888	19935	23306	8563	12455	14568	16549	17954	22104
1:16:39	30.1	8850	12979	15585	16987	19916	23510	8600	12468	14548	16472	18058	22073
1:16:48	30.1	8809	12983	15492	16964	19869	23321	8571	12520	14474	16451	18129	21665
1:16:57	30.1	8848	13034	15429	17066	19966	23428	8634	12348	14628	16506	18060	21878
1:17:06	30.1	8755	13097	15497	17080	19701	23268	8627	12563	14457	16277	17772	21830
1:17:15	30.1	8760	12950	15314	16888	19801	23473	8538	12496	14598	16499	17760	21784
1:17:24	30.1	9053	13024	15471	17127	19828	23358	8482	12463	14352	16522	18235	21955
1:17:33	30.1	9014	13109	15249	16929	19823	23238	8557	12546	14508	16548	17934	21745
1:17:42	30.1	8818	13191	15301	17046	19795	23481	8586	12484	14685	16493	17860	21600
1:17:51	30.1	8954	13122	15250	16946	19926	23480	8433	12495	14492	16413	17913	21625
1:18:00	30.1	8880	13068	15367	17106	19902	23273	8584	12464	14554	16511	17831	21746
1:18:09	30.1	8909	13020	15436	17124	20077	23318	8451	12439	14557	16540	17903	21644
1:18:18	30.1	8857	13038	15444	17025	19787	23177	8575	12391	14434	16369	17935	21748
1:18:27	30.1	8812	12968	15490	17064	19715	23447	8520	12504	14506	16475	17909	21909
1:18:36	30.1	8832	13126	15510	16787	19846	23372	8486	12396	14402	16405	17751	21572
1:18:45	30.1	8831	12914	15375	16751	19793	23064	8508	12479	14404	16315	17938	21569
1:18:54	30.1	8796	12922	15394	16963	19817	23240	8495	12442	14479	16467	17785	21675
1:19:03	30.1	8706	12993	15255	16944	19579	23260	8525	12411	14336	16449	17918	21544
1:19:12	30.1	8813	12984	15357	17119	19904	22986	8454	12470	14475	16433	17922	21704
1:19:21	30.1	8807	12989	15542	17026	19999	22997	8563	12418	14388	16436	17756	21612
1:19:30	30.1	8808	12962	15332	16970	19773	23204	8525	12379	14552	16313	17873	21712
1:19:39	30.1	8704	12986	15616	17078	19670	23144	8563	12484	14561	16067	17808	21628
1:19:48	30.1	8900	13165	15405	16970	19760	23258	8515	12405	14500	16290	17641	21592
1:19:57	30.1	8810	13004	15446	17027	19608	22991	8403	12488	14531	16126	17854	21716
1:20:06	30.1	8913	13177	15574	16760	19997	23144	8469	12517	14578	16488	17802	21789
1:20:15	30.1	8745	12868	15358	17070	19723	23427	8549	12296	14494	16180	17875	21749
1:20:24	30.1	8810	13044	15357	17031	19999	23218	8454	12480	14428	16504	17780	21570
1:20:33	30.1	8774	12858	15260	16973	19829	23271	8442	12419	14445	16305	17840	21313
1:20:42	30.1	8809	13024	15387	16902	19733	23076	8588	12490	14370	16395	18075	21482
1:20:51	30.1	8863	12847	15421	16863	19944	23250	8459	12496	14451	16243	17735	21489
1:21:00	30.1	8888	12912	15561	16972	19730	23070	8456	12444	14548	16311	17815	21614
1:21:09	30.1	8796	12862	15411	17015	19870	23152	8414	12403	14441	16257	17870	21608
1:21:18	30.1	8741	12942	15532	16815	19708	23200	8409	12315	14393	16330	17745	21598
1:21:27	30.1	8806	12899	15568	16971	19725	23228	8688	12503	14354	16136	17809	21505
1:21:36	30.1	8889	13100	15382	16841	19786	23306	8476	12307	14308	16133	17658	21364
1:21:45	30.1	8800	12964	15399	16916	19867	23158	8543	12366	14434	16129	17706	21667
1:21:54	30.1	8824	12988	15444	16954	19867	23216	8433	12296	14333	16008	17770	21537
1:22:03	30.1	8708	12933	15467	16963	19709	23165	8555	12308	14425	16430	17914	21614
1:22:12	30.1	8778	12899	15332	16878	19870	23091	8405	12392	14405	16352	17615	21378
1:22:21	30.1	8830	13011	15444	17047	19835	23280	8522	12344	14472	16419	17749	21428
1:22:30	30.1	8854	12992	15342	16983	19512	23003	8420	12447	14334	16216	17698	21434
1:22:39	30.1	8762	13104	15283	17003	19663	23133	8497	12425	14471	16354	17782	21567
1:22:48	30.1	8826	12933	15305	16996	19603	23077	8501	12439	14491	16256	17685	21684
1:22:57	30.1	8812	13042	15433	16953	19619	23258	8545	12355	14334	16380	17838	21569
1:23:06	30.1	8834	12963	15317	16888	19818	23169	8368	12268	14357	16188	17631	21492
1:23:15	30.1	8847	13056	15363	16803	19940	23024	8536	12497	14447	16196	17718	21609
1:23:24	30.1	8858	12941	15403	16826	19710	23158	8418	12381	14414	16333	17830	21805
1:23:33	30.1	8740	12888	15388	16861	19741	23208	8549	12181	14328	16060	17750	21477
1:23:42	30.1	8903	13025	15474	16913	19739	23101	8534	12164	14438	16237	17692	21385
1:23:51	30.1	8701	12913	15348	16990	20063	23248	8457	12350	14508	16450	17670	21542
1:24:00	30.1	8748	12889	15380	16963	19618	23448	8528	12380	14456	16447	17681	21457
1:24:09	30.1	8806	12810	15197	16823	19627	23190	8499	12321	14378	16163	17728	21352
1:24:18	30.1	8776	13001	15215	16828	19582	23022	8326	12281	14373	16292	17742	21746
1:24:27	30.1	8771	13062	15280	16802	19750	23257	8510	12476	14342	16356	17729	21280
1:24:36	30.0	8777	12804	15340	16740	19517	22936	8411	12296	14484	16411	17864	21184
1:24:45	30.1	8778	12910	15375	16719	19491	23022	8429	12297	14214	16374	17563	21459
1:24:54	30.1	8781	12991	15298	16975	19959	22961	8472	12358	14374	16214	17569	21330
1:25:03	30.1	8790	12914	15342	16941	19647	23157	8442	12245	14246	15936	17548	21670
1:25:12	30.1	8700	12804	15225	16875	19794	23031	8489	12371	14465	16071	17636	21224
1:25:21	30.1	8728	12906	15435	16804	19856	23220	8431	12267	14586	16059	17752	21546
1:25:30	30.1	8807	12759	15317	16867	19692	23450	8474	12320	14361	16024	17475	21553
1:25:39	30.1	8872	12948	15323	16815	19547	23083	8483	12308	14290	16301	17759	21389
1:25:48	30.1	8796	12831	15079	16826	19644	23100	8429	12282	14326	16388	17655	21299
1:25:57	30.1	8777	12954	15272	16815	19562	23214	8462	12388	14412	16251	17673	21533
1:26:06	30.0	8726	12955	15246	16706	19705	23098	8394	12221	14395	16193	17675	21112
1:26:15	30.0	8723	12969	15287	16712	19559	23140	8482	12373	14456	16282	17710	21241
1:26:24	30.1	8709	12930	15102	16781	19631	23009	8419	12253	14305	16276	17692	21253
1:26:33	30.1	8800	13020	15121	16849	19829	23259	8481	12460	14341	16243	17713	21509
1:26:42	30.1	8660	12900	15215	16711	19546	23123	8450	12363	14310	16150	17687	21317
1:26:51	30.1	8756	12964	15106	16926	19662	23126	8450	12317	14382	16229	17731	21354
1:27:00	30.1	8823	13039	15241	16804	19716	22930	8528	12085	14356	16146	17575	21363
1:27:09	30.1	8745	13031	15237	16789	19608	23162	8412	12207	14298	16151	17590	21214
1:27:18	30.1	8797	12871	15213	16599	19656	23164	8416	12330	14343	16069	17620	21195
1:27:27	30.1	8721	12842	15186	16792	19541	23022	8417	12273	14435	16242	17734	21384
1:27:36	30.1	8684	12937	15178	16726	19584	22872	8512	12267	14454	16070	17726	21071
1:27:45	30.1	8739	12794	15289	16684	19682	22925	8468	12322	14263	16166	17487	21356
1:27:54	30.1	8718	12788	15238	16997	19629	23110	8516	12251	14295	16324	17559	21286
1:28:03	30.1	8799	12971	15233	16831	19678	23276	8496	12254	14371	16172	17700	21277
1:28:12	30.1	8730	12864	15202	16839	19920	23114	8393	12341	14332	16377	17791	21392
1:28:21	30.1	8744	12830	15288	16902	19591	23172	8432	12384	14504	16167	17496	21174
1:28:30	30.0	8765	13057	15175	16844	19599	23067	8423	12333	14325	16139	17670	21522
1:28:39	30.1	8717	12997	15175	16922	19598	23198	8441	12331	14303	16283	17543	21447
1:28:48	30.1	8721	12753	15214	16874	19890	22986	8460	12374	14190	16100	17631	21296
1:28:57	30.1	8720	12969	15346	16807	19699	23034	8465	12310	14392	16139	17612	21198
1:29:06	30.1	8753	12943	15211	16907	19743	23125	8444	12272	14396	16239	17402	21435
1:29:15	30.1	8750	12851	15243	16825	19630	22633	8311	12236	14421	16284	17515	21293
1:29:24	30.1	8656	12999	15310	16650	19494	22992	8350	12308	14407	15989	17680	21235
1:29:33	30.1	8607	12949	15089	16750	19516	22932	8421	12207	14442	16220	17441	21200
1:29:42	30.1	8734	12941	15194	16803	19476	22966	8376	12221	14368	16005	17623	21200
1:29:51	30.1	8730	12901	15234	16651	19616	23223	8428	12288	14209	16149	17539	21201
1:30:00	30.1	8615	12865	15240	16727	19308	22867	8402	12219	14102	16253	17485	21209
1:30:09	30.1	8626	12822	15241	16827	19527	23081	8410	12226	14382	15970	17540	21123
1:30:18	30.1	8721	12807	15163	16860	19485	23113	8447	12283	14252	16143	17668	20996
1:30:27	30.1	8764	12950	15205	16761	19582	23195	8511	12295	14257	16006	17692	21121
1:30:36	30.1	8720	12828	15111	16712	19721	22986	8360	12336	14182	16037	17561	20969
1:30:45	30.1	8636	12814	15335	16899	19721	22959	8305	12390	14227	16124	17599	21076
1:30:54	30.1	8720	12788	15201	16972	19609	23004	8390	12175	14303	16222	17492	21231
1:31:03	30.0	8779	12897	15045	16775	19530	23078	8471	12301	14306	16090	17584	21116
1:31:12	30.1	8683	12874	15255	16730	19610	22974	8392	12189	14087	16177	17419	20978
1:31:21	30.1	8650	12882	15258	17022	19539	22903	8370	12198	14161	16068	17427	21257
1:31:30	30.1	8568	12940	15160	16709	19465	22924	8453	12184	14074	16186	17495	21040
1:31:39	30.1	8721	12821	15128	16872	19463	23141	8351	12270	14365	16320	17247	21291
1:31:48	30.0	8690	12827	15334	16761	19414	23156	8376	12369	14398	16232	17550	21294
1:31:57	30.1	8651	12763	15059	16745	19660	22973	8438	12155	14344	16219	17675	21302
1:32:06	30.1	8634	12853	15220	16676	19424	22750	8342	12261	14355	16103	17464	21191
1:32:15	30.1	8664	12825	15143	16772	19372	22882	8398	12118	14294	16034	17558	20842
1:32:24	30.1	8681	12968	15342	16593	19426	23025	8380	12153	14279	16009	17459	20988
1:32:33	30.1	8551	12751	15177	16749	19545	22865	8472	12315	14093	15979	17468	21194
1:32:42	30.1	8724	12709	15172	16657	19355	23130	8361	12079	14237	16079	17592	21065
1:32:51	30.1	8628	12908	15334	16629	19517	22863	8497	12081	14290	16236	17382	21255
1:33:00	30.1	8655	12712	15150	16615	19462	22935	8403	12180	14218	16039	17485	21096
1:33:09	30.1	8645	12935	15070	16802	19326	22893	8457	12089	14317	15935	17561	21080
1:33:18	30.0	8855	12909	15346	16771	19450	22970	8472	12204	14220	16087	17538	21163
1:33:27	30.1	8735	12852	15152	16744	19610	22877	8310	12261	14248	16147	17537	21277
1:33:36	30.1	8838	12723	15461	16764	19677	22879	8338	12274	14299	16176	17464	21225
1:33:45	30.1	8692	12758	14965	16684	19366	22745	8434	12262	14151	16019	17371	21008
1:33:54	30.1	8657	12860	15051	16681	19438	22775	8488	12198	14288	15969	17245	21018
1:34:03	30.1	8592	12787	15231	16581	19273	22814	8453	12225	14136	16162	17576	21043
1:34:12	30.1	8650	12896	15140	16754	19620	23086	8355	12282	14184	16005	17431	20783
1:34:21	30.1	8718	12797	15067	16814	19507	22824	8448	12182	14262	16006	17434	21006
1:34:30	30.0	8648	12744	15094	16804	19557	23001	8365	12101	14005	15960	17356	20958
1:34:39	30.1	8798	12767	15103	16731	19665	22856	8292	12233	14230	15942	17423	20814
1:34:48	30.1	8702	12709	15051	16698	19523	22889	8312	12258	14341	15996	17528	21195
1:34:57	30.1	8624	12614	15128	16532	19488	23112	8341	12284	14314	15993	17502	21020
1:35:06	30.1	8673	12939	15176	16648	19602	22993	8392	12380	14212	16159	17430	21145
1:35:15	30.1	8664	12682	15191	16627	19365	22863	8392	12170	14208	16024	17429	20850
1:35:24	30.1	8630	12750	15042	16811	19629	22879	8393	12277	14183	15873	17352	20945
1:35:33	30.1	8732	12746	15183	16561	19354	22873	8411	12273	14112	15842	17291	20782
1:35:42	30.1	8729	12604	15225	16481	19459	22760	8298	12091	13994	16080	17295	20967
1:35:51	30.1	8696	12738	15147	16494	19342	22865	8418	12226	14201	16150	17281	20917
1:36:00	30.1	8573	12766	15105	16526	19279	22954	8338	12341	14158	15904	17341	20951
1:36:09	30.1	8680	12727	15105	16572	19259	22626	8360	12155	14069	15946	17470	20939
1:36:18	30.1	8726	12805	15248	16570	19437	22886	8384	12158	14115	15859	17383	21010
1:36:27	30.1	8558	12721	15002	16582	19357	22986	8373	12146	14092	15993	17505	21065
1:36:36	30.1	8720	12769	15090	16604	19462	22898	8397	12145	14135	15968	17373	20885
1:36:45	30.1	8665	12720	14880	16636	19723	22699	8417	12167	14113	16224	17326	21000
1:36:54	30.1	8609	12758	15073	16715	19301	22837	8368	12048	14069	15832	17177	21006
1:37:03	30.1	8684	12725	15167	16755	19455	22829	8425	12194	14235	15988	17518	20985
1:37:12	30.1	8545	12569	15008	16544	19644	22673	8330	12240	14313	15960	17345	20915
1:37:21	30.1	8637	12657	14966	16648	19599	22943	8358	12174	14203	15771	17511	21246
1:37:30	30.1	8569	12689	15173	16546	19312	22857	8308	12225	14083	15883	17454	20738
1:37:39	30.0	8672	12829	15090	16696	19395	22673	8526	12179	14073	16016	17366	20898
1:37:48	30.1	8671	12672	15106	16678	19519	22929	8345	12164	14102	16144	17441	21102
1:37:57	30.1	8673	12748	15052	16675	19286	22425	8331	12092	14003	15795	17207	20968
1:38:06	30.1	8566	12711	15096	16595	19488	22735	8402	12019	14122	15989	17409	20834
1:38:15	30.1	8646	12830	14958	16381	19309	22871	8376	12156	14081	15972	17366	21062
1:38:24	30.0	8656	12788	15073	16676	19397	22789	8274	12157	14095	16062	17221	20742
1:38:33	30.1	8624	12639	15018	16736	19339	22763	8298	12275	14131	15976	17390	20810
1:38:42	30.1	8755	12875	15180	16598	19485	22707	8431	12156	14082	15990	17435	20870
1:38:51	30.1	8593	12752	14892	16484	19417	22660	8250	12061	14096	15855	17405	20714
1:39:00	30.1	8743	12795	15047	16636	19513	22868	8465	12039	14165	15966	17386	20660
1:39:09	30.1	8597	12600	15007	16676	19422	22815	8365	12255	14071	15971	17300	20737
1:39:18	30.0	8624	12738	15155	16471	19304	22777	8387	12240	14250	16021	17249	20780
1:39:27	30.1	8537	12597	14943	16832	19416	22822	8295	12031	13902	15910	17464	20846
1:39:36	30.1	8612	12761	14882	16555	19394	22882	8263	12131	14110	15871	17129	20917
1:39:45	30.1	8634	12747	15170	16629	19488	22677	8434	12135	14275	16013	17246	20881
1:39:54	30.1	8458	12599	15005	16621	19349	22784	8301	12127	14286	15887	17302	20672
1:40:03	30.0	8521	12679	15007	16486	19303	22572	8345	12048	14078	15857	17209	20868
1:40:12	30.1	8565	12633	14952	16586	19400	22678	8326	12030	14058	15917	17439	20796
1:40:21	30.1	8547	12634	14956	16547	19287	22631	8293	12018	13981	15903	17309	20837
1:40:30	30.1	8515	12651	15156	16547	19612	22780	8368	12020	14078	16039	17216	20888
1:40:39	30.1	8603	12694	15045	16553	19376	22625	8403	12111	14130	15891	17303	20883
1:40:48	30.0	8576	12727	14894	16280	19466	22736	8322	12041	14162	15860	17194	21035
1:40:57	30.0	8454	12773	15240	16761	19462	22607	8299	12074	14261	15842	17278	20765
1:41:06	30.1	8595	12658	14968	16523	19536	22620	8443	12152	14087	15980	17225	20827
1:41:15	30.1	8721	12806	14949	16533	19286	22670	8359	12144	14212	15744	17095	20870
1:41:24	30.1	8601	12656	15183	16441	19473	22712	8407	12126	14028	15974	17395	20875
1:41:33	30.0	8605	12709	14890	16473	19433	22532	8258	12026	14015	15716	17408	20622
1:41:42	30.0	8571	12721	15092	16525	19408	22665	8376	12263	14212	16039	17333	20834
1:41:51	30.0	8723	12556	14998	16770	19248	22767	8410	11998	14042	15926	17336	20824
1:42:00	30.1	8520	12700	14949	16471	19288	22583	8260	12146	14050	15901	17067	20656
1:42:09	30.1	8571	12776	15135	16722	19391	22718	8361	12061	14033	15888	17383	20982
1:42:18	30.0	8561	12748	15072	16578	19138	22778	8297	12005	14132	15798	17201	20631
1:42:27	30.1	8617	12743	14927	16565	19291	22680	8316	11911	13996	15947	17394	20675
1:42:36	30.1	8572	12717	14981	16649	19368	22616	8373	12046	13978	15981	17133	20735
1:42:45	30.1	8752	12576	14855	16526	19386	22383	8301	12025	14083	15863	17213	20917
1:42:54	30.1	8693	12803	15119	16502	19175	22780	8313	12091	14340	15807	17331	20611
1:43:03	30.1	8604	12654	14930	16619	19392	22611	8309	12085	13977	15961	17111	20756
1:43:12	30.0	8572	12678	15065	16573	19507	22987	8516	12054	14053	15880	17147	20745
1:43:21	30.1	8531	12705	14965	16519	19310	22622	8309	12147	13969	15919	17247	20882
1:43:30	30.1	8582	12736	14859	16582	19671	22649	8368	12113	14117	15797	17379	20690
1:43:39	30.1	8555	12720	15246	16650	19332	22790	8302	12140	14199	15827	17216	20604
1:43:48	30.1	8555	12680	15041	16765	19293	22745	8316	12143	14161	15844	17200	21068
1:43:57	30.1	8559	12643	15144	16432	19278	22627	8328	12031	13992	15949	17362	20723
1:44:06	30.1	8542	12787	14932	16562	19289	22716	8320	12180	14109	16065	17154	20844
1:44:15	30.1	8600	12621	14931	16547	19366	22865	8273	12104	14003	15990	17309	20841
1:44:24	30.0	8504	12874	14972	16384	19263	22678	8413	12021	13960	15819	17353	20909
1:44:33	30.1	8578	12760	14888	16677	19337	22636	8275	12142	13909	15864	17423	20785
1:44:42	30.1	8584	12610	14969	16714	19138	22549	8388	11993	14107	15915	17005	20677
1:44:51	30.1	8609	12657	14896	16337	19007	22838	8232	12003	13973	15731	17207	20882
1:45:00	30.1	8521	12676	15072	16532	18988	22524	8205	12071	14104	15729	17290	20854
1:45:09	30.1	8611	12416	14804	16545	19105	22646	8239	12017	13886	15791	17145	20599
1:45:18	30.0	8549	12568	15085	16565	19066	22493	8364	12030	14076	15889	17355	20585
1:45:27	30.1	8638	12595	14992	16682	19276	22628	8295	12093	13985	15754	17297	20672
1:45:36	30.0	8504	12666	15049	16485	19213	22464	8297	11936	14114	15821	17265	20519
1:45:45	30.1	8558	12491	15074	16477	19181	22756	8366	12072	14266	15750	17151	20814
1:45:54	30.1	8577	12527	14831	16376	19092	22698	8212	12249	14051	15891	17148	20506
1:46:03	30.0	8556	12621	15029	16527	19212	22641	8222	12000	13987	15711	17309	20672
1:46:12	30.1	8514	12562	14903	16735	19015	22576	8283	11983	13893	15820	17179	20667
1:46:21	30.0	8468	12557	14804	16538	19487	22610	8290	12113	14031	15893	17153	20826
1:46:30	30.1	8445	12552	15041	16526	19298	22515	8353	12255	13954	15650	16952	20811
1:46:39	30.1	8481	12634	14794	16653	19333	22481	8420	12191	13904	15807	17345	20749
1:46:48	30.1	8444	12747	14871	16528	19405	22683	8150	12132	14106	15775	17131	20637
1:46:57	30.1	8597	12615	14906	16471	19257	22580	8299	12003	13971	15782	17403	20716
1:47:06	30.0	8497	12698	14808	16519	19318	22708	8257	12056	13929	15928	17327	20632
1:47:15	30.0	8588	12638	14870	16598	19109	22718	8285	12078	13958	15820	17141	20651
1:47:24	30.1	8427	12600	14714	16516	19159	22585	8292	12074	13963	15777	17203	20718
1:47:33	30.0	8473	12734	14908	16302	19074	22606	8349	12176	14061	15730	17282	20611
1:47:42	30.1	8507	12522	14825	16599	19179	22719	8313	12075	14069	15808	17173	20413
1:47:51	30.1	8619	12662	14882	16529	19318	22427	8335	11966	13931	15707	17070	20794
1:48:00	30.0	8526	12632	14936	16327	19133	22588	8359	11979	14041	15770	17040	20743
1:48:09	30.0	8545	12642	15076	16550	19336	22640	8237	11996	14164	15741	17379	20816
1:48:18	30.0	8524	12625	14856	16492	19252	22580	8261	11985	14026	15651	17081	20629
1:48:27	30.1	8525	12530	14950	16354	19134	22555	8359	12048	14109	15735	17238	20673
1:48:36	30.0	8549	12573	14965	16404	19296	22465	8337	12148	14085	15685	17028	20516
1:48:45	30.0	8699	12668	14926	16587	19038	22598	8311	11990	14177	15660	17069	20857
1:48:54	30.1	8504	12588	14825	16343	19209	22591	8204	11910	13987	15769	17110	20581
1:49:03	30.0	8583	12551	14983	16317	19096	22797	8285	11934	13968	15806	16892	20653
1:49:12	30.1	8590	12712	15022	16475	19059	22614	8241	12063	14006	15742	17016	20665
1:49:21	30.1	8571	12504	14912	16474	19290	22643	8444	12042	13992	15805	17063	20501
1:49:30	30.1	8503	12579	14893	16305	19478	22388	8292	12164	13936	15862	17063	20493
1:49:39	30.1	8489	12633	14886	16457	19307	22472	8231	11983	14060	15803	17123	20509
1:49:48	30.1	8626	12654	14924	16426	19213	22818	8274	12040	14008	15754	17308	20525
1:49:57	30.1	8412	12488	14849	16559	19310	22411	8199	12119	13964	15785	17150	20379
1:50:06	30.1	8524	12561	14813	16662	19312	22574	8339	11993	13949	15907	17173	20720
1:50:15	30.1	8556	12687	15006	16533	19426	22541	8340	12038	13959	15838	17220	20458
1:50:24	30.1	8501	12511	14831	16462	19153	22406	8270	11994	13889	15658	17209	20699
1:50:33	30.0	8421	12668	14855	16403	19268	22497	8221	12010	13946	15669	17096	20414
1:50:42	30.0	8535	12479	14931	16296	19094	22650	8269	12042	14013	15500	16914	20571
1:50:51	30.0	8469	12650	14933	16425	19106	22729	8342	12007	14060	15770	17113	20424
1:51:00	30.1	8536	12460	14908	16387	19003	22712	8330	11921	13934	15702	17298	20554
1:51:09	30.1	8680	12645	14919	16431	19139	22478	8182	11907	13881	15876	17162	20587
1:51:18	30.1	8453	12483	14898	16316	19099	22517	8341	11974	13869	15883	17075	20427
1:51:27	30.0	8531	12693	14981	16626	19515	22571	8220	11912	14093	15605	17123	20524
1:51:36	30.1	8392	12412	14741	16387	19057	22645	8301	11980	13849	15678	16967	20706
1:51:45	30.0	8551	12547	14853	16311	19274	22496	8245	12007	13851	15685	17197	20821
1:51:54	30.1	8553	12631	15026	16330	19305	22473	8289	11973	14063	15735	17199	20566
1:52:03	30.1	8417	12578	14910	16703	19080	22710	8264	12062	13947	15950	17018	20512
1:52:12	30.1	8460	12421	14867	16469	18909	22481	8366	12002	13731	15675	17068	20285
1:52:21	30.0	8563	12507	15100	16175	19083	22427	8221	11943	13844	15708	16925	20156
1:52:30	30.1	8381	12614	14841	16126	19117	22809	8310	11796	13947	15572	17017	20469
1:52:39	30.1	8440	12566	14930	16373	19203	22494	8320	12007	13838	15759	17156	20519
1:52:48	30.1	8477	12432	14923	16418	19273	22446	8325	11970	13931	15659	17084	20412
1:52:57	30.1	8564	12692	14731	16261	18955	22296	8241	11899	13897	15685	16823	20206
1:53:06	30.0	8586	12520	14942	16306	19147	22774	8283	11992	13995	15657	17005	20439
1:53:15	30.1	8346	12499	14916	16377	19226	22568	8249	11926	14003	15565	16907	20644
1:53:24	30.0	8478	12541	14752	16243	19126	22155	8264	11900	13783	15769	16945	20468
1:53:33	30.1	8408	12616	14615	16387	19386	22635	8324	11780	13871	15361	16989	20403
1:53:42	30.1	8435	12435	14691	16343	18903	22285	8136	11939	13782	15587	17145	20391
1:53:51	30.1	8440	12506	14932	16311	19130	22229	8183	11883	13974	15473	16885	20459
1:54:00	30.0	8488	12509	14840	16265	19188	22153	8241	11993	13798	15701	17115	20341
1:54:09	30.1	8444	12499	14834	16187	18971	22138	8077	11934	13978	15502	17304	20471
1:54:18	30.1	8531	12541	14814	16421	19030	22428	8234	11841	13890	15708	17184	20410
1:54:27	30.1	8422	12558	14858	16337	19339	22306	8340	11994	14063	15807	17075	20411
1:54:36	30.1	8530	12401	14889	16372	19045	22329	8166	11995	13783	15631	17125	20180
1:54:45	30.1	8428	12420	14891	16298	19263	22365	8264	11986	13790	15714	17164	20531
1:54:54	30.1	8444	12413	14721	16349	19123	22230	8198	12027	13847	15580	17003	20215
1:55:03	30.1	8407	12460	14811	16314	19121	22349	8243	11951	13876	15557	17183	20266
1:55:12	30.1	8513	12439	14761	16250	18861	22396	8224	11931	13853	15638	17097	20271
1:55:21	30.1	8396	12360	14734	16303	18715	22240	8122	11771	13736	15540	16836	20306
1:55:30	30.1	8452	12350	14667	16180	18966	22650	8284	11782	13803	15653	16795	20240
1:55:39	30.1	8363	12463	14772	16248	18938	22390	8152	12029	13801	15505	16999	20346
1:55:48	30.1	8409	12433	14795	16238	18941	22366	8231	11951	13960	15628	17030	20318
1:55:57	30.1	8467	12451	14663	16335	19133	22356	8139	11897	13885	15598	16844	20404
1:56:06	30.1	8434	12426	14767	16230	19180	22447	8098	11946	13810	15578	17000	20388
1:56:15	30.1	8378	12438	14725	16131	19013	22344	8296	11868	13931	15466	16887	20363
1:56:24	30.1	8472	12378	14819	16321	19148	22353	8247	11894	13715	15460	16983	20263
1:56:33	30.1	8357	12633	14595	16263	18948	22487	8174	11798	13781	15429	16939	20448
1:56:42	30.1	8363	12277	14682	16199	18822	22490	8275	11815	13884	15724	16902	20134
1:56:51	30.1	8387	12522	14668	16241	18880	22398	8207	11834	13771	15662	16772	20066
1:57:00	30.1	8376	12538	14812	16194	18901	22314	8164	11835	13853	15531	16995	20182
1:57:09	30.1	8614	12569	14780	16338	18884	22215	8092	11843	13857	15605	16845	20157
1:57:18	30.1	8404	12491	14889	16261	18836	22252	8126	11747	13704	15455	16935	20066
1:57:27	30.1	8327	12564	14727	16363	19113	22399	8179	11893	13925	15522	16745	20272
1:57:36	30.1	8349	12522	14742	16241	19118	22418	8162	11951	13770	15428	16917	20372
1:57:45	30.1	8445	12568	14729	16231	19009	22253	8215	11795	13650	15587	16826	20257
1:57:54	30.1	8577	12312	14808	16244	18858	22392	8249	11823	13810	15569	17080	20319
1:58:03	30.1	8284	12417	14913	16193	19097	22328	8236	11844	13738	15434	17021	20355
1:58:12	30.1	8352	12385	14604	16275	18840	22258	8178	11810	13781	15443	16838	20266
1:58:21	30.1	8357	12485	14716	16166	19163	22365	8155	11826	13733	15644	16988	20336
1:58:30	30.1	8432	12294	14672	16289	19227	22164	8111	11769	13645	15580	16968	20324
1:58:39	30.1	8432	12244	14656	16025	19082	22091	8119	11847	13871	15395	16946	20340
1:58:48	30.1	8370	12400	14781	16206	19253	22180	8206	11929	13653	15526	16689	20429
1:58:57	30.1	8350	12521	14974	16100	19184	22361	8085	12070	13692	15523	16855	20351
1:59:06	30.1	8296	12388	14681	16198	18862	22449	8086	11793	13761	15341	16917	20307
1:59:15	30.1	8338	12567	14670	16354	18711	22140	8103	11831	13774	15469	16875	20087
1:59:24	30.1	8342	12342	14550	16277	18946	22442	8064	11823	13661	15527	16739	20392
1:59:33	30.1	8340	12403	14498	16049	18976	22206	8188	11856	13716	15449	16850	20092
1:59:42	30.1	8407	12379	14695	15979	18752	22372	8247	11759	13676	15427	16848	20302
1:59:51	30.1	8273	12379	14791	16237	19132	22409	8198	11822	13642	15450	16873	20264
2:00:00	30.1	8383	12287	14798	16331	18983	22249	8100	11851	13811	15615	16928	20189
2:00:09	30.1	8451	12485	14766	16414	18858	22449	8099	11851	13797	15621	16918	20278
2:00:18	30.1	8373	12370	14808	16237	19091	22419	8047	11882	13715	15531	16806	20220
2:00:27	30.1	8354	12434	14799	16226	19091	22316	8112	11929	13606	15518	16691	20156
2:00:36	30.1	8385	12367	14450	16156	19026	22159	8177	11845	13571	15590	16987	20098
2:00:45	30.1	8403	12317	14539	16182	18976	22358	8186	11827	13748	15444	16742	20137
2:00:54	30.1	8366	12470	14703	16128	18941	22053	8157	11731	13798	15351	16733	19949
2:01:03	30.1	8411	12418	14697	16169	18776	22159	8089	11862	13701	15374	16710	20082
2:01:12	30.1	8320	12268	14609	16363	18870	22161	8100	11878	13606	15448	16813	20113
2:01:21	30.1	8453	12431	14669	16405	18955	22220	8093	11781	13704	15562	16672	20322
2:01:30	30.1	8246	12379	14611	16218	18880	22252	8203	11997	13769	15540	16763	20361
2:01:39	30.1	8470	12435	14612	16021	18882	22132	8116	11686	13823	15508	17003	20064
2:01:48	30.1	8222	12364	14774	16283	18950	22313	8096	11827	13666	15394	16851	20010
2:01:57	30.1	8461	12298	14753	16128	18881	22349	8111	11752	13531	15497	16874	20320
2:02:06	30.1	8462	12348	14499	16389	18946	22166	8185	11851	13612	15531	16628	20029
2:02:15	30.1	8435	12340	14686	16308	19021	22210	8048	11922	13815	15318	16661	19978
2:02:24	30.1	8356	12307	14745	16248	18995	21869	8023	11746	13680	15607	16684	20080
2:02:33	30.1	8269	12325	14713	15991	18825	22127	7986	11626	13734	15320	16669	20031
2:02:42	30.1	8383	12326	14703	16058	19023	22188	8087	11744	13630	15571	16904	20100
2:02:51	30.1	8327	12350	14576	16054	18989	22038	8177	11761	13701	15442	16780	20295
2:03:00	30.1	8460	12287	14553	16119	18973	22067	8076	11722	13858	15469	16628	20257
2:03:09	30.1	8294	12184	14533	16096	18858	22144	8005	11781	13716	15312	16666	19979
2:03:18	30.1	8291	12228	14489	16091	19152	22172	8131	11701	13733	15415	16603	19981
2:03:27	30.1	8285	12259	14566	16010	18874	22258	8091	11835	13455	15434	16654	20158
2:03:36	30.1	8436	12177	14598	16026	18991	21973	8122	11768	13773	15516	16847	20083
2:03:45	30.1	8390	12211	14546	16007	18958	22311	8091	11764	13807	15314	16586	19973
2:03:54	30.1	8325	12153	14517	15997	18883	22173	8054	11719	13487	15335	16630	19945
2:04:03	30.1	8260	12352	14646	15892	18935	22201	8162	11800	13719	15388	16573	19971
2:04:12	30.1	8280	12210	14644	16185	18616	22335	8190	11580	13555	15359	16756	20046
2:04:21	30.1	8277	12287	14586	15911	18716	22182	8189	11720	13628	15391	16517	20023
2:04:30	30.1	8368	12267	14680	16057	18844	22169	7992	11775	13589	15555	16670	19820
2:04:39	30.1	8268	12123	14578	16011	18684	21868	8140	11848	13801	15337	16575	19882
2:04:48	30.1	8328	12302	14397	16028	18572	22239	8073	11667	13630	15336	16784	19855
2:04:57	30.1	8302	12188	14548	16096	18747	22174	8012	11601	13674	15239	16585	19999
2:05:06	30.1	8299	12428	14484	16245	18976	22203	8173	11733	13556	15402	16697	19983
2:05:15	30.1	8248	12281	14571	15967	18693	22042	8069	11625	13476	15398	16619	19883
2:05:24	30.1	8314	12099	14482	16051	18857	21968	8060	11823	13696	15321	16579	19929
2:05:33	30.1	8212	12250	14476	15879	19026	21991	8176	11662	13573	15398	16752	19802
2:05:42	30.1	8302	12316	14526	15945	18633	21882	7966	11765	13515	15372	16524	20079
2:05:51	30.1	8251	12233	14410	15916	18753	21839	8112	11629	13476	15320	16539	19867
2:06:00	30.1	8335	12249	14714	16000	18766	21924	8007	11690	13524	15347	16484	19830
2:06:09	30.1	8238	12264	14503	16013	18489	21789	7952	11678	13477	15467	16511	19980
2:06:18	30.1	8320	12312	14371	15841	18970	21805	8101	11626	13621	15257	16420	19935
2:06:27	30.1	8222	12205	14502	15884	18630	21742	8039	11781	13540	15421	16449	19895
2:06:36	30.1	8314	12081	14406	15872	18763	21813	8051	11553	13560	15334	16501	19826
2:06:45	30.1	8238	12214	14461	15875	18517	21882	8098	11643	13566	15189	16557	19651
2:06:54	30.1	8194	12214	14319	15844	18679	21559	8157	11637	13594	15195	16476	19765
2:07:03	30.1	8183	12168	14334	16057	18864	22058	7965	11603	13534	15370	16599	20014
2:07:12	30.1	8232	12324	14473	16044	18626	21940	8083	11655	13532	15127	16543	19879
2:07:21	30.1	8157	12116	14450	16054	18687	22128	8053	11663	13461	15154	16505	19832
2:07:30	30.1	8148	12227	14408	15822	18735	21895	8122	11600	13457	15194	16714	19716
2:07:39	30.1	8274	12320	14474	16124	18543	21773	8134	11628	13448	15297	16520	19835
2:07:48	30.1	8170	12055	14350	16058	18462	21857	8053	11717	13284	15204	16394	19620
2:07:57	30.1	8232	12059	14422	15956	18807	21798	8047	11658	13528	15214	16682	19806
2:08:06	30.1	8251	12008	14340	15830	18643	21916	7968	11594	13416	15222	16394	19623
2:08:15	30.1	8251	12244	14499	15979	18528	21794	8035	11613	13559	15312	16563	19775
2:08:24	30.1	8161	12108	14383	15997	18703	21876	8039	11691	13427	15165	16329	19810
2:08:33	30.1	8319	12205	14448	15843	18517	21662	8085	11594	13519	15192	16428	19685
2:08:42	30.1	8208	12181	14320	15880	18556	21970	7992	11526	13429	15107	16369	19679
2:08:51	30.1	8195	12244	14290	15967	18538	22029	7926	11457	13562	15125	16440	19703
2:09:00	30.1	8191	12247	14428	15722	18535	21659	8139	11563	13348	15147	16351	19679
2:09:09	30.1	8258	12076	14320	16004	18444	22006	7987	11661	13457	15226	16549	19724
2:09:18	30.1	8277	12213	14443	16091	18389	21939	7944	11543	13353	15416	16390	19838
2:09:27	30.1	8189	12232	14387	15897	18373	21954	8101	11700	13419	15127	16451	19678
2:09:36	30.1	8231	12051	14396	15726	18493	21850	8003	11486	13341	15159	16500	19669
2:09:45	30.1	8308	12261	14231	15814	18429	21751	8075	11556	13457	15120	16580	19718
2:09:54	30.1	8158	12119	14313	15909	18534	21813	8083	11641	13432	15181	16441	19550
2:10:03	30.1	8053	12205	14342	15729	18898	21830	7985	11683	13402	15211	16486	19538
2:10:12	30.1	8205	12175	14369	15690	18599	21707	8024	11725	13516	15088	16353	19667
2:10:21	30.1	8221	12209	14492	15800	18494	21768	7920	11540	13453	15076	16396	19805
2:10:30	30.1	8224	12009	14205	16022	18622	21774	8003	11511	13321	15025	16421	19795
2:10:39	30.1	8248	12025	14265	15928	18570	21787	8062	11577	13570	15067	16375	19726
2:10:48	30.1	8148	12012	14325	15679	18652	21676	8078	11576	13318	15075	16378	19699
2:10:57	30.1	8147	12059	14439	15886	18604	21663	8072	11440	13495	14984	16484	19587
2:11:06	30.0	8189	12164	14303	15636	18553	21631	7951	11474	13499	15056	16244	19679
2:11:15	30.1	8066	12137	14289	15764	18537	21746	7964	11597	13353	15225	16468	19746
2:11:24	30.1	8174	12120	14314	15869	18676	21782	8011	11658	13504	15234	16475	19620
2:11:33	30.1	8091	12049	14322	15992	18513	21820	7936	11595	13458	15260	16419	19550
2:11:42	30.1	8100	12047	14273	15796	18712	21876	7992	11600	13434	15157	16338	19849
2:11:51	30.1	8081	11988	14304	15808	18399	21728	7949	11454	13422	15192	16386	19612
2:12:00	30.1	8108	12170	14460	15694	18555	21539	8008	11662	13305	15231	16401	19665
2:12:09	30.1	8139	11908	14300	15711	18376	21548	8014	11452	13410	15031	16383	19702
2:12:18	30.1	8055	12140	14309	15943	18444	21693	7910	11505	13350	15128	16402	19599
2:12:27	30.1	8185	12010	14317	15775	18552	21664	7834	11507	13495	15030	16273	19475
2:12:36	30.1	8151	12001	14439	15900	18441	21855	7892	11655	13363	14998	16395	19637
2:12:45	30.1	8096	11991	14357	15839	18283	21625	7959	11504	13432	15002	16225	19428
2:12:54	30.1	8023	12144	14290	15752	18551	21659	7943	11467	13431	15125	16367	19546
2:13:03	30.1	8152	12077	14446	15675	18604	21821	7838	11471	13452	15169	16277	19355
2:13:12	30.1	8014	12113	14272	15716	18375	21580	8009	11475	13422	14976	16341	19466
2:13:21	30.1	8137	12029	14181	15740	18456	21811	7896	11680	13509	14949	16322	19603
2:13:30	30.1	8093	12074	14331	15741	18287	21397	8086	11560	13524	14987	16389	19345
2:13:39	30.1	8106	12067	14291	15799	18439	21665	7934	11534	13357	15188	16229	19511
2:13:48	30.1	8115	12028	14278	16037	18250	21752	8026	11474	13271	14943	16382	19499
2:13:57	30.1	8189	12092	14336	15842	18513	21823	7929	11515	13438	15068	16379	19397
2:14:06	30.1	8149	12125	14473	15712	18572	21696	7975	11498	13497	15122	16369	19499
2:14:15	30.1	8053	11967	14275	15817	18488	21635	7946	11456	13496	14961	16279	19481
2:14:24	30.1	8085	12023	14205	15801	18370	21726	7935	11515	13456	15037	16506	19509
2:14:33	30.1	8065	12156	14175	15823	18161	21479	7886	11489	13310	15151	16296	19605
2:14:42	30.1	8027	12101	14352	15694	18341	21622	7954	11445	13316	15064	16373	19567
2:14:51	30.1	8189	12208	14294	15908	18558	21798	7909	11687	13443	15289	16414	19336
2:15:00	30.1	8116	12201	14333	15709	18386	21535	7891	11525	13315	15115	16349	19628
2:15:09	30.1	8207	11960	14304	15768	18345	21569	7881	11600	13291	15052	16209	19495
2:15:18	30.1	8065	11867	14317	15785	18239	21651	7846	11500	13476	15044	16332	19517
2:15:27	30.1	8155	12005	14153	15619	18214	21541	7990	11484	13370	15181	16276	19508
2:15:36	30.1	8094	12109	14339	15875	18286	21753	7974	11513	13291	14975	16285	19524
2:15:45	30.1	8082	12028	14212	15586	18266	21387	7885	11537	13302	14942	16373	19359
2:15:54	30.1	8145	12001	14152	15751	18270	21504	7863	11386	13332	14902	16267	19333
2:16:03	30.1	8120	11996	14359	15832	18277	21683	7964	11471	13337	15114	16266	19527
2:16:12	30.1	8059	11868	14342	15654	18354	21413	7914	11469	13267	14981	16212	19413
2:16:21	30.1	8109	12012	14180	15924	18489	21660	7855	11428	13393	15157	16217	19401
2:16:30	30.1	8160	11957	14301	15714	18502	21730	8013	11440	13340	14950	16309	19404
2:16:39	30.1	8129	12010	14471	15806	18437	21533	7873	11590	13392	14967	16361	19416
2:16:48	30.1	8144	12025	14277	15733	18381	21423	7867	11541	13287	14999	16236	19619
2:16:57	30.1	8145	11942	14353	15735	18471	21588	7915	11416	13314	15121	16370	19488
2:17:06	30.1	8029	12065	14038	15674	18424	21380	7883	11498	13273	15059	16283	19388
2:17:15	30.1	8165	11893	14205	15698	18347	21548	7792	11528	13272	14891	16184	19292
2:17:24	30.1	8113	12049	14208	15606	18502	21351	7783	11494	13147	14891	16054	19389
2:17:33	30.1	8041	12058	14191	15635	18397	21792	7959	11377	13360	14933	16193	19377
2:17:42	30.1	8145	12004	14231	15639	18471	21503	7950	11397	13439	14965	16259	19459
2:17:51	30.1	8077	11952	14258	15686	18211	21602	7894	11527	13296	15090	16331	19417
2:18:00	30.1	8058	12055	14154	15723	18265	21611	7926	11417	13292	15148	16272	19381
2:18:09	30.1	8174	11925	14169	15722	18317	21414	7914	11658	13359	15085	16251	19419
2:18:18	30.1	8077	11911	14136	15537	18470	21680	7900	11432	13276	15015	16272	19515
2:18:27	30.1	8047	12031	14138	15740	18349	21516	7985	11556	13417	14894	16244	19441
2:18:36	30.1	7982	11993	14044	15546	18402	21607	7995	11381	13386	15003	16139	19493
2:18:45	30.1	8007	11932	14259	15750	18265	21409	7911	11445	13322	14872	16228	19503
2:18:54	30.1	8039	11916	14137	15754	18487	21458	7980	11477	13267	14890	16254	19372
2:19:03	30.1	8018	12054	14129	15518	18486	21610	8052	11447	13297	14956	16236	19346
2:19:12	30.1	8023	11943	14246	15463	18218	21256	7849	11551	13286	14912	16189	19414
2:19:21	30.1	8102	11924	14222	15852	18409	21343	7856	11517	13312	14897	16263	19366
2:19:30	30.1	7972	11914	14095	15608	18075	21408	7961	11329	13233	14975	16239	19324
2:19:39	30.1	8030	11960	14176	15634	18438	21469	7925	11395	13313	15082	16163	19386
2:19:48	30.1	8056	11881	14107	15616	18165	21301	7879	11398	13286	15090	16110	19402
2:19:57	30.1	8017	12013	14129	15897	18332	21473	7819	11530	13423	15039	16355	19133
2:20:06	30.1	8062	11981	14061	15760	18429	21413	7865	11403	13202	14966	16288	19361
2:20:15	30.1	8132	11838	14193	15656	18410	21714	7874	11440	13530	14850	16370	19396
2:20:24	30.1	8085	11907	14240	15605	18440	21454	7768	11358	13206	14900	16181	19393
2:20:33	30.1	8087	11839	14174	15540	18324	21570	7852	11460	13336	14882	16182	19594
2:20:42	30.1	8052	12013	14221	15609	18313	21533	7885	11384	13268	15047	16159	19156
2:20:51	30.1	7950	11857	14266	15521	18488	21511	7848	11276	13312	14997	16421	19401
2:21:00	30.1	8041	11921	14026	15584	18145	21229	7809	11459	13229	15062	16235	19514
2:21:09	30.1	7964	12044	14301	15586	18377	21351	7903	11550	13353	15016	16186	19384
2:21:18	30.1	8075	11895	14102	15749	18318	21696	7830	11506	13360	14954	16077	19661
2:21:27	30.1	8114	11820	14041	15659	18228	21494	7802	11350	13317	14973	16223	19211
2:21:36	30.1	8094	11922	14042	15568	18280	21413	7891	11426	13231	14898	15863	19366
2:21:45	30.1	8041	11887	14307	15669	18269	21386	7861	11355	13326	14929	16151	19425
2:21:54	30.1	8101	11880	14146	15512	18233	21340	7889	11338	13326	14828	16181	19459
2:22:03	30.1	8056	11817	14090	15595	18375	21514	7905	11423	13277	14960	16241	19327
2:22:12	30.1	8035	11914	13983	15584	18213	21453	7919	11459	13321	14963	16160	19279
2:22:21	30.1	8073	11889	14142	15724	18140	21489	7928	11447	13254	15078	16233	19495
2:22:30	30.1	8026	11840	14143	15611	18343	21470	7901	11358	13169	14905	16286	19444
2:22:39	30.1	8084	11839	14148	15569	18428	21362	7852	11388	13219	14871	16295	19342
2:22:48	30.1	8026	12021	14212	15600	18427	21460	7943	11288	13480	14960	16141	19495
2:22:57	30.1	8029	12071	14020	15669	18362	21532	7813	11474	13349	14810	16257	19357
2:23:06	30.1	8008	11818	14184	15581	18486	21470	7919	11462	13268	14873	15981	19377
2:23:15	30.1	8074	11962	14114	15616	18331	21443	7800	11389	13306	14914	16166	19369
2:23:24	30.0	8024	11892	14072	15647	18114	21307	7892	11414	13273	14811	16140	19105
2:23:33	30.1	8120	11849	14192	15685	18411	21252	7820	11400	13156	14891	16134	19446
2:23:42	30.1	8009	11905	13966	15660	18395	21326	7809	11335	13172	14803	16020	19403
2:23:51	30.0	7976	11937	14228	15372	18422	21521	7893	11308	13143	14807	16084	19225
2:24:00	30.1	7960	11811	14207	15597	18428	21508	7817	11298	13169	14871	16066	19507
2:24:09	30.1	8009	11898	14319	15561	18342	21584	7921	11373	13166	14916	16236	19454
2:24:18	30.1	7990	11971	14024	15507	18141	21394	7858	11254	13224	14968	16053	19408
2:24:27	30.1	8091	11884	14034	15717	18271	21260	7811	11474	13166	14842	16146	19247
2:24:36	30.0	8053	11909	14185	15670	18091	21389	7789	11254	13258	14766	16206	19290
2:24:45	30.1	7969	11889	14282	15485	18284	21174	7713	11312	13196	14907	15951	19203
2:24:54	30.1	8040	11889	14093	15705	18142	21416	7867	11350	13398	14895	16129	19178
2:25:03	30.1	8043	11772	14087	15523	18542	21553	7959	11317	13257	14845	16165	19290
2:25:12	30.1	7994	11906	14024	15501	18186	21166	7989	11354	13097	14824	16026	19285
2:25:21	30.1	7967	11859	14007	15624	18576	21272	7768	11429	13244	14870	16118	19146
2:25:30	30.0	7937	11811	14211	15652	18244	21306	7955	11317	13265	14959	16007	19384
2:25:39	30.1	8047	11920	14199	15650	18278	21123	7933	11329	13244	14989	16034	19375
2:25:48	30.1	8056	11835	14350	15732	18306	21233	7991	11386	13200	14902	16179	19361
2:25:57	30.1	8058	11746	14102	15580	18226	21325	7819	11364	13312	14777	15987	19471
2:26:06	30.1	7970	11769	14181	15555	18455	21415	7910	11304	13232	14779	16124	19201
2:26:15	30.1	8055	11839	14207	15595	18443	21445	7843	11323	13261	14945	16210	19398
2:26:24	30.1	7994	11939	13877	15629	18195	21421	7873	11379	13340	14869	16125	19143
2:26:33	30.1	7894	11973	14299	15555	18248	21504	7834	11227	13294	14980	16284	19140
2:26:42	30.1	8049	11889	14202	15542	18113	21537	7881	11336	13374	14986	16204	19099
2:26:51	30.1	8049	11891	14192	15600	18034	21375	7932	11449	13140	14718	16059	19209
2:27:00	30.1	7988	11843	14133	15607	18217	21239	7826	11388	13152	14852	16024	19228
2:27:09	30.1	7964	11736	14015	15500	17921	21071	7707	11167	13040	14783	15999	19304
2:27:18	30.1	8006	11727	14067	15602	17858	21388	7732	11320	13259	14745	16121	19212
2:27:27	30.1	7886	11809	14178	15646	18087	21522	7735	11322	13277	14936	16137	19214
2:27:36	30.1	7958	11825	14151	15530	18322	21430	7889	11276	13190	14750	16107	19240
2:27:45	30.0	7963	11862	14061	15611	18253	21148	7801	11440	13245	14669	16072	19191
2:27:54	30.1	7854	11811	14111	15511	18070	21265	7892	11455	13127	14892	16133	19181
2:28:03	30.1	7945	11837	14112	15566	18054	21314	7724	11299	13169	14842	16080	19339
2:28:12	30.1	8009	11903	13919	15595	18123	21327	7711	11361	13282	14716	16104	19308
2:28:21	30.1	8065	11796	14050	15529	18215	21356	7862	11352	13303	14879	16128	19286
2:28:30	30.0	7926	11846	14135	15684	18175	21380	7845	11380	13336	14847	16014	19261
2:28:39	30.0	7946	11796	14100	15464	18130	21226	7792	11330	13253	14744	16017	19321
2:28:48	30.1	7961	11728	14066	15372	18189	21172	7870	11286	13196	14770	16039	19014
2:28:57	30.1	7876	11835	14042	15618	18231	21431	7889	11310	13237	14841	16054	19203
2:29:06	30.1	7817	11721	13985	15440	18091	21298	7762	11288	13262	14647	16005	19202
2:29:15	30.1	7876	11907	14136	15418	18360	21429	7837	11329	13063	14784	15909	19046
2:29:24	30.1	8028	11768	13965	15438	18181	21123	7861	11221	13166	14756	16036	19211
2:29:33	30.0	8041	11740	13932	15493	18019	21245	7873	11213	13038	14757	16169	19269
2:29:42	30.1	7882	11924	13970	15622	17965	21233	7872	11379	13051	14970	16080	19092

Results
	1	2	3	4	5	6	7	8	9	10	11	12
A													Max V [295,335]
													R-Squared [295,335]
													t at Max V [295,335]
													Lagtime [295,335]
B													Max V [295,335]
													R-Squared [295,335]
													t at Max V [295,335]
													Lagtime [295,335]
C													Max V [295,335]
													R-Squared [295,335]
													t at Max V [295,335]
													Lagtime [295,335]
D													Max V [295,335]
													R-Squared [295,335]
													t at Max V [295,335]
													Lagtime [295,335]
E													Max V [295,335]
													R-Squared [295,335]
													t at Max V [295,335]
													Lagtime [295,335]
F													Max V [295,335]
													R-Squared [295,335]
													t at Max V [295,335]
													Lagtime [295,335]
G	2600000.000	-2793333.333	3446666.667	-3386666.667	-4273333.333	3873333.333	-2046666.667	-10413333.333	-2953333.333	-3753333.333	-4760000.000	4526666.667	Max V [295,335]
	1.000	1.000	1.000	1.000	1.000	1.000	1.000	1.000	1.000	1.000	1.000	1.000	R-Squared [295,335]
	0:09:50	0:18:14	1:12:41	0:25:35	0:07:17	1:01:44	0:09:32	0:09:50	0:54:05	0:02:20	0:04:53	0:23:11	t at Max V [295,335]
	0:10:33	0:16:48	1:14:45	0:24:01	0:06:46	1:04:02	0:08:27	0:09:41	0:51:50	0:02:13	0:04:43	0:24:21	Lagtime [295,335]
H													Max V [295,335]
													R-Squared [295,335]
													t at Max V [295,335]
													Lagtime [295,335]

