

Software Version	3.03.14

Procedure Details

Plate Type	96 WELL PLATE
Set Temperature	Setpoint 30°C
	Preheat before moving to next step
Start Kinetic	Runtime 1:00:00 (HH:MM:SS), Interval 0:00:05, 721 Reads
    Read	Fluorescence Endpoint
	G1..G12
	Filter Set 1
	    Excitation: 295,  Emission: 335
	    Optics: Top,  Gain: 67
	Light Source: Xenon Flash,  Lamp Energy: High
	Read Speed: Normal,  Delay: 0 msec,  Measurements/Data Point: 5
	Read Height: 8 mm
End Kinetic	

Layout
	1	2	3	4	5	6	7	8	9	10	11	12
A													Well ID
B													Well ID
C													Well ID
D													Well ID
E													Well ID
F													Well ID
G	SPL1	SPL2	SPL3	SPL4	SPL5	SPL6	SPL7	SPL8	SPL9	SPL10	SPL11	SPL12	Well ID
H													Well ID

295,335

Time	T° 295,335	G1	G2	G3	G4	G5	G6	G7	G8	G9	G10	G11	G12
0:00:00	30.0	223	368	476	681	961	2445	3756	4006	4512	4946	5547	5888
0:00:05	30.0	219	359	460	710	938	2390	3680	3959	4530	4893	5570	5948
0:00:10	30.0	201	368	464	690	934	2432	3705	3935	4494	4914	5531	5893
0:00:15	30.0	213	359	450	678	919	2434	3720	3969	4547	4947	5496	5873
0:00:20	30.0	206	348	434	667	932	2456	3674	3960	4506	4900	5485	5892
0:00:25	30.0	196	365	435	673	888	2404	3725	3946	4563	4903	5451	5869
0:00:30	30.0	186	334	427	663	907	2403	3655	3941	4532	4978	5550	5827
0:00:35	30.0	191	326	438	640	892	2394	3673	3963	4498	4895	5472	5816
0:00:40	30.0	193	328	408	663	886	2411	3639	3945	4488	4894	5499	5835
0:00:45	30.0	186	333	415	636	884	2360	3656	3915	4481	4814	5451	5785
0:00:50	30.0	180	319	392	636	849	2395	3630	3892	4415	4922	5471	5836
0:00:55	30.0	181	319	405	619	866	2368	3642	3802	4433	4878	5378	5760
0:01:00	30.0	178	319	399	610	864	2352	3643	3858	4461	4875	5370	5810
0:01:05	30.0	176	304	383	606	832	2347	3611	3842	4466	4877	5407	5737
0:01:10	30.0	171	313	387	617	856	2320	3567	3848	4436	4814	5365	5736
0:01:15	30.0	173	310	378	609	823	2346	3580	3832	4375	4822	5363	5758
0:01:20	30.0	167	298	384	607	827	2314	3583	3790	4391	4812	5407	5723
0:01:25	30.0	167	292	372	594	835	2324	3561	3806	4339	4733	5311	5689
0:01:30	30.0	168	294	381	592	819	2263	3542	3772	4371	4754	5353	5719
0:01:35	30.0	160	302	371	588	804	2250	3521	3815	4348	4753	5395	5657
0:01:40	30.0	161	280	367	567	810	2250	3549	3796	4350	4742	5350	5717
0:01:45	30.0	158	290	354	574	791	2258	3527	3760	4293	4751	5240	5605
0:01:50	30.0	154	291	368	593	789	2228	3493	3711	4310	4777	5306	5615
0:01:55	30.0	153	282	356	557	800	2239	3503	3767	4288	4724	5248	5639
0:02:00	30.0	170	284	360	562	761	2218	3518	3754	4283	4656	5302	5586
0:02:05	30.0	152	288	339	565	778	2193	3463	3717	4256	4679	5214	5582
0:02:10	30.0	165	289	361	530	775	2217	3462	3686	4222	4634	5252	5611
0:02:15	30.0	149	275	336	553	762	2183	3443	3650	4262	4693	5197	5643
0:02:20	30.0	146	263	344	542	772	2171	3453	3700	4250	4615	5201	5585
0:02:25	30.0	153	269	338	525	761	2166	3476	3638	4228	4568	5245	5553
0:02:30	30.0	151	270	328	535	750	2168	3455	3647	4249	4647	5163	5569
0:02:35	30.0	140	271	335	535	745	2169	3393	3627	4238	4640	5198	5535
0:02:40	30.0	145	259	328	528	739	2173	3422	3641	4196	4579	5212	5520
0:02:45	30.0	146	261	327	528	736	2158	3371	3616	4115	4555	5207	5533
0:02:50	30.0	150	264	313	525	742	2110	3388	3597	4178	4590	5176	5549
0:02:55	30.0	151	253	322	507	739	2153	3365	3645	4112	4596	5106	5548
0:03:00	30.0	142	264	321	516	727	2167	3389	3595	4128	4607	5112	5453
0:03:05	30.0	144	251	321	522	722	2135	3333	3652	4122	4532	5157	5426
0:03:10	30.0	147	246	315	500	716	2113	3306	3593	4159	4566	5158	5469
0:03:15	30.0	146	246	327	526	729	2097	3349	3629	4155	4569	5174	5475
0:03:20	30.0	133	257	310	513	710	2091	3385	3567	4102	4560	5045	5468
0:03:25	30.0	148	240	310	487	707	2064	3292	3521	4108	4575	5039	5446
0:03:30	30.0	146	245	313	502	709	2080	3306	3554	4106	4523	5024	5482
0:03:35	30.0	141	245	308	501	702	2084	3341	3496	4106	4480	5050	5422
0:03:40	30.0	132	254	321	507	690	2085	3288	3556	4046	4457	5059	5413
0:03:45	30.0	142	243	305	491	690	2068	3284	3459	4033	4474	5041	5391
0:03:50	30.0	154	250	307	478	690	2052	3234	3513	4080	4477	5101	5441
0:03:55	30.0	140	242	300	492	691	2058	3257	3476	4061	4477	5010	5346
0:04:00	30.0	133	240	304	486	688	2022	3211	3491	4040	4460	5020	5349
0:04:05	30.0	139	235	304	478	689	2038	3223	3528	4028	4420	5078	5327
0:04:10	30.0	137	243	316	486	672	2033	3210	3482	4015	4410	4999	5383
0:04:15	30.0	131	246	307	474	674	2013	3201	3484	3972	4426	5004	5391
0:04:20	30.0	135	239	308	482	657	2023	3217	3462	4000	4415	4995	5338
0:04:25	30.0	141	231	306	486	676	2028	3204	3414	3971	4403	4946	5290
0:04:30	30.0	136	228	294	472	664	1996	3198	3445	4023	4385	4985	5321
0:04:35	30.0	141	229	304	468	675	1991	3145	3430	3972	4374	4953	5271
0:04:40	30.0	136	230	289	469	649	1971	3165	3406	3933	4402	4961	5288
0:04:45	30.0	139	237	299	467	659	1940	3196	3448	3963	4293	4957	5315
0:04:50	30.0	143	232	294	463	664	1981	3165	3420	3960	4313	4881	5330
0:04:55	30.0	140	233	300	461	655	1980	3125	3382	3914	4353	4946	5267
0:05:00	30.0	132	217	294	451	640	1937	3160	3415	3972	4333	4907	5295
0:05:05	30.0	135	230	292	450	652	1963	3093	3373	3909	4362	4868	5276
0:05:10	30.0	141	229	292	458	649	1943	3120	3309	3878	4296	4904	5264
0:05:15	30.0	129	232	288	457	652	1923	3122	3386	3906	4265	4863	5199
0:05:20	30.0	129	221	295	459	631	1953	3133	3334	3885	4307	4831	5189
0:05:25	30.0	139	234	290	446	639	1898	3131	3345	3907	4294	4842	5272
0:05:30	30.0	132	229	279	448	638	1896	3055	3346	3896	4311	4786	5225
0:05:35	30.0	138	231	297	451	630	1888	3081	3252	3862	4265	4814	5203
0:05:40	30.0	132	232	285	444	632	1893	3071	3322	3862	4277	4848	5185
0:05:45	30.0	143	229	279	441	633	1905	3083	3339	3871	4253	4774	5127
0:05:50	30.0	130	230	282	449	639	1925	3075	3310	3890	4241	4825	5250
0:05:55	30.0	127	219	281	432	640	1915	3054	3328	3817	4208	4776	5154
0:06:00	30.0	132	221	274	450	622	1870	3067	3287	3817	4231	4811	5083
0:06:05	30.0	132	220	273	446	626	1878	3059	3291	3841	4200	4752	5180
0:06:10	30.0	135	224	280	444	620	1881	3041	3266	3797	4211	4818	5054
0:06:15	30.0	131	225	282	449	632	1892	3064	3283	3775	4225	4719	5163
0:06:20	30.0	135	219	277	432	623	1861	3008	3269	3794	4203	4768	5144
0:06:25	30.0	133	225	281	437	602	1867	3033	3246	3829	4177	4724	5104
0:06:30	30.0	125	233	283	429	622	1879	3000	3238	3789	4184	4670	5108
0:06:35	30.0	127	219	271	441	620	1858	3038	3239	3790	4181	4713	5145
0:06:40	30.0	131	223	267	436	619	1856	2997	3271	3774	4171	4684	5098
0:06:45	30.0	136	222	278	434	609	1848	3014	3261	3756	4172	4749	5036
0:06:50	30.0	126	221	280	434	612	1838	2983	3214	3759	4163	4726	5055
0:06:55	30.0	124	227	279	441	606	1807	2970	3244	3762	4162	4647	5082
0:07:00	30.0	127	228	276	429	606	1834	2979	3206	3725	4127	4703	5053
0:07:05	30.0	135	218	285	429	603	1841	3004	3200	3667	4123	4691	5031
0:07:10	30.0	129	220	282	430	600	1844	2948	3243	3695	4134	4672	5051
0:07:15	30.0	133	214	289	428	592	1835	2956	3222	3689	4130	4615	5022
0:07:20	30.0	131	221	276	431	604	1833	2992	3159	3691	4095	4683	4992
0:07:25	30.0	133	220	279	425	592	1814	2977	3189	3711	4094	4602	5029
0:07:30	30.0	130	206	275	420	593	1804	2975	3194	3719	4084	4631	5048
0:07:35	30.0	124	226	279	411	589	1812	2943	3186	3677	4135	4643	5069
0:07:40	30.0	126	222	277	426	598	1821	2920	3154	3735	4112	4667	4995
0:07:45	30.0	135	217	271	446	604	1800	2925	3155	3670	4049	4645	5029
0:07:50	30.0	127	214	274	413	603	1811	2954	3197	3671	4130	4595	4965
0:07:55	30.0	133	209	270	406	597	1799	2945	3144	3689	4041	4569	5016
0:08:00	30.0	126	214	286	432	609	1790	2896	3155	3691	4023	4626	4967
0:08:05	30.0	124	221	274	443	592	1773	2904	3139	3677	4009	4611	4957
0:08:10	30.0	124	218	266	422	588	1822	2911	3183	3646	4044	4606	4946
0:08:15	30.0	131	209	265	417	576	1781	2897	3174	3647	4042	4583	4950
0:08:20	30.0	125	213	270	426	582	1791	2865	3133	3630	4070	4632	4955
0:08:25	30.0	124	219	263	423	594	1768	2892	3149	3618	3987	4579	4985
0:08:30	30.0	128	216	277	407	581	1761	2881	3126	3635	4069	4601	4987
0:08:35	30.0	136	219	260	421	579	1742	2864	3087	3632	3991	4590	4873
0:08:40	30.0	131	216	271	409	594	1769	2861	3119	3632	4070	4599	4892
0:08:45	30.0	137	211	272	409	589	1723	2845	3095	3579	3964	4513	4869
0:08:50	30.0	125	218	271	426	583	1756	2866	3096	3595	3982	4548	4903
0:08:55	30.0	127	226	276	418	569	1735	2820	3106	3583	3981	4506	4873
0:09:00	30.0	134	210	272	413	584	1737	2883	3054	3590	4008	4572	4877
0:09:05	30.0	133	212	270	423	577	1735	2898	3035	3538	4001	4459	4903
0:09:10	30.0	132	220	269	409	566	1738	2808	3098	3584	3948	4508	4841
0:09:15	30.0	131	222	270	420	580	1726	2825	3044	3522	3987	4467	4867
0:09:20	30.0	138	209	264	421	588	1731	2862	3044	3568	3978	4506	4892
0:09:25	30.0	129	216	262	424	577	1761	2833	3043	3584	3950	4490	4870
0:09:30	30.0	136	217	266	412	572	1744	2898	3055	3579	3959	4462	4858
0:09:35	30.0	133	214	274	407	580	1724	2825	3055	3571	3993	4497	4855
0:09:40	30.0	133	219	259	416	583	1723	2760	3080	3552	3934	4453	4849
0:09:45	30.0	128	209	261	409	569	1698	2798	3042	3506	3946	4473	4835
0:09:50	30.0	128	211	267	423	575	1703	2815	3033	3533	3884	4462	4847
0:09:55	30.0	133	206	271	397	571	1717	2821	3001	3460	3924	4471	4832
0:10:00	30.0	128	215	262	409	560	1695	2815	3039	3572	3879	4431	4810
0:10:05	30.0	134	212	266	404	587	1691	2758	3044	3494	3882	4463	4814
0:10:10	30.0	125	218	266	415	572	1694	2759	3019	3540	3921	4449	4792
0:10:15	30.0	127	220	265	410	577	1705	2786	2998	3496	3898	4445	4784
0:10:20	30.0	131	214	262	406	574	1715	2760	3036	3494	3885	4439	4751
0:10:25	30.0	118	216	263	407	572	1684	2767	2992	3505	3895	4438	4782
0:10:30	30.0	127	220	271	417	576	1676	2771	3003	3509	3851	4444	4758
0:10:35	30.0	134	219	261	405	573	1678	2775	2964	3505	3896	4362	4739
0:10:40	30.0	132	211	262	417	556	1690	2756	2959	3484	3871	4428	4757
0:10:45	30.0	133	217	260	402	566	1682	2724	2983	3511	3850	4383	4730
0:10:50	30.0	128	215	264	403	580	1675	2793	2981	3492	3882	4354	4785
0:10:55	30.0	129	204	261	403	558	1676	2728	2954	3444	3891	4426	4784
0:11:00	30.0	126	214	268	414	562	1687	2751	3006	3457	3847	4335	4652
0:11:05	30.0	126	222	263	402	554	1665	2746	2969	3469	3817	4412	4737
0:11:10	30.0	129	220	265	412	566	1665	2737	2954	3422	3843	4340	4790
0:11:15	30.0	119	219	262	407	553	1660	2695	2979	3451	3899	4373	4726
0:11:20	30.0	131	211	259	402	553	1661	2696	2958	3441	3845	4348	4712
0:11:25	30.0	128	209	266	387	571	1653	2717	2909	3411	3788	4396	4714
0:11:30	30.0	124	201	264	406	557	1677	2704	2950	3465	3899	4402	4723
0:11:35	30.0	120	211	271	410	550	1633	2691	2946	3415	3817	4333	4706
0:11:40	30.0	128	217	267	403	564	1658	2732	2943	3409	3792	4313	4696
0:11:45	30.0	127	216	264	405	576	1657	2690	2940	3427	3832	4350	4702
0:11:50	30.0	132	213	259	401	554	1658	2693	2936	3385	3783	4330	4692
0:11:55	30.0	123	219	269	404	542	1639	2703	2931	3401	3816	4288	4650
0:12:00	30.0	122	213	265	405	558	1617	2685	2924	3395	3830	4293	4663
0:12:05	30.0	130	214	254	393	558	1621	2713	2940	3420	3781	4282	4693
0:12:10	30.0	131	211	264	398	557	1623	2713	2951	3399	3767	4366	4655
0:12:15	30.0	128	218	269	394	545	1648	2692	2898	3370	3752	4345	4686
0:12:20	30.0	135	216	264	407	565	1634	2696	2934	3383	3789	4333	4668
0:12:25	30.0	121	211	267	403	554	1653	2673	2904	3380	3773	4293	4678
0:12:30	30.0	127	210	267	405	553	1617	2652	2901	3391	3759	4298	4630
0:12:35	30.0	128	211	256	403	549	1636	2666	2878	3363	3748	4309	4637
0:12:40	30.0	123	213	269	389	548	1627	2679	2890	3340	3728	4309	4666
0:12:45	30.0	126	201	264	414	564	1626	2654	2945	3390	3791	4295	4629
0:12:50	30.0	133	227	259	411	541	1615	2636	2888	3367	3757	4243	4627
0:12:55	30.0	121	213	266	398	553	1625	2670	2917	3385	3744	4264	4646
0:13:00	30.0	126	215	252	396	563	1632	2665	2850	3377	3725	4276	4659
0:13:05	30.0	132	215	267	397	554	1636	2662	2858	3315	3702	4221	4630
0:13:10	30.0	129	206	275	389	547	1625	2662	2845	3366	3726	4256	4571
0:13:15	30.0	133	208	261	405	556	1604	2631	2859	3398	3701	4277	4603
0:13:20	30.0	123	213	254	403	551	1610	2643	2855	3344	3698	4258	4627
0:13:25	30.0	135	212	250	391	536	1603	2625	2870	3369	3677	4226	4643
0:13:30	30.0	132	210	261	395	553	1594	2635	2866	3281	3725	4200	4618
0:13:35	30.0	130	214	258	408	550	1613	2615	2895	3307	3698	4184	4621
0:13:40	30.0	121	207	261	410	563	1598	2615	2882	3341	3723	4267	4559
0:13:45	30.0	133	222	262	404	558	1602	2618	2838	3313	3663	4242	4543
0:13:50	30.0	122	206	260	390	561	1587	2638	2876	3274	3691	4182	4549
0:13:55	30.0	133	214	259	412	557	1593	2617	2815	3316	3686	4183	4547
0:14:00	30.0	130	204	254	391	542	1606	2598	2865	3307	3637	4199	4546
0:14:05	30.0	122	211	255	391	541	1588	2598	2815	3321	3685	4164	4584
0:14:10	30.0	125	207	266	395	543	1597	2612	2793	3259	3646	4161	4555
0:14:15	30.0	123	209	267	405	548	1587	2613	2798	3327	3677	4179	4604
0:14:20	30.0	130	211	255	393	550	1597	2600	2814	3302	3629	4187	4497
0:14:25	30.0	135	207	253	373	550	1615	2594	2831	3256	3658	4180	4544
0:14:30	30.0	121	213	265	410	539	1592	2560	2825	3246	3641	4175	4555
0:14:35	30.0	124	206	249	400	550	1602	2602	2806	3288	3673	4161	4544
0:14:40	30.0	120	219	253	399	549	1562	2613	2820	3281	3650	4123	4569
0:14:45	30.0	130	202	259	387	543	1574	2575	2831	3284	3622	4129	4527
0:14:50	30.0	128	195	267	401	538	1595	2596	2808	3282	3628	4133	4553
0:14:55	30.0	121	214	255	402	547	1584	2591	2805	3244	3663	4139	4557
0:15:00	30.0	121	211	257	402	543	1594	2563	2823	3260	3656	4160	4489
0:15:05	30.0	128	218	261	391	542	1559	2575	2809	3264	3620	4168	4457
0:15:10	30.0	128	214	249	398	544	1570	2563	2758	3207	3604	4186	4537
0:15:15	30.0	128	202	263	391	540	1562	2526	2740	3252	3650	4176	4432
0:15:20	30.0	125	223	257	393	553	1563	2568	2759	3259	3589	4108	4470
0:15:25	30.0	125	209	262	397	558	1555	2541	2792	3247	3616	4099	4489
0:15:30	30.0	133	211	249	405	524	1566	2605	2757	3225	3609	4146	4539
0:15:35	30.0	125	202	251	400	532	1559	2547	2755	3224	3635	4096	4453
0:15:40	30.0	118	205	263	379	547	1546	2552	2799	3238	3581	4118	4460
0:15:45	30.0	130	209	262	393	541	1568	2563	2766	3266	3601	4120	4461
0:15:50	30.0	126	198	255	404	540	1550	2553	2780	3250	3589	4065	4431
0:15:55	30.0	123	220	262	396	547	1550	2560	2729	3256	3594	4133	4430
0:16:00	30.0	124	209	252	389	553	1594	2560	2742	3210	3611	4068	4463
0:16:05	30.0	121	201	251	409	552	1548	2559	2743	3245	3590	4085	4450
0:16:10	30.0	129	209	266	405	553	1577	2532	2756	3209	3580	4099	4436
0:16:15	30.0	131	206	255	406	539	1548	2535	2750	3245	3557	4065	4487
0:16:20	30.0	123	208	251	391	543	1540	2532	2758	3222	3596	4108	4417
0:16:25	30.0	127	207	254	388	550	1554	2557	2732	3222	3572	4101	4389
0:16:30	30.0	129	214	257	381	519	1571	2496	2741	3193	3580	4090	4404
0:16:35	30.0	124	211	263	382	541	1531	2545	2724	3206	3559	4111	4361
0:16:40	30.0	127	213	260	393	535	1520	2487	2741	3207	3522	4048	4454
0:16:45	30.0	127	212	258	395	539	1544	2533	2698	3199	3562	4103	4399
0:16:50	30.0	123	206	255	399	530	1541	2536	2706	3232	3562	4123	4426
0:16:55	30.0	113	202	254	391	540	1558	2560	2723	3199	3563	4045	4374
0:17:00	30.0	123	205	253	397	542	1527	2519	2691	3184	3603	4005	4382
0:17:05	30.0	127	201	265	392	528	1525	2504	2740	3191	3571	4026	4448
0:17:10	30.0	124	220	258	403	552	1533	2518	2717	3189	3547	4021	4404
0:17:15	30.0	118	212	258	390	521	1536	2503	2705	3203	3541	4040	4370
0:17:20	30.0	124	214	255	388	541	1534	2499	2763	3200	3573	4019	4374
0:17:25	30.0	128	204	250	390	537	1536	2524	2747	3180	3512	4050	4373
0:17:30	30.0	126	208	250	387	535	1528	2490	2703	3176	3546	4067	4398
0:17:35	30.0	122	220	243	392	538	1536	2475	2727	3157	3540	4031	4403
0:17:40	30.0	126	207	249	390	538	1517	2484	2681	3140	3537	4034	4377
0:17:45	30.0	127	213	248	399	538	1527	2487	2730	3182	3527	3989	4368
0:17:50	30.0	121	210	248	384	537	1528	2479	2661	3168	3514	4046	4367
0:17:55	30.0	125	215	264	401	534	1533	2505	2714	3131	3523	3997	4366
0:18:00	30.0	132	209	252	399	538	1523	2490	2701	3148	3507	4029	4366
0:18:05	30.0	123	197	255	395	545	1529	2499	2713	3182	3533	4051	4372
0:18:10	30.0	124	202	266	387	538	1548	2482	2690	3126	3500	4035	4363
0:18:15	30.0	128	209	266	393	529	1512	2521	2690	3127	3492	3973	4326
0:18:20	30.0	125	211	251	383	533	1509	2479	2691	3118	3561	4007	4364
0:18:25	30.0	132	204	268	379	520	1530	2483	2694	3162	3500	3984	4348
0:18:30	30.0	122	216	250	390	538	1539	2476	2707	3154	3524	4003	4327
0:18:35	30.0	118	212	255	389	528	1508	2480	2681	3127	3526	3989	4343
0:18:40	30.0	121	200	253	388	534	1518	2498	2685	3184	3421	3986	4303
0:18:45	30.0	134	210	266	380	533	1517	2464	2686	3116	3478	3964	4286
0:18:50	30.0	112	211	258	383	553	1522	2500	2686	3112	3515	4005	4331
0:18:55	30.0	126	203	263	385	536	1495	2453	2695	3138	3499	3950	4324
0:19:00	30.0	119	216	262	384	534	1522	2448	2694	3100	3451	3987	4307
0:19:05	30.0	130	208	262	392	538	1500	2503	2706	3117	3457	3960	4312
0:19:10	30.0	126	210	263	397	537	1513	2457	2682	3110	3483	3947	4320
0:19:15	30.0	131	201	256	386	537	1506	2436	2658	3125	3482	3967	4325
0:19:20	30.0	120	209	259	389	527	1486	2497	2661	3113	3497	4002	4311
0:19:25	30.0	125	219	261	388	524	1512	2472	2656	3113	3462	3958	4298
0:19:30	30.0	121	204	256	383	529	1534	2448	2646	3113	3465	3966	4348
0:19:35	30.0	137	211	245	387	529	1516	2451	2663	3114	3474	3928	4238
0:19:40	30.0	124	206	255	393	530	1503	2447	2691	3095	3493	3987	4307
0:19:45	30.0	122	205	248	387	520	1506	2470	2656	3084	3438	3992	4321
0:19:50	30.0	119	207	247	400	533	1492	2441	2688	3155	3433	3921	4293
0:19:55	30.0	130	205	259	390	524	1509	2477	2658	3115	3430	3928	4299
0:20:00	30.0	124	218	254	394	528	1509	2423	2664	3112	3464	3967	4279
0:20:05	30.0	124	211	249	398	539	1490	2439	2665	3073	3421	3918	4198
0:20:10	30.0	117	211	258	382	528	1498	2455	2653	3122	3405	3901	4257
0:20:15	30.0	130	205	262	397	534	1508	2453	2622	3079	3436	3920	4246
0:20:20	30.0	125	207	252	390	550	1490	2432	2636	3113	3389	3932	4285
0:20:25	30.0	127	206	261	385	537	1474	2439	2626	3047	3439	3935	4230
0:20:30	30.0	121	203	249	386	543	1486	2442	2669	3052	3415	3904	4261
0:20:35	30.0	118	211	247	390	540	1502	2415	2600	3042	3416	3912	4264
0:20:40	30.0	124	214	242	395	514	1511	2432	2615	3085	3388	3899	4318
0:20:45	30.0	121	206	249	377	537	1490	2436	2575	3051	3387	3943	4276
0:20:50	30.0	131	200	246	388	526	1506	2435	2627	3081	3408	3924	4235
0:20:55	30.0	118	213	273	379	529	1505	2448	2631	3068	3428	3916	4212
0:21:00	30.0	121	209	249	379	515	1521	2421	2611	3109	3416	3893	4222
0:21:05	30.0	118	208	262	378	529	1480	2385	2591	3043	3434	3878	4275
0:21:10	30.0	127	203	247	394	524	1508	2442	2599	3062	3363	3901	4257
0:21:15	30.0	123	198	251	385	534	1492	2445	2632	3056	3403	3858	4225
0:21:20	30.0	117	209	252	379	545	1467	2398	2610	3086	3395	3892	4217
0:21:25	30.0	125	209	245	393	517	1507	2409	2621	3042	3417	3873	4227
0:21:30	30.0	137	206	244	384	528	1470	2425	2634	3063	3443	3865	4232
0:21:35	30.0	125	196	262	376	542	1466	2381	2609	3019	3369	3865	4258
0:21:40	30.1	124	198	254	389	539	1480	2415	2588	3055	3445	3889	4220
0:21:45	30.0	120	211	256	374	529	1498	2441	2595	3060	3390	3848	4207
0:21:50	30.0	124	203	256	378	534	1490	2402	2619	3061	3376	3822	4230
0:21:55	30.0	123	209	254	388	542	1485	2418	2607	3078	3397	3879	4153
0:22:00	30.0	120	204	247	374	520	1463	2411	2619	3099	3363	3889	4183
0:22:05	30.0	126	210	242	392	536	1491	2421	2615	3052	3388	3846	4184
0:22:10	30.0	124	208	251	380	522	1486	2404	2613	3036	3445	3862	4201
0:22:15	30.0	121	212	256	388	522	1496	2413	2611	3024	3340	3818	4126
0:22:20	30.0	123	211	254	377	531	1463	2384	2606	3077	3374	3874	4238
0:22:25	30.0	122	211	247	384	543	1467	2375	2581	3033	3336	3831	4209
0:22:30	30.0	123	206	255	399	528	1497	2406	2625	3016	3352	3820	4160
0:22:35	30.0	128	214	249	379	530	1457	2407	2597	3043	3385	3812	4221
0:22:40	30.0	125	209	246	386	536	1484	2427	2615	3030	3331	3807	4166
0:22:45	30.0	124	212	258	383	522	1477	2401	2615	3066	3364	3839	4187
0:22:50	30.0	116	208	251	377	522	1481	2396	2580	2989	3345	3846	4158
0:22:55	30.0	126	207	253	386	535	1486	2393	2570	2996	3378	3804	4150
0:23:00	30.0	118	215	254	382	523	1468	2413	2574	3037	3368	3833	4155
0:23:05	30.0	117	201	253	380	531	1472	2374	2593	3024	3390	3836	4177
0:23:10	30.0	126	204	253	372	515	1473	2348	2564	3010	3341	3833	4168
0:23:15	30.0	130	216	245	397	526	1487	2382	2609	3024	3338	3881	4131
0:23:20	30.0	123	200	235	383	521	1477	2409	2609	3043	3383	3817	4158
0:23:25	30.0	124	211	249	380	513	1467	2392	2537	3029	3358	3849	4142
0:23:30	30.0	138	203	250	383	519	1449	2392	2564	3007	3364	3824	4174
0:23:35	30.0	125	206	238	377	510	1463	2359	2541	3001	3315	3804	4139
0:23:40	30.0	130	208	251	389	522	1464	2373	2578	2992	3368	3802	4112
0:23:45	30.0	123	207	262	380	529	1456	2367	2560	2991	3326	3757	4160
0:23:50	30.0	126	208	257	386	527	1460	2360	2590	3001	3342	3813	4191
0:23:55	30.0	117	197	247	380	526	1476	2359	2568	2999	3356	3773	4118
0:24:00	30.0	128	203	262	380	521	1467	2390	2576	3002	3336	3793	4163
0:24:05	30.0	128	202	257	387	527	1461	2352	2600	2984	3336	3801	4125
0:24:10	30.0	135	205	250	370	519	1456	2400	2581	2985	3338	3756	4105
0:24:15	30.0	130	202	259	380	528	1472	2399	2583	3001	3325	3816	4090
0:24:20	30.0	124	204	260	402	528	1453	2360	2538	3005	3326	3785	4137
0:24:25	30.0	119	204	261	381	530	1478	2387	2542	2959	3348	3839	4123
0:24:30	30.0	121	205	250	384	525	1439	2368	2573	2958	3332	3792	4122
0:24:35	30.0	127	201	243	380	533	1465	2395	2535	2991	3287	3815	4091
0:24:40	30.0	125	202	255	380	522	1455	2381	2568	2991	3310	3787	4094
0:24:45	30.0	123	202	242	383	516	1462	2377	2548	2962	3321	3780	4109
0:24:50	30.0	127	198	245	386	542	1457	2369	2561	2977	3319	3778	4095
0:24:55	30.0	122	211	252	373	526	1454	2362	2565	2965	3336	3835	4138
0:25:00	30.0	128	206	260	377	516	1462	2340	2529	3025	3327	3738	4075
0:25:05	30.0	129	196	249	370	535	1445	2371	2524	2971	3270	3775	4091
0:25:10	30.0	122	205	250	387	532	1452	2352	2568	2974	3344	3799	4111
0:25:15	30.0	124	207	253	379	530	1431	2337	2587	2997	3323	3721	4109
0:25:20	30.0	117	204	249	384	520	1482	2355	2577	2972	3329	3768	4114
0:25:25	30.0	118	195	248	374	522	1457	2337	2530	2961	3327	3792	4061
0:25:30	30.0	116	197	256	386	519	1446	2350	2546	2953	3302	3760	4070
0:25:35	30.0	123	210	252	379	514	1470	2353	2516	2978	3282	3764	4095
0:25:40	30.0	119	205	248	377	531	1456	2340	2536	2979	3309	3775	4111
0:25:45	30.0	122	199	266	383	539	1448	2345	2560	2961	3284	3729	4109
0:25:50	30.0	125	206	255	372	518	1441	2339	2538	2982	3300	3716	4074
0:25:55	30.0	128	210	249	383	524	1441	2350	2532	2959	3242	3800	4066
0:26:00	30.0	118	215	257	388	522	1453	2368	2533	2961	3307	3730	4045
0:26:05	30.0	126	206	257	367	520	1439	2355	2571	2942	3264	3741	4062
0:26:10	30.0	122	211	252	377	523	1440	2377	2561	2948	3270	3721	4087
0:26:15	30.0	122	198	247	389	515	1468	2337	2554	2957	3268	3743	4082
0:26:20	30.0	120	203	243	387	518	1443	2352	2549	2931	3308	3733	4073
0:26:25	30.0	130	217	257	377	519	1451	2360	2521	2964	3274	3759	4086
0:26:30	30.0	124	200	243	372	514	1437	2342	2568	2943	3299	3745	4058
0:26:35	30.0	123	213	258	381	523	1455	2334	2529	2936	3265	3782	4040
0:26:40	30.0	125	211	254	377	515	1431	2368	2535	2946	3288	3704	4063
0:26:45	30.0	120	213	268	379	529	1454	2332	2529	2937	3288	3769	4046
0:26:50	30.0	129	201	249	371	522	1439	2330	2524	2923	3270	3692	4099
0:26:55	30.0	123	206	253	379	509	1453	2367	2525	2907	3313	3747	4055
0:27:00	30.0	121	209	246	377	520	1424	2363	2535	2944	3267	3728	4078
0:27:05	30.0	125	204	248	377	521	1432	2354	2538	2930	3297	3723	3993
0:27:10	30.0	116	196	241	379	535	1449	2330	2532	2923	3261	3763	3981
0:27:15	30.0	117	206	247	384	519	1435	2357	2508	2896	3300	3702	4060
0:27:20	30.0	135	197	253	382	525	1428	2313	2525	2898	3291	3713	4000
0:27:25	30.0	125	214	253	389	528	1448	2329	2513	2906	3242	3729	4017
0:27:30	30.0	123	203	254	374	529	1438	2334	2496	2933	3254	3707	4054
0:27:35	30.0	124	204	247	384	515	1420	2334	2538	2909	3269	3777	4012
0:27:40	30.0	118	197	246	375	523	1441	2342	2504	2936	3215	3664	4067
0:27:45	30.0	120	201	247	375	519	1410	2327	2532	2907	3245	3725	4041
0:27:50	30.0	122	209	252	379	539	1440	2317	2515	2944	3270	3648	4033
0:27:55	30.0	125	203	249	371	523	1437	2314	2491	2934	3259	3724	3998
0:28:00	30.0	122	212	252	368	534	1427	2336	2524	2911	3247	3654	4039
0:28:05	30.0	117	198	244	379	521	1446	2337	2523	2907	3224	3707	4063
0:28:10	30.0	127	205	263	387	521	1430	2330	2496	2886	3249	3749	4004
0:28:15	30.0	121	205	247	369	517	1447	2285	2517	2903	3242	3699	4011
0:28:20	30.1	123	201	246	377	523	1427	2313	2526	2938	3261	3712	3968
0:28:25	30.0	123	200	261	379	528	1425	2318	2496	2899	3259	3642	4003
0:28:30	30.0	127	215	257	378	536	1435	2315	2482	2915	3254	3705	4016
0:28:35	30.0	116	205	255	365	511	1441	2318	2511	2911	3272	3682	4008
0:28:40	30.0	128	205	255	377	514	1453	2297	2500	2916	3265	3713	4017
0:28:45	30.0	124	203	250	375	527	1434	2303	2508	2915	3243	3708	4052
0:28:50	30.0	123	203	255	374	506	1425	2305	2504	2879	3263	3693	4048
0:28:55	30.0	119	205	249	381	505	1431	2285	2497	2915	3244	3691	4003
0:29:00	30.0	128	209	245	388	517	1411	2345	2527	2917	3266	3644	4006
0:29:05	30.0	126	206	255	381	514	1436	2307	2507	2924	3261	3708	3997
0:29:10	30.0	122	201	246	377	522	1409	2335	2494	2883	3231	3695	4014
0:29:15	30.0	124	197	257	372	516	1433	2319	2512	2900	3245	3700	4022
0:29:20	30.0	121	213	260	371	518	1443	2293	2509	2890	3227	3648	3991
0:29:25	30.0	121	209	255	365	526	1429	2301	2519	2932	3215	3642	4013
0:29:30	30.0	125	207	247	376	513	1426	2299	2497	2888	3226	3647	3975
0:29:35	30.0	124	207	251	382	515	1430	2317	2479	2880	3207	3689	3930
0:29:40	30.0	117	202	255	392	526	1436	2317	2482	2882	3234	3673	4003
0:29:45	30.0	119	193	248	380	533	1426	2283	2492	2896	3178	3664	4013
0:29:50	30.0	130	200	260	382	511	1439	2283	2477	2838	3219	3622	3977
0:29:55	30.0	117	206	257	381	516	1434	2307	2532	2884	3251	3685	3993
0:30:00	30.0	111	211	250	376	517	1420	2295	2489	2895	3238	3696	3941
0:30:05	30.0	127	204	252	376	513	1428	2290	2453	2900	3227	3636	3953
0:30:10	30.0	116	206	248	384	516	1417	2311	2466	2876	3196	3642	3982
0:30:15	30.0	116	197	248	373	514	1407	2305	2495	2843	3225	3641	3972
0:30:20	30.0	121	204	238	385	509	1415	2286	2497	2880	3194	3662	3957
0:30:25	30.0	116	199	254	376	519	1412	2306	2475	2895	3223	3670	3945
0:30:30	30.0	128	206	247	374	509	1398	2287	2507	2893	3247	3676	3920
0:30:35	30.1	117	217	248	377	518	1412	2284	2490	2866	3213	3666	3949
0:30:40	30.0	116	220	254	381	510	1405	2275	2493	2883	3204	3634	3962
0:30:45	30.0	126	210	255	374	531	1436	2293	2470	2881	3192	3648	3942
0:30:50	30.0	121	205	257	375	509	1408	2296	2469	2893	3201	3652	3910
0:30:55	30.0	121	208	252	374	514	1415	2314	2473	2885	3214	3614	3930
0:31:00	30.0	117	202	246	377	507	1436	2318	2487	2858	3216	3627	3916
0:31:05	30.0	127	205	251	381	510	1413	2284	2479	2880	3211	3626	3942
0:31:10	30.0	119	201	248	373	517	1408	2322	2476	2869	3197	3647	3942
0:31:15	30.0	122	201	244	386	514	1437	2279	2468	2868	3146	3636	3933
0:31:20	30.0	116	199	253	374	516	1422	2306	2476	2851	3220	3653	3973
0:31:25	30.0	124	206	255	378	503	1426	2297	2454	2894	3198	3610	3934
0:31:30	30.0	117	199	251	382	526	1438	2300	2460	2892	3182	3658	3873
0:31:35	30.0	122	198	256	379	522	1404	2242	2455	2845	3179	3633	3946
0:31:40	30.0	118	210	254	365	509	1421	2302	2455	2888	3132	3642	3918
0:31:45	30.0	117	213	247	381	522	1408	2311	2446	2876	3208	3646	3952
0:31:50	30.0	118	201	242	381	525	1408	2302	2477	2909	3196	3646	3946
0:31:55	30.1	124	205	237	381	520	1413	2285	2476	2903	3221	3620	3962
0:32:00	30.1	128	208	261	373	515	1416	2275	2462	2833	3170	3617	3937
0:32:05	30.1	124	213	249	357	521	1428	2300	2454	2857	3199	3658	3938
0:32:10	30.1	118	207	256	379	517	1430	2296	2479	2862	3148	3587	3899
0:32:15	30.1	124	205	240	384	507	1402	2267	2456	2843	3171	3599	3895
0:32:20	30.1	121	203	247	384	525	1419	2287	2495	2893	3170	3600	3887
0:32:25	30.0	128	201	248	368	509	1392	2283	2475	2902	3199	3670	3870
0:32:30	30.1	122	205	256	380	511	1420	2277	2479	2848	3166	3620	3845
0:32:35	30.1	118	206	258	381	511	1421	2287	2455	2883	3206	3561	3886
0:32:40	30.1	121	204	257	377	512	1437	2253	2468	2858	3167	3620	3906
0:32:45	30.1	126	200	254	367	521	1407	2251	2461	2839	3151	3614	3954
0:32:50	30.1	125	190	252	373	521	1413	2281	2446	2860	3154	3615	3867
0:32:55	30.1	115	205	243	377	520	1407	2290	2468	2841	3175	3586	3882
0:33:00	30.1	126	199	250	371	508	1422	2261	2454	2844	3155	3607	3891
0:33:05	30.1	116	201	256	374	520	1426	2302	2468	2875	3180	3602	3864
0:33:10	30.0	117	200	244	388	517	1406	2269	2468	2858	3154	3555	3958
0:33:15	30.1	120	203	254	372	498	1425	2233	2442	2844	3154	3617	3912
0:33:20	30.0	120	200	246	371	524	1428	2293	2464	2839	3180	3572	3880
0:33:25	30.1	125	200	245	368	516	1404	2278	2432	2819	3191	3598	3850
0:33:30	30.1	116	209	249	384	532	1434	2279	2444	2824	3188	3595	3853
0:33:35	30.1	121	204	248	367	501	1389	2290	2431	2861	3166	3582	3882
0:33:40	30.1	110	193	232	371	499	1418	2266	2446	2852	3148	3590	3919
0:33:45	30.1	113	198	249	369	514	1421	2299	2457	2846	3164	3567	3862
0:33:50	30.0	124	210	250	377	489	1393	2280	2433	2850	3198	3615	3904
0:33:55	30.1	131	201	251	391	510	1423	2257	2471	2854	3153	3580	3867
0:34:00	30.1	123	208	237	372	501	1411	2316	2409	2838	3178	3587	3872
0:34:05	30.1	120	201	246	369	523	1408	2286	2439	2833	3157	3611	3910
0:34:10	30.1	122	195	245	381	513	1415	2284	2424	2829	3141	3561	3895
0:34:15	30.1	122	204	251	371	513	1410	2257	2450	2850	3176	3637	3899
0:34:20	30.1	125	205	251	376	519	1437	2255	2424	2852	3164	3566	3863
0:34:25	30.1	118	210	250	376	516	1426	2289	2413	2837	3189	3556	3876
0:34:30	30.0	118	201	252	376	519	1432	2270	2432	2833	3108	3582	3814
0:34:35	30.1	115	208	241	380	501	1393	2261	2479	2817	3131	3581	3860
0:34:40	30.1	118	201	254	366	512	1409	2232	2450	2815	3161	3609	3924
0:34:45	30.0	120	197	239	372	521	1412	2263	2409	2867	3180	3573	3872
0:34:50	30.1	124	200	244	374	506	1421	2243	2432	2850	3164	3571	3858
0:34:55	30.1	120	211	248	369	503	1399	2227	2436	2871	3173	3568	3885
0:35:00	30.1	123	196	235	366	516	1430	2251	2426	2778	3111	3569	3850
0:35:05	30.1	122	199	247	381	510	1398	2257	2458	2813	3196	3608	3870
0:35:10	30.0	120	202	241	373	514	1406	2261	2440	2817	3138	3550	3865
0:35:15	30.0	127	192	256	363	514	1402	2251	2440	2818	3143	3553	3865
0:35:20	30.1	116	198	235	380	528	1391	2265	2458	2820	3108	3586	3858
0:35:25	30.1	119	201	250	372	517	1370	2269	2423	2851	3135	3559	3845
0:35:30	30.0	116	199	245	390	508	1405	2247	2416	2849	3135	3617	3862
0:35:35	30.1	120	203	247	379	510	1435	2261	2418	2809	3140	3593	3825
0:35:40	30.1	130	199	258	371	522	1422	2253	2436	2815	3127	3535	3877
0:35:45	30.1	131	197	245	377	516	1423	2276	2413	2787	3147	3553	3848
0:35:50	30.1	117	189	255	374	520	1404	2247	2430	2847	3117	3577	3871
0:35:55	30.0	119	200	245	380	517	1423	2228	2406	2862	3117	3570	3908
0:36:00	30.1	125	203	250	375	502	1395	2253	2418	2816	3089	3551	3832
0:36:05	30.1	129	202	244	375	521	1406	2237	2421	2832	3129	3516	3836
0:36:10	30.1	123	199	249	371	510	1411	2243	2455	2804	3152	3576	3888
0:36:15	30.0	129	202	243	369	506	1410	2263	2446	2835	3113	3561	3831
0:36:20	30.1	114	204	243	379	520	1380	2227	2406	2807	3110	3575	3831
0:36:25	30.1	126	199	246	362	509	1381	2257	2407	2826	3100	3584	3852
0:36:30	30.1	124	201	243	366	514	1427	2259	2437	2814	3124	3566	3869
0:36:35	30.1	126	198	248	372	506	1409	2256	2398	2818	3120	3507	3852
0:36:40	30.0	119	202	253	368	503	1399	2248	2470	2806	3131	3509	3796
0:36:45	30.1	128	202	251	364	504	1403	2234	2431	2829	3107	3512	3890
0:36:50	30.1	121	201	241	377	517	1380	2261	2415	2797	3112	3531	3820
0:36:55	30.1	117	193	241	369	498	1408	2266	2444	2835	3150	3572	3881
0:37:00	30.1	119	205	250	373	507	1414	2254	2410	2814	3111	3536	3868
0:37:05	30.1	126	204	235	369	531	1401	2220	2420	2839	3143	3544	3854
0:37:10	30.1	129	196	248	375	501	1396	2273	2450	2820	3096	3491	3816
0:37:15	30.1	120	200	242	371	511	1411	2234	2420	2795	3099	3552	3833
0:37:20	30.1	121	191	252	377	513	1398	2258	2433	2826	3133	3548	3812
0:37:25	30.0	125	199	243	376	504	1380	2255	2411	2793	3113	3561	3811
0:37:30	30.1	120	202	254	376	509	1420	2239	2431	2799	3125	3540	3793
0:37:35	30.1	123	201	257	366	510	1406	2244	2427	2829	3077	3560	3793
0:37:40	30.1	123	205	249	368	529	1395	2230	2379	2784	3082	3553	3800
0:37:45	30.1	116	194	238	371	505	1368	2244	2408	2813	3084	3496	3845
0:37:50	30.1	128	191	260	373	515	1424	2230	2399	2790	3125	3495	3829
0:37:55	30.1	116	195	242	373	517	1393	2221	2405	2796	3100	3528	3811
0:38:00	30.1	123	198	252	375	512	1402	2251	2440	2770	3147	3532	3832
0:38:05	30.1	122	197	245	380	510	1411	2224	2407	2812	3114	3581	3807
0:38:10	30.0	113	193	250	390	502	1378	2242	2413	2783	3141	3533	3826
0:38:15	30.1	116	204	245	368	521	1384	2236	2393	2796	3101	3524	3766
0:38:20	30.1	125	194	248	384	508	1379	2250	2415	2824	3107	3554	3842
0:38:25	30.1	124	191	246	370	529	1371	2259	2432	2786	3104	3563	3792
0:38:30	30.1	130	197	249	362	515	1391	2256	2423	2807	3088	3506	3784
0:38:35	30.1	120	196	239	377	489	1405	2232	2425	2767	3096	3523	3813
0:38:40	30.1	120	208	247	360	502	1405	2257	2405	2796	3109	3534	3802
0:38:45	30.1	122	195	243	369	518	1427	2224	2414	2798	3099	3522	3802
0:38:50	30.1	115	201	251	369	514	1414	2230	2462	2788	3080	3590	3825
0:38:55	30.0	121	194	242	374	498	1400	2239	2436	2808	3080	3530	3790
0:39:00	30.1	117	199	227	370	521	1402	2237	2422	2805	3101	3530	3782
0:39:05	30.0	119	192	239	378	511	1384	2234	2415	2798	3113	3510	3813
0:39:10	30.1	117	202	249	375	508	1404	2205	2403	2821	3083	3531	3796
0:39:15	30.1	123	199	240	369	501	1385	2273	2432	2776	3122	3524	3793
0:39:20	30.1	118	201	243	386	510	1394	2232	2445	2813	3112	3535	3781
0:39:25	30.1	118	199	242	370	512	1401	2259	2412	2803	3095	3516	3805
0:39:30	30.1	131	199	244	374	517	1404	2219	2409	2773	3087	3540	3786
0:39:35	30.1	115	200	248	364	509	1397	2239	2394	2802	3110	3511	3801
0:39:40	30.1	122	200	250	371	500	1381	2232	2396	2803	3098	3475	3777
0:39:45	30.1	117	205	249	371	513	1394	2198	2380	2762	3106	3556	3791
0:39:50	30.1	123	200	242	362	502	1389	2207	2396	2810	3078	3548	3794
0:39:55	30.1	111	206	247	360	500	1385	2209	2388	2796	3097	3483	3804
0:40:00	30.1	117	200	248	366	499	1359	2224	2425	2788	3031	3537	3778
0:40:05	30.1	114	200	240	365	505	1394	2258	2410	2784	3067	3512	3796
0:40:10	30.1	121	203	246	365	501	1402	2209	2394	2778	3093	3493	3785
0:40:15	30.1	116	194	258	383	517	1386	2198	2397	2770	3059	3515	3790
0:40:20	30.1	122	199	247	374	508	1373	2199	2412	2794	3090	3465	3756
0:40:25	30.1	120	197	239	366	518	1381	2229	2406	2802	3066	3530	3803
0:40:30	30.1	119	200	248	358	498	1384	2224	2406	2755	3109	3486	3761
0:40:35	30.1	115	199	243	371	511	1388	2197	2399	2753	3094	3512	3765
0:40:40	30.1	117	196	242	380	510	1381	2225	2390	2767	3077	3541	3724
0:40:45	30.1	117	193	250	364	507	1378	2221	2397	2767	3062	3501	3745
0:40:50	30.1	121	191	241	357	508	1385	2234	2399	2795	3097	3530	3766
0:40:55	30.1	115	197	241	363	505	1397	2222	2378	2751	3095	3506	3767
0:41:00	30.1	113	195	241	377	496	1400	2210	2390	2780	3088	3477	3784
0:41:05	30.1	123	190	242	379	506	1387	2202	2392	2740	3082	3479	3773
0:41:10	30.1	113	198	244	373	501	1383	2214	2396	2736	3071	3429	3768
0:41:15	30.1	119	194	246	366	503	1386	2257	2384	2772	3051	3506	3790
0:41:20	30.1	120	198	241	378	503	1389	2206	2369	2755	3037	3450	3751
0:41:25	30.1	120	195	239	371	503	1379	2245	2390	2747	3041	3477	3788
0:41:30	30.1	124	197	243	373	501	1382	2198	2409	2795	3063	3468	3765
0:41:35	30.1	117	203	250	370	511	1377	2203	2365	2769	3043	3486	3713
0:41:40	30.1	124	195	241	369	510	1392	2236	2413	2770	3057	3448	3730
0:41:45	30.1	116	191	249	366	516	1370	2229	2393	2810	3057	3501	3749
0:41:50	30.1	126	186	233	378	497	1385	2191	2358	2740	3066	3434	3781
0:41:55	30.1	124	199	240	363	493	1369	2174	2397	2774	3067	3459	3746
0:42:00	30.1	114	195	239	369	496	1386	2198	2380	2755	3081	3454	3694
0:42:05	30.1	111	196	245	373	513	1364	2218	2409	2781	3057	3476	3751
0:42:10	30.1	120	198	243	373	507	1378	2186	2378	2770	3037	3460	3794
0:42:15	30.1	113	193	238	364	520	1380	2218	2377	2729	3045	3475	3731
0:42:20	30.1	115	201	238	382	500	1381	2231	2386	2721	3047	3431	3730
0:42:25	30.1	113	201	239	379	512	1375	2208	2346	2741	3087	3444	3720
0:42:30	30.1	117	202	247	373	503	1391	2199	2356	2781	3001	3481	3710
0:42:35	30.1	117	196	231	374	505	1375	2235	2377	2751	3013	3471	3700
0:42:40	30.1	119	211	246	367	515	1386	2181	2380	2730	3045	3403	3747
0:42:45	30.1	126	201	248	354	514	1370	2211	2344	2744	3059	3451	3725
0:42:50	30.1	119	199	252	370	497	1368	2212	2377	2747	3016	3445	3726
0:42:55	30.1	118	194	245	382	485	1360	2214	2340	2730	3063	3470	3730
0:43:00	30.1	123	190	243	375	511	1380	2219	2368	2783	3016	3452	3707
0:43:05	30.1	124	202	245	375	513	1369	2203	2351	2752	3049	3424	3696
0:43:10	30.1	115	188	233	363	507	1369	2236	2367	2743	3029	3436	3714
0:43:15	30.1	117	200	239	368	502	1362	2185	2365	2753	3041	3464	3748
0:43:20	30.1	119	208	242	371	497	1371	2209	2373	2722	3030	3486	3715
0:43:25	30.1	121	195	250	359	499	1351	2191	2393	2707	3045	3458	3715
0:43:30	30.1	121	198	239	373	501	1355	2201	2374	2687	3051	3429	3696
0:43:35	30.1	118	204	242	364	498	1384	2193	2365	2747	3052	3455	3734
0:43:40	30.1	116	197	246	371	503	1347	2208	2360	2739	3053	3427	3696
0:43:45	30.1	128	207	235	366	507	1382	2183	2375	2715	3073	3404	3719
0:43:50	30.1	122	196	234	372	504	1377	2191	2361	2712	3078	3452	3698
0:43:55	30.1	120	190	245	364	495	1391	2207	2350	2731	3014	3420	3737
0:44:00	30.1	111	197	261	369	511	1379	2190	2363	2753	2981	3428	3684
0:44:05	30.1	115	193	235	364	501	1363	2200	2347	2753	3015	3397	3698
0:44:10	30.1	121	192	234	355	504	1375	2173	2331	2702	3038	3429	3683
0:44:15	30.1	112	190	232	357	507	1383	2198	2345	2721	3040	3441	3720
0:44:20	30.1	131	193	242	367	510	1376	2204	2358	2722	3036	3412	3680
0:44:25	30.1	116	199	246	363	494	1353	2207	2355	2753	3035	3375	3683
0:44:30	30.1	116	201	244	369	508	1374	2191	2362	2757	3040	3428	3708
0:44:35	30.1	122	196	249	361	514	1363	2185	2360	2748	3012	3428	3628
0:44:40	30.1	118	190	242	357	502	1373	2175	2353	2729	3027	3456	3702
0:44:45	30.1	115	196	236	374	496	1379	2189	2342	2704	3035	3388	3658
0:44:50	30.1	119	202	242	356	497	1377	2178	2348	2722	3017	3442	3693
0:44:55	30.1	125	202	236	377	499	1366	2189	2336	2730	3004	3420	3698
0:45:00	30.1	119	194	249	358	497	1372	2190	2366	2729	3007	3445	3729
0:45:05	30.1	120	188	242	357	497	1366	2180	2349	2735	3028	3379	3665
0:45:10	30.1	118	188	244	359	510	1361	2194	2345	2718	3046	3430	3666
0:45:15	30.1	118	194	234	363	496	1395	2171	2357	2742	2992	3431	3667
0:45:20	30.1	121	186	241	370	510	1376	2166	2351	2721	2998	3423	3712
0:45:25	30.1	115	205	228	369	496	1364	2145	2366	2740	3019	3400	3695
0:45:30	30.1	122	194	239	376	508	1375	2146	2372	2735	2972	3424	3705
0:45:35	30.1	112	196	237	363	499	1385	2187	2335	2754	3013	3428	3720
0:45:40	30.1	116	191	235	366	512	1379	2160	2334	2762	3026	3430	3696
0:45:45	30.1	117	198	236	362	505	1339	2202	2370	2713	2999	3391	3727
0:45:50	30.1	117	191	241	372	499	1367	2175	2332	2696	2998	3403	3637
0:45:55	30.1	124	191	229	365	492	1353	2156	2350	2707	3006	3373	3662
0:46:00	30.1	116	197	246	367	490	1372	2206	2352	2698	2999	3395	3665
0:46:05	30.1	115	194	235	369	498	1353	2176	2361	2716	3038	3395	3661
0:46:10	30.1	117	197	235	362	495	1366	2154	2356	2700	3008	3384	3679
0:46:15	30.1	119	190	234	366	509	1389	2159	2341	2704	3037	3422	3674
0:46:20	30.1	112	195	233	364	491	1373	2202	2347	2720	3005	3376	3678
0:46:25	30.1	124	190	229	355	499	1357	2192	2314	2689	2974	3350	3660
0:46:30	30.1	123	197	244	365	493	1380	2188	2328	2721	2994	3418	3707
0:46:35	30.1	118	200	247	370	505	1354	2173	2349	2733	3013	3404	3700
0:46:40	30.0	121	196	236	362	508	1370	2159	2368	2714	3056	3420	3710
0:46:45	30.1	110	192	236	365	499	1370	2183	2342	2706	2994	3377	3648
0:46:50	30.1	110	202	239	363	503	1345	2197	2323	2724	2997	3369	3676
0:46:55	30.1	121	190	250	370	506	1386	2157	2358	2719	3033	3423	3649
0:47:00	30.1	116	193	248	366	492	1355	2182	2336	2693	3028	3397	3618
0:47:05	30.1	128	198	230	370	491	1351	2132	2362	2692	2985	3386	3674
0:47:10	30.1	125	198	247	368	498	1366	2168	2374	2692	3002	3390	3616
0:47:15	30.1	114	189	233	357	496	1361	2181	2337	2674	3002	3383	3661
0:47:20	30.1	118	195	237	359	490	1366	2162	2324	2703	3011	3350	3673
0:47:25	30.1	118	196	236	381	500	1356	2184	2331	2721	2999	3444	3614
0:47:30	30.1	120	186	242	369	506	1351	2178	2352	2697	3031	3402	3693
0:47:35	30.1	116	192	246	366	497	1347	2146	2328	2717	2969	3387	3687
0:47:40	30.1	119	190	236	368	491	1354	2158	2334	2749	3032	3377	3651
0:47:45	30.1	121	204	238	365	492	1336	2190	2333	2700	3011	3394	3652
0:47:50	30.1	117	190	243	354	506	1370	2150	2311	2699	2990	3393	3624
0:47:55	30.1	119	191	241	368	493	1355	2143	2331	2705	2994	3442	3686
0:48:00	30.1	125	202	242	362	486	1364	2147	2356	2687	3019	3418	3691
0:48:05	30.1	112	197	242	366	486	1370	2160	2327	2714	2987	3374	3626
0:48:10	30.1	116	191	230	370	510	1356	2171	2329	2712	2997	3370	3638
0:48:15	30.1	121	201	238	358	500	1353	2175	2344	2704	3019	3368	3649
0:48:20	30.1	116	203	236	369	505	1359	2159	2321	2703	2991	3412	3656
0:48:25	30.1	111	198	241	363	499	1363	2150	2334	2732	2965	3375	3647
0:48:30	30.1	117	197	238	345	502	1351	2175	2342	2694	2988	3426	3659
0:48:35	30.1	112	188	241	366	494	1359	2146	2308	2669	2963	3407	3633
0:48:40	30.1	111	195	238	359	501	1357	2175	2312	2718	2967	3360	3618
0:48:45	30.1	119	202	255	356	491	1369	2164	2334	2726	2985	3363	3662
0:48:50	30.1	115	193	243	370	498	1328	2183	2349	2696	2984	3395	3610
0:48:55	30.1	119	187	240	364	496	1369	2148	2304	2709	2988	3374	3614
0:49:00	30.1	117	200	242	365	499	1354	2147	2312	2672	2949	3357	3659
0:49:05	30.1	114	195	234	372	489	1372	2161	2320	2702	2976	3387	3640
0:49:10	30.1	122	188	249	367	493	1351	2140	2300	2708	2977	3362	3623
0:49:15	30.1	116	203	241	361	488	1351	2156	2328	2700	2952	3346	3649
0:49:20	30.1	116	201	240	364	502	1360	2160	2296	2680	2985	3374	3610
0:49:25	30.1	119	194	250	361	502	1345	2133	2337	2687	2963	3405	3586
0:49:30	30.1	113	184	233	364	497	1354	2171	2318	2686	2994	3360	3627
0:49:35	30.1	120	190	242	367	507	1341	2160	2328	2714	2979	3354	3614
0:49:40	30.1	120	190	234	364	501	1338	2162	2337	2685	2979	3400	3620
0:49:45	30.1	122	197	242	360	494	1365	2172	2303	2686	2985	3369	3622
0:49:50	30.1	114	197	233	373	494	1353	2156	2354	2695	2948	3394	3622
0:49:55	30.1	123	198	257	359	505	1347	2178	2317	2679	2962	3385	3576
0:50:00	30.1	117	191	231	367	491	1347	2126	2284	2698	2984	3385	3598
0:50:05	30.1	118	192	234	346	487	1353	2177	2323	2707	3005	3370	3632
0:50:10	30.1	118	194	239	357	491	1340	2151	2326	2707	2985	3342	3618
0:50:15	30.1	127	194	249	368	506	1359	2165	2315	2684	2956	3336	3644
0:50:20	30.1	124	193	233	363	508	1363	2151	2336	2706	2980	3354	3620
0:50:25	30.1	112	195	237	377	491	1351	2150	2311	2693	2947	3370	3605
0:50:30	30.1	118	192	242	367	495	1361	2160	2330	2667	2963	3394	3599
0:50:35	30.1	118	200	234	359	487	1369	2193	2292	2718	2960	3388	3622
0:50:40	30.1	112	195	243	356	493	1378	2160	2326	2691	2978	3351	3631
0:50:45	30.1	117	195	230	358	492	1357	2165	2332	2661	3006	3380	3613
0:50:50	30.1	118	197	240	362	484	1386	2149	2306	2719	2985	3354	3623
0:50:55	30.1	116	197	240	371	488	1338	2155	2320	2687	2959	3339	3623
0:51:00	30.1	110	192	231	370	493	1326	2159	2337	2694	2984	3381	3620
0:51:05	30.1	114	180	235	361	498	1365	2136	2392	2692	2988	3364	3616
0:51:10	30.1	120	195	247	359	483	1322	2155	2314	2703	2962	3381	3595
0:51:15	30.1	117	196	241	359	504	1329	2140	2301	2662	3000	3387	3606
0:51:20	30.1	119	195	245	372	500	1322	2130	2326	2679	2964	3385	3636
0:51:25	30.1	114	190	247	362	491	1358	2168	2317	2681	2966	3368	3635
0:51:30	30.1	120	188	239	365	489	1350	2101	2300	2703	2961	3389	3619
0:51:35	30.1	129	202	240	361	498	1344	2159	2306	2667	2966	3311	3608
0:51:40	30.1	119	185	240	357	492	1335	2117	2303	2693	2962	3369	3630
0:51:45	30.1	119	197	232	369	477	1350	2170	2301	2673	2986	3351	3576
0:51:50	30.1	108	194	242	355	492	1313	2118	2325	2648	2968	3360	3613
0:51:55	30.1	119	187	239	348	493	1338	2156	2329	2686	2970	3338	3607
0:52:00	30.1	113	191	236	358	503	1345	2153	2291	2676	2931	3358	3609
0:52:05	30.1	112	203	238	354	485	1345	2153	2318	2702	2977	3367	3592
0:52:10	30.1	114	184	246	369	493	1353	2128	2312	2707	2959	3332	3567
0:52:15	30.1	116	201	234	364	504	1336	2143	2342	2670	2957	3360	3608
0:52:20	30.1	114	187	241	360	496	1355	2146	2335	2684	2976	3338	3638
0:52:25	30.1	115	195	234	359	501	1364	2165	2321	2648	2932	3320	3557
0:52:30	30.1	117	184	231	364	501	1337	2163	2306	2661	2928	3345	3606
0:52:35	30.1	116	197	237	349	494	1344	2178	2294	2671	2967	3353	3584
0:52:40	30.1	121	199	238	365	501	1357	2187	2317	2671	2955	3328	3588
0:52:45	30.1	119	195	243	368	493	1343	2156	2298	2664	2955	3323	3587
0:52:50	30.1	116	185	243	372	504	1349	2137	2308	2670	2975	3323	3599
0:52:55	30.1	116	194	232	365	484	1324	2135	2309	2667	2931	3328	3594
0:53:00	30.1	110	192	234	362	494	1365	2135	2321	2658	2938	3332	3608
0:53:05	30.1	120	189	241	350	500	1348	2140	2336	2680	2964	3355	3602
0:53:10	30.1	114	198	242	359	493	1342	2146	2328	2652	2984	3318	3574
0:53:15	30.1	110	198	234	365	497	1337	2128	2302	2691	2949	3331	3597
0:53:20	30.1	114	191	242	347	481	1342	2162	2328	2689	2972	3352	3578
0:53:25	30.1	115	196	242	362	496	1371	2165	2323	2681	2975	3362	3588
0:53:30	30.1	126	192	235	363	497	1310	2161	2327	2687	2957	3344	3562
0:53:35	30.1	112	198	234	362	489	1321	2173	2296	2654	2937	3349	3602
0:53:40	30.1	119	194	241	359	480	1353	2142	2310	2675	2958	3352	3611
0:53:45	30.1	119	209	230	355	467	1340	2146	2327	2663	2947	3362	3638
0:53:50	30.1	113	188	239	374	498	1342	2134	2306	2690	2936	3366	3637
0:53:55	30.1	120	189	246	363	482	1339	2136	2326	2651	2970	3297	3583
0:54:00	30.1	114	183	240	362	487	1342	2140	2308	2650	2957	3336	3588
0:54:05	30.1	116	183	238	355	498	1341	2145	2334	2687	2975	3354	3590
0:54:10	30.1	117	192	243	368	490	1349	2159	2274	2653	2969	3307	3608
0:54:15	30.1	117	189	237	363	503	1341	2136	2289	2660	2970	3325	3615
0:54:20	30.1	126	191	232	363	491	1357	2170	2271	2672	2959	3306	3574
0:54:25	30.1	120	191	241	351	493	1348	2146	2287	2668	2968	3303	3564
0:54:30	30.1	110	186	239	359	493	1345	2166	2316	2616	2963	3311	3604
0:54:35	30.1	118	185	248	354	487	1372	2147	2302	2688	2931	3360	3632
0:54:40	30.1	119	190	237	369	491	1358	2134	2295	2655	2989	3335	3565
0:54:45	30.1	122	187	241	356	504	1356	2130	2292	2662	2944	3319	3589
0:54:50	30.1	109	183	233	369	480	1330	2150	2326	2684	2965	3311	3627
0:54:55	30.0	118	199	232	364	495	1345	2120	2310	2675	2934	3338	3596
0:55:00	30.1	120	198	234	351	504	1339	2150	2302	2695	2946	3364	3536
0:55:05	30.1	113	184	234	360	507	1343	2112	2314	2665	2948	3315	3585
0:55:10	30.1	113	187	234	358	487	1377	2146	2328	2682	2969	3331	3574
0:55:15	30.1	124	195	243	352	485	1331	2128	2283	2628	2935	3333	3568
0:55:20	30.1	109	191	239	361	495	1335	2167	2300	2707	2946	3292	3548
0:55:25	30.1	111	188	242	360	506	1362	2155	2277	2657	2928	3371	3577
0:55:30	30.1	113	198	235	347	503	1350	2179	2305	2647	2963	3323	3589
0:55:35	30.0	117	187	235	347	493	1344	2184	2278	2653	2927	3331	3602
0:55:40	30.0	122	186	246	359	485	1338	2177	2327	2642	2920	3301	3561
0:55:45	30.1	110	198	234	349	488	1336	2142	2283	2683	2934	3320	3536
0:55:50	30.1	117	190	237	354	484	1349	2132	2269	2645	2938	3342	3583
0:55:55	30.1	118	187	230	356	486	1332	2140	2325	2625	2961	3304	3548
0:56:00	30.1	113	191	243	361	504	1346	2145	2271	2667	2951	3324	3553
0:56:05	30.1	114	193	233	360	499	1359	2153	2309	2643	2938	3357	3569
0:56:10	30.1	115	197	232	362	498	1331	2147	2288	2662	2944	3362	3559
0:56:15	30.1	114	188	236	356	500	1335	2144	2328	2668	2956	3349	3569
0:56:20	30.0	112	189	240	356	487	1352	2147	2301	2689	2927	3285	3615
0:56:25	30.1	115	199	250	350	493	1329	2131	2313	2669	2932	3312	3606
0:56:30	30.1	112	181	227	360	489	1356	2168	2281	2666	2955	3308	3540
0:56:35	30.1	114	190	234	343	489	1350	2100	2326	2705	2940	3318	3578
0:56:40	30.1	120	192	236	351	498	1351	2141	2339	2631	2897	3347	3582
0:56:45	30.1	117	189	246	352	488	1341	2139	2297	2654	2932	3309	3559
0:56:50	30.1	114	194	236	366	496	1341	2164	2320	2662	2955	3313	3548
0:56:55	30.1	110	187	239	364	498	1334	2131	2317	2655	2926	3320	3568
0:57:00	30.0	109	187	245	358	484	1333	2150	2259	2663	2922	3331	3571
0:57:05	30.0	116	197	231	374	475	1324	2159	2317	2629	2959	3354	3570
0:57:10	30.1	109	200	243	360	489	1351	2133	2291	2642	2939	3293	3612
0:57:15	30.1	115	192	238	364	483	1340	2152	2285	2676	2954	3351	3585
0:57:20	30.1	118	203	245	347	486	1339	2135	2315	2679	2930	3329	3592
0:57:25	30.1	107	190	248	363	489	1348	2126	2281	2644	2942	3328	3566
0:57:30	30.1	116	189	242	366	479	1340	2136	2291	2688	2952	3309	3549
0:57:35	30.1	112	191	236	364	492	1337	2130	2286	2671	2924	3287	3539
0:57:40	30.1	118	198	236	361	498	1351	2144	2242	2630	2934	3313	3560
0:57:45	30.0	120	191	239	353	497	1341	2116	2293	2662	2974	3343	3591
0:57:50	30.1	124	192	232	364	499	1351	2129	2285	2691	2961	3331	3558
0:57:55	30.1	126	197	236	361	491	1355	2114	2286	2677	2955	3302	3530
0:58:00	30.1	108	188	228	362	494	1331	2142	2308	2637	2991	3321	3559
0:58:05	30.1	119	197	230	357	490	1317	2128	2289	2653	2957	3297	3611
0:58:10	30.1	116	193	240	356	494	1345	2140	2299	2645	2974	3309	3549
0:58:15	30.1	111	196	228	361	491	1344	2145	2280	2671	2901	3330	3544
0:58:20	30.1	110	194	248	360	486	1332	2129	2297	2659	2921	3326	3552
0:58:25	30.0	114	191	236	357	482	1337	2127	2294	2642	2937	3304	3546
0:58:30	30.0	122	187	240	367	493	1339	2151	2258	2640	2941	3320	3551
0:58:35	30.1	117	194	230	354	476	1339	2155	2304	2654	2963	3313	3566
0:58:40	30.1	110	197	233	365	483	1333	2119	2290	2649	2954	3306	3558
0:58:45	30.1	119	193	236	354	496	1339	2120	2305	2626	2924	3321	3539
0:58:50	30.1	113	196	245	359	489	1319	2143	2300	2627	2968	3332	3552
0:58:55	30.1	109	198	231	364	490	1344	2121	2288	2672	2925	3305	3546
0:59:00	30.1	114	189	240	355	484	1353	2127	2306	2639	2916	3313	3566
0:59:05	30.0	113	198	237	366	485	1352	2142	2296	2657	2917	3322	3494
0:59:10	30.1	107	193	238	365	488	1348	2131	2300	2651	2994	3314	3558
0:59:15	30.0	117	202	239	353	496	1340	2124	2301	2679	2928	3291	3539
0:59:20	30.1	114	194	241	358	478	1327	2108	2317	2666	2974	3282	3525
0:59:25	30.1	120	185	232	360	487	1362	2137	2296	2662	2919	3266	3542
0:59:30	30.1	116	189	234	363	484	1321	2095	2288	2681	2954	3285	3548
0:59:35	30.1	117	185	238	348	493	1356	2131	2301	2637	2913	3296	3533
0:59:40	30.1	123	187	232	363	495	1325	2127	2310	2643	2922	3309	3562
0:59:45	30.0	111	192	225	358	489	1338	2148	2329	2610	2946	3281	3538
0:59:50	30.1	120	194	235	350	493	1326	2138	2337	2625	2934	3301	3555
0:59:55	30.0	119	185	241	360	490	1346	2117	2292	2611	2958	3268	3530
1:00:00	30.1	113	194	232	359	508	1346	2139	2304	2651	2906	3330	3539

Results
	1	2	3	4	5	6	7	8	9	10	11	12
A													Max V [295,335]
													R-Squared [295,335]
													t at Max V [295,335]
													Lagtime [295,335]
B													Max V [295,335]
													R-Squared [295,335]
													t at Max V [295,335]
													Lagtime [295,335]
C													Max V [295,335]
													R-Squared [295,335]
													t at Max V [295,335]
													Lagtime [295,335]
D													Max V [295,335]
													R-Squared [295,335]
													t at Max V [295,335]
													Lagtime [295,335]
E													Max V [295,335]
													R-Squared [295,335]
													t at Max V [295,335]
													Lagtime [295,335]
F													Max V [295,335]
													R-Squared [295,335]
													t at Max V [295,335]
													Lagtime [295,335]
G	-264000.000	-372000.000	-360000.000	444000.000	-528000.000	-732000.000	-1116000.000	-1164000.000	1344000.000	1332000.000	-1548000.000	-1584000.000	Max V [295,335]
	1.000	1.000	1.000	1.000	1.000	1.000	1.000	1.000	1.000	1.000	1.000	1.000	R-Squared [295,335]
	0:18:48	0:00:28	0:00:38	0:14:28	0:00:23	0:01:28	0:03:23	0:03:43	0:09:58	0:11:28	0:03:18	0:10:58	t at Max V [295,335]
	0:18:25	0:00:25	0:00:29	0:15:07	0:00:17	0:01:15	0:03:00	0:03:17	0:10:42	0:12:17	0:03:01	0:10:13	Lagtime [295,335]
H													Max V [295,335]
													R-Squared [295,335]
													t at Max V [295,335]
													Lagtime [295,335]

