

Software Version	3.03.14

Procedure Details

Plate Type	96 WELL PLATE
Set Temperature	Setpoint 30°C
	Preheat before moving to next step
Start Kinetic	Runtime 1:20:00 (HH:MM:SS), Interval 0:00:05, 961 Reads
    Read	Fluorescence Endpoint
	E1..E12
	Filter Set 1
	    Excitation: 295,  Emission: 335
	    Optics: Top,  Gain: 67
	Light Source: Xenon Flash,  Lamp Energy: High
	Read Speed: Normal,  Delay: 0 msec,  Measurements/Data Point: 5
	Read Height: 8 mm
End Kinetic	

Layout
	1	2	3	4	5	6	7	8	9	10	11	12
A													Well ID
B													Well ID
C													Well ID
D													Well ID
E	SPL28	SPL29	SPL30	SPL31	SPL32	SPL33	SPL34	SPL35	SPL36	SPL37	SPL38	SPL39	Well ID
F													Well ID
G													Well ID
H													Well ID

295,335

Time	T° 295,335	E1	E2	E3	E4	E5	E6	E7	E8	E9	E10	E11	E12
0:00:00	30.0	76	246	561	810	1340	2414	3507	4111	6774	8260	10881	14575
0:00:05	30.0	83	262	553	805	1357	2441	3518	4103	6785	8224	11001	14547
0:00:10	30.0	123	238	552	806	1363	2403	3463	4164	6877	8283	10985	14399
0:00:15	30.0	109	239	491	790	1333	2435	3481	4126	6825	8226	10898	14571
0:00:20	30.0	112	226	487	784	1334	2413	3478	4116	6840	8245	11038	14655
0:00:25	30.0	118	222	461	785	1323	2431	3511	4102	6842	8291	10951	14606
0:00:30	30.0	113	226	493	772	1320	2429	3510	4123	6800	8269	10874	14561
0:00:35	30.0	102	212	477	760	1313	2374	3508	4086	6803	8227	10888	14594
0:00:40	30.0	108	227	465	769	1326	2377	3490	4056	6836	8280	10865	14484
0:00:45	30.0	99	220	464	761	1285	2389	3455	4068	6765	8290	10880	14526
0:00:50	30.0	100	212	462	754	1296	2363	3458	4095	6884	8117	10810	14552
0:00:55	30.0	99	204	444	741	1293	2372	3468	4054	6753	8169	10936	14548
0:01:00	30.0	104	208	452	720	1283	2344	3408	4015	6739	8157	10853	14493
0:01:05	30.0	97	207	432	743	1254	2351	3396	4045	6808	8081	10953	14523
0:01:10	30.0	97	212	440	704	1262	2364	3392	4016	6765	8184	10818	14536
0:01:15	30.0	86	197	427	702	1238	2333	3408	3991	6722	8113	10876	14436
0:01:20	30.0	97	201	424	702	1236	2303	3367	4009	6766	8074	10881	14416
0:01:25	30.0	105	191	417	697	1235	2313	3331	3999	6704	8110	10812	14302
0:01:30	30.0	90	193	416	708	1229	2291	3348	3984	6645	8122	10737	14263
0:01:35	30.0	98	191	407	694	1218	2294	3382	3963	6670	8152	10729	14477
0:01:40	30.0	98	192	423	683	1242	2294	3340	3974	6676	8073	10689	14318
0:01:45	30.0	94	183	414	676	1201	2285	3349	3920	6643	8058	10709	14326
0:01:50	30.0	94	190	395	663	1230	2281	3322	3918	6667	8038	10724	14310
0:01:55	30.0	99	194	412	659	1177	2269	3334	3868	6615	8043	10728	14400
0:02:00	30.0	94	181	407	660	1206	2253	3292	3934	6591	8073	10690	14201
0:02:05	30.0	83	180	398	651	1180	2238	3253	3922	6633	8074	10688	14285
0:02:10	30.0	96	190	397	662	1179	2226	3261	3897	6658	8005	10743	14238
0:02:15	30.0	89	180	395	656	1179	2236	3271	3914	6648	7953	10734	14204
0:02:20	30.0	88	174	379	646	1180	2209	3263	3869	6596	7981	10714	14259
0:02:25	30.0	96	178	390	666	1152	2214	3274	3856	6558	7889	10581	14217
0:02:30	30.0	89	188	394	642	1139	2187	3256	3842	6542	7904	10495	14150
0:02:35	30.0	87	174	383	645	1144	2190	3224	3852	6545	7966	10604	14033
0:02:40	30.0	85	182	382	629	1185	2190	3208	3874	6532	7837	10660	14071
0:02:45	30.0	82	169	382	638	1131	2161	3227	3876	6544	7938	10652	14008
0:02:50	30.0	92	166	383	623	1128	2176	3210	3793	6522	7891	10515	13996
0:02:55	30.0	89	186	372	610	1105	2135	3248	3836	6458	7920	10490	14012
0:03:00	30.0	87	182	377	624	1138	2120	3215	3814	6516	7886	10547	14033
0:03:05	30.0	82	180	372	624	1144	2151	3177	3810	6456	7885	10547	14165
0:03:10	30.0	75	175	358	615	1118	2126	3141	3771	6449	7895	10417	14204
0:03:15	30.0	90	170	371	607	1106	2150	3173	3803	6453	7860	10484	14057
0:03:20	30.0	84	176	367	617	1109	2153	3173	3772	6529	7902	10453	14072
0:03:25	30.0	85	170	368	617	1088	2138	3164	3763	6485	7815	10427	14062
0:03:30	30.0	83	168	361	610	1084	2131	3087	3742	6457	7753	10357	14061
0:03:35	30.0	93	167	367	606	1082	2118	3131	3699	6390	7774	10415	13886
0:03:40	30.0	88	163	361	598	1093	2100	3112	3723	6363	7789	10411	13932
0:03:45	30.0	89	173	359	612	1082	2091	3118	3727	6409	7802	10366	13967
0:03:50	30.0	84	169	353	589	1066	2105	3150	3688	6390	7741	10366	13880
0:03:55	30.0	89	177	358	605	1051	2097	3139	3709	6436	7756	10487	13765
0:04:00	30.0	87	163	344	595	1077	2079	3108	3694	6340	7730	10352	13848
0:04:05	30.0	92	162	341	593	1079	2073	3059	3664	6284	7696	10361	13873
0:04:10	30.0	83	163	345	577	1048	2060	3084	3670	6297	7726	10372	13870
0:04:15	30.0	93	157	343	575	1050	2050	3034	3662	6305	7746	10380	13810
0:04:20	30.0	80	164	336	595	1056	2040	3078	3651	6303	7659	10284	13992
0:04:25	30.0	84	168	353	587	1045	2058	3064	3619	6320	7651	10385	13905
0:04:30	30.0	82	170	346	574	1056	2048	3078	3629	6315	7665	10229	13807
0:04:35	30.0	85	166	346	566	1037	2024	3060	3617	6271	7613	10217	13819
0:04:40	30.0	94	152	339	568	1053	2063	3004	3648	6258	7593	10217	13803
0:04:45	30.0	82	170	341	576	1028	2000	3049	3645	6341	7571	10234	13719
0:04:50	30.0	84	171	332	574	1043	2012	3004	3607	6209	7615	10242	13717
0:04:55	30.0	85	170	340	559	1014	2011	3011	3572	6239	7608	10173	13805
0:05:00	30.0	89	155	336	574	1024	2007	3016	3604	6252	7619	10119	13711
0:05:05	30.0	81	170	334	561	1032	1989	2983	3627	6206	7559	10168	13766
0:05:10	30.0	80	167	337	563	1018	1997	2966	3593	6151	7472	10144	13792
0:05:15	30.0	91	154	326	572	1017	1988	3000	3589	6234	7621	10056	13724
0:05:20	30.0	82	157	336	554	1004	1989	2955	3560	6130	7556	10104	13658
0:05:25	30.0	88	149	338	550	998	1980	2976	3565	6212	7601	10191	13673
0:05:30	30.0	90	169	333	545	1011	1991	2962	3550	6120	7531	10200	13775
0:05:35	30.0	91	171	336	547	1000	1972	2982	3591	6125	7495	10192	13686
0:05:40	30.0	77	158	330	549	989	1953	2931	3521	6071	7539	10114	13567
0:05:45	30.0	87	160	325	551	994	1975	2943	3532	6204	7445	10031	13653
0:05:50	30.0	76	163	334	546	980	1941	2948	3505	6099	7468	10046	13651
0:05:55	30.0	84	161	323	530	986	1957	2945	3505	6138	7464	10066	13715
0:06:00	30.0	87	159	340	540	990	1954	2911	3504	6102	7404	10084	13610
0:06:05	30.0	80	160	326	554	994	1937	2921	3451	6149	7436	9989	13521
0:06:10	30.0	88	166	334	548	955	1936	2914	3540	6109	7473	9995	13496
0:06:15	30.0	82	155	330	537	982	1921	2913	3489	6037	7468	10037	13617
0:06:20	30.0	91	155	324	531	971	1907	2920	3474	6074	7410	10112	13569
0:06:25	30.0	84	159	315	534	983	1910	2883	3475	6092	7449	9913	13527
0:06:30	30.0	82	158	328	534	978	1905	2876	3478	6116	7442	10026	13472
0:06:35	30.0	87	160	317	529	945	1929	2906	3435	6028	7377	9946	13470
0:06:40	30.0	81	152	317	528	967	1904	2906	3472	6070	7387	10063	13625
0:06:45	30.0	82	147	321	527	966	1898	2872	3408	6009	7368	10035	13475
0:06:50	30.0	83	149	326	535	973	1897	2862	3479	5977	7338	9915	13529
0:06:55	30.0	81	167	315	525	981	1895	2895	3418	6035	7317	9920	13419
0:07:00	30.0	80	164	333	533	970	1894	2835	3409	6070	7376	10019	13407
0:07:05	30.0	81	160	324	534	953	1900	2857	3393	6041	7367	9929	13462
0:07:10	30.0	85	161	315	536	955	1893	2858	3426	5979	7322	9877	13383
0:07:15	30.0	78	160	311	530	969	1873	2824	3435	5993	7354	9992	13486
0:07:20	30.0	83	150	311	525	966	1867	2819	3426	5944	7266	9907	13408
0:07:25	30.0	78	154	311	518	926	1862	2847	3387	5973	7323	9824	13413
0:07:30	30.0	83	145	324	535	932	1849	2824	3416	6012	7354	9819	13394
0:07:35	30.0	78	149	305	510	939	1872	2812	3395	5969	7315	9830	13356
0:07:40	30.0	73	158	313	521	955	1863	2798	3388	5950	7293	9884	13449
0:07:45	30.0	88	149	321	518	930	1839	2806	3372	5973	7301	9773	13191
0:07:50	30.0	82	154	317	524	907	1846	2765	3346	5896	7240	9790	13360
0:07:55	30.0	78	156	328	510	924	1871	2793	3320	5892	7237	9800	13405
0:08:00	30.0	80	156	314	506	923	1857	2792	3360	5871	7216	9809	13282
0:08:05	30.0	83	148	316	505	936	1835	2750	3379	5904	7274	9853	13428
0:08:10	30.0	81	147	305	523	934	1840	2756	3359	5847	7231	9773	13238
0:08:15	30.0	72	147	313	506	919	1822	2789	3344	5835	7199	9770	13367
0:08:20	30.0	74	155	302	518	930	1805	2782	3370	5870	7194	9799	13205
0:08:25	30.0	81	152	308	501	911	1816	2770	3310	5866	7201	9772	13275
0:08:30	30.0	86	166	306	510	920	1806	2762	3344	5830	7188	9721	13138
0:08:35	30.0	80	152	319	506	910	1808	2748	3311	5878	7280	9678	13285
0:08:40	30.0	76	149	319	520	906	1830	2784	3285	5863	7150	9574	13324
0:08:45	30.0	84	155	316	526	918	1829	2761	3305	5805	7177	9700	13256
0:08:50	30.0	87	148	302	509	910	1846	2762	3293	5826	7158	9646	13261
0:08:55	30.0	82	154	321	516	902	1804	2760	3284	5888	7124	9661	13195
0:09:00	30.0	85	154	317	510	906	1812	2730	3304	5804	7128	9665	13108
0:09:05	30.0	91	150	313	498	911	1776	2741	3285	5789	7137	9645	13168
0:09:10	30.0	82	154	312	511	894	1814	2754	3274	5797	7130	9607	13168
0:09:15	30.0	85	153	313	517	898	1801	2712	3284	5764	7081	9672	13092
0:09:20	30.0	78	159	315	504	891	1771	2724	3241	5761	7112	9608	13082
0:09:25	30.0	85	163	315	499	910	1779	2721	3261	5795	7117	9585	13158
0:09:30	30.0	79	156	301	509	906	1797	2708	3269	5723	7058	9580	12971
0:09:35	30.0	84	160	316	494	899	1772	2697	3262	5732	7118	9697	13298
0:09:40	30.0	83	150	304	484	887	1769	2677	3270	5735	7088	9593	13070
0:09:45	30.0	81	161	295	506	892	1778	2688	3262	5714	7069	9555	13092
0:09:50	30.0	79	154	316	497	898	1784	2658	3264	5748	7077	9528	13065
0:09:55	30.0	86	154	310	503	879	1761	2695	3209	5744	7017	9583	13052
0:10:00	30.0	84	150	303	513	892	1751	2660	3217	5734	7071	9639	13097
0:10:05	30.0	82	152	317	495	883	1759	2644	3248	5679	6969	9592	12940
0:10:10	30.0	78	158	319	478	863	1743	2680	3245	5739	6988	9578	13057
0:10:15	30.0	89	149	309	493	876	1763	2703	3206	5726	7034	9549	13034
0:10:20	30.0	84	159	310	506	891	1760	2645	3217	5719	7037	9546	12965
0:10:25	30.0	78	152	308	498	864	1744	2663	3224	5676	6975	9528	12994
0:10:30	30.0	94	144	298	505	917	1746	2615	3180	5676	6943	9548	13006
0:10:35	30.0	89	150	301	495	877	1742	2700	3187	5644	6937	9401	13039
0:10:40	30.0	85	159	309	501	885	1729	2628	3216	5614	6973	9415	12900
0:10:45	30.0	89	153	301	489	861	1740	2608	3194	5645	6919	9531	13020
0:10:50	30.0	85	160	307	490	886	1726	2644	3175	5641	6965	9521	12918
0:10:55	30.0	81	149	299	501	887	1713	2640	3179	5645	6954	9489	12985
0:11:00	30.0	90	154	299	509	886	1717	2622	3177	5604	6892	9520	12906
0:11:05	30.0	85	152	302	490	864	1735	2601	3176	5604	6963	9424	12982
0:11:10	30.0	75	145	305	489	868	1709	2651	3142	5612	6957	9407	12953
0:11:15	30.0	77	146	299	482	879	1708	2626	3133	5648	6902	9366	12786
0:11:20	30.0	80	151	308	502	880	1751	2627	3103	5632	6917	9382	12855
0:11:25	30.0	76	154	303	497	845	1711	2650	3143	5607	6934	9463	12758
0:11:30	30.0	71	156	300	484	865	1743	2578	3149	5604	6869	9428	12916
0:11:35	30.0	76	152	308	482	878	1693	2589	3118	5651	6896	9480	12892
0:11:40	30.0	85	151	306	485	871	1707	2582	3151	5601	6855	9442	12918
0:11:45	30.0	82	156	302	498	867	1678	2582	3148	5549	6913	9330	12767
0:11:50	30.0	86	152	315	485	854	1732	2589	3117	5641	6824	9365	12742
0:11:55	30.0	86	151	300	486	870	1699	2593	3099	5546	6826	9427	12794
0:12:00	30.0	84	149	301	490	859	1713	2604	3125	5505	6819	9353	12794
0:12:05	30.0	74	157	315	487	852	1683	2589	3116	5635	6849	9297	12877
0:12:10	30.0	87	154	301	475	858	1704	2583	3094	5563	6825	9274	12832
0:12:15	30.0	77	156	295	492	854	1704	2561	3119	5552	6841	9314	12750
0:12:20	30.0	79	148	304	498	865	1683	2554	3102	5548	6807	9348	12875
0:12:25	30.0	86	152	301	491	866	1695	2555	3111	5513	6855	9368	12919
0:12:30	30.0	74	147	301	488	844	1660	2559	3109	5513	6827	9253	12738
0:12:35	30.0	90	154	296	485	848	1663	2540	3079	5496	6800	9274	12746
0:12:40	30.0	79	151	304	484	847	1684	2556	3075	5521	6892	9335	12747
0:12:45	30.0	76	154	298	484	855	1691	2549	3069	5521	6696	9245	12648
0:12:50	30.0	86	156	297	482	866	1660	2544	3068	5539	6792	9267	12730
0:12:55	30.0	79	155	310	486	840	1673	2550	3051	5551	6731	9262	12740
0:13:00	30.0	72	151	290	502	846	1668	2557	3092	5445	6738	9251	12781
0:13:05	30.0	80	150	281	489	846	1687	2551	3051	5506	6759	9196	12551
0:13:10	30.0	83	145	298	485	837	1664	2560	3067	5487	6755	9256	12725
0:13:15	30.0	80	157	312	482	848	1650	2546	3058	5516	6722	9269	12612
0:13:20	30.0	75	148	303	477	841	1671	2552	3057	5479	6731	9216	12695
0:13:25	30.0	84	150	298	489	826	1691	2514	3034	5451	6718	9176	12650
0:13:30	30.0	87	149	291	483	837	1665	2522	3054	5488	6702	9211	12545
0:13:35	30.0	76	157	296	475	841	1652	2538	3028	5468	6706	9201	12434
0:13:40	30.0	75	150	291	487	839	1690	2524	3041	5395	6649	9298	12581
0:13:45	30.0	79	156	296	487	847	1664	2484	3088	5446	6744	9254	12613
0:13:50	30.0	79	154	309	476	845	1639	2528	3059	5452	6690	9195	12576
0:13:55	30.0	83	152	303	483	851	1657	2515	3017	5422	6761	9127	12563
0:14:00	30.0	76	147	297	465	829	1656	2490	3045	5451	6703	9262	12565
0:14:05	30.0	79	139	299	480	827	1644	2478	2998	5411	6691	9180	12670
0:14:10	30.0	75	150	288	483	847	1655	2504	3018	5444	6656	9207	12553
0:14:15	30.0	79	157	307	481	843	1625	2492	3039	5447	6694	9133	12425
0:14:20	30.0	82	138	312	479	816	1641	2482	3018	5400	6707	9122	12536
0:14:25	30.0	88	147	303	474	827	1617	2500	3005	5402	6672	9224	12504
0:14:30	30.0	73	146	292	486	833	1611	2483	3023	5407	6609	9187	12514
0:14:35	30.0	82	154	292	486	822	1623	2488	3034	5396	6651	9088	12452
0:14:40	30.0	75	151	304	476	822	1632	2496	3030	5372	6621	9126	12489
0:14:45	30.0	73	148	290	480	825	1637	2493	2981	5389	6604	9096	12544
0:14:50	30.0	83	149	292	477	833	1613	2471	3001	5404	6628	9091	12403
0:14:55	30.0	70	150	305	482	838	1614	2478	3000	5357	6611	9099	12470
0:15:00	30.0	77	151	297	493	824	1609	2481	3007	5352	6512	9021	12548
0:15:05	30.0	85	149	306	488	850	1616	2453	2985	5322	6639	9040	12392
0:15:10	30.0	67	146	298	470	835	1627	2465	2988	5279	6561	9061	12552
0:15:15	30.0	82	145	299	474	821	1620	2475	3015	5370	6579	9073	12452
0:15:20	30.0	76	153	299	477	830	1638	2437	2944	5351	6577	9030	12502
0:15:25	30.0	86	156	303	487	824	1612	2449	2973	5378	6528	9094	12468
0:15:30	30.0	86	156	295	472	836	1616	2477	3011	5343	6592	8976	12432
0:15:35	30.0	82	152	297	497	826	1613	2462	3014	5291	6589	9114	12432
0:15:40	30.0	80	143	296	472	831	1607	2442	2974	5371	6561	9112	12506
0:15:45	30.0	75	148	295	470	822	1615	2438	2936	5369	6542	9009	12335
0:15:50	30.0	86	152	300	488	823	1635	2410	2933	5354	6581	9019	12459
0:15:55	30.0	83	147	291	476	829	1598	2472	2937	5234	6562	9003	12458
0:16:00	30.0	79	138	300	484	818	1610	2418	2943	5300	6542	9036	12491
0:16:05	30.0	82	148	298	490	841	1615	2449	2955	5376	6512	9053	12445
0:16:10	30.0	78	144	290	487	827	1591	2434	2955	5299	6495	8933	12359
0:16:15	30.0	84	147	296	470	826	1600	2454	2922	5278	6507	8991	12308
0:16:20	30.0	80	155	291	479	810	1575	2433	2930	5308	6533	9023	12418
0:16:25	30.0	78	140	306	472	820	1593	2428	2952	5312	6523	9023	12331
0:16:30	30.0	81	152	291	480	810	1594	2430	2925	5233	6502	9015	12400
0:16:35	30.0	78	148	290	472	814	1592	2408	2935	5285	6483	8939	12348
0:16:40	30.0	75	156	299	467	829	1590	2432	2916	5277	6537	8966	12291
0:16:45	30.0	76	153	291	461	835	1596	2421	2909	5264	6489	8967	12324
0:16:50	30.0	80	154	291	476	825	1594	2414	2933	5283	6468	8907	12348
0:16:55	30.0	80	152	301	487	826	1584	2456	2916	5261	6501	8872	12342
0:17:00	30.0	75	150	304	477	824	1555	2438	2914	5262	6489	8920	12287
0:17:05	30.0	72	146	301	462	808	1572	2402	2910	5286	6493	8826	12276
0:17:10	30.0	84	142	297	485	812	1596	2408	2915	5235	6447	8867	12293
0:17:15	30.0	76	153	301	469	818	1574	2393	2912	5267	6479	8924	12278
0:17:20	30.0	84	142	285	481	809	1597	2413	2926	5214	6486	8934	12266
0:17:25	30.0	87	140	292	467	826	1583	2398	2908	5258	6446	8946	12358
0:17:30	30.0	78	148	303	479	831	1570	2409	2891	5208	6481	8890	12255
0:17:35	30.0	76	145	288	475	804	1583	2387	2922	5254	6437	9030	12105
0:17:40	30.0	73	148	285	482	818	1577	2384	2909	5234	6367	8916	12309
0:17:45	30.0	75	147	298	466	820	1573	2407	2914	5199	6411	8870	12299
0:17:50	30.0	80	145	291	462	812	1573	2399	2901	5215	6409	8940	12217
0:17:55	30.0	82	145	291	462	813	1569	2419	2867	5188	6369	8867	12323
0:18:00	30.0	84	141	299	458	821	1572	2364	2873	5181	6435	8813	12278
0:18:05	30.0	73	146	283	465	814	1560	2388	2876	5184	6382	8807	12207
0:18:10	30.0	77	147	293	458	809	1584	2395	2869	5168	6397	8783	12213
0:18:15	30.0	85	145	290	464	814	1550	2364	2895	5214	6381	8792	12329
0:18:20	30.0	79	142	295	478	819	1564	2362	2915	5214	6422	8823	12225
0:18:25	30.0	77	148	292	476	819	1574	2353	2888	5197	6411	8822	12262
0:18:30	30.0	80	142	287	481	807	1587	2355	2884	5179	6401	8822	12089
0:18:35	30.0	89	149	290	469	808	1557	2363	2891	5229	6408	8870	12181
0:18:40	30.0	77	151	285	471	822	1580	2358	2884	5181	6388	8841	12200
0:18:45	30.0	80	146	296	471	819	1548	2378	2877	5126	6426	8773	12173
0:18:50	30.0	75	149	290	472	813	1568	2361	2892	5210	6380	8843	12125
0:18:55	30.0	85	142	291	472	803	1531	2375	2855	5164	6350	8818	12080
0:19:00	30.0	76	146	307	458	815	1558	2364	2831	5139	6368	8817	12106
0:19:05	30.0	72	143	287	471	820	1555	2356	2856	5132	6346	8776	12170
0:19:10	30.0	83	145	274	468	821	1528	2376	2850	5184	6387	8828	12167
0:19:15	30.0	81	151	286	468	799	1584	2364	2884	5128	6404	8765	12077
0:19:20	30.0	80	144	287	460	824	1535	2345	2874	5148	6373	8756	12138
0:19:25	30.0	78	146	281	471	802	1563	2334	2825	5186	6366	8734	12094
0:19:30	30.0	75	149	285	468	801	1524	2352	2845	5132	6375	8755	12052
0:19:35	30.0	76	143	296	468	841	1567	2351	2860	5129	6313	8763	12147
0:19:40	30.0	78	139	294	460	826	1554	2358	2829	5153	6307	8776	12075
0:19:45	30.0	77	149	289	467	813	1555	2381	2857	5072	6239	8765	11944
0:19:50	30.0	85	147	295	467	806	1545	2343	2821	5091	6367	8706	12027
0:19:55	30.0	81	147	296	469	802	1527	2338	2831	5147	6386	8670	12038
0:20:00	30.0	83	150	290	469	790	1573	2337	2832	5102	6289	8756	12092
0:20:05	30.0	80	142	287	450	802	1538	2345	2844	5073	6356	8823	12131
0:20:10	30.0	74	148	291	461	796	1541	2322	2812	5102	6291	8703	12117
0:20:15	30.0	77	152	293	464	778	1550	2356	2869	5127	6261	8723	12007
0:20:20	30.0	89	150	296	476	804	1542	2323	2825	5109	6323	8647	12157
0:20:25	30.0	81	141	299	470	814	1564	2329	2823	5059	6313	8684	12000
0:20:30	30.0	79	148	288	455	791	1520	2323	2808	5071	6263	8640	12025
0:20:35	30.0	78	137	295	460	812	1546	2326	2792	5084	6297	8596	12049
0:20:40	30.0	82	150	284	458	819	1538	2320	2810	5029	6261	8649	11986
0:20:45	30.0	85	144	294	468	812	1543	2325	2799	5081	6287	8729	12029
0:20:50	30.0	75	151	283	473	815	1525	2308	2818	5050	6270	8624	11943
0:20:55	30.0	76	146	293	453	797	1519	2354	2814	5100	6301	8676	12010
0:21:00	30.0	77	141	283	460	809	1529	2353	2813	5077	6271	8636	11978
0:21:05	30.0	74	147	291	457	809	1543	2347	2840	5040	6224	8641	11971
0:21:10	30.0	75	143	286	455	793	1515	2329	2854	5101	6279	8721	11967
0:21:15	30.0	80	146	287	455	783	1532	2323	2793	5070	6252	8652	11961
0:21:20	30.0	75	143	287	461	809	1519	2315	2785	5048	6233	8556	11946
0:21:25	30.0	73	143	294	457	792	1536	2288	2837	5047	6240	8630	11882
0:21:30	30.0	78	145	297	462	789	1558	2288	2789	5028	6225	8540	11898
0:21:35	30.0	75	148	292	469	789	1523	2298	2804	5002	6216	8657	11960
0:21:40	30.0	73	142	290	458	785	1526	2292	2794	5054	6194	8645	11889
0:21:45	30.0	73	147	275	479	805	1512	2309	2823	5046	6198	8623	11870
0:21:50	30.0	82	146	285	453	792	1507	2314	2769	5007	6174	8591	11926
0:21:55	30.0	83	141	285	455	801	1526	2343	2769	5057	6232	8579	11955
0:22:00	30.0	78	141	292	457	784	1525	2298	2778	5057	6251	8628	11855
0:22:05	30.0	77	143	293	465	784	1520	2293	2811	5020	6177	8600	11886
0:22:10	30.0	77	142	288	480	796	1499	2323	2763	5036	6130	8634	11852
0:22:15	30.0	75	144	285	463	799	1529	2294	2770	5023	6177	8583	11854
0:22:20	30.0	84	149	286	464	801	1526	2324	2772	4999	6195	8592	11742
0:22:25	30.0	82	148	280	462	802	1516	2290	2792	4962	6261	8616	11866
0:22:30	30.0	80	147	296	460	804	1528	2265	2773	4956	6190	8558	11932
0:22:35	30.0	73	144	280	469	809	1502	2286	2751	4979	6224	8544	11939
0:22:40	30.0	70	135	282	459	795	1514	2279	2760	4984	6181	8487	11888
0:22:45	30.0	69	144	282	452	809	1494	2273	2757	4938	6205	8579	11815
0:22:50	30.0	85	135	290	472	779	1495	2299	2775	4973	6204	8581	11845
0:22:55	30.0	86	145	278	465	798	1528	2324	2777	4949	6161	8545	11785
0:23:00	30.0	86	150	283	469	792	1527	2292	2744	5035	6160	8565	11909
0:23:05	30.0	74	131	286	466	794	1509	2279	2768	4918	6165	8508	11771
0:23:10	30.0	78	148	285	470	798	1515	2270	2764	4988	6160	8555	11784
0:23:15	30.0	81	150	290	464	797	1515	2286	2771	4969	6164	8494	11872
0:23:20	30.0	72	145	284	456	787	1509	2269	2726	4999	6134	8508	11787
0:23:25	30.0	77	142	281	459	783	1490	2275	2801	4951	6129	8498	11778
0:23:30	30.0	78	134	287	463	804	1503	2274	2742	4925	6176	8566	11798
0:23:35	30.0	84	137	274	464	765	1508	2267	2738	4911	6171	8520	11767
0:23:40	30.0	77	145	289	455	781	1486	2276	2786	4958	6160	8567	11782
0:23:45	30.0	84	137	280	460	802	1512	2267	2715	4997	6126	8459	11780
0:23:50	30.0	72	138	291	459	796	1514	2306	2735	4952	6112	8498	11703
0:23:55	30.0	74	143	285	456	777	1495	2274	2730	4979	6184	8492	11770
0:24:00	30.0	80	136	280	472	784	1505	2277	2751	4952	6163	8504	11717
0:24:05	30.0	80	145	282	464	794	1505	2276	2693	4937	6100	8484	11649
0:24:10	30.0	86	138	282	460	771	1513	2259	2753	4941	6106	8421	11669
0:24:15	30.0	73	149	290	459	780	1498	2262	2768	4929	6037	8450	11658
0:24:20	30.0	72	146	264	468	790	1497	2265	2753	4945	6100	8524	11829
0:24:25	30.0	80	139	286	462	780	1513	2317	2698	4941	6087	8429	11678
0:24:30	30.0	76	135	281	465	776	1504	2255	2731	4890	6078	8479	11803
0:24:35	30.0	82	141	283	464	818	1496	2249	2721	4923	6051	8566	11741
0:24:40	30.0	82	145	292	463	767	1510	2252	2766	4916	6088	8488	11724
0:24:45	30.0	77	140	272	453	778	1474	2256	2720	4875	6121	8433	11658
0:24:50	30.0	75	150	288	458	763	1491	2269	2694	4902	6127	8482	11667
0:24:55	30.0	85	147	277	468	808	1491	2263	2740	4945	6070	8434	11681
0:25:00	30.1	73	145	286	464	795	1498	2260	2733	4915	6130	8515	11658
0:25:05	30.0	78	141	286	464	801	1494	2251	2728	4902	6088	8386	11623
0:25:10	30.0	81	142	289	458	773	1490	2242	2708	4913	6041	8411	11723
0:25:15	30.0	73	140	286	459	776	1506	2258	2750	4907	6091	8430	11672
0:25:20	30.0	72	144	278	468	785	1485	2257	2760	4912	6059	8440	11681
0:25:25	30.0	66	145	276	453	788	1488	2265	2740	4891	6017	8371	11717
0:25:30	30.1	73	143	284	452	787	1503	2256	2720	4891	6069	8449	11643
0:25:35	30.0	80	141	291	465	796	1484	2279	2704	4909	6023	8398	11646
0:25:40	30.1	75	142	294	450	804	1474	2256	2747	4934	6058	8355	11606
0:25:45	30.1	82	147	279	452	780	1487	2240	2718	4915	6065	8424	11654
0:25:50	30.1	66	145	291	459	780	1495	2228	2697	4874	6050	8448	11716
0:25:55	30.0	77	143	275	451	779	1489	2235	2691	4868	6045	8353	11571
0:26:00	30.1	87	140	283	461	766	1462	2246	2717	4879	6064	8344	11681
0:26:05	30.1	81	146	280	460	790	1494	2252	2696	4865	6042	8352	11643
0:26:10	30.1	78	148	286	457	783	1485	2191	2701	4912	6084	8354	11549
0:26:15	30.1	80	144	289	455	785	1506	2241	2715	4858	6018	8351	11570
0:26:20	30.0	79	134	285	445	776	1493	2253	2706	4891	6002	8480	11571
0:26:25	30.1	74	145	279	466	785	1471	2268	2692	4818	6042	8322	11551
0:26:30	30.1	71	138	283	456	770	1487	2259	2705	4852	6004	8373	11632
0:26:35	30.1	83	151	285	459	784	1459	2226	2679	4850	5989	8327	11617
0:26:40	30.1	70	145	276	453	782	1490	2249	2707	4863	6063	8448	11680
0:26:45	30.0	75	145	287	451	778	1486	2241	2697	4800	6051	8329	11637
0:26:50	30.1	72	149	280	452	796	1454	2238	2682	4787	6041	8402	11633
0:26:55	30.1	71	139	284	456	784	1504	2255	2672	4846	5955	8383	11583
0:27:00	30.1	77	134	273	452	782	1482	2180	2694	4852	5998	8368	11566
0:27:05	30.0	78	138	271	451	791	1466	2239	2710	4810	6029	8297	11539
0:27:10	30.1	82	148	289	460	775	1473	2236	2693	4866	5965	8365	11590
0:27:15	30.1	73	147	280	461	789	1513	2263	2666	4799	5984	8398	11620
0:27:20	30.1	76	151	274	459	772	1488	2216	2686	4835	5982	8329	11583
0:27:25	30.0	75	136	285	451	776	1477	2225	2652	4850	5973	8322	11615
0:27:30	30.1	77	138	282	453	775	1472	2212	2716	4849	5996	8320	11695
0:27:35	30.1	80	151	281	471	773	1453	2227	2675	4793	5979	8395	11569
0:27:40	30.1	76	142	287	453	774	1478	2186	2647	4818	6031	8295	11610
0:27:45	30.0	73	142	288	466	794	1494	2196	2692	4816	5915	8411	11419
0:27:50	30.1	77	146	278	453	789	1480	2207	2676	4806	5975	8300	11520
0:27:55	30.1	79	143	291	449	767	1497	2235	2666	4819	5988	8323	11483
0:28:00	30.1	80	146	287	441	786	1491	2229	2667	4822	5959	8318	11483
0:28:05	30.1	75	137	281	453	770	1471	2221	2683	4784	5972	8392	11524
0:28:10	30.1	79	145	272	460	787	1463	2225	2649	4827	5939	8293	11470
0:28:15	30.1	77	144	281	450	765	1464	2200	2716	4850	5950	8335	11469
0:28:20	30.1	77	148	282	460	762	1470	2213	2646	4796	5914	8317	11404
0:28:25	30.1	77	151	279	461	789	1485	2231	2697	4768	5981	8315	11463
0:28:30	30.1	78	135	288	447	797	1472	2222	2680	4778	5946	8256	11526
0:28:35	30.1	77	148	273	458	764	1455	2246	2689	4827	5950	8237	11413
0:28:40	30.1	79	142	287	452	781	1478	2222	2657	4803	5954	8249	11469
0:28:45	30.1	73	143	267	455	785	1467	2223	2680	4806	5991	8246	11479
0:28:50	30.1	76	143	277	463	773	1468	2195	2651	4797	5904	8277	11509
0:28:55	30.1	84	138	280	454	763	1444	2188	2706	4789	5923	8234	11382
0:29:00	30.0	73	142	282	463	773	1444	2219	2669	4821	5941	8216	11426
0:29:05	30.1	78	149	282	458	777	1490	2207	2674	4813	5902	8226	11479
0:29:10	30.1	84	148	284	451	796	1486	2240	2666	4753	5878	8265	11548
0:29:15	30.0	79	146	265	452	772	1487	2237	2668	4819	5854	8248	11377
0:29:20	30.1	81	139	277	462	774	1450	2219	2690	4767	5900	8226	11407
0:29:25	30.1	73	146	275	452	775	1455	2239	2684	4793	5981	8211	11422
0:29:30	30.1	80	135	277	455	773	1463	2194	2683	4830	5942	8188	11312
0:29:35	30.1	77	143	281	458	775	1469	2209	2648	4760	5870	8295	11445
0:29:40	30.1	80	134	279	448	777	1476	2201	2672	4808	5867	8249	11413
0:29:45	30.1	84	141	280	449	770	1459	2196	2638	4816	5944	8217	11463
0:29:50	30.0	72	148	271	458	781	1452	2193	2662	4745	5918	8245	11335
0:29:55	30.1	69	141	278	462	770	1456	2222	2637	4789	5913	8182	11398
0:30:00	30.0	90	142	278	466	773	1453	2214	2634	4785	5876	8195	11389
0:30:05	30.1	76	142	280	454	771	1435	2186	2678	4761	5957	8200	11412
0:30:10	30.1	67	157	288	452	754	1474	2188	2636	4763	5895	8252	11410
0:30:15	30.1	81	146	266	449	776	1457	2196	2666	4771	5850	8295	11325
0:30:20	30.1	81	143	271	450	763	1442	2200	2658	4719	5855	8252	11416
0:30:25	30.1	76	143	273	456	773	1456	2220	2654	4751	5893	8148	11399
0:30:30	30.1	69	136	270	443	784	1458	2226	2645	4762	5906	8179	11472
0:30:35	30.1	68	138	292	458	771	1459	2168	2635	4773	5888	8242	11376
0:30:40	30.1	76	142	281	451	759	1456	2195	2654	4780	5840	8144	11431
0:30:45	30.1	79	141	278	449	757	1454	2194	2642	4759	5886	8211	11394
0:30:50	30.1	76	148	289	436	767	1460	2182	2645	4753	5851	8261	11331
0:30:55	30.1	79	135	282	445	786	1488	2194	2634	4725	5854	8172	11449
0:31:00	30.1	74	136	293	448	759	1452	2190	2620	4781	5859	8280	11327
0:31:05	30.1	81	147	287	438	769	1451	2196	2631	4757	5901	8140	11388
0:31:10	30.1	74	140	276	463	759	1439	2212	2605	4726	5821	8191	11305
0:31:15	30.1	72	139	281	438	770	1458	2203	2619	4727	5845	8157	11357
0:31:20	30.1	74	136	281	456	789	1449	2184	2601	4720	5876	8247	11299
0:31:25	30.1	77	144	286	449	772	1460	2172	2626	4692	5807	8124	11400
0:31:30	30.1	75	137	274	447	782	1442	2186	2612	4680	5840	8197	11338
0:31:35	30.1	72	147	289	460	767	1461	2208	2623	4706	5839	8219	11387
0:31:40	30.1	90	142	276	447	772	1447	2214	2621	4676	5818	8253	11341
0:31:45	30.1	79	146	275	456	770	1444	2185	2609	4713	5849	8236	11278
0:31:50	30.1	84	141	278	457	766	1453	2182	2649	4750	5836	8184	11271
0:31:55	30.1	69	137	284	436	775	1419	2192	2615	4710	5803	8079	11263
0:32:00	30.1	72	145	279	465	767	1437	2166	2632	4671	5828	8130	11375
0:32:05	30.1	74	139	275	459	768	1443	2185	2619	4724	5869	8068	11296
0:32:10	30.1	82	149	270	452	784	1472	2179	2581	4723	5819	8120	11237
0:32:15	30.1	72	149	279	449	775	1459	2206	2639	4705	5817	8128	11305
0:32:20	30.1	85	136	283	454	772	1440	2163	2621	4695	5826	8181	11224
0:32:25	30.1	74	140	277	450	766	1461	2164	2609	4724	5875	8135	11328
0:32:30	30.1	77	145	279	454	784	1447	2183	2596	4715	5818	8120	11253
0:32:35	30.1	72	150	278	443	779	1462	2204	2611	4709	5820	8099	11246
0:32:40	30.1	82	142	284	467	762	1434	2165	2647	4628	5824	8098	11282
0:32:45	30.1	78	144	271	454	777	1450	2172	2600	4687	5841	8093	11144
0:32:50	30.1	68	144	286	450	758	1446	2194	2612	4727	5789	8147	11242
0:32:55	30.1	69	139	283	465	759	1458	2180	2591	4675	5798	8138	11270
0:33:00	30.1	81	144	291	443	758	1454	2177	2625	4688	5778	8107	11261
0:33:05	30.1	81	137	280	438	764	1450	2166	2627	4692	5801	8068	11239
0:33:10	30.1	68	148	282	457	771	1433	2181	2617	4668	5802	8094	11219
0:33:15	30.1	70	143	266	448	767	1430	2187	2639	4717	5846	8055	11275
0:33:20	30.1	80	138	285	452	758	1431	2168	2601	4671	5802	8156	11266
0:33:25	30.1	78	139	281	451	759	1436	2168	2610	4717	5838	8056	11227
0:33:30	30.1	77	133	274	451	775	1451	2161	2583	4649	5807	8172	11190
0:33:35	30.1	69	140	286	448	753	1450	2162	2635	4645	5769	8042	11078
0:33:40	30.1	74	142	281	442	749	1431	2155	2636	4698	5800	8094	11321
0:33:45	30.1	77	139	272	467	767	1450	2173	2621	4611	5762	8044	11266
0:33:50	30.1	80	138	271	453	753	1436	2160	2590	4613	5791	8032	11302
0:33:55	30.1	74	141	278	434	749	1442	2166	2589	4625	5855	8011	11188
0:34:00	30.1	64	134	281	443	748	1449	2129	2590	4639	5786	8023	11218
0:34:05	30.1	81	138	286	445	762	1460	2149	2574	4688	5728	7993	11160
0:34:10	30.1	78	145	264	441	766	1418	2157	2598	4667	5800	8001	11139
0:34:15	30.1	71	138	277	436	761	1429	2156	2602	4621	5787	8049	11103
0:34:20	30.1	76	135	283	445	753	1440	2156	2564	4721	5764	8096	11204
0:34:25	30.1	79	145	276	445	767	1432	2140	2593	4654	5771	8067	11142
0:34:30	30.1	71	141	276	446	769	1425	2138	2588	4687	5723	8035	11101
0:34:35	30.1	73	147	279	436	757	1453	2147	2619	4612	5723	8073	11257
0:34:40	30.1	73	140	281	441	748	1433	2146	2569	4652	5784	8050	11053
0:34:45	30.1	75	134	281	446	756	1414	2140	2602	4651	5697	8119	11101
0:34:50	30.1	86	142	279	444	771	1426	2135	2602	4656	5713	8024	11146
0:34:55	30.1	80	141	272	436	758	1437	2157	2603	4579	5778	7998	11147
0:35:00	30.1	69	148	269	455	754	1430	2136	2587	4604	5703	8037	11084
0:35:05	30.1	75	141	267	442	751	1404	2130	2575	4603	5773	8059	11117
0:35:10	30.1	73	149	275	439	761	1441	2152	2572	4641	5687	8001	11103
0:35:15	30.1	77	143	276	451	763	1413	2098	2581	4691	5731	8070	11056
0:35:20	30.1	77	142	266	437	770	1456	2182	2582	4634	5700	7975	11146
0:35:25	30.1	75	136	276	457	763	1433	2145	2583	4547	5737	8036	11033
0:35:30	30.1	76	137	275	452	762	1413	2133	2581	4640	5716	7971	11047
0:35:35	30.1	80	137	282	437	741	1414	2147	2560	4607	5713	8011	11038
0:35:40	30.1	79	133	269	454	759	1418	2130	2593	4647	5718	8002	11042
0:35:45	30.1	72	133	269	458	759	1439	2135	2552	4593	5716	8030	11046
0:35:50	30.1	73	131	270	442	762	1431	2144	2621	4596	5721	7952	11046
0:35:55	30.1	74	134	281	450	763	1438	2171	2586	4651	5672	7989	10994
0:36:00	30.1	73	148	273	450	768	1434	2133	2539	4629	5702	7935	11020
0:36:05	30.1	79	136	275	447	747	1426	2153	2579	4590	5713	7986	11075
0:36:10	30.1	81	134	276	451	758	1442	2142	2557	4612	5675	7960	11128
0:36:15	30.1	77	141	277	445	756	1429	2175	2594	4593	5665	7937	11020
0:36:20	30.1	83	133	269	444	759	1410	2126	2557	4580	5730	7978	11020
0:36:25	30.1	77	144	279	434	767	1428	2156	2574	4623	5678	7901	11045
0:36:30	30.1	71	138	281	429	753	1424	2101	2573	4600	5699	7902	11138
0:36:35	30.1	75	139	280	443	760	1438	2140	2596	4575	5701	7895	11030
0:36:40	30.1	75	132	272	457	745	1413	2120	2602	4613	5711	7985	11094
0:36:45	30.1	81	139	274	442	767	1422	2096	2573	4636	5700	7970	11116
0:36:50	30.1	70	144	273	438	747	1431	2138	2556	4568	5649	7900	11117
0:36:55	30.1	75	133	270	440	763	1410	2108	2529	4571	5672	7954	11094
0:37:00	30.1	83	138	272	435	756	1412	2135	2525	4607	5718	7980	10952
0:37:05	30.1	66	132	271	439	744	1416	2137	2563	4579	5664	7952	10986
0:37:10	30.1	63	139	271	451	756	1444	2109	2530	4556	5687	7958	11066
0:37:15	30.1	77	143	266	432	755	1441	2126	2561	4599	5721	7962	11050
0:37:20	30.1	85	139	279	435	752	1412	2140	2589	4570	5700	7905	11022
0:37:25	30.1	76	136	279	432	771	1430	2108	2558	4515	5678	7979	11031
0:37:30	30.1	71	134	267	445	755	1438	2109	2547	4582	5630	7894	10995
0:37:35	30.1	75	130	269	451	753	1395	2106	2561	4610	5651	7934	10924
0:37:40	30.1	80	137	270	444	744	1407	2113	2542	4536	5664	7879	11031
0:37:45	30.1	75	135	275	440	764	1434	2122	2575	4543	5693	7923	11017
0:37:50	30.1	74	131	271	432	752	1426	2125	2548	4528	5687	7922	10951
0:37:55	30.1	78	133	267	434	755	1399	2122	2529	4626	5690	7858	11033
0:38:00	30.1	72	146	283	436	766	1405	2135	2552	4542	5626	7872	10933
0:38:05	30.1	79	127	274	451	753	1396	2119	2571	4583	5643	7881	10966
0:38:10	30.1	76	145	272	438	750	1427	2119	2562	4506	5586	7941	11008
0:38:15	30.1	78	134	283	435	750	1416	2127	2555	4550	5620	7981	10944
0:38:20	30.1	81	130	270	439	754	1428	2140	2530	4606	5653	7917	11027
0:38:25	30.1	76	140	273	447	751	1421	2130	2574	4571	5635	7941	10974
0:38:30	30.1	75	142	268	447	732	1427	2128	2560	4591	5641	7902	10940
0:38:35	30.1	74	143	273	453	765	1402	2124	2516	4550	5638	7798	10958
0:38:40	30.1	73	138	272	452	734	1428	2109	2515	4522	5619	7859	10966
0:38:45	30.1	74	147	276	461	747	1417	2109	2551	4516	5635	7872	10943
0:38:50	30.1	79	137	277	439	765	1416	2125	2542	4576	5640	7840	10910
0:38:55	30.1	76	132	277	443	758	1414	2123	2560	4566	5645	7835	10922
0:39:00	30.1	72	133	264	447	746	1410	2127	2548	4573	5615	7900	11041
0:39:05	30.1	76	129	272	437	760	1417	2171	2537	4553	5622	7859	10907
0:39:10	30.1	77	136	275	429	754	1415	2126	2557	4553	5655	7829	10901
0:39:15	30.1	79	136	275	444	745	1442	2141	2554	4528	5632	7862	10952
0:39:20	30.1	78	144	264	434	758	1420	2120	2540	4523	5651	7913	10768
0:39:25	30.1	78	140	267	454	751	1416	2101	2536	4619	5601	7850	10983
0:39:30	30.1	76	136	270	437	755	1424	2131	2507	4549	5608	7817	10895
0:39:35	30.1	74	133	268	442	759	1397	2103	2566	4534	5662	7822	10913
0:39:40	30.1	72	140	277	447	760	1413	2109	2532	4512	5679	7883	10920
0:39:45	30.1	72	136	265	443	754	1409	2122	2530	4520	5645	7867	10907
0:39:50	30.1	79	141	273	419	743	1408	2116	2516	4512	5570	7905	10937
0:39:55	30.1	68	146	267	437	749	1410	2098	2536	4495	5589	7832	10952
0:40:00	30.1	73	137	270	442	748	1389	2094	2521	4543	5612	7831	10843
0:40:05	30.1	69	136	278	434	751	1417	2123	2527	4528	5582	7805	10831
0:40:10	30.1	74	131	281	439	764	1407	2121	2532	4488	5677	7831	10854
0:40:15	30.1	82	140	282	443	747	1402	2097	2538	4537	5541	7849	10908
0:40:20	30.1	76	133	264	445	757	1412	2101	2561	4518	5583	7776	10860
0:40:25	30.1	73	131	265	433	748	1415	2126	2551	4495	5609	7801	10858
0:40:30	30.1	68	137	276	431	738	1409	2098	2528	4490	5678	7930	10909
0:40:35	30.1	71	137	264	450	762	1396	2099	2497	4541	5596	7817	10848
0:40:40	30.1	82	146	273	437	740	1419	2118	2533	4512	5583	7829	10795
0:40:45	30.1	72	134	273	436	751	1421	2125	2551	4524	5679	7776	10877
0:40:50	30.1	71	135	268	436	756	1430	2115	2518	4510	5600	7827	10782
0:40:55	30.1	73	138	273	435	745	1420	2063	2528	4485	5590	7875	10825
0:41:00	30.1	74	128	273	455	745	1416	2106	2517	4520	5552	7778	10783
0:41:05	30.1	65	133	274	430	744	1420	2075	2479	4503	5586	7819	10905
0:41:10	30.1	75	143	271	438	737	1369	2110	2529	4505	5595	7828	10801
0:41:15	30.1	76	136	274	436	747	1385	2111	2501	4506	5614	7794	10811
0:41:20	30.1	76	130	275	433	753	1400	2111	2523	4520	5563	7845	10940
0:41:25	30.1	77	136	271	439	746	1408	2107	2534	4494	5621	7861	10978
0:41:30	30.1	72	137	272	451	756	1399	2150	2544	4511	5577	7811	10723
0:41:35	30.1	69	145	271	439	739	1446	2102	2531	4478	5594	7777	10856
0:41:40	30.1	73	138	276	444	762	1382	2119	2538	4520	5590	7784	10817
0:41:45	30.1	74	143	277	436	751	1394	2119	2520	4487	5566	7828	10786
0:41:50	30.1	74	140	274	445	749	1410	2110	2557	4489	5524	7814	10802
0:41:55	30.1	74	142	264	454	754	1391	2077	2520	4531	5601	7792	10818
0:42:00	30.1	77	152	271	434	745	1385	2089	2515	4468	5585	7774	10795
0:42:05	30.1	67	133	279	430	758	1392	2067	2504	4465	5554	7722	10764
0:42:10	30.1	79	133	270	444	749	1402	2095	2523	4482	5564	7815	10790
0:42:15	30.1	69	128	266	428	750	1419	2093	2502	4527	5574	7778	10821
0:42:20	30.1	72	137	283	439	747	1401	2077	2523	4495	5520	7782	10783
0:42:25	30.1	70	136	270	429	747	1445	2079	2519	4513	5511	7785	10825
0:42:30	30.1	74	137	283	437	740	1393	2088	2501	4512	5531	7820	10755
0:42:35	30.1	67	137	265	430	765	1416	2112	2519	4513	5600	7806	10793
0:42:40	30.1	70	134	265	428	740	1398	2088	2557	4448	5480	7732	10860
0:42:45	30.1	69	132	270	434	746	1376	2085	2484	4515	5582	7802	10688
0:42:50	30.1	71	134	269	426	749	1402	2102	2503	4454	5579	7861	10835
0:42:55	30.1	69	134	270	426	761	1388	2071	2510	4477	5560	7752	10777
0:43:00	30.1	68	130	268	436	750	1404	2102	2484	4501	5537	7735	10864
0:43:05	30.1	69	145	265	451	750	1402	2109	2524	4447	5550	7797	10831
0:43:10	30.1	71	141	268	436	735	1403	2072	2520	4468	5556	7826	10809
0:43:15	30.1	71	136	281	433	751	1414	2081	2486	4466	5545	7759	10736
0:43:20	30.1	82	137	272	441	748	1379	2072	2512	4521	5576	7735	10748
0:43:25	30.1	72	129	271	442	718	1410	2114	2530	4456	5533	7849	10775
0:43:30	30.1	77	143	270	437	755	1391	2108	2495	4459	5550	7799	10748
0:43:35	30.1	73	139	266	442	749	1387	2066	2533	4471	5524	7838	10753
0:43:40	30.1	71	133	271	436	741	1412	2099	2503	4481	5536	7810	10707
0:43:45	30.1	67	142	276	445	756	1392	2073	2510	4424	5529	7789	10866
0:43:50	30.1	72	127	281	448	729	1395	2099	2503	4498	5570	7715	10718
0:43:55	30.1	75	143	266	440	739	1408	2087	2510	4452	5509	7778	10776
0:44:00	30.1	73	140	271	431	732	1381	2090	2503	4469	5479	7734	10771
0:44:05	30.1	66	135	272	439	740	1394	2050	2504	4436	5555	7755	10741
0:44:10	30.1	73	145	268	438	734	1388	2103	2533	4456	5513	7765	10641
0:44:15	30.1	70	139	271	430	748	1402	2085	2529	4432	5425	7720	10738
0:44:20	30.1	78	135	267	440	732	1389	2103	2508	4433	5477	7741	10769
0:44:25	30.1	82	140	267	432	745	1399	2081	2515	4442	5547	7733	10701
0:44:30	30.1	66	125	274	435	731	1384	2087	2506	4433	5539	7732	10673
0:44:35	30.1	76	130	272	436	763	1363	2094	2487	4430	5498	7750	10731
0:44:40	30.1	73	140	278	432	724	1399	2095	2538	4434	5538	7730	10707
0:44:45	30.1	78	139	258	450	746	1395	2103	2502	4445	5485	7699	10719
0:44:50	30.1	75	141	265	435	742	1395	2082	2499	4453	5516	7729	10775
0:44:55	30.1	65	141	279	440	727	1406	2097	2505	4453	5500	7733	10643
0:45:00	30.1	67	136	271	426	745	1395	2080	2482	4443	5527	7852	10710
0:45:05	30.1	75	136	276	428	745	1380	2091	2515	4464	5550	7781	10643
0:45:10	30.1	74	127	265	442	729	1401	2067	2488	4457	5485	7744	10791
0:45:15	30.1	74	138	262	436	740	1398	2067	2491	4478	5509	7747	10696
0:45:20	30.1	70	132	262	432	756	1391	2079	2496	4450	5497	7716	10632
0:45:25	30.1	76	133	262	447	747	1390	2092	2495	4416	5466	7655	10738
0:45:30	30.1	68	133	275	435	730	1375	2075	2485	4405	5507	7639	10677
0:45:35	30.1	75	129	271	447	744	1418	2095	2478	4432	5514	7779	10757
0:45:40	30.1	72	143	270	444	738	1388	2078	2475	4428	5483	7648	10615
0:45:45	30.1	75	132	279	447	755	1399	2090	2481	4419	5486	7674	10658
0:45:50	30.1	82	130	263	432	729	1396	2053	2518	4446	5512	7785	10725
0:45:55	30.1	66	137	281	431	733	1393	2068	2513	4472	5500	7776	10671
0:46:00	30.1	68	132	266	440	733	1379	2100	2479	4455	5493	7672	10700
0:46:05	30.1	72	136	260	430	742	1383	2097	2471	4420	5446	7687	10698
0:46:10	30.1	71	140	262	444	733	1390	2039	2485	4415	5495	7717	10492
0:46:15	30.1	71	137	264	426	742	1401	2094	2496	4436	5485	7701	10630
0:46:20	30.1	70	130	269	436	745	1367	2089	2533	4402	5547	7625	10647
0:46:25	30.1	76	139	264	442	736	1380	2073	2482	4441	5548	7680	10609
0:46:30	30.1	73	135	264	418	743	1407	2071	2459	4416	5469	7742	10730
0:46:35	30.1	66	130	264	440	735	1378	2088	2492	4426	5445	7662	10554
0:46:40	30.1	76	130	273	441	734	1379	2065	2461	4417	5479	7743	10657
0:46:45	30.1	78	139	262	444	739	1370	2050	2497	4447	5470	7726	10689
0:46:50	30.1	70	136	269	443	732	1393	2042	2474	4457	5458	7717	10719
0:46:55	30.1	61	133	259	435	751	1399	2073	2477	4422	5475	7679	10634
0:47:00	30.1	72	138	275	434	726	1412	2100	2476	4432	5519	7696	10696
0:47:05	30.1	69	136	262	423	728	1384	2099	2452	4388	5483	7725	10626
0:47:10	30.1	73	141	260	423	752	1371	2112	2484	4430	5531	7694	10619
0:47:15	30.1	75	138	274	433	753	1387	2067	2516	4455	5463	7707	10700
0:47:20	30.1	75	130	268	428	735	1384	2100	2482	4381	5465	7608	10710
0:47:25	30.1	78	136	272	436	748	1380	2073	2488	4486	5556	7704	10620
0:47:30	30.1	76	135	262	428	744	1388	2091	2506	4425	5510	7665	10705
0:47:35	30.1	72	142	272	435	736	1369	2077	2458	4467	5534	7741	10586
0:47:40	30.1	70	138	265	445	742	1352	2074	2492	4395	5511	7679	10604
0:47:45	30.1	68	136	266	431	741	1388	2074	2486	4406	5466	7678	10630
0:47:50	30.1	72	133	259	431	733	1398	2068	2475	4362	5506	7672	10624
0:47:55	30.1	74	136	271	447	759	1363	2045	2464	4439	5487	7641	10660
0:48:00	30.1	75	131	257	430	736	1395	2094	2490	4409	5462	7707	10634
0:48:05	30.1	80	139	273	440	745	1380	2075	2494	4406	5449	7670	10575
0:48:10	30.1	73	138	272	422	735	1368	2061	2510	4387	5467	7686	10795
0:48:15	30.1	70	129	270	426	733	1388	2089	2480	4381	5488	7602	10668
0:48:20	30.1	74	141	269	436	738	1384	2066	2493	4372	5470	7618	10617
0:48:25	30.1	79	136	264	420	725	1397	2082	2486	4417	5488	7656	10632
0:48:30	30.1	73	138	279	436	740	1380	2046	2459	4408	5519	7762	10610
0:48:35	30.1	73	136	267	442	737	1379	2065	2453	4446	5498	7577	10556
0:48:40	30.1	77	139	273	425	751	1386	2066	2477	4413	5457	7756	10720
0:48:45	30.1	71	127	272	442	742	1392	2101	2475	4439	5492	7778	10661
0:48:50	30.1	69	131	268	428	736	1389	2076	2481	4421	5414	7707	10679
0:48:55	30.1	76	133	276	430	738	1397	2061	2461	4432	5405	7707	10691
0:49:00	30.1	78	143	271	436	733	1395	2059	2463	4431	5485	7587	10666
0:49:05	30.1	72	139	267	432	727	1403	2044	2478	4395	5465	7660	10589
0:49:10	30.1	75	142	279	427	739	1391	2067	2513	4444	5458	7679	10578
0:49:15	30.1	77	139	263	435	726	1379	2092	2458	4412	5472	7688	10635
0:49:20	30.1	78	136	262	435	740	1389	2060	2479	4378	5443	7632	10528
0:49:25	30.1	74	141	262	433	741	1401	2062	2495	4452	5415	7667	10659
0:49:30	30.1	70	138	266	429	732	1377	2065	2482	4384	5502	7648	10596
0:49:35	30.1	73	139	270	429	742	1370	2045	2473	4377	5496	7682	10549
0:49:40	30.1	68	130	266	429	750	1382	2037	2462	4382	5409	7638	10523
0:49:45	30.1	76	141	260	437	747	1390	2054	2449	4390	5450	7715	10497
0:49:50	30.1	69	137	272	432	746	1398	2079	2493	4452	5445	7602	10418
0:49:55	30.1	67	132	269	432	740	1385	2055	2451	4453	5440	7565	10524
0:50:00	30.1	69	140	269	446	723	1380	2073	2474	4401	5434	7644	10606
0:50:05	30.1	73	136	258	438	729	1371	2050	2464	4437	5458	7655	10667
0:50:10	30.1	75	134	266	437	741	1375	2095	2469	4409	5447	7648	10531
0:50:15	30.1	77	138	258	419	744	1375	2078	2477	4403	5466	7573	10573
0:50:20	30.1	81	138	269	433	722	1393	2039	2464	4372	5408	7623	10593
0:50:25	30.1	78	132	262	429	738	1364	2072	2452	4407	5376	7635	10577
0:50:30	30.1	79	133	267	435	735	1394	2063	2479	4393	5464	7678	10535
0:50:35	30.1	70	135	268	432	720	1377	2055	2456	4389	5404	7661	10577
0:50:40	30.1	70	141	267	435	729	1385	2061	2468	4355	5473	7612	10526
0:50:45	30.1	77	126	261	432	737	1373	2047	2462	4421	5458	7581	10527
0:50:50	30.1	76	141	268	437	741	1383	2056	2464	4359	5444	7649	10552
0:50:55	30.1	78	135	265	428	739	1363	2052	2472	4438	5474	7668	10579
0:51:00	30.1	80	141	270	419	724	1377	2073	2452	4386	5446	7693	10601
0:51:05	30.1	73	137	271	414	736	1392	2072	2462	4367	5443	7562	10498
0:51:10	30.1	72	128	252	426	736	1373	2075	2470	4357	5418	7646	10540
0:51:15	30.1	73	132	259	433	737	1399	2026	2483	4361	5417	7581	10519
0:51:20	30.1	70	127	261	450	735	1396	2059	2456	4430	5465	7613	10474
0:51:25	30.1	67	132	274	419	740	1376	2089	2502	4358	5464	7621	10546
0:51:30	30.1	75	134	252	435	731	1374	2093	2472	4382	5421	7636	10525
0:51:35	30.1	75	146	266	433	729	1361	2063	2475	4365	5424	7627	10529
0:51:40	30.1	78	134	265	419	723	1384	2055	2457	4350	5424	7590	10554
0:51:45	30.1	70	136	255	429	754	1372	2084	2439	4371	5472	7658	10566
0:51:50	30.1	79	138	265	428	730	1400	2072	2475	4426	5411	7620	10534
0:51:55	30.1	70	140	265	415	733	1378	2070	2464	4393	5431	7635	10483
0:52:00	30.1	66	133	272	430	729	1369	2073	2447	4347	5401	7595	10504
0:52:05	30.1	69	133	267	433	752	1389	2050	2473	4362	5451	7563	10543
0:52:10	30.1	69	134	272	433	744	1375	2063	2441	4375	5477	7682	10509
0:52:15	30.1	65	137	261	448	753	1365	2035	2490	4388	5427	7646	10505
0:52:20	30.1	71	138	266	430	741	1389	2036	2447	4353	5451	7592	10513
0:52:25	30.1	75	132	254	434	742	1369	2057	2469	4413	5390	7647	10535
0:52:30	30.1	77	134	263	434	733	1383	2031	2467	4388	5436	7639	10582
0:52:35	30.1	74	135	271	431	711	1383	2064	2455	4381	5426	7608	10498
0:52:40	30.1	69	132	269	436	726	1360	2046	2468	4359	5438	7550	10549
0:52:45	30.1	82	131	272	430	737	1388	2042	2460	4369	5451	7627	10545
0:52:50	30.1	71	140	261	424	744	1389	2038	2481	4312	5395	7613	10439
0:52:55	30.1	75	140	269	418	740	1380	2045	2471	4377	5399	7667	10503
0:53:00	30.1	72	127	258	422	729	1368	2062	2451	4367	5443	7617	10515
0:53:05	30.1	71	135	274	424	742	1379	2043	2458	4335	5388	7630	10533
0:53:10	30.1	75	139	254	440	726	1369	2064	2438	4393	5396	7637	10465
0:53:15	30.1	74	138	258	421	727	1367	2083	2500	4389	5412	7642	10440
0:53:20	30.1	76	132	266	438	737	1356	2061	2480	4336	5417	7567	10446
0:53:25	30.1	74	130	268	428	732	1389	2021	2459	4328	5388	7629	10486
0:53:30	30.1	75	133	263	425	731	1384	2082	2466	4359	5412	7605	10427
0:53:35	30.1	78	134	265	442	729	1369	2055	2451	4339	5383	7496	10598
0:53:40	30.1	73	130	273	424	758	1398	2050	2458	4339	5420	7594	10492
0:53:45	30.1	67	136	257	424	749	1385	2068	2421	4366	5437	7615	10509
0:53:50	30.1	71	141	271	432	728	1391	2031	2445	4339	5385	7627	10425
0:53:55	30.1	77	129	270	427	728	1360	2034	2454	4334	5370	7600	10549
0:54:00	30.1	74	130	288	431	729	1385	2050	2482	4323	5427	7654	10535
0:54:05	30.1	74	130	275	436	738	1358	2058	2471	4319	5399	7565	10438
0:54:10	30.1	74	139	264	437	741	1383	2049	2449	4353	5380	7503	10349
0:54:15	30.1	74	136	265	429	716	1386	2042	2440	4423	5386	7504	10379
0:54:20	30.1	71	124	263	417	722	1369	2052	2441	4381	5408	7617	10512
0:54:25	30.1	69	135	258	436	727	1377	2065	2467	4321	5420	7493	10457
0:54:30	30.1	65	125	260	428	726	1371	2009	2447	4354	5381	7592	10483
0:54:35	30.1	76	137	271	424	728	1375	2067	2454	4391	5370	7587	10460
0:54:40	30.1	74	134	266	438	719	1381	2037	2470	4345	5442	7575	10481
0:54:45	30.1	78	133	271	416	748	1378	2058	2444	4378	5368	7546	10380
0:54:50	30.1	66	129	279	425	727	1373	2061	2439	4356	5385	7514	10447
0:54:55	30.1	72	134	273	428	746	1381	2053	2456	4369	5364	7527	10417
0:55:00	30.1	73	138	264	431	722	1378	2042	2452	4329	5382	7559	10472
0:55:05	30.1	64	131	250	428	742	1353	2054	2460	4381	5418	7568	10419
0:55:10	30.1	78	132	260	421	742	1367	2040	2464	4352	5399	7567	10438
0:55:15	30.1	73	132	272	433	737	1404	2045	2414	4339	5430	7543	10458
0:55:20	30.1	77	131	261	440	736	1378	2072	2443	4339	5397	7575	10412
0:55:25	30.1	73	133	263	444	725	1381	2045	2432	4322	5338	7592	10501
0:55:30	30.1	74	143	270	428	733	1370	2022	2434	4301	5409	7581	10430
0:55:35	30.1	68	137	262	418	718	1364	2062	2464	4362	5421	7547	10414
0:55:40	30.1	77	139	264	422	735	1384	2028	2408	4362	5370	7500	10488
0:55:45	30.1	78	133	272	424	745	1367	2034	2439	4344	5397	7624	10425
0:55:50	30.1	76	136	264	416	722	1358	2064	2442	4364	5364	7524	10443
0:55:55	30.1	75	134	262	433	718	1381	2059	2436	4358	5328	7540	10420
0:56:00	30.1	75	135	267	412	736	1358	2050	2431	4336	5363	7597	10438
0:56:05	30.1	73	136	260	429	756	1389	2042	2437	4327	5368	7525	10477
0:56:10	30.1	77	140	273	420	721	1382	2054	2452	4310	5363	7567	10439
0:56:15	30.1	74	131	262	427	728	1360	2029	2461	4336	5360	7604	10465
0:56:20	30.1	74	136	267	434	726	1368	2045	2450	4324	5373	7572	10443
0:56:25	30.1	68	138	261	434	734	1368	2033	2430	4304	5362	7503	10440
0:56:30	30.1	75	138	261	427	741	1367	2032	2434	4363	5343	7535	10455
0:56:35	30.1	74	133	252	427	741	1368	2044	2436	4371	5436	7589	10482
0:56:40	30.1	72	133	260	424	732	1365	2029	2472	4317	5360	7488	10407
0:56:45	30.1	68	130	265	433	734	1359	2037	2452	4328	5375	7546	10371
0:56:50	30.1	76	136	275	422	721	1364	2032	2409	4306	5367	7518	10390
0:56:55	30.1	69	131	256	423	731	1375	2031	2435	4354	5335	7536	10409
0:57:00	30.1	77	130	269	427	736	1368	2049	2453	4356	5396	7582	10432
0:57:05	30.1	76	133	265	431	720	1363	2062	2433	4325	5339	7519	10411
0:57:10	30.1	67	143	255	429	729	1355	2057	2441	4316	5382	7546	10439
0:57:15	30.1	72	147	266	433	725	1386	2030	2462	4365	5407	7548	10390
0:57:20	30.1	70	130	274	438	735	1365	2060	2452	4328	5375	7525	10524
0:57:25	30.1	71	137	267	431	721	1359	2032	2427	4321	5322	7611	10534
0:57:30	30.1	73	139	257	422	735	1375	2036	2467	4355	5319	7635	10397
0:57:35	30.1	74	137	264	424	721	1379	2020	2423	4297	5386	7526	10461
0:57:40	30.1	76	126	261	428	717	1346	2030	2436	4346	5415	7444	10382
0:57:45	30.1	70	126	259	423	733	1354	2053	2450	4315	5395	7496	10447
0:57:50	30.1	71	132	269	426	734	1355	2019	2428	4338	5321	7514	10503
0:57:55	30.1	69	132	271	429	733	1346	2035	2429	4335	5356	7506	10435
0:58:00	30.1	64	134	273	435	718	1381	2040	2447	4368	5335	7524	10245
0:58:05	30.1	68	134	267	433	730	1346	2064	2392	4278	5338	7527	10363
0:58:10	30.1	72	127	256	432	737	1363	2029	2423	4292	5324	7540	10316
0:58:15	30.1	78	134	265	419	734	1364	2023	2451	4308	5386	7504	10369
0:58:20	30.1	72	137	257	429	728	1374	2052	2462	4348	5374	7490	10323
0:58:25	30.1	74	130	271	427	721	1375	2035	2457	4344	5351	7589	10411
0:58:30	30.1	72	124	259	430	707	1342	2055	2448	4351	5348	7536	10407
0:58:35	30.1	71	131	265	428	747	1364	2056	2415	4303	5285	7525	10322
0:58:40	30.1	73	134	269	410	727	1363	2020	2426	4309	5318	7589	10322
0:58:45	30.1	71	135	263	426	722	1384	2050	2418	4351	5372	7524	10268
0:58:50	30.1	72	134	258	429	717	1342	2063	2451	4310	5383	7501	10335
0:58:55	30.1	69	128	267	419	714	1368	2012	2419	4324	5331	7539	10428
0:59:00	30.1	71	131	261	421	733	1375	2041	2447	4318	5366	7559	10289
0:59:05	30.1	75	132	261	416	722	1346	2024	2445	4382	5347	7570	10261
0:59:10	30.1	71	131	258	441	716	1357	2034	2416	4303	5338	7569	10398
0:59:15	30.1	69	140	257	432	721	1347	2035	2430	4319	5351	7497	10307
0:59:20	30.1	75	138	262	433	722	1349	2041	2460	4308	5353	7450	10395
0:59:25	30.1	69	127	267	415	742	1367	2023	2400	4341	5347	7491	10420
0:59:30	30.1	69	135	268	425	718	1384	2041	2435	4315	5398	7481	10241
0:59:35	30.1	70	134	254	417	715	1378	2045	2441	4307	5321	7472	10314
0:59:40	30.1	74	130	253	414	745	1355	2009	2432	4286	5333	7529	10310
0:59:45	30.1	72	124	264	410	723	1367	2022	2434	4334	5337	7546	10328
0:59:50	30.1	71	140	277	414	746	1355	2032	2421	4316	5375	7450	10348
0:59:55	30.1	72	132	267	408	710	1343	2032	2416	4329	5362	7514	10418
1:00:00	30.1	70	140	261	418	723	1360	2040	2430	4340	5336	7493	10246
1:00:05	30.1	69	132	258	425	724	1361	2010	2414	4337	5310	7493	10165
1:00:10	30.1	74	142	262	428	723	1368	2008	2430	4359	5252	7497	10343
1:00:15	30.1	70	142	259	412	739	1372	2018	2432	4258	5344	7547	10327
1:00:20	30.1	69	132	263	426	716	1352	2045	2444	4317	5403	7532	10342
1:00:25	30.1	79	131	257	423	735	1368	2037	2448	4289	5285	7535	10339
1:00:30	30.1	76	128	261	418	729	1365	2027	2449	4320	5363	7484	10406
1:00:35	30.1	69	134	269	421	723	1352	2042	2424	4305	5256	7494	10289
1:00:40	30.1	73	134	260	425	725	1360	2023	2438	4304	5301	7462	10325
1:00:45	30.1	72	125	250	424	708	1350	2035	2421	4302	5316	7500	10411
1:00:50	30.1	64	134	258	422	724	1361	2011	2402	4282	5340	7544	10380
1:00:55	30.1	73	130	263	418	716	1354	2024	2431	4271	5358	7440	10333
1:01:00	30.1	68	130	273	415	733	1352	2022	2407	4275	5357	7500	10284
1:01:05	30.1	67	134	265	425	738	1352	2026	2450	4312	5355	7464	10276
1:01:10	30.1	78	131	256	424	720	1345	2037	2453	4289	5306	7509	10363
1:01:15	30.1	74	135	260	428	723	1360	2018	2428	4317	5348	7485	10430
1:01:20	30.1	65	139	264	428	709	1348	2031	2418	4328	5333	7537	10282
1:01:25	30.1	83	141	258	423	743	1358	2019	2376	4264	5371	7461	10333
1:01:30	30.1	72	132	249	411	718	1351	2039	2428	4287	5310	7477	10239
1:01:35	30.1	63	130	262	428	729	1363	2035	2452	4276	5396	7467	10213
1:01:40	30.1	75	131	259	433	721	1354	2030	2436	4266	5332	7485	10354
1:01:45	30.1	70	142	253	434	719	1362	2001	2417	4253	5266	7464	10432
1:01:50	30.1	67	134	265	419	721	1343	2005	2429	4360	5357	7511	10295
1:01:55	30.1	76	134	263	432	720	1341	2026	2441	4315	5316	7433	10351
1:02:00	30.1	63	126	251	421	730	1363	2023	2459	4295	5379	7406	10306
1:02:05	30.1	73	123	251	418	722	1372	2020	2443	4264	5354	7497	10269
1:02:10	30.1	67	130	260	423	724	1363	2026	2402	4261	5359	7490	10375
1:02:15	30.1	67	129	269	415	721	1364	2013	2421	4330	5311	7550	10321
1:02:20	30.1	66	137	259	424	729	1376	2023	2432	4309	5331	7484	10167
1:02:25	30.1	63	130	260	426	738	1345	2012	2453	4335	5309	7494	10312
1:02:30	30.1	78	139	267	439	713	1357	2014	2419	4296	5332	7450	10288
1:02:35	30.1	70	136	263	420	702	1350	2022	2414	4324	5316	7512	10286
1:02:40	30.1	73	133	254	425	735	1359	1997	2421	4277	5255	7503	10317
1:02:45	30.1	72	126	255	424	747	1363	2020	2392	4253	5312	7433	10193
1:02:50	30.1	74	127	259	428	717	1364	2035	2453	4269	5345	7490	10292
1:02:55	30.1	63	126	257	430	709	1337	2041	2445	4285	5297	7433	10244
1:03:00	30.1	69	123	272	417	705	1364	2028	2419	4286	5317	7420	10246
1:03:05	30.1	76	135	257	431	710	1331	2024	2439	4287	5319	7453	10292
1:03:10	30.1	70	138	262	422	712	1341	2013	2423	4267	5317	7434	10321
1:03:15	30.1	72	132	274	433	713	1371	2010	2412	4306	5281	7436	10242
1:03:20	30.1	79	143	258	420	743	1358	2023	2394	4215	5289	7450	10259
1:03:25	30.1	67	125	258	416	729	1356	1997	2421	4278	5373	7417	10242
1:03:30	30.1	80	137	261	426	725	1345	2026	2429	4233	5284	7436	10328
1:03:35	30.1	76	140	255	428	713	1342	2001	2446	4283	5348	7486	10274
1:03:40	30.1	69	129	266	420	716	1344	2051	2434	4288	5251	7452	10236
1:03:45	30.1	74	132	266	418	717	1338	2016	2426	4263	5347	7479	10295
1:03:50	30.1	72	136	255	431	734	1349	2024	2400	4330	5328	7455	10279
1:03:55	30.1	71	128	277	417	720	1341	2009	2445	4249	5301	7483	10208
1:04:00	30.1	77	132	263	429	712	1364	2020	2394	4236	5282	7464	10177
1:04:05	30.1	76	126	258	420	711	1355	2017	2409	4294	5312	7441	10234
1:04:10	30.1	70	135	260	431	716	1338	2018	2416	4246	5338	7506	10224
1:04:15	30.1	72	133	279	424	720	1366	2026	2447	4260	5309	7428	10273
1:04:20	30.1	80	139	254	428	725	1350	2037	2441	4281	5260	7447	10276
1:04:25	30.1	67	123	261	427	718	1363	2050	2438	4267	5307	7456	10222
1:04:30	30.1	71	128	257	418	716	1361	2024	2412	4251	5322	7420	10203
1:04:35	30.1	70	131	274	419	734	1364	2006	2413	4262	5321	7401	10165
1:04:40	30.1	77	129	248	425	723	1350	2028	2399	4239	5248	7435	10180
1:04:45	30.1	70	131	253	417	726	1339	2029	2406	4286	5286	7494	10153
1:04:50	30.1	63	131	254	426	719	1347	2011	2384	4248	5326	7403	10236
1:04:55	30.1	70	131	263	423	714	1376	2040	2376	4243	5270	7415	10182
1:05:00	30.1	72	126	264	429	725	1356	2020	2406	4289	5266	7412	10290
1:05:05	30.1	71	133	257	428	710	1352	2019	2413	4261	5305	7419	10186
1:05:10	30.1	72	119	262	434	727	1333	2020	2407	4243	5282	7346	10268
1:05:15	30.1	66	123	256	422	713	1360	2047	2437	4292	5296	7505	10245
1:05:20	30.1	67	137	266	422	728	1340	2006	2443	4242	5286	7423	10230
1:05:25	30.1	63	133	262	426	717	1335	2007	2396	4234	5302	7493	10222
1:05:30	30.1	68	134	261	421	723	1338	2022	2399	4252	5303	7438	10217
1:05:35	30.1	75	134	262	436	735	1352	2016	2442	4311	5326	7415	10305
1:05:40	30.1	74	131	257	407	723	1369	2018	2427	4257	5232	7402	10167
1:05:45	30.1	80	142	248	431	713	1365	1997	2439	4252	5312	7433	10143
1:05:50	30.1	74	136	259	415	729	1347	2045	2428	4274	5319	7406	10234
1:05:55	30.1	72	131	267	429	714	1355	1997	2399	4285	5278	7378	10149
1:06:00	30.1	70	142	270	419	716	1361	2018	2414	4293	5299	7442	10220
1:06:05	30.1	67	134	257	431	724	1353	1993	2426	4249	5335	7452	10175
1:06:10	30.1	73	126	253	423	708	1352	2036	2421	4253	5228	7435	10269
1:06:15	30.1	76	125	262	425	693	1356	1980	2394	4240	5276	7395	10173
1:06:20	30.1	60	130	263	417	722	1366	2000	2384	4249	5276	7411	10250
1:06:25	30.1	62	130	257	416	723	1340	1992	2416	4220	5295	7451	10183
1:06:30	30.1	73	133	260	424	715	1343	2028	2398	4224	5265	7449	10175
1:06:35	30.1	64	133	260	415	720	1344	2023	2430	4244	5316	7525	10216
1:06:40	30.1	69	125	264	420	730	1359	2015	2422	4248	5283	7434	10191
1:06:45	30.1	65	135	253	415	725	1336	1997	2400	4237	5240	7383	10238
1:06:50	30.1	76	131	263	421	715	1348	2001	2405	4297	5295	7453	10123
1:06:55	30.1	76	145	257	425	710	1337	2000	2415	4254	5253	7420	10273
1:07:00	30.1	61	135	261	414	710	1363	2006	2406	4223	5218	7331	10175
1:07:05	30.1	73	129	250	411	704	1336	2009	2407	4292	5218	7376	10108
1:07:10	30.1	71	138	254	426	725	1344	1986	2397	4239	5264	7408	10168
1:07:15	30.1	73	135	252	422	730	1321	2027	2401	4238	5266	7362	10198
1:07:20	30.1	67	132	261	429	704	1359	2015	2394	4255	5233	7497	10255
1:07:25	30.0	74	126	259	418	711	1352	2000	2407	4298	5290	7402	10283
1:07:30	30.1	74	134	261	431	742	1360	2017	2376	4253	5262	7406	10259
1:07:35	30.1	63	130	263	426	724	1354	2009	2373	4294	5302	7370	10283
1:07:40	30.1	70	127	255	425	716	1326	1990	2429	4233	5253	7382	10186
1:07:45	30.1	69	130	265	422	717	1349	1995	2437	4254	5233	7352	10249
1:07:50	30.1	77	127	264	428	708	1343	2032	2443	4272	5224	7390	10132
1:07:55	30.0	74	126	258	413	723	1347	1990	2389	4271	5310	7374	10102
1:08:00	30.1	72	131	260	408	725	1354	2002	2402	4232	5287	7389	10186
1:08:05	30.1	72	127	255	420	722	1337	1998	2402	4267	5230	7402	10272
1:08:10	30.1	67	128	263	421	710	1349	2000	2384	4241	5284	7427	10227
1:08:15	30.1	74	123	251	424	725	1337	1986	2423	4248	5202	7349	10132
1:08:20	30.1	76	131	265	419	732	1374	2004	2400	4265	5227	7371	10217
1:08:25	30.1	62	137	255	420	727	1347	1993	2405	4252	5246	7380	10198
1:08:30	30.1	70	135	260	425	745	1361	1997	2411	4226	5251	7416	10146
1:08:35	30.1	72	127	258	421	704	1346	2001	2397	4216	5286	7482	10189
1:08:40	30.1	73	125	264	421	719	1332	2031	2409	4259	5252	7385	10240
1:08:45	30.0	64	132	257	421	712	1333	1993	2412	4257	5253	7365	10227
1:08:50	30.1	75	128	270	426	716	1345	2004	2398	4220	5275	7411	10204
1:08:55	30.1	74	126	252	417	718	1365	1990	2364	4233	5253	7376	10201
1:09:00	30.0	67	128	265	410	713	1333	2013	2424	4230	5242	7404	10148
1:09:05	30.1	72	127	268	424	703	1353	2008	2399	4270	5273	7412	10087
1:09:10	30.1	73	136	247	412	689	1342	1971	2405	4220	5237	7350	10153
1:09:15	30.1	71	139	264	421	707	1343	1990	2432	4270	5292	7392	10175
1:09:20	30.1	64	130	265	422	694	1344	2002	2393	4264	5272	7351	10080
1:09:25	30.1	69	137	258	416	725	1340	1986	2417	4244	5260	7380	10180
1:09:30	30.1	65	130	261	422	716	1343	1993	2403	4209	5270	7342	10184
1:09:35	30.0	68	129	267	416	725	1316	2001	2398	4227	5300	7366	10244
1:09:40	30.1	74	137	261	426	721	1351	1999	2387	4187	5252	7339	10171
1:09:45	30.1	72	129	250	409	725	1350	2019	2395	4204	5231	7306	10155
1:09:50	30.0	67	132	258	422	723	1337	2001	2428	4237	5242	7393	10196
1:09:55	30.1	68	133	245	421	721	1338	1994	2392	4253	5191	7349	10137
1:10:00	30.1	76	128	255	418	730	1330	1990	2399	4248	5266	7358	10164
1:10:05	30.1	73	126	258	427	703	1324	2001	2403	4230	5252	7397	10110
1:10:10	30.1	71	125	254	417	718	1342	1988	2386	4219	5194	7385	10128
1:10:15	30.1	77	136	255	426	711	1355	1990	2404	4176	5222	7358	10159
1:10:20	30.0	68	128	254	418	712	1323	1966	2382	4225	5258	7358	10176
1:10:25	30.1	68	137	259	422	719	1307	2000	2405	4241	5268	7362	10213
1:10:30	30.1	72	130	251	423	722	1339	2020	2391	4233	5245	7404	10165
1:10:35	30.0	70	123	260	418	717	1340	2004	2419	4248	5245	7413	10159
1:10:40	30.1	71	128	269	417	716	1345	1958	2389	4201	5242	7265	10169
1:10:45	30.1	75	138	257	402	700	1363	1998	2403	4235	5213	7334	10139
1:10:50	30.1	70	135	263	429	718	1357	1977	2406	4235	5235	7400	10119
1:10:55	30.1	60	132	259	420	726	1345	2016	2370	4256	5263	7259	10097
1:11:00	30.1	71	131	254	427	721	1338	1988	2403	4215	5266	7366	10125
1:11:05	30.1	74	129	260	415	691	1349	2001	2384	4230	5259	7406	10129
1:11:10	30.1	75	129	256	413	714	1322	1984	2382	4251	5283	7451	10093
1:11:15	30.1	67	131	262	421	712	1361	2001	2396	4229	5229	7370	10119
1:11:20	30.0	65	126	265	422	714	1332	2018	2358	4252	5202	7418	10081
1:11:25	30.1	72	126	256	414	717	1331	2007	2391	4205	5211	7368	10062
1:11:30	30.1	64	130	267	433	713	1329	1981	2404	4238	5209	7296	10139
1:11:35	30.1	74	127	257	415	716	1316	1996	2409	4212	5187	7367	10146
1:11:40	30.1	74	128	264	429	701	1351	2004	2369	4252	5227	7351	10092
1:11:45	30.1	74	123	253	413	710	1344	2000	2394	4233	5235	7371	10151
1:11:50	30.1	71	133	260	426	716	1334	1994	2390	4237	5257	7384	10152
1:11:55	30.1	65	129	256	406	698	1346	1984	2372	4251	5240	7321	10112
1:12:00	30.0	68	135	257	425	711	1343	1999	2385	4218	5236	7322	10141
1:12:05	30.1	71	125	260	407	716	1321	1989	2413	4202	5229	7389	10082
1:12:10	30.1	70	123	261	414	725	1327	2005	2441	4232	5264	7364	10037
1:12:15	30.1	65	129	249	415	722	1335	1997	2404	4256	5235	7301	10123
1:12:20	30.1	74	130	249	413	721	1314	1979	2396	4226	5257	7370	10161
1:12:25	30.1	69	127	261	421	715	1355	2016	2368	4215	5212	7331	10149
1:12:30	30.1	71	133	260	416	712	1356	2022	2389	4182	5212	7345	10133
1:12:35	30.1	71	131	262	426	702	1351	1979	2375	4195	5233	7247	10081
1:12:40	30.1	71	125	238	409	718	1314	2000	2378	4191	5194	7450	10151
1:12:45	30.1	69	133	261	420	719	1332	1982	2432	4205	5299	7331	10123
1:12:50	30.1	65	133	260	414	733	1345	1970	2399	4221	5204	7399	10124
1:12:55	30.0	63	129	244	427	716	1342	2001	2368	4177	5202	7316	10103
1:13:00	30.1	78	127	252	417	713	1344	2001	2387	4236	5221	7346	10130
1:13:05	30.1	67	129	258	418	720	1339	1993	2380	4202	5263	7340	10017
1:13:10	30.1	71	130	244	411	702	1316	1976	2393	4231	5213	7394	10014
1:13:15	30.0	75	122	253	417	720	1336	1996	2398	4225	5209	7315	10064
1:13:20	30.1	71	137	266	413	707	1324	1986	2391	4226	5234	7310	10143
1:13:25	30.1	73	129	268	409	719	1354	1978	2387	4205	5189	7377	10130
1:13:30	30.1	66	122	252	411	709	1354	1991	2403	4221	5187	7282	10078
1:13:35	30.1	72	126	265	413	715	1334	2004	2381	4198	5223	7342	10125
1:13:40	30.1	73	127	259	426	712	1324	1999	2375	4207	5205	7335	10111
1:13:45	30.1	67	129	255	411	714	1317	1982	2379	4200	5236	7346	10077
1:13:50	30.0	67	132	256	413	715	1336	1999	2361	4207	5184	7358	10106
1:13:55	30.1	67	131	262	430	717	1339	2013	2389	4250	5218	7322	10067
1:14:00	30.1	82	124	253	404	708	1346	1974	2392	4166	5230	7331	10049
1:14:05	30.0	72	132	249	419	694	1345	2002	2404	4194	5260	7302	10016
1:14:10	30.1	74	136	253	416	710	1357	1971	2405	4252	5189	7294	10078
1:14:15	30.1	71	127	265	420	706	1358	2006	2404	4204	5177	7409	10030
1:14:20	30.1	69	128	254	426	732	1334	1980	2389	4193	5207	7272	10036
1:14:25	30.1	69	138	255	415	710	1318	2001	2396	4211	5207	7365	9975
1:14:30	30.1	67	133	257	405	704	1331	1990	2364	4200	5233	7325	10014
1:14:35	30.1	73	126	263	406	716	1351	1989	2373	4206	5185	7284	10089
1:14:40	30.0	74	130	250	403	692	1330	1982	2411	4242	5262	7313	10031
1:14:45	30.1	75	126	257	416	713	1306	1977	2398	4200	5212	7322	10065
1:14:50	30.1	72	133	252	429	711	1347	1975	2386	4203	5192	7318	10059
1:14:55	30.1	68	136	262	426	693	1332	1984	2392	4189	5222	7245	10059
1:15:00	30.1	71	134	256	413	709	1335	1996	2400	4185	5194	7366	10064
1:15:05	30.1	74	133	255	431	713	1330	1983	2407	4208	5198	7360	10026
1:15:10	30.1	73	135	254	400	719	1325	1986	2396	4211	5191	7308	10042
1:15:15	30.1	74	122	252	423	737	1307	2005	2414	4196	5235	7322	10185
1:15:20	30.0	69	124	252	422	712	1337	2026	2343	4214	5168	7311	10014
1:15:25	30.1	66	132	264	417	711	1314	1999	2351	4208	5191	7272	10021
1:15:30	30.1	80	127	263	422	713	1353	2003	2428	4220	5216	7323	10153
1:15:35	30.1	74	129	254	421	708	1332	1979	2369	4198	5212	7358	9985
1:15:40	30.1	72	129	258	414	699	1317	1998	2388	4190	5163	7263	10005
1:15:45	30.1	63	136	259	398	712	1336	1986	2376	4180	5148	7271	9997
1:15:50	30.1	76	134	258	413	697	1354	1954	2392	4182	5257	7344	10053
1:15:55	30.1	65	129	256	415	701	1334	1983	2409	4220	5180	7368	10044
1:16:00	30.1	71	129	248	417	726	1358	1966	2403	4198	5191	7343	10009
1:16:05	30.1	69	128	259	425	711	1336	1943	2396	4207	5164	7298	10101
1:16:10	30.0	60	131	265	423	726	1309	1965	2406	4186	5211	7309	9984
1:16:15	30.1	70	131	264	404	716	1340	1992	2387	4190	5162	7311	10067
1:16:20	30.1	65	121	250	406	704	1315	2017	2366	4182	5171	7318	10069
1:16:25	30.1	76	129	260	411	716	1321	2006	2389	4220	5196	7288	10037
1:16:30	30.1	73	130	257	427	708	1316	1976	2363	4172	5140	7252	10040
1:16:35	30.1	75	141	265	406	708	1329	1966	2423	4175	5223	7322	9992
1:16:40	30.1	66	130	256	417	706	1321	1980	2410	4167	5223	7341	10007
1:16:45	30.1	70	121	262	406	731	1313	2000	2373	4150	5165	7343	10035
1:16:50	30.1	68	135	267	423	710	1327	1982	2398	4218	5187	7301	9994
1:16:55	30.0	68	138	263	408	704	1335	1962	2395	4207	5217	7277	10064
1:17:00	30.0	72	126	252	415	718	1328	2002	2367	4199	5241	7325	9917
1:17:05	30.1	69	128	269	409	708	1328	2013	2365	4211	5194	7347	10009
1:17:10	30.1	65	137	260	408	703	1326	2001	2404	4192	5254	7293	9960
1:17:15	30.1	72	132	246	424	717	1328	1985	2379	4148	5169	7341	9970
1:17:20	30.1	70	133	249	425	721	1326	1959	2363	4193	5221	7336	10005
1:17:25	30.1	75	130	251	417	699	1328	1966	2356	4145	5174	7335	10070
1:17:30	30.1	75	133	260	420	707	1354	1969	2383	4185	5215	7255	10017
1:17:35	30.1	68	123	259	405	695	1364	1995	2401	4246	5117	7270	10045
1:17:40	30.0	68	126	252	410	705	1332	1978	2405	4188	5220	7326	9995
1:17:45	30.1	66	127	257	413	711	1328	2004	2370	4165	5196	7353	10027
1:17:50	30.0	66	117	260	410	701	1332	1981	2375	4182	5187	7279	9949
1:17:55	30.1	70	132	247	432	713	1337	2009	2363	4182	5238	7271	10031
1:18:00	30.1	73	131	258	409	694	1339	1998	2365	4189	5178	7279	10088
1:18:05	30.1	72	128	252	420	697	1331	1977	2383	4167	5206	7265	9931
1:18:10	30.1	63	138	263	409	709	1323	1947	2367	4129	5132	7275	10010
1:18:15	30.1	71	128	252	409	705	1347	1978	2336	4169	5186	7267	9933
1:18:20	30.1	63	131	267	420	707	1326	1981	2383	4122	5157	7191	10050
1:18:25	30.0	71	123	254	415	714	1311	2012	2390	4144	5154	7252	10019
1:18:30	30.1	74	125	259	400	699	1315	1946	2368	4183	5195	7284	10056
1:18:35	30.1	70	136	253	407	699	1333	1979	2358	4143	5222	7384	9996
1:18:40	30.1	72	125	260	425	710	1280	1998	2406	4150	5182	7248	9989
1:18:45	30.1	70	130	259	406	698	1313	1988	2357	4187	5177	7398	9990
1:18:50	30.1	67	127	249	416	700	1333	1991	2344	4230	5195	7265	9952
1:18:55	30.1	71	126	253	408	703	1327	1944	2372	4154	5188	7278	9988
1:19:00	30.1	62	126	261	413	707	1337	1989	2350	4153	5190	7271	10008
1:19:05	30.1	60	123	257	416	713	1317	2002	2410	4154	5171	7271	9983
1:19:10	30.1	64	133	252	409	708	1350	1982	2402	4131	5143	7269	9945
1:19:15	30.1	76	130	256	411	705	1310	1961	2347	4181	5165	7285	10028
1:19:20	30.0	76	133	259	411	695	1326	1971	2360	4161	5187	7276	10056
1:19:25	30.0	71	129	253	417	706	1309	1983	2372	4168	5136	7261	10066
1:19:30	30.1	69	132	258	423	704	1317	1977	2347	4172	5114	7246	9962
1:19:35	30.1	74	125	248	404	704	1310	1998	2360	4232	5137	7315	9988
1:19:40	30.1	73	130	256	405	699	1316	1969	2381	4245	5168	7292	9953
1:19:45	30.1	68	130	249	409	700	1331	2000	2386	4150	5169	7277	9994
1:19:50	30.1	70	137	260	415	701	1330	2009	2343	4123	5178	7306	10037
1:19:55	30.1	67	126	250	414	703	1317	1992	2343	4219	5177	7401	10012
1:20:00	30.1	70	128	252	416	694	1320	1969	2333	4171	5139	7237	9870

Results
	1	2	3	4	5	6	7	8	9	10	11	12
A													Max V [295,335]
													R-Squared [295,335]
													t at Max V [295,335]
													Lagtime [295,335]
B													Max V [295,335]
													R-Squared [295,335]
													t at Max V [295,335]
													Lagtime [295,335]
C													Max V [295,335]
													R-Squared [295,335]
													t at Max V [295,335]
													Lagtime [295,335]
D													Max V [295,335]
													R-Squared [295,335]
													t at Max V [295,335]
													Lagtime [295,335]
E	480000.000	-288000.000	-732000.000	-468000.000	-648000.000	-768000.000	1020000.000	1068000.000	1596000.000	-2352000.000	2436000.000	3924000.000	Max V [295,335]
	1.000	1.000	1.000	1.000	1.000	1.000	1.000	1.000	1.000	1.000	1.000	1.000	R-Squared [295,335]
	0:00:08	0:00:08	0:00:13	0:01:08	0:02:43	0:41:38	0:10:33	0:06:08	0:05:43	0:12:43	1:12:38	0:09:33	t at Max V [295,335]
	0:00:04	0:00:08	0:00:09	0:00:56	0:02:26	0:40:19	0:11:22	0:06:42	0:06:06	0:12:05	1:14:05	0:09:55	Lagtime [295,335]
F													Max V [295,335]
													R-Squared [295,335]
													t at Max V [295,335]
													Lagtime [295,335]
G													Max V [295,335]
													R-Squared [295,335]
													t at Max V [295,335]
													Lagtime [295,335]
H													Max V [295,335]
													R-Squared [295,335]
													t at Max V [295,335]
													Lagtime [295,335]

