

Software Version	3.03.14

Procedure Details

Plate Type	96 WELL PLATE
Set Temperature	Setpoint 30°C
	Preheat before moving to next step
Start Kinetic	Runtime 1:20:00 (HH:MM:SS), Interval 0:00:05, 961 Reads
    Read	Fluorescence Endpoint
	C1..C12
	Filter Set 1
	    Excitation: 295,  Emission: 335
	    Optics: Top,  Gain: 67
	Light Source: Xenon Flash,  Lamp Energy: High
	Read Speed: Normal,  Delay: 0 msec,  Measurements/Data Point: 5
	Read Height: 8 mm
End Kinetic	

Layout
	1	2	3	4	5	6	7	8	9	10	11	12
A													Well ID
B													Well ID
C	SPL1	SPL2	SPL3	SPL4	SPL5	SPL6	SPL7	SPL8	SPL9	SPL10	SPL11	SPL12	Well ID
D													Well ID
E													Well ID
F													Well ID
G													Well ID
H													Well ID

295,335

Time	T° 295,335	C1	C2	C3	C4	C5	C6	C7	C8	C9	C10	C11	C12
0:00:00	30.0	119	245	374		765	1540	2999	3749	4776	6017	6886	7844
0:00:05	30.0	109	246	366		757	1543	2988	3797	4808	5987	6725	7952
0:00:10	30.0	107	237	366	485	749	1535	3021	3712	4811	6018	6919	7905
0:00:15	30.1	102	230	358	494	750	1549	2879	3728	4792	6047	6802	7941
0:00:20	30.0	103	241	363	484	737	1542	2822	3720	4829	6009	6832	7901
0:00:25	30.0	100	218	355	475	734	1528	2974	3773	4815	6039	6853	7921
0:00:30	30.0	98	226	338	459	732	1517	2985	3674	4795	6025	6811	7944
0:00:35	30.0	96	212	333	460	721	1512	2547	3686	4758	6078	6792	7875
0:00:40	30.0	91	212	343	460	719	1465	2572	3684	4759	6038	6822	7949
0:00:45	30.0	87	208	336	444	725	1483	2548	3721	4777	5996	6767	7967
0:00:50	30.0	95	210	323	449	699	1501	2509	3680	4781	6018	6710	7880
0:00:55	30.0	89	212	319	435	710	1484	2500	3681	4786	6055	6856	7884
0:01:00	30.0	93	207	320	443	693	1452	2512	3613	4748	5974	6766	7951
0:01:05	30.0	87	200	317	433	678	1466	2484	3625	4756	5990	6848	7911
0:01:10	30.0	90	196	316	423	674	1447	2498	3606	4717	5982	6801	7890
0:01:15	30.0	79	191	307	417	660	1426	2466	3659	4719	5948	6749	7816
0:01:20	30.0	89	183	312	427	660	1422	2502	3579	4737	5896	6761	7833
0:01:25	30.0	86	191	308	409	665	1416	2463	3619	4688	5930	6793	7847
0:01:30	30.0	85	186	305	401	641	1405	2477	3635	4664	5916	6730	7769
0:01:35	30.0	82	181	293	400	645	1397	2456	3545	4629	5876	6719	7759
0:01:40	30.0	86	191	287	400	623	1407	2456	3549	4655	5863	6772	7849
0:01:45	30.0	92	182	291	402	637	1385	2413	3554	4640	5900	6639	7766
0:01:50	30.0	83	185	287	402	644	1381	2439	3562	4637	5872	6708	7851
0:01:55	30.0	86	177	274	392	625	1384	2383	3571	4553	5850	6665	7728
0:02:00	30.0	78	182	282	383	624	1376	2386	3508	4620	5858	6591	7713
0:02:05	30.0	80	177	281	370	621	1348	2406	3499	4622	5788	6609	7727
0:02:10	30.0	78	179	277	377	613	1346	2385	3516	4635	5899	6664	7710
0:02:15	30.0	79	172	278	376	610	1364	2331	3515	4556	5784	6618	7722
0:02:20	30.0	87	170	276	376	598	1360	2376	3476	4549	5814	6609	7708
0:02:25	30.0	82	175	269	376	589	1346	2323	3462	4604	5783	6561	7655
0:02:30	30.0	78	177	270	364	604	1348	2350	3455	4568	5829	6638	7703
0:02:35	30.0	71	167	264	372	599	1331	2310	3428	4508	5725	6625	7676
0:02:40	30.0	81	172	265	365	599	1290	2348	3387	4516	5738	6593	7647
0:02:45	30.0	82	173	265	372	600	1315	2355	3423	4497	5769	6533	7701
0:02:50	30.0	82	172	265	351	579	1314	2294	3414	4482	5739	6594	7640
0:02:55	30.0	85	178	265	350	577	1296	2288	3403	4500	5724	6532	7598
0:03:00	30.0	87	168	260	357	571	1280	2298	3415	4491	5757	6518	7604
0:03:05	30.0	80	159	261	354	575	1284	2292	3376	4414	5764	6505	7660
0:03:10	30.0	83	167	266	341	559	1301	2236	3354	4482	5703	6501	7661
0:03:15	30.0	81	156	259	351	564	1296	2242	3411	4485	5739	6526	7559
0:03:20	30.0	82	161	260	338	552	1285	2285	3364	4463	5692	6426	7568
0:03:25	30.0	79	164	253	337	560	1255	2270	3348	4423	5694	6415	7620
0:03:30	30.0	78	165	253	337	561	1281	2273	3337	4407	5727	6472	7593
0:03:35	30.0	80	160	245	338	550	1238	2237	3346	4385	5682	6413	7587
0:03:40	30.0	79	159	252	336	543	1253	2230	3313	4464	5670	6468	7561
0:03:45	30.0	78	170	253	339	552	1245	2189	3335	4399	5602	6385	7553
0:03:50	30.0	77	165	246	338	548	1251	2219	3321	4419	5600	6439	7544
0:03:55	30.0	79	151	254	338	530	1236	2184	3274	4366	5661	6470	7520
0:04:00	30.0	73	161	253	339	538	1241	2204	3290	4407	5610	6388	7571
0:04:05	30.0	84	174	248	335	533	1229	2179	3290	4400	5611	6424	7433
0:04:10	30.0	75	158	254	329	530	1244	2183	3259	4429	5640	6481	7534
0:04:15	30.0	79	168	251	337	537	1235	2197	3274	4400	5588	6373	7472
0:04:20	30.0	83	159	249	338	522	1193	2188	3285	4344	5578	6354	7531
0:04:25	30.0	78	171	245	334	513	1190	2198	3243	4348	5599	6370	7513
0:04:30	30.0	80	159	252	339	538	1192	2169	3278	4322	5515	6369	7479
0:04:35	30.0	68	160	246	336	535	1210	2168	3246	4379	5587	6423	7455
0:04:40	30.0	75	171	245	330	532	1193	2158	3253	4369	5461	6385	7472
0:04:45	30.0	84	159	240	322	521	1196	2145	3202	4332	5534	6368	7405
0:04:50	30.0	83	163	246	323	516	1191	2130	3216	4241	5501	6334	7457
0:04:55	30.0	76	160	242	322	522	1171	2147	3223	4272	5576	6314	7379
0:05:00	30.0	83	160	235	337	513	1181	2149	3190	4285	5506	6272	7478
0:05:05	30.0	81	153	241	324	513	1161	2122	3257	4270	5530	6337	7462
0:05:10	30.0	84	160	236	311	519	1180	2110	3185	4219	5492	6382	7378
0:05:15	30.0	74	165	238	317	525	1177	2142	3196	4307	5485	6384	7417
0:05:20	30.0	79	161	252	321	508	1162	2079	3199	4275	5456	6274	7442
0:05:25	30.0	84	156	232	321	521	1175	2113	3130	4282	5533	6293	7364
0:05:30	30.0	74	158	241	333	504	1142	2103	3203	4217	5498	6247	7286
0:05:35	30.0	81	153	236	336	504	1154	2094	3127	4204	5469	6230	7300
0:05:40	30.0	82	165	242	320	516	1139	2067	3159	4198	5430	6264	7266
0:05:45	30.0	82	159	238	322	504	1181	2100	3179	4236	5450	6210	7332
0:05:50	30.0	81	155	236	322	514	1161	2082	3152	4233	5415	6171	7441
0:05:55	30.0	83	159	243	304	487	1140	2022	3157	4201	5405	6252	7381
0:06:00	30.0	74	166	238	324	505	1121	2064	3140	4202	5376	6207	7343
0:06:05	30.0	76	152	235	317	511	1134	2069	3143	4189	5389	6210	7303
0:06:10	30.0	81	167	239	321	499	1163	2073	3111	4172	5375	6155	7352
0:06:15	30.0	81	158	231	320	489	1132	2034	3130	4154	5369	6206	7280
0:06:20	30.0	73	153	251	326	500	1122	2029	3120	4138	5429	6217	7266
0:06:25	30.0	78	163	237	314	473	1123	2051	3083	4170	5418	6209	7300
0:06:30	30.0	76	162	229	319	493	1118	2026	3061	4199	5380	6143	7191
0:06:35	30.0	82	153	241	313	498	1146	2059	3139	4161	5430	6154	7276
0:06:40	30.0	82	159	228	314	483	1100	1983	3070	4159	5380	6169	7288
0:06:45	30.0	78	155	224	312	480	1109	2023	3087	4130	5408	6119	7322
0:06:50	30.0	75	144	241	312	479	1123	2034	3061	4106	5359	6097	7314
0:06:55	30.0	74	171	237	304	504	1109	2020	3102	4116	5372	6149	7250
0:07:00	30.0	77	150	233	320	491	1104	2001	3051	4159	5304	6132	7241
0:07:05	30.0	76	152	227	327	480	1102	1989	3050	4102	5297	6160	7195
0:07:10	30.0	81	161	230	326	482	1094	1995	3040	4093	5328	6120	7199
0:07:15	30.0	73	162	225	307	480	1104	1992	3055	4082	5299	6104	7278
0:07:20	30.0	80	155	238	317	480	1104	1986	3039	4103	5376	6170	7195
0:07:25	30.0	80	160	238	314	492	1094	1972	3071	4102	5292	6080	7236
0:07:30	30.0	77	170	235	318	486	1085	1976	3059	4134	5292	6171	7211
0:07:35	30.0	75	148	234	315	477	1090	1957	3023	4099	5246	6072	7213
0:07:40	30.0	87	159	223	313	484	1074	2001	3015	4041	5294	6072	7197
0:07:45	30.0	75	156	235	306	490	1080	1953	2967	4071	5213	6053	7159
0:07:50	30.0	80	152	233	305	497	1089	1977	3027	4034	5261	5990	7175
0:07:55	30.0	78	158	234	320	476	1085	1945	3015	4049	5249	6052	7223
0:08:00	30.0	77	150	235	304	485	1069	1962	3023	4070	5156	6086	7090
0:08:05	30.0	79	163	236	310	479	1090	1962	2985	4019	5251	6017	7146
0:08:10	30.0	80	157	234	311	482	1048	1944	2978	4038	5249	6010	7095
0:08:15	30.0	81	162	235	301	485	1060	1939	2995	4025	5185	5996	7120
0:08:20	30.0	71	155	243	309	480	1065	1924	2980	4040	5185	5962	7149
0:08:25	30.0	75	148	231	310	483	1066	1943	2975	4013	5267	5991	7120
0:08:30	30.0	78	150	223	312	474	1057	1922	2976	4012	5248	5926	7163
0:08:35	30.0	70	159	227	307	487	1050	1935	2955	3972	5218	5961	7003
0:08:40	30.0	76	150	248	311	475	1049	1914	2946	3975	5169	5996	7073
0:08:45	30.0	88	154	233	314	476	1052	1924	2950	4015	5249	5954	7034
0:08:50	30.0	81	155	238	311	491	1054	1913	2942	4007	5156	5963	7151
0:08:55	30.0	87	152	233	305	457	1054	1889	2899	3969	5169	5923	7141
0:09:00	30.0	79	149	233	313	470	1056	1924	2916	3956	5111	5948	6985
0:09:05	30.0	78	158	238	301	476	1034	1951	2931	3990	5179	5969	7038
0:09:10	30.0	76	160	241	308	459	1047	1894	2909	3937	5167	5872	7022
0:09:15	30.0	83	171	229	307	477	1055	1914	2915	3942	5199	5924	6997
0:09:20	30.0	82	154	233	317	471	1038	1890	2883	3956	5088	5912	7088
0:09:25	30.0	84	164	235	306	456	1039	1886	2907	3943	5156	5917	6977
0:09:30	30.0	75	147	233	311	465	1042	1893	2861	3966	5120	5872	6936
0:09:35	30.0	70	164	225	310	482	1031	1889	2915	3945	5051	5844	7064
0:09:40	30.0	78	150	232	316	458	1040	1921	2888	3873	5092	5854	6970
0:09:45	30.0	76	157	227	304	469	1030	1877	2917	3916	5133	5929	7013
0:09:50	30.0	81	159	229	314	473	1036	1880	2872	3903	5088	5934	7013
0:09:55	30.0	74	155	231	310	466	1020	1860	2868	3982	5103	5889	7051
0:10:00	30.0	85	156	226	309	465	1022	1876	2886	3936	5094	5809	6996
0:10:05	30.0	74	155	236	309	472	1016	1845	2869	3894	5041	5857	7088
0:10:10	30.0	81	163	239	310	470	1023	1858	2880	3859	5061	5849	6991
0:10:15	30.0	81	157	235	316	467	1027	1857	2880	3892	5044	5845	6899
0:10:20	30.0	79	163	224	308	459	1019	1888	2840	3827	5069	5783	6881
0:10:25	30.0	79	159	229	315	478	1011	1838	2852	3926	5111	5773	6936
0:10:30	30.0	75	162	231	314	453	1035	1843	2811	3850	5023	5790	6887
0:10:35	30.0	81	158	225	317	459	1020	1827	2823	3849	5073	5839	6945
0:10:40	30.0	81	157	236	309	465	1026	1878	2840	3856	5019	5757	6953
0:10:45	30.0	73	156	226	311	473	1018	1816	2787	3809	5057	5745	6934
0:10:50	30.0	79	156	228	310	471	1006	1844	2861	3815	4978	5772	6951
0:10:55	30.0	82	157	230	301	453	1034	1814	2880	3862	5055	5757	6875
0:11:00	30.0	75	151	227	311	455	1038	1848	2814	3835	5000	5804	6879
0:11:05	30.0	78	152	234	309	453	1017	1818	2831	3816	4950	5800	6823
0:11:10	30.0	81	157	229	303	477	1019	1832	2771	3836	5026	5809	6852
0:11:15	30.0	69	155	235	302	469	1003	1792	2825	3809	4952	5728	6901
0:11:20	30.0	77	154	239	317	469	1007	1825	2814	3812	4983	5738	6869
0:11:25	30.0	76	160	228	314	462	999	1834	2803	3788	4964	5754	6942
0:11:30	30.0	74	153	235	318	455	992	1822	2818	3810	4938	5724	6843
0:11:35	30.0	79	167	223	303	457	1007	1811	2753	3740	5048	5748	6882
0:11:40	30.0	82	156	235	301	458	1011	1811	2821	3808	5000	5647	6798
0:11:45	30.0	84	157	237	299	464	1012	1837	2820	3797	5012	5700	6861
0:11:50	30.0	72	150	224	301	460	1010	1811	2778	3767	4939	5759	6839
0:11:55	30.0	78	156	229	301	469	1002	1796	2765	3795	4885	5683	6842
0:12:00	30.0	79	156	230	306	464	1003	1821	2776	3792	4999	5689	6858
0:12:05	30.0	73	158	236	306	460	994	1799	2769	3779	4887	5773	6784
0:12:10	30.0	72	155	234	313	471	980	1809	2771	3784	4897	5726	6793
0:12:15	30.0	79	156	219	301	458	998	1806	2762	3740	4888	5689	6787
0:12:20	30.0	75	158	228	309	455	1002	1774	2769	3738	4908	5688	6822
0:12:25	30.0	76	152	219	309	458	970	1813	2749	3713	4897	5635	6828
0:12:30	30.0	70	160	235	302	447	985	1816	2727	3763	4912	5724	6758
0:12:35	30.0	81	160	231	299	469	995	1787	2765	3759	4830	5684	6828
0:12:40	30.0	78	155	234	312	473	977	1755	2717	3747	4915	5625	6693
0:12:45	30.0	76	156	226	318	457	994	1792	2744	3760	4858	5640	6867
0:12:50	30.0	84	158	233	314	474	974	1810	2725	3742	4866	5705	6795
0:12:55	30.0	81	155	229	311	468	993	1756	2736	3679	4899	5658	6783
0:13:00	30.0	74	159	236	290	452	995	1802	2718	3736	4864	5614	6765
0:13:05	30.0	79	153	232	310	457	991	1805	2765	3731	4879	5607	6861
0:13:10	30.0	72	162	232	309	451	976	1774	2739	3689	4942	5643	6761
0:13:15	30.0	73	162	238	304	456	956	1789	2726	3725	4859	5656	6727
0:13:20	30.0	81	155	236	305	464	964	1774	2704	3684	4886	5570	6738
0:13:25	30.0	79	153	224	305	445	981	1767	2717	3704	4834	5609	6792
0:13:30	30.0	81	156	236	312	458	981	1770	2738	3634	4854	5588	6699
0:13:35	30.0	76	145	237	311	453	979	1762	2685	3637	4874	5531	6711
0:13:40	30.0	76	157	226	312	459	963	1756	2686	3663	4792	5527	6648
0:13:45	30.0	68	151	233	309	457	965	1773	2688	3691	4851	5602	6741
0:13:50	30.0	86	151	230	299	457	980	1776	2679	3688	4831	5531	6673
0:13:55	30.0	77	154	224	310	458	991	1762	2687	3680	4799	5587	6691
0:14:00	30.0	82	147	227	303	477	966	1758	2675	3658	4889	5570	6671
0:14:05	30.0	75	154	227	304	456	977	1756	2680	3662	4821	5499	6647
0:14:10	30.0	80	146	232	310	458	1001	1755	2678	3682	4820	5504	6640
0:14:15	30.0	76	160	230	311	460	964	1753	2683	3673	4796	5459	6632
0:14:20	30.0	78	151	231	311	460	964	1742	2659	3609	4813	5577	6632
0:14:25	30.0	77	153	242	312	453	964	1744	2700	3656	4763	5580	6697
0:14:30	30.0	80	159	235	303	456	986	1743	2631	3606	4797	5530	6669
0:14:35	30.0	75	158	231	311	459	959	1735	2670	3609	4817	5518	6718
0:14:40	30.0	79	156	230	308	456	979	1729	2676	3663	4744	5515	6699
0:14:45	30.0	79	154	230	308	454	982	1747	2658	3637	4774	5562	6580
0:14:50	30.0	80	157	226	297	452	979	1726	2669	3630	4753	5458	6562
0:14:55	30.0	74	163	229	310	465	955	1717	2668	3612	4703	5518	6546
0:15:00	30.0	77	166	231	307	458	966	1720	2654	3596	4770	5461	6654
0:15:05	30.0	77	154	233	304	450	964	1721	2675	3644	4700	5506	6620
0:15:10	30.0	78	165	227	315	453	947	1717	2657	3626	4725	5481	6625
0:15:15	30.0	72	149	233	315	454	979	1720	2645	3640	4756	5523	6643
0:15:20	30.0	80	152	227	307	463	957	1726	2646	3556	4733	5487	6629
0:15:25	30.0	78	160	233	302	458	965	1720	2663	3603	4704	5501	6591
0:15:30	30.0	83	157	227	312	457	967	1704	2650	3593	4701	5445	6570
0:15:35	30.0	76	156	221	306	452	965	1717	2665	3636	4722	5490	6487
0:15:40	30.0	77	153	236	305	453	967	1728	2655	3574	4750	5452	6576
0:15:45	30.0	78	153	218	310	464	966	1723	2639	3568	4742	5427	6584
0:15:50	30.0	71	146	224	303	460	955	1723	2620	3623	4711	5428	6584
0:15:55	30.0	70	154	226	305	448	955	1696	2615	3593	4651	5519	6543
0:16:00	30.0	75	146	217	304	452	963	1716	2631	3572	4694	5449	6606
0:16:05	30.0	71	154	228	302	459	964	1714	2604	3576	4736	5456	6530
0:16:10	30.1	76	151	233	301	464	967	1691	2647	3530	4659	5455	6547
0:16:15	30.1	74	157	239	309	445	947	1710	2605	3545	4682	5524	6577
0:16:20	30.1	80	143	237	296	452	945	1708	2625	3581	4704	5424	6561
0:16:25	30.1	81	160	237	303	448	950	1682	2585	3556	4679	5443	6505
0:16:30	30.0	77	153	230	306	437	949	1694	2615	3562	4719	5374	6433
0:16:35	30.0	78	156	235	309	460	967	1668	2604	3567	4660	5434	6543
0:16:40	30.1	75	151	225	293	465	950	1697	2571	3536	4676	5421	6529
0:16:45	30.1	74	160	228	301	458	961	1701	2575	3554	4642	5459	6500
0:16:50	30.1	76	146	228	300	452	948	1710	2605	3496	4640	5438	6432
0:16:55	30.1	86	158	231	304	442	957	1698	2587	3495	4663	5407	6513
0:17:00	30.1	74	146	233	305	458	968	1687	2598	3547	4691	5387	6480
0:17:05	30.1	79	154	227	306	450	955	1683	2595	3575	4666	5431	6482
0:17:10	30.1	74	151	230	297	451	942	1681	2581	3529	4664	5372	6462
0:17:15	30.1	79	150	232	307	455	961	1684	2579	3486	4627	5380	6448
0:17:20	30.1	77	150	221	304	449	957	1675	2593	3527	4612	5370	6476
0:17:25	30.1	76	152	228	302	459	958	1688	2580	3544	4603	5346	6469
0:17:30	30.1	74	151	238	303	453	947	1668	2595	3536	4638	5368	6426
0:17:35	30.1	81	167	224	316	456	945	1685	2577	3500	4627	5376	6424
0:17:40	30.1	75	153	227	296	441	948	1693	2592	3518	4587	5272	6415
0:17:45	30.1	78	154	225	298	457	957	1694	2574	3514	4668	5375	6459
0:17:50	30.1	75	151	222	311	445	933	1684	2572	3466	4598	5311	6437
0:17:55	30.1	82	160	224	310	452	963	1676	2554	3494	4621	5315	6426
0:18:00	30.1	77	163	225	298	460	944	1655	2570	3494	4623	5376	6444
0:18:05	30.1	75	150	245	299	452	943	1668	2592	3531	4648	5373	6476
0:18:10	30.1	74	146	218	312	458	965	1676	2582	3482	4585	5307	6391
0:18:15	30.1	77	153	239	306	458	953	1687	2571	3507	4603	5349	6501
0:18:20	30.1	74	149	225	310	448	960	1669	2541	3473	4604	5397	6395
0:18:25	30.1	80	161	220	305	448	940	1676	2530	3516	4654	5276	6393
0:18:30	30.1	82	159	222	306	455	960	1685	2560	3457	4637	5310	6455
0:18:35	30.1	81	154	225	314	452	939	1648	2545	3474	4556	5297	6398
0:18:40	30.1	76	155	226	308	457	947	1684	2528	3484	4567	5275	6443
0:18:45	30.1	77	152	220	290	450	945	1692	2563	3527	4607	5335	6414
0:18:50	30.1	76	161	227	302	444	927	1668	2519	3451	4534	5282	6388
0:18:55	30.1	78	151	233	302	455	963	1666	2564	3457	4527	5301	6436
0:19:00	30.1	83	154	236	309	440	944	1673	2571	3520	4528	5303	6340
0:19:05	30.1	79	155	231	304	459	939	1687	2554	3422	4562	5254	6397
0:19:10	30.1	73	148	230	291	453	943	1649	2498	3433	4550	5281	6308
0:19:15	30.1	83	154	224	297	430	945	1660	2536	3456	4591	5298	6390
0:19:20	30.1	76	155	222	296	445	941	1664	2528	3416	4530	5300	6330
0:19:25	30.1	87	147	230	304	460	967	1658	2550	3453	4544	5290	6399
0:19:30	30.1	79	158	227	320	445	931	1652	2521	3501	4557	5245	6364
0:19:35	30.1	83	164	238	305	445	923	1668	2531	3469	4519	5257	6346
0:19:40	30.1	80	143	226	293	447	941	1680	2541	3460	4545	5267	6367
0:19:45	30.1	71	158	234	309	443	941	1658	2506	3449	4502	5270	6365
0:19:50	30.1	70	149	224	295	454	949	1670	2522	3429	4561	5265	6347
0:19:55	30.1	76	151	225	299	461	943	1638	2546	3441	4550	5203	6301
0:20:00	30.1	77	152	221	311	454	940	1638	2523	3409	4531	5209	6301
0:20:05	30.1	76	152	232	301	464	931	1640	2549	3410	4553	5302	6292
0:20:10	30.1	74	154	240	302	453	942	1641	2521	3431	4524	5199	6314
0:20:15	30.1	76	155	234	306	450	925	1663	2534	3439	4480	5209	6296
0:20:20	30.1	73	147	233	312	452	922	1661	2517	3423	4491	5267	6327
0:20:25	30.1	80	153	224	295	448	937	1630	2470	3399	4465	5207	6320
0:20:30	30.1	84	160	233	304	452	944	1643	2533	3391	4472	5190	6327
0:20:35	30.1	85	153	230	313	447	920	1647	2503	3377	4471	5197	6292
0:20:40	30.1	75	146	222	300	451	940	1653	2525	3390	4481	5209	6268
0:20:45	30.1	73	154	224	300	448	931	1631	2493	3395	4501	5201	6375
0:20:50	30.1	81	150	227	296	441	944	1657	2537	3378	4473	5138	6324
0:20:55	30.1	84	142	229	292	450	923	1645	2514	3418	4496	5149	6233
0:21:00	30.1	81	143	217	295	440	925	1647	2501	3439	4557	5161	6215
0:21:05	30.1	82	157	228	297	449	936	1659	2461	3397	4506	5182	6205
0:21:10	30.1	73	145	231	302	452	931	1653	2475	3354	4499	5170	6253
0:21:15	30.1	72	157	222	313	437	933	1662	2489	3357	4500	5182	6240
0:21:20	30.1	78	161	232	296	454	930	1623	2508	3362	4499	5124	6283
0:21:25	30.1	81	146	231	296	453	918	1623	2471	3373	4454	5205	6255
0:21:30	30.1	71	158	224	293	451	943	1625	2522	3401	4481	5146	6223
0:21:35	30.1	80	146	230	301	443	939	1661	2487	3390	4403	5151	6205
0:21:40	30.1	73	150	212	295	460	917	1642	2498	3400	4438	5142	6192
0:21:45	30.1	79	167	215	307	448	928	1657	2489	3403	4424	5141	6269
0:21:50	30.1	74	155	231	296	445	921	1662	2490	3372	4425	5112	6195
0:21:55	30.1	78	149	234	303	451	952	1642	2484	3350	4468	5151	6185
0:22:00	30.1	74	152	225	301	450	910	1609	2453	3359	4471	5168	6193
0:22:05	30.1	87	157	230	303	450	929	1640	2527	3379	4423	5139	6184
0:22:10	30.1	81	157	225	305	443	932	1662	2480	3350	4450	5159	6188
0:22:15	30.1	73	157	231	299	454	935	1633	2485	3354	4386	5121	6204
0:22:20	30.1	78	150	219	292	450	925	1640	2476	3375	4394	5147	6196
0:22:25	30.1	79	152	229	307	438	931	1604	2449	3350	4435	5163	6218
0:22:30	30.1	79	161	225	302	437	926	1641	2452	3413	4415	5136	6137
0:22:35	30.1	77	144	221	307	452	916	1656	2482	3346	4368	5124	6256
0:22:40	30.1	77	149	218	312	445	917	1636	2502	3327	4428	5138	6174
0:22:45	30.1	78	155	236	298	448	916	1641	2472	3377	4408	5116	6180
0:22:50	30.1	73	148	233	288	444	930	1631	2488	3390	4425	5172	6192
0:22:55	30.1	80	150	218	311	445	921	1610	2486	3338	4429	5143	6203
0:23:00	30.1	76	142	236	296	449	913	1625	2441	3356	4380	5048	6192
0:23:05	30.1	76	146	225	295	433	945	1624	2483	3355	4356	5086	6129
0:23:10	30.1	77	157	219	305	454	939	1639	2438	3379	4443	5093	6148
0:23:15	30.1	79	158	225	308	442	935	1648	2441	3333	4402	5090	6251
0:23:20	30.1	72	150	228	296	459	921	1599	2457	3340	4395	5078	6155
0:23:25	30.1	72	147	231	298	445	926	1644	2457	3312	4382	5122	6157
0:23:30	30.1	75	144	241	313	437	928	1618	2473	3325	4406	5075	6112
0:23:35	30.1	79	154	222	307	452	931	1608	2451	3349	4377	5122	6149
0:23:40	30.1	75	149	228	310	446	940	1612	2469	3325	4411	5052	6133
0:23:45	30.1	81	162	223	297	435	932	1620	2441	3334	4342	4998	6061
0:23:50	30.1	75	154	231	301	441	922	1631	2449	3333	4420	5067	6213
0:23:55	30.1	77	158	227	294	442	938	1585	2398	3384	4368	5073	6128
0:24:00	30.1	79	160	218	305	449	944	1638	2435	3327	4394	5088	6166
0:24:05	30.1	77	152	214	306	440	935	1600	2492	3335	4348	5057	6120
0:24:10	30.1	78	152	235	308	444	921	1627	2425	3348	4341	5022	6117
0:24:15	30.1	75	154	224	298	458	919	1610	2417	3350	4386	5112	6144
0:24:20	30.1	75	140	231	304	443	939	1626	2413	3321	4393	5058	6115
0:24:25	30.1	72	154	222	299	453	911	1598	2442	3302	4316	5046	6111
0:24:30	30.1	77	152	219	299	454	933	1616	2441	3283	4356	5070	6099
0:24:35	30.1	73	146	232	288	436	928	1604	2457	3288	4332	5051	6112
0:24:40	30.1	80	160	218	299	447	922	1600	2446	3296	4378	5076	6061
0:24:45	30.1	76	154	221	299	447	908	1611	2420	3319	4410	5040	6057
0:24:50	30.1	78	152	218	303	451	931	1596	2430	3298	4297	5075	6099
0:24:55	30.1	70	149	223	293	440	935	1557	2423	3306	4314	4972	6054
0:25:00	30.1	81	152	224	288	441	934	1594	2430	3258	4368	5033	6041
0:25:05	30.1	73	148	220	300	438	923	1601	2464	3320	4290	5012	6029
0:25:10	30.1	73	150	225	296	455	914	1614	2419	3263	4316	5047	6092
0:25:15	30.1	82	149	221	296	437	921	1614	2423	3292	4335	5021	6063
0:25:20	30.1	71	152	226	295	439	942	1582	2432	3311	4287	5023	6033
0:25:25	30.1	73	152	221	318	441	924	1602	2428	3244	4331	4976	6052
0:25:30	30.1	79	158	224	295	444	919	1592	2420	3254	4287	4976	5998
0:25:35	30.1	82	151	224	308	452	904	1601	2421	3283	4330	4992	6027
0:25:40	30.1	67	158	219	299	440	935	1608	2414	3256	4266	5040	6015
0:25:45	30.1	75	146	222	297	436	913	1635	2409	3268	4245	4976	5959
0:25:50	30.1	82	144	226	294	442	903	1622	2414	3268	4300	4971	6045
0:25:55	30.1	73	152	222	300	449	915	1607	2395	3270	4284	5006	5959
0:26:00	30.1	70	147	232	291	443	909	1604	2420	3243	4277	5043	6052
0:26:05	30.1	75	150	230	306	446	915	1604	2416	3291	4324	4991	6000
0:26:10	30.1	75	151	222	296	437	910	1600	2413	3266	4297	4946	6001
0:26:15	30.1	76	155	221	307	435	928	1573	2387	3248	4315	4943	6000
0:26:20	30.1	79	158	228	303	437	907	1615	2411	3258	4356	4921	5988
0:26:25	30.1	79	145	237	299	442	934	1587	2412	3273	4262	5058	5921
0:26:30	30.1	76	145	223	283	443	917	1607	2456	3230	4269	4983	6049
0:26:35	30.1	83	159	225	295	445	909	1575	2398	3251	4286	4947	6019
0:26:40	30.1	75	150	222	308	444	905	1608	2363	3321	4247	4929	5978
0:26:45	30.1	73	153	223	297	442	911	1581	2386	3212	4287	4954	6054
0:26:50	30.1	74	147	227	293	443	906	1596	2396	3261	4298	4973	6018
0:26:55	30.1	73	149	230	292	449	924	1599	2418	3292	4286	4981	5965
0:27:00	30.1	80	149	210	301	451	914	1586	2392	3257	4267	4960	6001
0:27:05	30.1	77	155	232	300	445	906	1572	2374	3236	4262	4973	5975
0:27:10	30.1	76	149	229	287	440	917	1592	2395	3227	4249	4936	5956
0:27:15	30.1	73	157	221	289	436	918	1596	2400	3204	4280	4940	5946
0:27:20	30.1	73	154	227	295	441	906	1565	2389	3277	4316	4905	5900
0:27:25	30.1	75	144	226	294	437	913	1586	2383	3233	4235	4940	5962
0:27:30	30.1	78	159	222	292	447	905	1579	2406	3225	4273	4921	6008
0:27:35	30.1	80	148	222	298	438	913	1607	2365	3254	4266	4959	5907
0:27:40	30.1	81	153	218	290	460	902	1576	2404	3246	4306	4941	5932
0:27:45	30.1	77	155	229	308	446	913	1592	2407	3226	4243	4914	5935
0:27:50	30.1	83	149	233	298	447	918	1581	2411	3241	4235	4940	5936
0:27:55	30.1	70	154	231	308	447	911	1551	2404	3246	4256	4868	5929
0:28:00	30.1	74	149	217	300	448	913	1588	2394	3181	4265	4891	5945
0:28:05	30.1	67	152	218	297	435	919	1581	2373	3227	4277	4893	5930
0:28:10	30.1	78	157	216	283	437	908	1594	2352	3232	4244	4882	5926
0:28:15	30.1	77	152	230	295	442	904	1605	2382	3186	4203	4892	5933
0:28:20	30.1	84	150	223	307	443	910	1593	2370	3211	4220	4884	5886
0:28:25	30.1	79	149	229	299	449	891	1600	2371	3241	4248	4894	5954
0:28:30	30.1	73	146	227	304	446	926	1561	2384	3198	4222	4894	5923
0:28:35	30.1	87	154	225	303	439	922	1580	2369	3219	4227	4914	5940
0:28:40	30.1	73	148	235	291	439	898	1587	2372	3248	4261	4892	5871
0:28:45	30.1	79	157	211	296	447	925	1596	2368	3213	4235	4858	5881
0:28:50	30.1	74	158	221	297	437	899	1586	2401	3227	4221	4902	5969
0:28:55	30.1	76	151	229	306	424	916	1591	2374	3240	4246	4896	5896
0:29:00	30.1	78	155	228	288	435	913	1569	2403	3226	4197	4874	5917
0:29:05	30.1	70	149	211	302	427	926	1575	2371	3193	4189	4864	5872
0:29:10	30.1	73	158	220	299	437	909	1573	2370	3182	4208	4861	5839
0:29:15	30.1	74	155	224	284	453	912	1549	2357	3240	4222	4890	5850
0:29:20	30.1	74	149	225	300	438	889	1580	2386	3218	4241	4877	5926
0:29:25	30.1	77	147	220	289	449	907	1591	2365	3210	4205	4896	5836
0:29:30	30.1	73	140	213	304	445	909	1586	2362	3211	4170	4886	5924
0:29:35	30.1	78	148	225	298	439	919	1586	2344	3216	4184	4864	5951
0:29:40	30.1	69	142	222	289	451	919	1565	2351	3241	4177	4892	5825
0:29:45	30.1	79	154	228	300	430	914	1566	2362	3186	4180	4811	5869
0:29:50	30.1	76	149	226	294	443	905	1601	2368	3201	4220	4786	5846
0:29:55	30.1	80	150	217	304	446	911	1598	2390	3206	4202	4857	5837
0:30:00	30.1	76	145	219	288	430	905	1575	2354	3166	4210	4824	5845
0:30:05	30.1	73	144	221	299	442	927	1572	2369	3209	4205	4826	5867
0:30:10	30.1	72	146	219	291	435	903	1578	2348	3187	4175	4888	5945
0:30:15	30.1	83	144	215	290	433	926	1562	2366	3193	4187	4871	5776
0:30:20	30.1	77	148	218	291	439	897	1574	2347	3209	4163	4870	5850
0:30:25	30.1	78	145	219	295	442	919	1572	2373	3171	4184	4805	5845
0:30:30	30.1	73	152	235	296	434	919	1572	2362	3172	4225	4858	5844
0:30:35	30.1	82	152	213	302	430	902	1555	2360	3168	4187	4845	5834
0:30:40	30.1	74	146	223	294	442	903	1577	2335	3202	4236	4798	5809
0:30:45	30.1	78	148	220	292	448	909	1579	2354	3178	4219	4845	5851
0:30:50	30.1	74	157	219	290	434	899	1561	2351	3215	4140	4875	5775
0:30:55	30.1	71	148	217	303	434	904	1566	2347	3211	4150	4824	5819
0:31:00	30.1	70	143	216	296	438	925	1609	2344	3162	4148	4853	5828
0:31:05	30.1	75	151	217	298	443	917	1553	2385	3219	4165	4802	5821
0:31:10	30.1	85	144	225	299	444	912	1575	2339	3230	4149	4828	5819
0:31:15	30.1	75	150	227	294	432	914	1567	2346	3166	4168	4825	5748
0:31:20	30.1	83	151	217	289	438	910	1563	2328	3123	4131	4856	5818
0:31:25	30.1	80	144	216	292	448	906	1590	2336	3194	4171	4792	5776
0:31:30	30.1	76	155	218	290	441	916	1578	2339	3143	4209	4806	5773
0:31:35	30.1	77	150	236	305	446	915	1564	2368	3152	4131	4810	5789
0:31:40	30.1	76	147	229	303	432	877	1565	2338	3202	4165	4817	5811
0:31:45	30.1	74	152	233	294	441	924	1560	2356	3173	4123	4798	5815
0:31:50	30.1	86	147	218	297	429	901	1556	2331	3191	4165	4834	5828
0:31:55	30.1	76	155	233	299	434	916	1553	2345	3158	4112	4800	5810
0:32:00	30.1	83	148	218	301	424	913	1550	2364	3195	4141	4810	5742
0:32:05	30.1	74	142	219	301	427	903	1558	2327	3169	4115	4851	5761
0:32:10	30.1	78	153	224	298	455	921	1555	2370	3169	4163	4767	5756
0:32:15	30.1	68	151	222	303	436	909	1570	2370	3189	4127	4816	5837
0:32:20	30.1	77	155	227	289	435	915	1572	2344	3183	4140	4792	5727
0:32:25	30.1	71	148	211	296	452	912	1560	2333	3173	4129	4775	5766
0:32:30	30.1	78	154	221	293	440	906	1550	2357	3176	4139	4800	5778
0:32:35	30.1	73	145	227	295	449	893	1557	2337	3168	4100	4799	5787
0:32:40	30.1	72	148	219	306	437	909	1563	2327	3135	4148	4831	5735
0:32:45	30.1	71	147	218	302	426	904	1549	2354	3203	4146	4804	5781
0:32:50	30.1	70	145	223	296	440	901	1574	2343	3174	4139	4763	5689
0:32:55	30.2	73	154	214	302	451	919	1561	2312	3127	4136	4800	5767
0:33:00	30.1	77	144	216	293	435	908	1553	2306	3144	4157	4789	5774
0:33:05	30.1	76	156	227	301	443	907	1543	2347	3165	4111	4782	5680
0:33:10	30.1	71	147	218	298	441	912	1562	2358	3166	4148	4787	5754
0:33:15	30.1	78	138	217	302	438	896	1566	2340	3133	4117	4754	5752
0:33:20	30.1	77	152	218	295	431	903	1571	2347	3152	4130	4721	5748
0:33:25	30.1	70	138	216	296	441	908	1564	2340	3109	4085	4789	5727
0:33:30	30.1	75	152	225	296	438	926	1545	2292	3117	4164	4799	5725
0:33:35	30.1	72	145	214	294	435	912	1534	2350	3177	4112	4792	5692
0:33:40	30.1	75	149	225	298	447	928	1543	2317	3145	4132	4749	5743
0:33:45	30.1	74	156	224	289	432	917	1550	2341	3147	4147	4768	5710
0:33:50	30.1	75	140	221	296	436	906	1545	2317	3139	4085	4771	5741
0:33:55	30.1	76	149	213	293	438	911	1558	2319	3188	4123	4733	5745
0:34:00	30.1	76	159	219	296	446	901	1571	2303	3144	4105	4756	5722
0:34:05	30.1	70	143	223	292	442	901	1573	2313	3134	4109	4773	5788
0:34:10	30.1	76	149	214	288	440	889	1577	2326	3124	4073	4774	5736
0:34:15	30.1	80	160	212	288	450	895	1550	2362	3123	4087	4795	5764
0:34:20	30.1	69	152	228	296	452	895	1536	2313	3157	4102	4751	5669
0:34:25	30.1	79	151	212	279	439	876	1550	2320	3136	4113	4793	5681
0:34:30	30.1	86	146	219	300	441	902	1555	2351	3096	4084	4755	5746
0:34:35	30.1	76	148	218	291	443	917	1556	2339	3151	4075	4781	5736
0:34:40	30.1	76	144	211	292	433	890	1569	2325	3143	4096	4722	5696
0:34:45	30.1	74	145	223	274	429	898	1574	2333	3129	4155	4739	5696
0:34:50	30.1	78	150	217	287	430	937	1572	2318	3175	4071	4779	5736
0:34:55	30.1	75	152	228	289	433	895	1535	2326	3112	4081	4745	5734
0:35:00	30.1	79	157	218	286	433	913	1541	2287	3112	4126	4722	5712
0:35:05	30.1	69	145	218	296	441	923	1540	2310	3118	4051	4742	5722
0:35:10	30.1	79	148	223	289	446	918	1568	2299	3142	4052	4744	5680
0:35:15	30.1	78	146	213	290	429	906	1570	2323	3087	4072	4669	5719
0:35:20	30.1	76	147	216	288	419	907	1588	2372	3111	4117	4731	5706
0:35:25	30.1	79	147	222	288	440	890	1536	2317	3058	4107	4763	5675
0:35:30	30.1	70	155	221	289	427	897	1566	2315	3106	4117	4722	5687
0:35:35	30.1	71	147	221	292	427	897	1564	2302	3122	4106	4729	5650
0:35:40	30.1	74	147	216	294	446	897	1585	2313	3132	4098	4679	5751
0:35:45	30.1	75	143	219	285	429	916	1548	2315	3118	4065	4700	5710
0:35:50	30.1	75	144	218	296	432	892	1561	2334	3141	4043	4680	5719
0:35:55	30.1	72	158	214	295	448	892	1563	2324	3092	4098	4703	5646
0:36:00	30.1	63	159	220	288	435	903	1554	2342	3144	4112	4655	5587
0:36:05	30.1	75	156	218	289	443	903	1558	2332	3122	4062	4688	5634
0:36:10	30.1	62	146	226	294	434	912	1571	2318	3111	4134	4686	5646
0:36:15	30.1	75	158	223	293	452	907	1550	2324	3131	4082	4680	5673
0:36:20	30.1	80	149	215	282	442	898	1548	2317	3137	4084	4698	5655
0:36:25	30.1	77	152	216	293	431	887	1550	2321	3067	4082	4751	5681
0:36:30	30.1	78	148	208	278	430	901	1569	2312	3103	4059	4723	5681
0:36:35	30.1	75	154	213	292	446	902	1557	2277	3095	4065	4714	5693
0:36:40	30.1	75	154	223	292	432	898	1561	2327	3164	4050	4701	5693
0:36:45	30.1	78	150	214	297	438	876	1539	2327	3094	4079	4699	5641
0:36:50	30.1	75	146	217	295	437	899	1563	2339	3131	4081	4813	5682
0:36:55	30.1	80	150	212	277	428	892	1553	2308	3111	3998	4703	5716
0:37:00	30.1	73	153	222	293	434	891	1542	2293	3065	4087	4666	5657
0:37:05	30.1	77	145	224	291	433	917	1537	2357	3136	4076	4697	5677
0:37:10	30.1	73	149	219	289	428	876	1546	2323	3098	4086	4725	5667
0:37:15	30.1	74	153	221	300	439	908	1553	2345	3059	4085	4717	5664
0:37:20	30.1	78	146	226	303	443	895	1545	2297	3093	4053	4672	5683
0:37:25	30.1	67	146	227	282	438	905	1555	2303	3145	4081	4689	5670
0:37:30	30.1	79	149	225	284	428	897	1536	2323	3142	4099	4636	5642
0:37:35	30.1	68	151	220	293	434	898	1562	2278	3095	4117	4680	5610
0:37:40	30.1	71	148	217	289	440	903	1558	2308	3116	4034	4712	5671
0:37:45	30.1	75	146	220	289	430	899	1531	2300	3100	4047	4662	5619
0:37:50	30.1	73	148	225	288	435	906	1555	2308	3115	4019	4657	5656
0:37:55	30.1	81	142	219	284	440	902	1542	2347	3113	4078	4633	5604
0:38:00	30.1	86	150	224	292	429	889	1541	2322	3110	4018	4676	5670
0:38:05	30.1	68	142	218	298	427	892	1518	2305	3071	4061	4722	5596
0:38:10	30.1	79	147	212	295	436	896	1550	2279	3126	4056	4735	5665
0:38:15	30.1	68	147	216	297	423	895	1522	2333	3062	4058	4730	5621
0:38:20	30.1	80	141	218	292	425	874	1547	2325	3104	4058	4658	5636
0:38:25	30.1	74	149	226	295	422	879	1530	2301	3078	4047	4675	5650
0:38:30	30.1	76	143	219	293	420	899	1537	2295	3118	4081	4704	5646
0:38:35	30.1	81	149	218	293	434	901	1565	2325	3104	4091	4665	5615
0:38:40	30.1	72	146	224	289	435	897	1570	2305	3137	4066	4695	5638
0:38:45	30.1	83	155	219	290	432	899	1528	2306	3114	4033	4656	5587
0:38:50	30.1	74	147	231	297	428	905	1520	2308	3068	4023	4628	5630
0:38:55	30.1	76	151	217	298	428	904	1564	2304	3078	4054	4702	5625
0:39:00	30.1	79	152	224	299	423	887	1559	2312	3096	4033	4699	5584
0:39:05	30.1	77	153	227	293	434	890	1546	2322	3106	4043	4663	5592
0:39:10	30.1	74	148	226	288	431	895	1554	2299	3060	4071	4622	5601
0:39:15	30.1	74	150	219	282	445	926	1547	2325	3117	4043	4700	5606
0:39:20	30.1	75	147	224	296	428	877	1535	2316	3114	4022	4651	5587
0:39:25	30.1	69	147	215	297	432	901	1550	2324	3080	4015	4655	5568
0:39:30	30.1	79	146	213	295	436	890	1554	2299	3131	4082	4666	5627
0:39:35	30.1	78	148	207	289	439	899	1549	2318	3105	4028	4638	5657
0:39:40	30.1	70	145	221	294	441	864	1535	2315	3077	4028	4629	5612
0:39:45	30.1	68	157	222	288	442	885	1529	2305	3044	3993	4700	5573
0:39:50	30.1	73	158	213	304	435	881	1555	2286	3088	3996	4603	5597
0:39:55	30.1	67	155	220	299	447	895	1571	2298	3069	4021	4626	5631
0:40:00	30.1	74	147	216	286	433	894	1531	2288	3064	4045	4633	5636
0:40:05	30.1	75	154	225	292	435	897	1526	2281	3090	4032	4680	5633
0:40:10	30.1	70	139	214	286	447	910	1571	2299	3118	3979	4699	5579
0:40:15	30.1	70	145	216	289	436	874	1532	2292	3107	4034	4624	5609
0:40:20	30.1	76	153	225	287	429	910	1547	2276	3106	3981	4676	5582
0:40:25	30.1	72	153	217	290	437	902	1564	2287	3098	4020	4681	5617
0:40:30	30.1	74	152	221	297	434	910	1548	2315	3077	4043	4649	5591
0:40:35	30.1	78	148	210	294	444	881	1552	2305	3070	4039	4623	5564
0:40:40	30.1	73	145	215	285	426	896	1549	2265	3101	3983	4631	5619
0:40:45	30.1	84	153	233	292	431	889	1521	2315	3126	4038	4636	5614
0:40:50	30.1	78	150	218	284	439	871	1520	2274	3061	3987	4627	5507
0:40:55	30.1	74	141	205	294	428	897	1560	2275	3089	4083	4644	5541
0:41:00	30.1	78	140	215	282	428	908	1539	2276	3091	4001	4645	5549
0:41:05	30.1	72	152	218	297	433	910	1551	2298	3083	4034	4704	5575
0:41:10	30.1	73	152	216	290	431	895	1528	2284	3121	4025	4636	5563
0:41:15	30.1	74	152	218	286	434	910	1530	2274	3085	4016	4674	5553
0:41:20	30.1	70	143	218	293	446	893	1515	2282	3087	4016	4614	5532
0:41:25	30.1	76	143	208	282	426	887	1524	2349	3120	4019	4636	5582
0:41:30	30.1	73	152	221	293	437	898	1546	2282	3082	4020	4654	5587
0:41:35	30.1	81	152	213	287	425	879	1524	2281	3070	4031	4603	5481
0:41:40	30.1	73	146	230	293	427	887	1526	2301	3095	4043	4662	5487
0:41:45	30.1	71	148	213	286	432	899	1545	2302	3093	3998	4664	5576
0:41:50	30.1	74	149	229	294	437	892	1531	2310	3063	4007	4621	5554
0:41:55	30.1	75	147	223	287	423	867	1543	2310	3089	3990	4634	5565
0:42:00	30.1	77	150	227	293	431	897	1538	2291	3066	3979	4627	5561
0:42:05	30.1	79	152	206	294	428	883	1548	2283	3022	3998	4606	5480
0:42:10	30.1	77	147	221	279	427	903	1524	2286	3043	4039	4626	5561
0:42:15	30.1	74	153	222	290	441	896	1542	2288	3097	4030	4668	5531
0:42:20	30.1	78	151	212	286	436	892	1532	2317	3080	3971	4601	5545
0:42:25	30.1	73	139	215	288	434	891	1545	2300	3089	3990	4611	5531
0:42:30	30.1	76	146	216	296	438	902	1534	2302	3118	3984	4579	5577
0:42:35	30.1	68	144	213	289	433	905	1550	2302	3032	4029	4630	5526
0:42:40	30.1	70	145	222	290	436	887	1548	2303	3051	4008	4649	5504
0:42:45	30.1	72	150	219	294	420	871	1526	2251	3075	3988	4604	5499
0:42:50	30.1	67	144	214	285	437	880	1523	2276	3087	4022	4667	5512
0:42:55	30.1	71	152	217	284	433	886	1550	2276	3077	4023	4614	5606
0:43:00	30.1	75	148	207	289	438	894	1552	2284	3077	3988	4609	5503
0:43:05	30.1	75	139	215	282	430	883	1535	2285	3071	4030	4650	5474
0:43:10	30.1	73	150	233	285	450	902	1553	2280	3063	3955	4606	5497
0:43:15	30.1	77	141	226	299	423	886	1542	2287	3077	3974	4568	5491
0:43:20	30.1	75	150	218	300	429	896	1540	2286	3069	4048	4550	5468
0:43:25	30.1	74	151	217	303	432	892	1546	2272	3090	4008	4644	5540
0:43:30	30.1	73	143	223	298	429	890	1553	2315	3079	3972	4594	5527
0:43:35	30.1	82	143	216	292	447	896	1534	2295	3054	3990	4665	5500
0:43:40	30.1	76	151	223	284	438	898	1537	2262	3069	3978	4606	5572
0:43:45	30.1	76	144	215	292	441	890	1535	2274	3088	3993	4612	5531
0:43:50	30.1	79	141	214	282	430	893	1545	2313	3026	3989	4610	5542
0:43:55	30.1	76	147	214	298	437	889	1521	2299	3063	3943	4570	5517
0:44:00	30.1	68	155	221	294	427	905	1532	2270	3055	4007	4537	5445
0:44:05	30.1	70	148	229	297	423	902	1553	2293	3041	3976	4590	5503
0:44:10	30.1	71	146	211	284	446	916	1494	2333	3044	3962	4593	5516
0:44:15	30.1	73	152	218	294	428	912	1528	2290	3087	3978	4598	5563
0:44:20	30.1	76	145	228	289	430	876	1552	2319	3026	4021	4603	5560
0:44:25	30.1	72	145	215	297	436	894	1533	2291	3052	4043	4561	5521
0:44:30	30.1	82	154	210	295	428	904	1552	2286	3070	3967	4625	5467
0:44:35	30.1	76	152	220	284	436	891	1534	2277	3103	4000	4603	5516
0:44:40	30.1	70	147	226	290	448	890	1525	2267	3060	3969	4618	5503
0:44:45	30.1	72	147	217	291	434	885	1523	2286	3072	3962	4621	5505
0:44:50	30.1	76	146	216	304	421	896	1548	2340	3050	3967	4608	5497
0:44:55	30.1	72	149	217	292	430	901	1519	2285	3072	3964	4635	5512
0:45:00	30.1	74	141	231	289	422	883	1525	2266	3054	3950	4599	5539
0:45:05	30.1	80	152	219	290	438	910	1523	2297	3023	3977	4574	5472
0:45:10	30.1	74	142	226	287	442	882	1518	2291	3015	3985	4652	5462
0:45:15	30.1	75	150	214	290	434	900	1527	2273	3082	4013	4575	5474
0:45:20	30.1	71	138	223	285	432	892	1548	2265	3053	3967	4604	5496
0:45:25	30.1	76	152	220	281	428	889	1547	2284	3058	3983	4564	5446
0:45:30	30.1	68	152	222	288	436	905	1537	2276	3066	3995	4605	5448
0:45:35	30.1	76	142	223	290	429	900	1539	2247	3078	3947	4558	5467
0:45:40	30.1	72	138	223	297	434	885	1560	2258	3056	4019	4619	5429
0:45:45	30.1	80	158	217	286	425	874	1536	2289	3063	3939	4584	5480
0:45:50	30.1	66	138	212	287	430	916	1543	2270	3056	3941	4601	5430
0:45:55	30.1	77	146	216	294	420	926	1515	2289	3086	3993	4561	5468
0:46:00	30.1	72	145	221	267	439	899	1548	2263	3092	3959	4608	5522
0:46:05	30.1	73	144	218	289	433	911	1515	2259	3022	3930	4541	5493
0:46:10	30.1	78	153	217	293	434	903	1514	2300	3069	3879	4604	5511
0:46:15	30.1	74	146	223	290	432	886	1545	2279	3055	3965	4599	5503
0:46:20	30.1	76	148	221	295	433	900	1539	2276	3042	3946	4559	5454
0:46:25	30.1	72	153	221	287	433	891	1537	2280	3020	3946	4570	5416
0:46:30	30.1	66	150	225	290	436	897	1507	2290	3027	3948	4563	5499
0:46:35	30.1	74	150	222	287	427	906	1542	2282	3058	3924	4517	5432
0:46:40	30.1	78	148	223	282	425	908	1552	2280	3038	3952	4620	5475
0:46:45	30.1	72	147	223	285	425	892	1527	2251	3041	4004	4548	5445
0:46:50	30.1	76	155	223	292	430	885	1502	2300	2998	3944	4579	5431
0:46:55	30.1	78	154	216	284	425	895	1558	2284	3044	3933	4615	5469
0:47:00	30.1	73	151	223	287	435	893	1532	2258	3017	3945	4580	5465
0:47:05	30.1	75	150	212	294	426	906	1537	2273	3050	3985	4543	5481
0:47:10	30.1	71	134	220	289	427	880	1557	2280	3022	3957	4595	5405
0:47:15	30.1	73	151	220	295	413	894	1526	2289	3036	4011	4546	5466
0:47:20	30.1	72	151	206	286	434	870	1516	2303	3020	3940	4529	5468
0:47:25	30.1	75	150	216	297	427	884	1533	2287	3073	3952	4567	5360
0:47:30	30.1	75	145	214	288	438	873	1538	2282	3057	3981	4582	5515
0:47:35	30.1	71	139	222	281	420	882	1535	2323	3062	3982	4574	5448
0:47:40	30.1	71	136	225	272	426	877	1521	2262	3034	3954	4549	5474
0:47:45	30.1	71	148	211	295	428	904	1536	2274	3013	3930	4586	5439
0:47:50	30.1	69	145	217	287	428	889	1528	2287	3051	3928	4633	5439
0:47:55	30.1	82	147	210	289	435	894	1520	2276	3024	3927	4567	5463
0:48:00	30.1	77	149	220	291	420	886	1538	2273	3027	3904	4537	5406
0:48:05	30.1	81	142	222	293	431	887	1523	2296	3035	3932	4540	5426
0:48:10	30.1	79	147	214	288	436	876	1538	2291	3057	3936	4543	5445
0:48:15	30.1	71	153	220	291	427	884	1525	2276	3087	3962	4562	5441
0:48:20	30.1	78	145	212	280	425	888	1523	2257	3021	3933	4541	5459
0:48:25	30.1	67	147	210	298	427	877	1512	2283	3023	3965	4565	5457
0:48:30	30.1	80	143	228	297	433	883	1566	2266	3054	3949	4562	5408
0:48:35	30.1	80	146	208	293	422	887	1531	2309	3037	3972	4584	5473
0:48:40	30.1	72	152	214	290	427	880	1525	2264	3035	3938	4527	5350
0:48:45	30.1	74	140	215	290	430	875	1504	2269	3050	3870	4567	5387
0:48:50	30.1	71	142	224	288	437	898	1528	2284	2999	3942	4508	5443
0:48:55	30.1	75	149	215	286	434	910	1524	2266	3019	3926	4568	5453
0:49:00	30.1	81	146	216	294	428	903	1548	2289	2998	3974	4539	5402
0:49:05	30.1	74	150	217	290	425	870	1540	2270	3057	3918	4571	5420
0:49:10	30.1	72	144	209	285	426	886	1533	2268	3056	3907	4577	5419
0:49:15	30.1	80	143	216	284	450	872	1510	2237	3043	3938	4552	5406
0:49:20	30.1	81	148	225	289	430	891	1521	2269	3011	3980	4571	5477
0:49:25	30.1	70	149	206	288	430	886	1539	2280	3031	3906	4542	5403
0:49:30	30.1	66	149	217	289	432	899	1556	2265	3106	3940	4551	5457
0:49:35	30.1	76	136	218	295	425	890	1524	2235	3041	3940	4479	5424
0:49:40	30.1	75	151	214	289	431	888	1510	2239	3062	3955	4548	5420
0:49:45	30.1	74	151	212	284	426	901	1511	2260	3064	3948	4562	5404
0:49:50	30.1	71	149	221	292	439	870	1532	2288	3063	3926	4530	5373
0:49:55	30.1	71	146	205	287	432	891	1512	2280	3020	3932	4530	5460
0:50:00	30.1	74	141	211	294	437	885	1516	2260	3050	3953	4533	5386
0:50:05	30.1	80	143	219	292	432	882	1528	2259	3028	3912	4559	5431
0:50:10	30.1	71	150	213	278	428	890	1534	2264	3048	3912	4554	5372
0:50:15	30.1	71	148	223	289	425	881	1515	2241	3021	3853	4510	5358
0:50:20	30.1	79	146	221	291	430	905	1551	2260	2990	3953	4527	5420
0:50:25	30.1	74	149	215	286	417	903	1526	2263	3026	3934	4540	5375
0:50:30	30.1	78	146	222	295	436	872	1548	2261	3095	3931	4515	5406
0:50:35	30.1	74	141	214	283	419	887	1518	2281	3074	3931	4546	5399
0:50:40	30.1	75	140	216	283	425	893	1524	2258	3009	3958	4524	5426
0:50:45	30.1	73	148	223	279	421	881	1540	2245	3021	3914	4614	5438
0:50:50	30.1	78	144	217	288	429	898	1516	2254	3030	3931	4471	5389
0:50:55	30.1	77	151	224	278	445	897	1540	2285	3049	3898	4499	5342
0:51:00	30.1	81	149	218	300	416	883	1508	2298	3006	3947	4531	5424
0:51:05	30.1	77	138	216	295	426	894	1511	2251	3055	3929	4513	5407
0:51:10	30.1	73	151	213	289	433	890	1531	2245	3008	3914	4534	5396
0:51:15	30.1	73	146	226	284	426	866	1529	2266	2980	3917	4579	5352
0:51:20	30.1	73	155	220	292	431	863	1546	2290	3003	3920	4554	5407
0:51:25	30.1	73	149	224	279	437	871	1526	2287	3002	3932	4521	5403
0:51:30	30.1	76	148	216	279	432	868	1535	2272	3026	3935	4469	5431
0:51:35	30.1	76	150	212	282	424	884	1522	2272	3003	3915	4544	5441
0:51:40	30.1	66	135	212	286	423	873	1509	2249	3017	3920	4527	5345
0:51:45	30.1	79	154	204	292	439	888	1534	2275	3018	3952	4529	5424
0:51:50	30.1	70	145	220	303	429	885	1526	2237	3019	3915	4516	5429
0:51:55	30.1	76	151	217	284	434	889	1520	2261	3006	3953	4516	5368
0:52:00	30.1	80	138	216	289	425	902	1502	2258	3020	3953	4482	5355
0:52:05	30.1	78	143	210	300	418	880	1506	2275	3026	3909	4505	5339
0:52:10	30.1	78	153	219	295	431	876	1508	2221	3015	3892	4482	5377
0:52:15	30.1	80	153	219	285	437	890	1519	2244	3001	3921	4505	5384
0:52:20	30.1	67	150	215	294	419	886	1498	2250	3011	3918	4538	5341
0:52:25	30.1	71	144	212	290	433	895	1520	2308	2984	3866	4454	5371
0:52:30	30.1	73	146	224	280	425	876	1521	2245	3016	3909	4475	5438
0:52:35	30.1	74	146	208	298	427	887	1524	2258	3020	3925	4517	5323
0:52:40	30.1	70	151	221	291	428	889	1521	2267	3026	3894	4493	5373
0:52:45	30.1	73	146	213	283	441	901	1509	2238	2992	3915	4470	5368
0:52:50	30.1	69	147	212	279	419	868	1510	2242	3051	3903	4489	5366
0:52:55	30.1	74	134	212	288	422	889	1496	2252	3012	3947	4524	5371
0:53:00	30.1	70	149	210	280	418	874	1515	2269	2993	3865	4535	5335
0:53:05	30.1	74	150	219	286	434	879	1523	2263	3006	3901	4466	5314
0:53:10	30.1	75	149	221	297	429	876	1533	2263	3068	3902	4539	5321
0:53:15	30.1	73	144	209	291	432	873	1511	2243	3037	3909	4436	5359
0:53:20	30.1	70	143	204	291	418	886	1539	2289	3058	3903	4468	5393
0:53:25	30.1	68	141	214	280	434	874	1528	2251	3018	3913	4484	5425
0:53:30	30.1	77	141	220	286	435	888	1528	2257	2982	3915	4500	5387
0:53:35	30.1	75	148	216	280	418	868	1514	2265	3016	3876	4539	5340
0:53:40	30.1	76	139	221	299	433	866	1507	2271	2978	3948	4584	5364
0:53:45	30.1	74	152	217	291	442	895	1512	2240	3006	3909	4487	5298
0:53:50	30.1	77	151	225	299	428	879	1521	2243	2987	3939	4489	5365
0:53:55	30.1	75	143	222	290	436	889	1526	2258	3024	3925	4489	5305
0:54:00	30.1	74	149	217	285	429	881	1510	2241	3012	3920	4485	5370
0:54:05	30.1	76	145	215	293	436	879	1544	2271	2993	3886	4520	5329
0:54:10	30.1	70	151	208	305	434	871	1506	2221	3022	3897	4516	5365
0:54:15	30.1	74	139	219	287	426	875	1518	2292	2995	3903	4453	5305
0:54:20	30.1	66	138	212	292	429	900	1514	2274	3013	3888	4496	5330
0:54:25	30.1	69	143	208	273	418	863	1510	2228	3020	3915	4548	5282
0:54:30	30.1	74	146	216	283	424	881	1516	2238	3010	3931	4527	5382
0:54:35	30.1	77	145	221	288	421	877	1535	2238	3003	3877	4482	5375
0:54:40	30.1	76	145	217	287	423	882	1497	2249	3021	3880	4500	5335
0:54:45	30.1	70	147	215	293	431	863	1532	2228	3000	3850	4489	5312
0:54:50	30.1	72	146	216	279	424	895	1514	2249	2986	3884	4524	5295
0:54:55	30.1	75	146	213	280	422	886	1516	2234	2998	3912	4506	5290
0:55:00	30.1	75	148	210	291	420	878	1519	2254	3042	3905	4496	5361
0:55:05	30.1	66	131	209	289	415	874	1499	2227	2994	3879	4486	5286
0:55:10	30.1	73	149	222	291	421	887	1509	2227	3002	3887	4519	5290
0:55:15	30.1	75	148	210	288	430	884	1529	2268	3007	3942	4403	5379
0:55:20	30.1	78	146	206	293	426	888	1500	2278	2989	3862	4476	5326
0:55:25	30.1	80	146	209	291	422	883	1486	2267	3012	3840	4467	5318
0:55:30	30.1	70	146	216	280	422	893	1501	2244	3008	3892	4507	5316
0:55:35	30.1	77	140	220	298	416	870	1519	2205	3002	3897	4482	5289
0:55:40	30.1	72	155	221	285	428	891	1523	2269	3037	3935	4458	5348
0:55:45	30.1	78	143	217	280	421	879	1531	2254	2981	3921	4472	5311
0:55:50	30.1	67	142	212	296	427	874	1494	2241	3022	3911	4510	5390
0:55:55	30.1	77	136	213	288	428	877	1516	2237	3000	3891	4450	5307
0:56:00	30.1	78	139	221	291	442	861	1509	2250	2985	3906	4500	5313
0:56:05	30.1	71	141	214	289	428	887	1533	2257	3015	3878	4456	5324
0:56:10	30.1	69	149	218	286	426	873	1509	2247	2977	3919	4470	5377
0:56:15	30.1	73	152	206	292	431	890	1521	2250	2975	3895	4459	5323
0:56:20	30.1	68	141	206	289	420	884	1502	2254	2997	3881	4526	5326
0:56:25	30.1	71	152	218	293	427	870	1522	2250	2975	3927	4425	5346
0:56:30	30.1	68	142	215	281	425	887	1542	2254	2990	3874	4471	5257
0:56:35	30.1	69	149	208	281	421	877	1504	2227	2976	3917	4504	5335
0:56:40	30.1	69	136	218	284	437	899	1535	2250	2994	3859	4464	5348
0:56:45	30.1	67	135	213	272	423	889	1478	2249	3001	3926	4465	5311
0:56:50	30.1	68	150	203	290	416	882	1530	2267	2994	3880	4484	5330
0:56:55	30.1	76	147	211	290	430	890	1496	2245	3019	3944	4482	5337
0:57:00	30.1	73	143	217	285	424	869	1523	2228	3003	3922	4488	5314
0:57:05	30.0	80	132	218	293	426	872	1515	2248	3019	3892	4530	5290
0:57:10	30.1	74	141	214	301	426	883	1482	2229	3036	3895	4478	5336
0:57:15	30.1	73	149	208	295	422	913	1523	2216	2992	3847	4437	5327
0:57:20	30.1	71	142	214	295	428	897	1509	2234	3005	3888	4465	5342
0:57:25	30.1	70	146	218	281	426	894	1517	2245	3014	3915	4476	5324
0:57:30	30.1	79	151	216	290	433	876	1503	2301	2981	3870	4501	5354
0:57:35	30.1	75	147	218	281	414	881	1506	2237	2989	3853	4485	5342
0:57:40	30.1	79	143	214	281	427	869	1505	2214	2998	3909	4544	5350
0:57:45	30.1	71	143	221	281	428	884	1504	2240	3006	3858	4505	5349
0:57:50	30.1	69	145	210	280	427	877	1504	2239	3010	3896	4478	5297
0:57:55	30.0	81	147	221	283	416	884	1522	2241	2980	3891	4424	5331
0:58:00	30.1	77	140	215	284	418	882	1497	2219	3012	3897	4416	5271
0:58:05	30.1	73	138	215	289	414	874	1512	2259	3027	3840	4422	5255
0:58:10	30.1	71	136	207	284	417	883	1504	2258	3021	3837	4497	5227
0:58:15	30.1	74	147	208	288	434	882	1486	2278	2985	3884	4501	5326
0:58:20	30.1	70	142	214	283	424	889	1516	2222	3012	3891	4472	5331
0:58:25	30.1	72	143	211	279	427	884	1509	2263	3002	3825	4457	5240
0:58:30	30.1	73	146	219	280	425	847	1524	2251	2980	3897	4460	5319
0:58:35	30.1	73	149	211	274	437	883	1497	2224	3005	3891	4498	5312
0:58:40	30.0	86	143	208	286	429	878	1519	2238	2989	3888	4469	5362
0:58:45	30.1	72	144	207	293	437	888	1497	2238	2992	3902	4474	5311
0:58:50	30.0	74	145	223	287	416	869	1529	2246	2999	3835	4468	5275
0:58:55	30.1	76	146	217	286	436	885	1517	2228	3003	3885	4434	5321
0:59:00	30.1	73	144	214	281	422	875	1519	2215	2997	3902	4448	5281
0:59:05	30.1	73	143	208	286	421	871	1523	2278	2991	3855	4428	5286
0:59:10	30.1	73	144	219	286	426	881	1516	2237	2939	3882	4504	5337
0:59:15	30.1	71	138	211	277	425	863	1502	2257	3000	3891	4492	5316
0:59:20	30.1	67	145	211	281	426	879	1496	2220	2995	3817	4401	5295
0:59:25	30.1	67	149	209	268	426	865	1511	2255	3011	3885	4518	5307
0:59:30	30.0	73	144	213	286	430	859	1508	2266	2979	3824	4452	5298
0:59:35	30.1	75	142	216	286	435	867	1512	2223	2981	3867	4462	5256
0:59:40	30.1	71	142	208	286	423	883	1518	2230	2975	3872	4484	5323
0:59:45	30.1	72	149	216	276	420	880	1497	2236	2985	3835	4432	5317
0:59:50	30.1	70	143	208	293	423	893	1512	2248	2968	3915	4380	5217
0:59:55	30.1	71	146	214	288	420	870	1500	2233	2976	3877	4482	5352
1:00:00	30.1	69	140	216	277	419	878	1500	2261	2953	3882	4475	5236
1:00:05	30.1	76	136	211	282	429	863	1511	2261	2975	3847	4441	5264
1:00:10	30.1	74	139	216	288	424	892	1510	2272	2973	3875	4410	5247
1:00:15	30.1	67	143	221	292	413	865	1519	2249	2952	3852	4435	5332
1:00:20	30.0	75	146	222	291	426	874	1511	2229	2972	3847	4424	5241
1:00:25	30.1	71	147	211	280	425	852	1507	2212	2956	3810	4402	5274
1:00:30	30.1	70	147	213	303	422	885	1489	2248	2950	3883	4398	5303
1:00:35	30.1	71	137	209	297	414	876	1516	2267	2962	3878	4445	5208
1:00:40	30.1	71	151	220	285	415	876	1481	2229	2969	3862	4442	5279
1:00:45	30.1	80	144	209	281	431	878	1523	2212	2989	3906	4427	5335
1:00:50	30.1	79	150	203	276	431	880	1516	2248	2981	3849	4423	5273
1:00:55	30.1	73	138	210	276	419	878	1499	2233	2976	3861	4386	5317
1:01:00	30.1	72	145	212	285	418	864	1512	2232	2968	3870	4448	5261
1:01:05	30.0	75	144	213	278	427	874	1515	2230	2971	3871	4457	5341
1:01:10	30.1	72	141	201	283	433	871	1519	2235	2988	3876	4426	5291
1:01:15	30.1	72	142	216	289	435	884	1505	2248	3003	3899	4441	5243
1:01:20	30.1	69	144	225	285	428	875	1507	2245	2994	3846	4458	5242
1:01:25	30.1	69	140	211	283	418	880	1503	2233	3014	3849	4506	5298
1:01:30	30.1	70	146	213	288	427	878	1520	2211	3002	3836	4437	5259
1:01:35	30.1	76	139	205	297	427	868	1507	2237	2985	3859	4431	5338
1:01:40	30.1	70	146	215	294	424	890	1492	2229	3009	3833	4419	5234
1:01:45	30.1	76	142	215	283	419	871	1519	2224	2973	3898	4447	5256
1:01:50	30.0	74	141	215	286	420	885	1508	2225	2982	3836	4418	5220
1:01:55	30.1	70	133	215	292	422	874	1506	2249	2952	3867	4445	5291
1:02:00	30.1	73	151	221	282	416	868	1509	2259	2956	3852	4423	5271
1:02:05	30.1	73	138	219	299	437	862	1534	2249	2938	3822	4422	5248
1:02:10	30.1	73	144	209	291	412	873	1520	2244	2967	3859	4414	5246
1:02:15	30.1	75	138	222	277	449	891	1492	2250	2986	3833	4410	5256
1:02:20	30.1	69	144	221	296	428	874	1529	2239	3017	3868	4416	5259
1:02:25	30.1	80	145	212	273	436	876	1532	2253	2976	3921	4430	5233
1:02:30	30.1	70	134	212	278	421	874	1500	2220	2997	3817	4439	5227
1:02:35	30.1	67	138	215	285	432	877	1513	2260	2984	3867	4426	5303
1:02:40	30.0	70	141	203	282	435	844	1483	2233	2981	3863	4444	5285
1:02:45	30.1	72	142	214	282	419	897	1505	2242	2967	3839	4424	5291
1:02:50	30.1	69	142	210	285	418	867	1517	2253	2934	3827	4443	5248
1:02:55	30.1	77	139	218	293	431	884	1534	2249	2946	3785	4457	5230
1:03:00	30.1	71	148	218	279	430	881	1491	2244	2986	3894	4451	5213
1:03:05	30.1	71	138	206	282	431	870	1500	2222	2978	3845	4407	5256
1:03:10	30.1	69	140	210	288	430	872	1482	2215	2983	3865	4434	5248
1:03:15	30.1	67	149	215	279	421	883	1508	2223	2969	3838	4450	5227
1:03:20	30.0	73	147	211	285	428	891	1502	2204	2986	3833	4438	5278
1:03:25	30.1	73	143	222	282	432	893	1503	2241	2929	3851	4419	5175
1:03:30	30.0	75	140	213	293	429	876	1499	2257	3014	3881	4399	5251
1:03:35	30.1	79	143	204	267	422	875	1505	2257	2962	3887	4380	5267
1:03:40	30.1	72	152	212	301	416	869	1522	2243	2967	3876	4444	5252
1:03:45	30.1	73	149	212	282	415	881	1497	2242	2993	3925	4366	5310
1:03:50	30.1	73	145	209	293	411	877	1494	2253	2977	3825	4419	5309
1:03:55	30.1	70	144	211	292	435	867	1503	2213	2998	3802	4391	5275
1:04:00	30.1	68	142	211	280	418	870	1483	2207	2958	3861	4408	5268
1:04:05	30.1	71	134	217	284	420	871	1501	2221	2973	3865	4448	5214
1:04:10	30.0	70	141	211	285	429	877	1499	2214	2960	3863	4405	5271
1:04:15	30.1	69	146	213	283	421	892	1522	2226	2969	3821	4379	5257
1:04:20	30.1	66	147	214	283	409	866	1489	2201	2979	3828	4411	5238
1:04:25	30.1	65	146	217	279	433	891	1503	2224	2969	3815	4399	5287
1:04:30	30.1	71	141	214	290	435	860	1510	2251	2975	3858	4431	5247
1:04:35	30.0	73	144	213	281	430	879	1503	2195	3019	3875	4423	5274
1:04:40	30.1	75	150	209	277	428	866	1491	2215	2983	3851	4459	5286
1:04:45	30.1	81	138	211	266	424	886	1526	2233	2995	3842	4383	5267
1:04:50	30.1	79	138	211	277	432	877	1490	2218	2967	3847	4457	5254
1:04:55	30.1	68	134	222	279	443	908	1507	2228	2939	3850	4421	5243
1:05:00	30.1	73	141	214	280	421	866	1464	2191	2984	3842	4405	5227
1:05:05	30.1	71	135	212	282	428	875	1494	2207	2915	3829	4359	5272
1:05:10	30.1	71	140	205	271	425	873	1495	2224	2940	3840	4430	5205
1:05:15	30.1	73	143	220	282	428	877	1506	2212	2979	3846	4429	5196
1:05:20	30.1	66	152	210	282	410	877	1501	2218	3016	3857	4442	5199
1:05:25	30.0	68	141	216	274	427	893	1525	2235	2919	3842	4389	5228
1:05:30	30.1	70	143	207	284	423	866	1506	2212	2970	3844	4374	5184
1:05:35	30.1	69	147	215	288	426	884	1524	2204	2970	3853	4419	5242
1:05:40	30.1	71	140	222	275	420	883	1492	2184	2959	3892	4396	5265
1:05:45	30.1	69	139	217	279	427	850	1490	2226	2968	3831	4416	5165
1:05:50	30.0	70	141	217	281	416	868	1475	2220	2954	3837	4414	5277
1:05:55	30.1	67	145	215	283	417	874	1493	2216	2979	3838	4426	5217
1:06:00	30.1	70	142	213	284	423	872	1481	2193	2935	3832	4456	5270
1:06:05	30.1	76	142	212	280	416	880	1514	2202	2991	3809	4439	5246
1:06:10	30.0	76	136	210	298	424	867	1498	2217	2924	3819	4427	5264
1:06:15	30.1	74	149	225	285	438	888	1501	2232	2996	3885	4402	5191
1:06:20	30.1	63	150	220	272	430	878	1491	2254	2943	3893	4432	5217
1:06:25	30.1	68	137	201	288	414	882	1482	2233	2969	3823	4454	5277
1:06:30	30.1	70	146	211	287	422	885	1513	2229	2977	3849	4402	5293
1:06:35	30.1	72	140	224	281	420	891	1506	2216	2982	3825	4387	5238
1:06:40	30.0	74	142	207	282	419	878	1494	2241	2975	3864	4357	5218
1:06:45	30.1	65	148	222	281	432	872	1504	2240	2963	3847	4400	5253
1:06:50	30.1	69	144	216	285	427	869	1507	2246	2976	3849	4411	5249
1:06:55	30.0	67	149	217	294	410	865	1525	2234	2989	3830	4360	5252
1:07:00	30.1	67	140	213	272	430	882	1497	2217	2950	3830	4416	5246
1:07:05	30.1	69	150	217	279	418	864	1497	2220	2954	3825	4424	5176
1:07:10	30.1	67	140	199	291	420	875	1497	2262	2953	3781	4431	5237
1:07:15	30.1	68	144	216	285	416	867	1498	2208	2937	3794	4378	5184
1:07:20	30.1	66	145	213	290	419	871	1505	2221	2947	3838	4400	5210
1:07:25	30.0	77	144	218	272	421	861	1487	2209	2962	3891	4368	5228
1:07:30	30.1	71	140	214	290	409	873	1510	2202	2933	3792	4402	5233
1:07:35	30.1	76	144	210	289	423	876	1484	2252	2938	3811	4392	5169
1:07:40	30.0	76	142	213	285	423	879	1496	2225	2911	3827	4436	5269
1:07:45	30.1	79	151	216	290	427	875	1498	2232	2972	3819	4352	5177
1:07:50	30.1	72	140	217	293	415	892	1489	2207	2950	3792	4387	5213
1:07:55	30.1	70	148	217	272	429	864	1510	2206	2957	3881	4387	5211
1:08:00	30.1	77	145	214	283	417	876	1510	2218	2941	3852	4439	5207
1:08:05	30.1	68	148	211	286	416	855	1506	2195	3006	3840	4402	5203
1:08:10	30.0	75	145	203	283	441	860	1507	2213	2938	3818	4370	5190
1:08:15	30.1	72	145	211	279	425	850	1489	2226	2925	3814	4435	5230
1:08:20	30.1	65	146	207	283	419	867	1486	2218	2966	3841	4387	5207
1:08:25	30.1	72	143	211	285	420	875	1488	2215	2994	3856	4351	5182
1:08:30	30.1	72	144	213	292	428	865	1486	2200	2963	3817	4393	5134
1:08:35	30.0	73	148	216	282	420	882	1520	2212	2912	3810	4444	5191
1:08:40	30.1	65	144	204	285	420	881	1494	2233	2961	3843	4406	5246
1:08:45	30.1	69	143	209	278	419	891	1468	2215	2947	3843	4376	5219
1:08:50	30.1	73	144	215	282	425	881	1486	2229	2947	3858	4361	5191
1:08:55	30.1	68	142	212	284	419	872	1472	2189	2941	3823	4341	5229
1:09:00	30.0	76	137	216	277	425	874	1489	2193	2931	3816	4363	5167
1:09:05	30.1	66	150	211	282	416	873	1495	2229	2924	3841	4396	5183
1:09:10	30.1	74	142	207	282	415	865	1489	2221	2967	3823	4358	5234
1:09:15	30.1	71	138	208	281	432	867	1507	2241	2954	3838	4408	5217
1:09:20	30.1	66	147	216	281	424	862	1497	2226	2958	3812	4361	5200
1:09:25	30.0	70	149	205	281	431	861	1499	2211	2919	3779	4407	5183
1:09:30	30.1	64	139	225	289	416	885	1487	2246	2945	3834	4335	5184
1:09:35	30.1	77	145	199	290	422	874	1482	2191	2926	3877	4362	5211
1:09:40	30.1	71	144	205	284	420	878	1499	2216	2968	3826	4376	5181
1:09:45	30.0	75	146	216	280	409	855	1487	2245	2943	3827	4377	5175
1:09:50	30.1	71	144	218	289	416	872	1491	2230	2974	3777	4374	5216
1:09:55	30.1	66	142	210	283	431	865	1503	2208	2936	3805	4370	5167
1:10:00	30.1	65	150	211	282	428	866	1501	2236	2908	3857	4389	5189
1:10:05	30.1	77	149	210	280	411	887	1514	2219	2931	3805	4372	5163
1:10:10	30.0	79	143	205	267	429	888	1477	2219	2955	3814	4341	5179
1:10:15	30.1	64	143	204	285	413	868	1514	2206	2956	3770	4377	5189
1:10:20	30.1	70	142	216	277	410	861	1486	2247	2962	3802	4370	5123
1:10:25	30.1	68	136	214	287	417	868	1485	2208	2904	3835	4380	5160
1:10:30	30.1	76	142	210	281	417	885	1498	2185	2936	3815	4358	5118
1:10:35	30.1	67	137	213	286	425	869	1475	2202	2968	3833	4324	5210
1:10:40	30.1	68	149	198	288	425	868	1506	2240	2957	3782	4365	5141
1:10:45	30.1	71	142	213	277	418	861	1519	2187	2935	3789	4305	5169
1:10:50	30.1	68	145	207	282	427	882	1497	2239	2947	3854	4411	5170
1:10:55	30.1	76	141	210	279	419	889	1484	2189	2954	3788	4349	5175
1:11:00	30.0	74	147	216	268	420	865	1474	2242	2935	3828	4352	5290
1:11:05	30.1	79	142	215	284	430	871	1492	2208	2981	3814	4401	5165
1:11:10	30.1	82	141	206	287	426	865	1496	2232	2956	3840	4389	5141
1:11:15	30.0	71	132	201	289	433	860	1508	2208	2961	3798	4418	5197
1:11:20	30.1	73	139	217	281	428	856	1501	2194	2968	3854	4370	5111
1:11:25	30.1	68	140	212	278	419	852	1507	2193	2933	3793	4359	5189
1:11:30	30.1	68	152	216	283	404	863	1463	2207	2936	3810	4411	5148
1:11:35	30.1	69	144	211	289	415	857	1501	2204	2941	3840	4351	5206
1:11:40	30.1	68	145	216	283	421	855	1485	2178	2955	3801	4362	5178
1:11:45	30.1	69	136	211	279	426	882	1509	2187	2933	3809	4375	5151
1:11:50	30.1	76	139	217	278	414	868	1490	2207	2929	3830	4399	5183
1:11:55	30.1	77	145	208	292	417	858	1469	2189	2938	3813	4389	5189
1:12:00	30.1	70	145	198	278	418	870	1480	2220	2979	3860	4380	5205
1:12:05	30.1	71	139	210	282	414	871	1491	2196	2921	3816	4358	5205
1:12:10	30.0	72	144	208	282	429	860	1499	2241	2957	3825	4329	5166
1:12:15	30.1	76	143	208	275	415	874	1472	2247	2946	3795	4334	5164
1:12:20	30.1	68	141	219	297	410	866	1472	2227	2973	3795	4348	5181
1:12:25	30.1	65	143	204	286	414	864	1483	2170	2967	3766	4373	5131
1:12:30	30.1	73	136	215	283	431	872	1480	2224	2964	3835	4366	5227
1:12:35	30.1	78	149	214	275	424	874	1499	2246	2934	3819	4322	5192
1:12:40	30.1	68	144	213	284	407	858	1466	2199	2966	3774	4430	5114
1:12:45	30.1	69	135	215	291	423	875	1512	2202	2954	3820	4379	5156
1:12:50	30.1	66	138	216	281	417	873	1493	2207	2933	3844	4386	5187
1:12:55	30.1	67	135	211	276	426	865	1473	2203	2918	3777	4335	5149
1:13:00	30.0	68	146	212	274	432	867	1477	2211	2936	3841	4403	5217
1:13:05	30.1	73	131	212	276	415	863	1505	2182	2951	3791	4385	5184
1:13:10	30.1	65	137	211	293	423	868	1515	2225	2922	3806	4341	5130
1:13:15	30.1	72	141	215	283	403	860	1493	2206	2958	3837	4387	5219
1:13:20	30.0	74	144	215	282	411	864	1478	2184	2967	3782	4416	5166
1:13:25	30.1	71	141	216	281	420	874	1497	2214	2948	3824	4316	5173
1:13:30	30.1	73	133	205	274	416	859	1487	2180	2900	3813	4382	5161
1:13:35	30.1	70	144	210	289	410	857	1478	2198	2911	3835	4404	5205
1:13:40	30.1	71	138	213	283	421	868	1506	2233	2954	3718	4353	5141
1:13:45	30.1	74	142	215	272	409	860	1486	2205	2936	3785	4353	5157
1:13:50	30.1	74	149	210	291	412	876	1462	2214	2938	3809	4365	5151
1:13:55	30.1	72	144	215	282	408	881	1470	2221	2911	3785	4384	5132
1:14:00	30.1	77	148	208	282	408	859	1491	2227	2927	3730	4335	5150
1:14:05	30.1	64	137	218	293	415	860	1493	2203	2907	3790	4350	5153
1:14:10	30.0	75	137	217	282	424	877	1484	2223	2937	3792	4389	5093
1:14:15	30.1	79	143	217	275	422	879	1505	2222	2917	3816	4410	5137
1:14:20	30.1	70	146	210	280	404	866	1490	2154	2950	3761	4393	5136
1:14:25	30.1	75	143	206	293	425	866	1490	2208	2911	3793	4398	5070
1:14:30	30.1	65	136	205	288	411	856	1484	2173	2923	3840	4361	5156
1:14:35	30.0	71	138	205	283	415	879	1443	2200	2968	3819	4388	5116
1:14:40	30.1	67	139	207	282	424	877	1490	2210	2991	3791	4369	5124
1:14:45	30.1	68	138	210	293	419	854	1502	2199	2934	3790	4301	5117
1:14:50	30.1	70	143	212	285	409	877	1490	2219	2943	3764	4342	5159
1:14:55	30.1	70	141	215	285	417	853	1491	2205	2937	3770	4301	5137
1:15:00	30.1	73	149	214	288	420	872	1478	2191	2961	3818	4389	5106
1:15:05	30.1	74	138	219	286	433	869	1495	2146	2950	3818	4390	5144
1:15:10	30.1	70	144	203	282	427	858	1478	2182	2915	3794	4361	5119
1:15:15	30.1	74	140	209	282	426	873	1492	2216	2925	3763	4356	5143
1:15:20	30.1	72	138	216	282	422	870	1453	2189	2896	3829	4393	5147
1:15:25	30.0	71	138	204	277	416	867	1499	2189	2925	3810	4345	5162
1:15:30	30.1	69	140	218	280	413	852	1474	2194	2940	3761	4357	5181
1:15:35	30.0	72	148	215	286	437	881	1493	2197	2917	3795	4343	5076
1:15:40	30.1	72	147	209	284	439	873	1470	2217	2931	3759	4401	5137
1:15:45	30.1	69	141	212	271	413	878	1473	2188	2933	3796	4320	5082
1:15:50	30.1	68	143	218	278	416	858	1490	2197	2924	3816	4358	5130
1:15:55	30.1	68	149	212	279	427	870	1495	2181	2932	3803	4289	5201
1:16:00	30.1	68	143	202	272	417	866	1516	2210	2889	3772	4314	5147
1:16:05	30.1	77	141	208	282	415	858	1484	2206	2927	3808	4341	5117
1:16:10	30.0	72	139	205	278	411	874	1478	2189	2927	3785	4323	5096
1:16:15	30.1	65	140	211	278	419	876	1474	2226	2921	3822	4368	5095
1:16:20	30.0	71	142	197	287	418	878	1493	2190	2917	3761	4347	5139
1:16:25	30.1	65	136	210	275	426	875	1456	2208	2931	3802	4355	5101
1:16:30	30.1	72	139	207	273	423	849	1491	2201	2914	3773	4382	5132
1:16:35	30.1	70	146	204	280	410	866	1475	2177	2903	3771	4325	5161
1:16:40	30.1	68	149	211	290	413	854	1486	2201	2895	3855	4345	5094
1:16:45	30.1	71	134	220	275	416	843	1497	2203	2939	3777	4345	5108
1:16:50	30.1	74	138	211	277	419	860	1483	2217	2909	3798	4347	5149
1:16:55	30.1	69	136	205	284	418	873	1481	2197	2955	3813	4323	5149
1:17:00	30.1	71	142	213	281	412	864	1491	2218	2940	3773	4280	5151
1:17:05	30.1	71	139	218	270	427	856	1488	2193	2909	3797	4341	5089
1:17:10	30.0	67	148	209	287	421	846	1478	2170	2904	3752	4388	5137
1:17:15	30.1	72	134	212	280	418	874	1467	2180	2934	3777	4307	5143
1:17:20	30.1	76	145	217	282	414	866	1478	2195	2903	3804	4360	5154
1:17:25	30.1	68	142	204	277	423	854	1473	2201	2912	3763	4340	5099
1:17:30	30.1	71	150	213	287	413	860	1460	2195	2923	3786	4356	5119
1:17:35	30.1	75	137	205	284	424	869	1512	2197	2942	3801	4332	5091
1:17:40	30.0	69	143	214	278	418	867	1468	2205	2897	3789	4311	5109
1:17:45	30.1	76	138	216	285	411	866	1472	2181	2913	3759	4347	5128
1:17:50	30.1	70	145	215	284	425	852	1501	2195	2906	3783	4342	5134
1:17:55	30.1	70	142	201	274	419	862	1498	2189	2929	3781	4317	5094
1:18:00	30.0	65	140	215	294	410	852	1461	2189	2980	3790	4316	5165
1:18:05	30.1	69	136	209	283	405	878	1505	2169	2957	3751	4342	5145
1:18:10	30.1	72	146	203	291	425	857	1464	2210	2921	3775	4300	5148
1:18:15	30.1	64	148	210	282	418	881	1484	2210	2889	3785	4380	5184
1:18:20	30.1	67	136	212	272	407	842	1498	2187	2911	3785	4382	5125
1:18:25	30.0	64	147	207	276	424	866	1462	2186	2936	3789	4286	5134
1:18:30	30.1	65	139	210	271	420	858	1470	2210	2909	3745	4326	5126
1:18:35	30.1	67	145	208	288	423	865	1492	2198	2947	3720	4330	5088
1:18:40	30.1	63	137	209	288	425	858	1515	2169	2930	3778	4347	5135
1:18:45	30.0	76	132	215	280	413	851	1465	2212	2938	3790	4346	5147
1:18:50	30.1	73	138	218	290	426	862	1480	2201	2929	3810	4328	5070
1:18:55	30.1	70	141	202	270	406	839	1460	2200	2883	3754	4345	5110
1:19:00	30.1	62	140	210	290	422	873	1462	2189	2928	3762	4347	5044
1:19:05	30.1	74	139	201	270	411	852	1480	2197	2948	3790	4347	5145
1:19:10	30.1	68	140	212	284	420	853	1458	2185	2939	3764	4308	5135
1:19:15	30.0	67	139	218	282	415	871	1489	2209	2906	3750	4329	5114
1:19:20	30.1	71	136	216	263	414	855	1466	2210	2911	3773	4344	5163
1:19:25	30.1	75	141	209	287	414	862	1462	2206	2913	3709	4349	5096
1:19:30	30.1	74	143	199	279	424	867	1456	2177	2941	3772	4313	5091
1:19:35	30.1	75	142	208	279	413	855	1477	2171	2912	3786	4330	5121
1:19:40	30.1	79	135	210	287	421	875	1465	2185	2922	3769	4329	5068
1:19:45	30.0	69	143	213	290	415	852	1491	2188	2932	3795	4304	5111
1:19:50	30.1	69	143	207	269	423	846	1477	2191	2923	3745	4336	5125
1:19:55	30.1	76	144	210	283	412	857	1481	2160	2919	3757	4308	5145
1:20:00	30.0	72	140	213	289	409	869	1475	2190	2913	3765	4319	5098

Results
	1	2	3	4	5	6	7	8	9	10	11	12
A													Max V [295,335]
													R-Squared [295,335]
													t at Max V [295,335]
													Lagtime [295,335]
B													Max V [295,335]
													R-Squared [295,335]
													t at Max V [295,335]
													Lagtime [295,335]
C	216000.000	324000.000	-324000.000	-1020000.000	444000.000	636000.000	-5256000.000	-1188000.000	-1308000.000	-1512000.000	2328000.000	2088000.000	Max V [295,335]
	1.000	1.000	1.000	1.000	1.000	1.000	1.000	1.000	1.000	1.000	1.000	1.000	R-Squared [295,335]
	0:13:48	0:06:53	0:18:08	0:00:08	1:02:13	1:02:43	0:00:33	0:00:28	0:26:43	0:04:38	0:00:08	0:12:43	t at Max V [295,335]
	0:13:59	0:07:09	0:17:41	0:00:06	1:02:58	1:03:46	0:00:30	0:00:26	0:25:33	0:04:18	0:00:09	0:13:13	Lagtime [295,335]
D													Max V [295,335]
													R-Squared [295,335]
													t at Max V [295,335]
													Lagtime [295,335]
E													Max V [295,335]
													R-Squared [295,335]
													t at Max V [295,335]
													Lagtime [295,335]
F													Max V [295,335]
													R-Squared [295,335]
													t at Max V [295,335]
													Lagtime [295,335]
G													Max V [295,335]
													R-Squared [295,335]
													t at Max V [295,335]
													Lagtime [295,335]
H													Max V [295,335]
													R-Squared [295,335]
													t at Max V [295,335]
													Lagtime [295,335]

