date	round	gel	lane	sample	to_include	gsp1	total_protein	mean_WT_total_protein	total_protein_adjustment	adjusted_gsp1	relative_expression	avg_rel_expr_by_round	n_in_round	avg_rel_expr	std_rel_expr	n_sample	residue	resn	n_rounds
20190219	1	1	4	K143H	TRUE	3376699	48566960	85312038	0.5692861305224006	5931461.911607439	2.75974368700562	2.75974368700562	1	2.5530331106124735	NA	3	K143	143	2
20190219	1	1	5	K169I	TRUE	2358270	68145432	85312038	0.7987786201989454	2952344.918060832	1.3736436937303804	1.3443142498014287	3	2.4832069640010532	1.389863037061653	9	K169	169	3
20190219	1	1	11	N105L	TRUE	1675826	45029092	85312038	0.5278163909294958	3175016.973324445	1.477246786516622	1.1898013683826463	5	0.8712751729992234	NA	9	N105	105	2
20190219	1	1	12	T139A	TRUE	2186824	47486652	85312038	0.5566231110315287	3928733.745796861	1.8279301653562408	1.2940758041926517	3	1.340321075650037	NA	5	T139	139	2
20190219	1	1	13	WT	TRUE	2149280	85312038	85312038	1	2149280	1	1	22	1	0	51	WT	0	3
20190219	1	1	14	MAT-a	TRUE	1656711	113050105	85312038	1.325136612021858	1250219.0226804123	0.5816920190391258	1.0108711376118122	21	1.0214609741798866	0.17878351166633716	55	MAT-a	1	3
20190219	1	2	10	E115I	TRUE	1056172	102042943	163441408	0.6243395982002309	1691662.6833290765	0.9123547779435115	0.9123547779435115	1	1.0482783625055287	NA	3	E115	115	2
20190219	1	2	13	N105V	TRUE	540360	81102763	163441408	0.49621918944800086	1088954.2595099995	0.587299484357438	0.587299484357438	1	0.39972609676269605	NA	3	N105	105	2
20190219	1	2	14	WT	TRUE	1854172	163441408	163441408	1	1854172	1	1	22	1	0	51	WT	0	3
20190219	1	2	15	MAT-a	TRUE	1481676	172283264	163441408	1.0540980165809635	1405633.98914829	0.7580925551395933	1.0108711376118122	21	1.0214609741798866	0.17878351166633716	55	MAT-a	1	3
20190225	1	1	4	F58A	TRUE	1550862	79458650	54440146.5	1.4595598121691316	1062554.605210169	0.4597022890543561	0.9503535177359933	4	1.2837175132769152	NA	8	F58	58	2
20190225	1	1	5	F58A	TRUE	1417533	44664545	54440146.5	0.8204339604413078	1727784.4023393611	0.7475064724703859	0.9503535177359933	4	1.2837175132769152	NA	8	F58	58	2
20190225	1	1	6	K169I	TRUE	2295618	41763847	54440146.5	0.7671516277054838	2992391.4870207477	1.2946244923178478	1.3443142498014287	3	2.4832069640010532	1.389863037061653	9	K169	169	3
20190225	1	1	7	K169I	TRUE	2322826	40089651	54440146.5	0.7363986612343154	3154305.0283478145	1.364674563356058	1.3443142498014287	3	2.4832069640010532	1.389863037061653	9	K169	169	3
20190225	1	1	8	K129F	TRUE	2716160	52223485	54440146.5	0.959282594876926	2831449.2668851954	1.2249946524592465	1.2439308041233728	2	2.628630265372589	NA	4	K129	129	2
20190225	1	1	9	K129F	TRUE	2572884	47985199	54440146.5	0.8814303796923103	2918987.2045233366	1.262866955787499	1.2439308041233728	2	2.628630265372589	NA	4	K129	129	2
20190225	1	1	12	WT	TRUE	2249353	50478537	54440146.5	0.927229999280035	2425884.6259790473	1.0495316759026794	1	22	1	0	51	WT	0	3
20190225	1	1	13	WT	TRUE	2356779	58401756	54440146.5	1.072770000719965	2196909.8673698013	0.9504683240973207	1	22	1	0	51	WT	0	3
20190225	1	1	14	MAT-a	TRUE	2135358	50928442	54440146.5	0.9354942128967269	2282598.8344577085	0.9875406911303758	1.0108711376118122	21	1.0214609741798866	0.17878351166633716	55	MAT-a	1	3
20190225	1	1	15	MAT-a	TRUE	2035760	55662394	54440146.5	1.0224512162177961	1991058.3191739833	0.8614089689856057	1.0108711376118122	21	1.0214609741798866	0.17878351166633716	55	MAT-a	1	3
20190225	1	2	8	F58L	TRUE	1021212	72751840	72721444	1.0004179784988867	1020785.3336785435	1.0664485266945507	1.1195968661025897	2	1.3286885532293482	0.4194734368586117	6	F58	58	3
20190225	1	2	9	F58L	TRUE	998442	64682552	72721444	0.8894563754812129	1122530.6013010743	1.1727452055106284	1.1195968661025897	2	1.3286885532293482	0.4194734368586117	6	F58	58	3
20190225	1	2	10	K129E	TRUE	1067202	65872620	72721444	0.9058211220338254	1178159.7647047893	1.2308628502257557	1.1102271874115521	2	1.6520513139372965	0.7697873804404325	6	K129	129	3
20190225	1	2	11	K129E	TRUE	989802	75990680	72721444	1.044955597966399	947219.1946971393	0.9895915245973486	1.1102271874115521	2	1.6520513139372965	0.7697873804404325	6	K129	129	3
20190225	1	2	13	WT	TRUE	957182	72721444	72721444	1	957182	1	1	22	1	0	51	WT	0	3
20190225	1	2	14	MAT-a	TRUE	800565	55866352	72721444	0.7682239093052112	1042098.5214116004	1.0887151256622047	1.0108711376118122	21	1.0214609741798866	0.17878351166633716	55	MAT-a	1	3
20190225	1	3	7	T34S	TRUE	2406962	35604052	88077272	0.4042365435659724	5954340.443263705	2.097154050390704	1.6008700979767656	4	1.39022362660491	NA	5	T34	34	2
20190225	1	3	8	T34S	TRUE	2193425	37208716	88077272	0.4224553639672219	5192086.992106903	1.8286838599893012	1.6008700979767656	4	1.39022362660491	NA	5	T34	34	2
20190225	1	3	11	WT	TRUE	2839248	88077272	88077272	1	2839248	1	1	22	1	0	51	WT	0	3
20190225	1	3	12	MAT-a	TRUE	2636421	112488388	88077272	1.277155677573665	2064291.0228521721	0.7270555523336363	1.0108711376118122	21	1.0214609741798866	0.17878351166633716	55	MAT-a	1	3
20190225	1	4	4	T34Y	TRUE	697927	40841710	57115198	0.7150760468343295	976017.8698332171	0.30940493575312	1.005340502598025	2	0.8168265374415902	NA	4	T34	34	2
20190225	1	4	12	WT	TRUE	3154500	57115198	57115198	1	3154500	1	1	22	1	0	51	WT	0	3
20190225	1	4	13	MAT-a	TRUE	2926200	61093438	57115198	1.069652914448445	2735653.743821063	0.8672226165227653	1.0108711376118122	21	1.0214609741798866	0.17878351166633716	55	MAT-a	1	3
20190227	1	2	3	K129I	TRUE	2640620	12617196	13504052	0.9343266746899375	2826227.776142972	1.256791631377491	1.1678516759041178	2	1.8797388435856353	0.9729242937970238	8	K129	129	3
20190227	1	2	4	K129I	TRUE	2534353	14105920	13504052	1.044569437380721	2426217.8360827225	1.0789117204307443	1.1678516759041178	2	1.8797388435856353	0.9729242937970238	8	K129	129	3
20190227	1	2	9	A180T	TRUE	1458136	11367560	13504052	0.8417888201259889	1732187.414631812	0.7702842159656647	0.7973711640995642	2	1.1479655044974966	NA	4	A180	180	2
20190227	1	2	10	A180T	TRUE	1453734	10588552	13504052	0.7841018384704087	1854011.722298573	0.8244581122334638	0.7973711640995642	2	1.1479655044974966	NA	4	A180	180	2
20190227	1	2	11	WT	TRUE	2248764	13504052	13504052	1	2248764	1	1	22	1	0	51	WT	0	3
20190227	1	2	12	MAT-a	TRUE	2833820	14090008	13504052	1.0433911243825187	2715970.965995193	1.2077616708534968	1.0108711376118122	21	1.0214609741798866	0.17878351166633716	55	MAT-a	1	3
20190227	1	3	3	N84Y	TRUE	2569860	6940990	10762010	0.6449529409469049	3984569.7830712907	1.9481038444474224	1.78664062702708	4	1.5590900958488767	NA	6	N84	84	2
20190227	1	3	4	N84Y	TRUE	2208864	7115080	10762010	0.6611292871870589	3341046.967376333	1.633477839760244	1.78664062702708	4	1.5590900958488767	NA	6	N84	84	2
20190227	1	3	5	T137G	TRUE	2486701	7342720	10762010	0.6822814697254509	3644684.943591748	1.7819300795223858	1.5372376209955874	4	1.2449035485764137	NA	6	T137	137	2
20190227	1	3	6	T137G	TRUE	2232215	6243370	10762010	0.5801304774851538	3847780.950376159	1.8812261473913903	1.5372376209955874	4	1.2449035485764137	NA	6	T137	137	2
20190227	1	3	9	Q147L	TRUE	2490197	7545160	10762010	0.7010920822411427	3551882.931040561	1.7365580651605053	1.7708393259253836	2	1.59054669495792	NA	4	Q147	147	2
20190227	1	3	10	Q147L	TRUE	2537507	7396480	10762010	0.6872768191072114	3692117.83295162	1.8051205866902618	1.7708393259253836	2	1.59054669495792	NA	4	Q147	147	2
20190227	1	3	13	WT	TRUE	2045358	10762010	10762010	1	2045358	1	1	22	1	0	51	WT	0	3
20190227	1	3	14	MAT-a	TRUE	2069651	10528350	10762010	0.9782884424006296	2115583.6155247497	1.0343341437170166	1.0108711376118122	21	1.0214609741798866	0.17878351166633716	55	MAT-a	1	3
20190227	1	4	1	T139R	TRUE	2652039	12219460	6706231	1.8221054419389968	1455480.5331012171	0.780473337859773	0.8876488516903861	2	0.8627075606646752	NA	4	T139	139	2
20190227	1	4	2	T139R	TRUE	2923200	10566771	6706231	1.5756646318923402	1855217.1197047802	0.9948243655209992	0.8876488516903861	2	0.8627075606646752	NA	4	T139	139	2
20190227	1	4	9	K129T	TRUE	1776994	5667865	6706231	0.8451639974823414	2102543.417956144	1.127448318330212	0.9373923354691048	2	1.202639284305104	0.4939277102729834	8	K129	129	3
20190227	1	4	10	K129T	TRUE	1339785	6446874	6706231	0.9613259668508287	1393684.396551724	0.7473363526079977	0.9373923354691048	2	1.202639284305104	0.4939277102729834	8	K129	129	3
20190227	1	4	12	WT	TRUE	1864869	6706231	6706231	1	1864869	1	1	22	1	0	51	WT	0	3
20190227	1	4	13	MAT-a	TRUE	1678698	8355637	6706231	1.2459512653232494	1347322.3606097298	0.7224756058520624	1.0108711376118122	21	1.0214609741798866	0.17878351166633716	55	MAT-a	1	3
20190304	1	1	3	T34D	TRUE	1545164	87646008	117351888	0.7468649162252933	2068866.760818496	0.9785461626924741	0.9852547307269618	2	0.9852547307269618	NA	2	T34	34	1
20190304	1	1	4	T34D	TRUE	1402313	78467214	117351888	0.6686489270628522	2097233.6053239256	0.9919632987614495	0.9852547307269618	2	0.9852547307269618	NA	2	T34	34	1
20190304	1	1	10	T34S	TRUE	1647776	66508065	117351888	0.5667404771536355	2907461.2921167985	1.3751901013926136	1.6008700979767656	4	1.39022362660491	NA	5	T34	34	2
20190304	1	1	11	T34S	TRUE	1517182	76386519	117351888	0.6509185348598737	2330832.3833897444	1.102452380134444	1.6008700979767656	4	1.39022362660491	NA	5	T34	34	2
20190304	1	1	12	T34Y	TRUE	2917728	95193849	117351888	0.8111829355485103	3596880.397917979	1.70127606944293	1.005340502598025	2	0.8168265374415902	NA	4	T34	34	2
20190304	1	1	14	WT	TRUE	2114225	117351888	117351888	1	2114225	1	1	22	1	0	51	WT	0	3
20190304	1	1	15	MAT-a	TRUE	2028003	101047533	117351888	0.8610643997478762	2355228.0184778385	1.1139911875405117	1.0108711376118122	21	1.0214609741798866	0.17878351166633716	55	MAT-a	1	3
20190304	1	2	3	T34L	TRUE	2720340	86669391	117381588	0.7383559251217491	3684320.674411108	1.6361669217564205	1.6296717744966047	2	1.1983239084285062	0.3354366643569669	6	T34	34	3
20190304	1	2	4	T34L	TRUE	2530501	81266377	117381588	0.6923264404976358	3655069.1292118016	1.6231766272367891	1.6296717744966047	2	1.1983239084285062	0.3354366643569669	6	T34	34	3
20190304	1	2	7	F58A	TRUE	2792063	111358556	117381588	0.9486884433698409	2943076.854696679	1.3069885667895367	0.9503535177359933	4	1.2837175132769152	NA	8	F58	58	2
20190304	1	2	8	F58A	TRUE	3156169	127814091	117381588	1.0888768262361554	2898554.661053546	1.2872167426296943	0.9503535177359933	4	1.2837175132769152	NA	8	F58	58	2
20190304	1	2	9	N84Y	TRUE	2858227	85816012	117381588	0.7310857985666372	3909564.3843770786	1.7361952146625272	1.78664062702708	4	1.5590900958488767	NA	6	N84	84	2
20190304	1	2	10	N84Y	TRUE	2804670	79944601	117381588	0.6810659351447861	4118059.434882413	1.8287856092381265	1.78664062702708	4	1.5590900958488767	NA	6	N84	84	2
20190304	1	2	13	WT	TRUE	2251800	117381588	117381588	1	2251800	1	1	22	1	0	51	WT	0	3
20190304	1	2	14	MAT-a	TRUE	2878360	125195061	117381588	1.0665647239326836	2698720.420254278	1.1984725198748902	1.0108711376118122	21	1.0214609741798866	0.17878351166633716	55	MAT-a	1	3
20190304	1	3	5	R108D	TRUE	2070617	129574181	213494294	0.6069210496089418	3411674.387194452	1.3240356309773387	1.5572690992603073	4	0.9799793050302386	0.6123608595079477	9	R108	108	3
20190304	1	3	6	R108D	TRUE	2137886	116326472	213494294	0.5448692319617685	3923668.055732697	1.522735091431095	1.5572690992603073	4	0.9799793050302386	0.6123608595079477	9	R108	108	3
20190304	1	3	7	R108D	TRUE	1696532	88214277	213494294	0.4131926682780571	4105910.2211811813	1.5934613956252905	1.5572690992603073	4	0.9799793050302386	0.6123608595079477	9	R108	108	3
20190304	1	3	8	R108D	TRUE	1821652	84374507	213494294	0.3952073164072479	4609357.985981334	1.788844279007505	1.5572690992603073	4	0.9799793050302386	0.6123608595079477	9	R108	108	3
20190304	1	3	14	WT	TRUE	2576724	213494294	213494294	1	2576724	1	1	22	1	0	51	WT	0	3
20190304	1	4	1	R108S	TRUE	1821397	199295051	125430499	1.5888882894422671	1146334.2087059803	0.6222127101220019	0.4423920136098196	6	0.7316234865720472	NA	12	R108	108	2
20190304	1	4	2	R108S	TRUE	1449267	194281374	125430499	1.5489165358418928	935665.0061278288	0.5078646827492854	0.4423920136098196	6	0.7316234865720472	NA	12	R108	108	2
20190304	1	4	3	R108S	TRUE	1067940	154360764	125430499	1.2306477709221264	867786.8885260246	0.4710214766491427	0.4423920136098196	6	0.7316234865720472	NA	12	R108	108	2
20190304	1	4	4	R108S	TRUE	1174683	126075441	125430499	1.0051418275869253	1168673.8804016318	0.6343383429116557	0.4423920136098196	6	0.7316234865720472	NA	12	R108	108	2
20190304	1	4	13	WT	TRUE	1842351	125430499	125430499	1	1842351	1	1	22	1	0	51	WT	0	3
20190304	1	4	15	MAT-a	TRUE	2020270	91805611	125430499	0.7319241470928055	2760217.7193148904	1.498204044351424	1.0108711376118122	21	1.0214609741798866	0.17878351166633716	55	MAT-a	1	3
20190306	1	1	5	N102I	TRUE	1676149	129722172	205466420	0.631354612593143	2654845.575793936	1.2977503744601244	0.7388888904653808	4	1.4162109618355507	0.6152211266955562	11	N102	102	3
20190306	1	1	6	N102I	TRUE	1030285	145930788	205466420	0.710241547012889	1450612.1253158725	0.7090930056306932	0.7388888904653808	4	1.4162109618355507	0.6152211266955562	11	N102	102	3
20190306	1	1	7	N102K	TRUE	2437871	121206804	205466420	0.5899105264986853	4132611.4562992686	2.02011676830082	2.0055645894299268	2	1.4720559813976568	0.31554126687149286	10	N102	102	3
20190306	1	1	8	N102K	TRUE	2450145	123597752	205466420	0.6015472114616102	4073071.827640522	1.9910124105590339	2.0055645894299268	2	1.4720559813976568	0.31554126687149286	10	N102	102	3
20190306	1	1	13	WT	TRUE	2045729	205466420	205466420	1	2045729	1	1	22	1	0	51	WT	0	3
20190306	1	1	14	MAT-a	TRUE	2158150	227842228	205466420	1.1089025058206592	1946203.5559229169	0.9513496440256343	1.0108711376118122	21	1.0214609741798866	0.17878351166633716	55	MAT-a	1	3
20190306	1	3	1	T139A	TRUE	2978262	168914973	148535985	1.1371989959200797	2618945.330311659	1.0445864365703261	1.2940758041926517	3	1.340321075650037	NA	5	T139	139	2
20190306	1	3	2	T139A	TRUE	2277065	133606643	148535985	0.8994900663297181	2531506.556032734	1.0097108106513881	1.2940758041926517	3	1.340321075650037	NA	5	T139	139	2
20190306	1	3	7	H141V	TRUE	2967095	161188064	148535985	1.0851785444449706	2734199.83761065	1.0905565809962865	1.1998432735018003	2	1.092923669577405	0.2715621889852007	6	H141	141	3
20190306	1	3	8	H141V	TRUE	3417048	154638613	148535985	1.041085182152998	3282198.285574897	1.309129966007314	1.1998432735018003	2	1.092923669577405	0.2715621889852007	6	H141	141	3
20190306	1	3	9	K143W	TRUE	3213831	120653265	148535985	0.8122830639322856	3956540.6970837875	1.5780966101420681	1.54872413023695	2	1.5214640505079915	0.7249383820139131	8	K143	143	3
20190306	1	3	10	K143W	TRUE	2955501	115245092	148535985	0.7758732134842611	3809257.6836459553	1.5193516503318318	1.54872413023695	2	1.5214640505079915	0.7249383820139131	8	K143	143	3
20190306	1	3	12	K143Y	TRUE	3493568	102997559	148535985	0.6934182245467319	5038183.128635894	2.009517991925483	2.009517991925483	1	1.9950001998109934	0.6043426585626437	7	K143	143	3
20190306	1	3	14	WT	TRUE	2507160	148535985	148535985	1	2507160	1	1	22	1	0	51	WT	0	3
20190306	1	3	15	MAT-a	TRUE	3117426	183847464	148535985	1.2377301298402539	2518663.741669072	1.0045883556171413	1.0108711376118122	21	1.0214609741798866	0.17878351166633716	55	MAT-a	1	3
20190312	2	2	9	K129I	TRUE	1102416	42258942	137753088	0.3067731011590826	3593587.5597786615	1.579794752483016	1.4540457822081596	4	1.8797388435856353	0.9729242937970238	8	K129	129	3
20190312	2	2	10	K129I	TRUE	1335078	47153898	137753088	0.34230737535263095	3900231.4765337957	1.714599997245283	1.4540457822081596	4	1.8797388435856353	0.9729242937970238	8	K129	129	3
20190312	2	2	11	K154M	TRUE	2703491	50899794	137753088	0.3695002031460812	7316615.733851654	3.216493531880283	1.810482461424673	6	2.9497120876681837	NA	8	K154	154	2
20190312	2	2	12	K154M	TRUE	2625174	50887122	137753088	0.36940821246780325	7106431.073805117	3.1240932167438413	1.810482461424673	6	2.9497120876681837	NA	8	K154	154	2
20190312	2	2	13	WT	TRUE	2274718	137753088	137753088	1	2274718	1	1	13	1	0	51	WT	0	3
20190312	2	2	14	MAT-a	TRUE	2353940	169436400	137753088	1.2300007387130225	1913771.2083514524	0.8413224005575427	1.2667176511458402	16	1.0214609741798866	0.17878351166633716	55	MAT-a	1	3
20190321	2	2	6	F58L	TRUE	919598	84820191	101089332	0.8390617419452332	1095983.7089795754	0.9778688824109246	1.0006168346569144	2	1.3286885532293482	0.4194734368586117	6	F58	58	3
20190321	2	2	7	F58L	TRUE	995214	87713787	101089332	0.8676858899413837	1146974.9727833322	1.0233647869029043	1.0006168346569144	2	1.3286885532293482	0.4194734368586117	6	F58	58	3
20190321	2	2	10	K129I	TRUE	1249313	84328411	101089332	0.8341969358349306	1497623.5782376595	1.336223780266794	1.4540457822081596	4	1.8797388435856353	0.9729242937970238	8	K129	129	3
20190321	2	2	11	K129I	TRUE	1346876	102467053	101089332	1.0136287476902113	1328766.5756019352	1.1855645988375456	1.4540457822081596	4	1.8797388435856353	0.9729242937970238	8	K129	129	3
20190321	2	2	14	WT	TRUE	1120788	101089332	101089332	1	1120788	1	1	13	1	0	51	WT	0	3
20190321	2	2	15	MAT-a	TRUE	3136539	126692913	101089332	1.253276784933152	2502670.6292714886	2.2329563033075734	1.2667176511458402	16	1.0214609741798866	0.17878351166633716	55	MAT-a	1	3
20190321	2	4	1	K143Y	TRUE	909007	101014452	105491496	0.9575601430469808	949294.9415245256	1.642489616988907	1.5652697519770007	4	1.9950001998109934	0.6043426585626437	7	K143	143	3
20190321	2	4	2	K143Y	TRUE	1107536	109900032	105491496	1.0417904396767679	1063108.2392574372	1.8394117237277898	1.5652697519770007	4	1.9950001998109934	0.6043426585626437	7	K143	143	3
20190321	2	4	3	N102K	TRUE	923536	96399204	105491496	0.9138101899701944	1010643.1402675898	1.7486355312340969	1.4905496761552188	4	1.4720559813976568	0.31554126687149286	10	N102	102	3
20190321	2	4	4	N102K	TRUE	840704	97898394	105491496	0.9280216672631129	905909.8829872939	1.5674238970921808	1.4905496761552188	4	1.4720559813976568	0.31554126687149286	10	N102	102	3
20190321	2	4	5	N102M	TRUE	919680	67824834	105491496	0.6429412471314275	1430426.1922893906	2.4749527948934107	1.4477909185476483	4	1.9330966144827653	NA	10	N102	102	2
20190321	2	4	6	N102M	TRUE	942956	108467568	105491496	1.028211487303204	917083.704708637	1.5867570730700462	1.4477909185476483	4	1.9330966144827653	NA	10	N102	102	2
20190321	2	4	8	N102I	TRUE	1964790	63186882	105491496	0.59897607291492	3280247.89110246	5.675552314260755	1.9497431210655727	6	1.4162109618355507	0.6152211266955562	11	N102	102	3
20190321	2	4	9	N102I	TRUE	1836027	86138118	105491496	0.8165408707446902	2248542.6826528995	3.890474759807149	1.9497431210655727	6	1.4162109618355507	0.6152211266955562	11	N102	102	3
20190321	2	4	10	E115A	TRUE	804236	94574898	105491496	0.8965167960078981	897067.4097587289	1.552124468188561	1.1527604871307089	4	1.0742996786161254	0.11796275985416838	8	E115	115	3
20190321	2	4	11	E115A	TRUE	760716	127865892	105491496	1.21209667933802	627603.4024080166	1.085892304857969	1.1527604871307089	4	1.0742996786161254	0.11796275985416838	8	E115	115	3
20190321	2	4	14	WT	TRUE	577961	105491496	105491496	1	577961	1	1	13	1	0	51	WT	0	3
20190321	2	4	15	MAT-a	TRUE	1693146	95202426	105491496	0.9024654082069327	1876133.959930979	3.2461255343024513	1.2667176511458402	16	1.0214609741798866	0.17878351166633716	55	MAT-a	1	3
20190325	2	1	3	K129E	TRUE	1751008	9126594	11301948	0.8075239772825004	2168366.5739468634	1.2110748672661051	1.2014817587284026	2	1.6520513139372965	0.7697873804404325	6	K129	129	3
20190325	2	1	4	K129E	TRUE	1602885	8489034	11301948	0.7511124630904337	2134014.649956638	1.1918886501906998	1.2014817587284026	2	1.6520513139372965	0.7697873804404325	6	K129	129	3
20190325	2	1	5	K143W	TRUE	924448	8617968	11301948	0.762520584946949	1212358.090062994	0.6771255518523822	0.9588456680065038	4	1.5214640505079915	0.7249383820139131	8	K143	143	3
20190325	2	1	6	K143W	TRUE	1210930	10277136	11301948	0.9093243040934182	1331681.111512001	0.7437697780175693	0.9588456680065038	4	1.5214640505079915	0.7249383820139131	8	K143	143	3
20190325	2	1	7	K154M	TRUE	1739848	8107218	11301948	0.717329260407144	2425452.4331162674	1.3546623153067094	1.810482461424673	6	2.9497120876681837	NA	8	K154	154	2
20190325	2	1	8	K154M	TRUE	1775973	8957620	11301948	0.7925731033269663	2240768.696975759	1.251512859896383	1.810482461424673	6	2.9497120876681837	NA	8	K154	154	2
20190325	2	1	11	K169I	TRUE	1452752	7398480	11301948	0.6546198938448486	2219229.836519934	1.239482987788494	1.2622241984912899	2	2.4832069640010532	1.389863037061653	9	K169	169	3
20190325	2	1	12	K169I	TRUE	1483424	7287280	11301948	0.6447808820214002	2300663.7469607317	1.2849654091940854	1.2622241984912899	2	2.4832069640010532	1.389863037061653	9	K169	169	3
20190325	2	1	13	WT	TRUE	1790448	11301948	11301948	1	1790448	1	1	13	1	0	51	WT	0	3
20190325	2	1	14	MAT-a	TRUE	2301750	11550689	11301948	1.0220086838127374	2252182.429030857	1.2578876510408887	1.2667176511458402	16	1.0214609741798866	0.17878351166633716	55	MAT-a	1	3
20190325	2	2	11	MAT-a	TRUE	1098112	105211134	186592680	0.5638545627834918	1947509.2913660642	1.222683922091432	1.2667176511458402	16	1.0214609741798866	0.17878351166633716	55	MAT-a	1	3
20190325	2	2	12	MAT-a	TRUE	1210575	96162389	186592680	0.5153599219433475	2348989.411972699	1.4747408907956663	1.2667176511458402	16	1.0214609741798866	0.17878351166633716	55	MAT-a	1	3
20190325	2	2	14	WT	TRUE	1592815	186592680	186592680	1	1592815	1	1	13	1	0	51	WT	0	3
20190325	2	2	15	MAT-a	TRUE	1995472	143857523	186592680	0.7709708816015719	2588258.5809916942	1.6249586932516922	1.2667176511458402	16	1.0214609741798866	0.17878351166633716	55	MAT-a	1	3
20190325	2	3	12	N102I	TRUE	602560	115000860	181470303	0.6337172424294679	950834.1570287388	0.44185570733582324	1.9497431210655727	6	1.4162109618355507	0.6152211266955562	11	N102	102	3
20190325	2	3	13	N102I	TRUE	512680	154384473	181470303	0.850742355348357	602626.6316434555	0.28004254434475007	1.9497431210655727	6	1.4162109618355507	0.6152211266955562	11	N102	102	3
20190325	2	3	14	WT	TRUE	2151911	181470303	181470303	1	2151911	1	1	13	1	0	51	WT	0	3
20190325	2	3	15	MAT-a	TRUE	2327584	151661931	181470303	0.8357396692063714	2785058.656136668	1.294225763117837	1.2667176511458402	16	1.0214609741798866	0.17878351166633716	55	MAT-a	1	3
20190325	2	4	14	WT	TRUE	1373925	190711690	190711690	1	1373925	1	1	13	1	0	51	WT	0	3
20190325	2	4	15	MAT-a	TRUE	1655442	202437284	190711690	1.061483352174164	1559555.3115451797	1.135109494000895	1.2667176511458402	16	1.0214609741798866	0.17878351166633716	55	MAT-a	1	3
20190328	2	1	14	WT	TRUE	1956547	213358405	213358405	1	1956547	1	1	13	1	0	51	WT	0	3
20190328	2	1	15	MAT-a	TRUE	1819630	201103370	213358405	0.9425612738340446	1930516.403032679	0.9866956444351601	1.2667176511458402	16	1.0214609741798866	0.17878351166633716	55	MAT-a	1	3
20190328	2	2	3	T34L	TRUE	1352100	40697118	83606556	0.4867694586056146	2777700.9754744796	0.9668785728319224	1.0158382048219798	2	1.1983239084285062	0.3354366643569669	6	T34	34	3
20190328	2	2	4	T34L	TRUE	1470450	40189248	83606556	0.48069493497615184	3059008.7246768093	1.0647978368120374	1.0158382048219798	2	1.1983239084285062	0.3354366643569669	6	T34	34	3
20190328	2	2	12	R108D	TRUE	1687872	40555812	83606556	0.4850793279895419	3479579.323644956	1.2111925366360268	1.2111925366360268	1	0.9799793050302386	0.6123608595079477	9	R108	108	3
20190328	2	2	13	MAT-a	TRUE	651675	54910878	83606556	0.6567771790528006	992231.4915689382	0.3453818020577928	1.2667176511458402	16	1.0214609741798866	0.17878351166633716	55	MAT-a	1	3
20190328	2	2	14	WT	TRUE	2872854	83606556	83606556	1	2872854	1	1	13	1	0	51	WT	0	3
20190328	2	2	15	MAT-a	TRUE	2586839	120446106	83606556	1.4406299190221399	1795630.4848617024	0.6250336720424019	1.2667176511458402	16	1.0214609741798866	0.17878351166633716	55	MAT-a	1	3
20190408	3	1	3	F58A	TRUE	1016768	74991510	127447716	0.5884099955153375	1727992.3994314556	2.2676172846626192	1.617081508817837	4	1.2837175132769152	NA	8	F58	58	2
20190408	3	1	4	F58A	TRUE	983984	72677880	127447716	0.5702564336264763	1725511.4400770084	2.2643615606695384	1.617081508817837	4	1.2837175132769152	NA	8	F58	58	2
20190408	3	1	5	K169I	TRUE	2529464	74772654	127447716	0.586692773686113	4311394.50398837	5.657775289671497	3.9478678824056535	4	2.4832069640010532	1.389863037061653	9	K169	169	3
20190408	3	1	6	K169I	TRUE	2841958	87198738	127447716	0.6841922377016156	4153741.9505764865	5.450890320035283	3.9478678824056535	4	2.4832069640010532	1.389863037061653	9	K169	169	3
20190408	3	1	11	K129F	TRUE	2058228	82773834	127447716	0.6494728708986829	3169074.6330204783	4.158726865110925	4.013329726621805	2	2.628630265372589	NA	4	K129	129	2
20190408	3	1	12	K129F	TRUE	2066814	89368092	127447716	0.7012137589032981	2947480.67013475	3.8679325881326854	4.013329726621805	2	2.628630265372589	NA	4	K129	129	2
20190408	3	1	14	WT	TRUE	762030	127447716	127447716	1	762030	1	1	16	1	0	51	WT	0	3
20190408	3	1	15	MAT-a	TRUE	926262	160935390	127447716	1.2627561721074703	733524.0329525532	0.9625920671791836	0.8158098484284588	18	1.0214609741798866	0.17878351166633716	55	MAT-a	1	3
20190408	3	2	1	K129T	TRUE	871686	128982810	131485134	0.9809687686822451	888597.0968993775	1.215732468069991	1.6469734909069833	4	1.202639284305104	0.4939277102729834	8	K129	129	3
20190408	3	2	2	K129T	TRUE	992188	98583408	131485134	0.7497684719247425	1323325.8494491486	1.8105058036148507	1.6469734909069833	4	1.202639284305104	0.4939277102729834	8	K129	129	3
20190408	3	2	5	F58L	TRUE	807888	79469742	131485134	0.6044009659677573	1336675.5605799248	1.828770186109089	1.8658519589285403	2	1.3286885532293482	0.4194734368586117	6	F58	58	3
20190408	3	2	6	F58L	TRUE	787744	74468262	131485134	0.5663625973108108	1390882.8085405834	1.9029337317479917	1.8658519589285403	2	1.3286885532293482	0.4194734368586117	6	F58	58	3
20190408	3	2	7	K129E	TRUE	981088	74378238	131485134	0.5656779267533012	1734357.9333755125	2.3728585859853917	2.644444995671935	2	1.6520513139372965	0.7697873804404325	6	K129	129	3
20190408	3	2	8	K129E	TRUE	1064720	65683002	131485134	0.49954698300721967	2131371.0946475924	2.9160314053584786	2.644444995671935	2	1.6520513139372965	0.7697873804404325	6	K129	129	3
20190408	3	2	10	K129I	TRUE	1927569	83114856	131485134	0.6321235980943671	3049354.5974409916	4.171968830084198	3.443012134022104	2	1.8797388435856353	0.9729242937970238	8	K129	129	3
20190408	3	2	11	K129I	TRUE	1842698	122136432	131485134	0.9288991712173332	1983743.83043654	2.7140554379600093	3.443012134022104	2	1.8797388435856353	0.9729242937970238	8	K129	129	3
20190408	3	2	12	K154M	TRUE	3314512	94787286	131485134	0.7208973601532779	4597758.548172885	6.290414820017218	6.367400966398716	2	2.9497120876681837	NA	8	K154	154	2
20190408	3	2	13	K154M	TRUE	3200740	89346708	131485134	0.6795194656758687	4710299.20653775	6.4443871127802135	6.367400966398716	2	2.9497120876681837	NA	8	K154	154	2
20190408	3	2	14	WT	TRUE	730915	131485134	131485134	1	730915	1	1	16	1	0	51	WT	0	3
20190408	3	2	15	MAT-a	TRUE	765600	154140096	131485134	1.1723005583277575	653074.8403737856	0.8935031301502714	0.8158098484284588	18	1.0214609741798866	0.17878351166633716	55	MAT-a	1	3
20190408	3	3	1	T139R	TRUE	1415743	100033362	84860589	1.1787964610992743	1201007.1685147102	0.7481968247016403	0.8377662696389643	2	0.8627075606646752	NA	4	T139	139	2
20190408	3	3	2	T139R	TRUE	1676047	95548860	84860589	1.1259509405479144	1488561.3037317556	0.9273357145762883	0.8377662696389643	2	0.8627075606646752	NA	4	T139	139	2
20190408	3	3	8	N84Y	TRUE	1211120	57288198	84860589	0.6750860284507335	1794023.2043898464	1.1176306854400797	1.10398903349247	2	1.5590900958488767	NA	6	N84	84	2
20190408	3	3	9	N84Y	TRUE	1279600	62041980	84860589	0.7311047534680675	1750227.985702584	1.0903473815448605	1.10398903349247	2	1.5590900958488767	NA	6	N84	84	2
20190408	3	3	10	WT	TRUE	1501632	81755388	84860589	0.9634082082555425	1558666.3961676508	0.9710093985733788	1	16	1	0	51	WT	0	3
20190408	3	3	11	WT	TRUE	1712178	87965790	84860589	1.0365917917444576	1651737.9489554062	1.028990601426621	1	16	1	0	51	WT	0	3
20190408	3	3	12	MAT-a	TRUE	968080	77208582	84860589	0.9098284952983299	1064024.7090552705	0.6628602472904301	0.8158098484284588	18	1.0214609741798866	0.17878351166633716	55	MAT-a	1	3
20190408	3	3	13	MAT-a	TRUE	1032944	97867572	84860589	1.1532747197877686	895661.7033884932	0.5579743902035877	0.8158098484284588	18	1.0214609741798866	0.17878351166633716	55	MAT-a	1	3
20190408	3	3	15	MAT-a	TRUE	987639	133724250	84860589	1.5758110045642035	626749.6528069591	0.39044904344155773	0.8158098484284588	18	1.0214609741798866	0.17878351166633716	55	MAT-a	1	3
20190408	3	4	1	T137G	TRUE	3291820	147471324	62987232	2.3412891679380357	1405986.0888089673	0.8330614236656767	0.6602354037380662	2	1.2449035485764137	NA	6	T137	137	2
20190408	3	4	3	Q147L	TRUE	2563524	67526646	62987232	1.0720687964189313	2391193.5582520715	1.4168071261538082	1.4102540639904562	2	1.59054669495792	NA	4	Q147	147	2
20190408	3	4	4	Q147L	TRUE	2220272	59030994	62987232	0.9371898419031971	2369073.906617666	1.4037010018271043	1.4102540639904562	2	1.59054669495792	NA	4	Q147	147	2
20190408	3	4	9	A180T	TRUE	2600550	54400236	62987232	0.8636708468154308	3011042.933299039	1.7840743466085527	1.498559844895429	2	1.1479655044974966	NA	4	A180	180	2
20190408	3	4	10	A180T	TRUE	1931872	59436036	62987232	0.9436203832548158	2047297.8692304448	1.2130453431823052	1.498559844895429	2	1.1479655044974966	NA	4	A180	180	2
20190408	3	4	12	WT	TRUE	1687734	62987232	62987232	1	1687734	1	1	16	1	0	51	WT	0	3
20190408	3	4	13	MAT-a	TRUE	1621664	55023474	62987232	0.8735655188022868	1856373.6378049848	1.0999207445041606	0.8158098484284588	18	1.0214609741798866	0.17878351166633716	55	MAT-a	1	3
20190408	3	4	14	T137G	TRUE	1574658	120570450	62987232	1.914204612134726	822617.3889759555	0.4874093838104556	0.6602354037380662	2	1.2449035485764137	NA	6	T137	137	2
20190409	3	2	8	R108S	TRUE	927466	76064832	129052184	0.589411427550889	1573546.0098793618	2.09985322125462	1.0208549595342749	6	0.7316234865720472	NA	12	R108	108	2
20190409	3	2	9	R108S	TRUE	723027	85389557	129052184	0.661666888179126	1092735.6543255986	1.4582252246258123	1.0208549595342749	6	0.7316234865720472	NA	12	R108	108	2
20190409	3	2	14	WT	TRUE	749360	129052184	129052184	1	749360	1	1	16	1	0	51	WT	0	3
20190409	3	2	15	MAT-a	TRUE	766878	132707972	129052184	1.0283279824229863	745752.3407979741	0.9951856795104811	0.8158098484284588	18	1.0214609741798866	0.17878351166633716	55	MAT-a	1	3
20190409	3	4	1	K143H	TRUE	2134998	104518584	122959518	0.8500243470375347	2511690.409152156	2.3328538342207903	2.4496778224159	2	2.5530331106124735	NA	3	K143	143	2
20190409	3	4	3	K143W	TRUE	2055861	93271996	122959518	0.7585585688453984	2710220.521441377	2.51724826912988	2.6194407357820078	2	1.5214640505079915	0.7249383820139131	8	K143	143	3
20190409	3	4	4	K143W	TRUE	2074918	87067268	122959518	0.70809701775181	2930273.603732737	2.721633202434136	2.6194407357820078	2	1.5214640505079915	0.7249383820139131	8	K143	143	3
20190409	3	4	5	K143Y	TRUE	2338236	93311776	122959518	0.7588820899574443	3081158.497403886	2.861774838299822	2.847202199421734	2	1.9950001998109934	0.6043426585626437	7	K143	143	3
20190409	3	4	6	K143Y	TRUE	2375171	95761000	122959518	0.7788010359637226	3049778.942654922	2.832629560543646	2.847202199421734	2	1.9950001998109934	0.6043426585626437	7	K143	143	3
20190409	3	4	8	N102K	TRUE	679782	93028828	122959518	0.7565809423553531	898492.1003742624	0.8345179540191541	1.18680798262396	4	1.4720559813976568	0.31554126687149286	10	N102	102	3
20190409	3	4	9	N102K	TRUE	620568	137924604	122959518	1.1217074224380092	553235.1730821283	0.5138438997289101	1.18680798262396	4	1.4720559813976568	0.31554126687149286	10	N102	102	3
20190409	3	4	10	N102M	TRUE	2285624	212777984	122959518	1.7304718452133165	1320809.7007312186	1.2267658320465316	2.2566337451061766	6	1.9330966144827653	NA	10	N102	102	2
20190409	3	4	11	N102M	TRUE	2451969	130892724	122959518	1.0645188443240319	2303358.9429382035	2.1393559182455033	2.2566337451061766	6	1.9330966144827653	NA	10	N102	102	2
20190409	3	4	13	N102I	TRUE	562071	69447856	122959518	0.5648026043823626	995163.6122759212	0.9243062919360997	0.9243062919360997	1	1.4162109618355507	0.6152211266955562	11	N102	102	3
20190409	3	4	14	WT	TRUE	1076660	122959518	122959518	1	1076660	1	1	16	1	0	51	WT	0	3
20190409	3	4	15	MAT-a	TRUE	902600	108930668	122959518	0.8859067583527775	1018843.1135554956	0.9462997729603548	0.8158098484284588	18	1.0214609741798866	0.17878351166633716	55	MAT-a	1	3
20190410	3	1	5	K129T	TRUE	2222244	82841400	98152224	0.8440094031898859	2632961.1869265367	1.7801488416533497	1.6469734909069833	4	1.202639284305104	0.4939277102729834	8	K129	129	3
20190410	3	1	6	K129T	TRUE	2797427	104203731	98152224	1.0616543034215913	2634969.774044348	1.7815068502897418	1.6469734909069833	4	1.202639284305104	0.4939277102729834	8	K129	129	3
20190410	3	1	9	T34L	TRUE	1117494	69323127	98152224	0.7062817751332868	1582221.2031297435	1.0697420288517792	0.9494617459669341	2	1.1983239084285062	0.3354366643569669	6	T34	34	3
20190410	3	1	10	T34L	TRUE	1190106	95246289	98152224	0.9703935898589522	1226415.7682378995	0.8291814630820892	0.9494617459669341	2	1.1983239084285062	0.3354366643569669	6	T34	34	3
20190410	3	1	13	WT	TRUE	1479068	98152224	98152224	1	1479068	1	1	16	1	0	51	WT	0	3
20190410	3	1	14	MAT-a	TRUE	881348	85220175	98152224	0.868244972217848	1015091.3949420076	0.6863047506551474	0.8158098484284588	18	1.0214609741798866	0.17878351166633716	55	MAT-a	1	3
20190410	3	1	15	MAT-a	TRUE	1062602	92585166	98152224	0.9432813870829865	1126495.2479196074	0.7616250557240151	0.8158098484284588	18	1.0214609741798866	0.17878351166633716	55	MAT-a	1	3
20190410	3	2	6	T34Y	TRUE	940729	121606712	108858344	1.117109699923416	842109.7767430469	0.6651793789227607	0.6283125722851552	2	0.8168265374415902	NA	4	T34	34	2
20190410	3	2	7	T34Y	TRUE	797232	115904844	108858344	1.0647309130478781	748763.833406376	0.5914457656475498	0.6283125722851552	2	0.8168265374415902	NA	4	T34	34	2
20190410	3	2	14	WT	TRUE	1265989	108858344	108858344	1	1265989	1	1	16	1	0	51	WT	0	3
20190410	3	2	15	MAT-a	TRUE	749734	91752196	108858344	0.8428586420531989	889513.3330704805	0.7026232716638774	0.8158098484284588	18	1.0214609741798866	0.17878351166633716	55	MAT-a	1	3
20190410	3	3	1	R108S	TRUE	1201611	144148236	125232132	1.151048326798429	1043927.4981114025	0.38910486549469975	1.0208549595342749	6	0.7316234865720472	NA	12	R108	108	2
20190410	3	3	2	R108S	TRUE	867901	112418552	125232132	0.8976813714231104	966825.2317903187	0.36036640710513035	1.0208549595342749	6	0.7316234865720472	NA	12	R108	108	2
20190410	3	3	6	R108D	TRUE	557923	100371128	125232132	0.80148062958794	696115.3886985907	0.2594642685228422	0.3448862028987228	4	0.9799793050302386	0.6123608595079477	9	R108	108	3
20190410	3	3	7	R108D	TRUE	567052	115898656	125232132	0.9254705972745078	612717.4668433084	0.22837921977688594	0.3448862028987228	4	0.9799793050302386	0.6123608595079477	9	R108	108	3
20190410	3	3	14	WT	TRUE	2682895	125232132	125232132	1	2682895	1	1	16	1	0	51	WT	0	3
20190410	3	3	15	MAT-a	TRUE	1611648	127941184	125232132	1.021632243712021	1577522.6456676843	0.5879926891166759	0.8158098484284588	18	1.0214609741798866	0.17878351166633716	55	MAT-a	1	3
20190410	3	4	1	H141V	TRUE	1447635	171515645	107139767	1.6008588575705975	904286.4667013029	0.8469195257079493	0.7503122173855568	2	1.092923669577405	0.2715621889852007	6	H141	141	3
20190410	3	4	2	H141V	TRUE	786641	120748472	107139767	1.1270182433754965	697984.2647834667	0.6537049090631643	0.7503122173855568	2	1.092923669577405	0.2715621889852007	6	H141	141	3
20190410	3	4	8	K143H	TRUE	2635632	103045732	107139767	0.9617879045788853	2740346.3772545573	2.56650181061101	2.4496778224159	2	2.5530331106124735	NA	3	K143	143	2
20190410	3	4	14	WT	TRUE	1067736	107139767	107139767	1	1067736	1	1	16	1	0	51	WT	0	3
20190410	3	4	15	MAT-a	TRUE	861135	118367024	107139767	1.1047907543050752	779455.2920038354	0.7300075037311052	0.8158098484284588	18	1.0214609741798866	0.17878351166633716	55	MAT-a	1	3
20190411	3	1	1	N102K	TRUE	1235798	123198184	100470612	1.2262111432146945	1007818.2757010119	1.854403577916496	1.18680798262396	4	1.4720559813976568	0.31554126687149286	10	N102	102	3
20190411	3	1	2	N102K	TRUE	1010395	120941060	100470612	1.2037456286222283	839375.8415193318	1.5444664988312793	1.18680798262396	4	1.4720559813976568	0.31554126687149286	10	N102	102	3
20190411	3	1	3	N102M	TRUE	2112642	111309744	100470612	1.1078836068003646	1906916.9243341717	3.5087611055823777	2.2566337451061766	6	1.9330966144827653	NA	10	N102	102	2
20190411	3	1	4	N102M	TRUE	2163682	121727888	100470612	1.2115770529993388	1785839.36914591	3.28597624747855	2.2566337451061766	6	1.9330966144827653	NA	10	N102	102	2
20190411	3	1	7	E115A	TRUE	511666	90442924	100470612	0.9001928245445544	568395.9992225815	1.0458587624823708	1.1055631850968841	2	1.0742996786161254	0.11796275985416838	8	E115	115	3
20190411	3	1	8	E115A	TRUE	525504	83370312	100470612	0.8297979910782269	633291.4825657364	1.1652676077113977	1.1055631850968841	2	1.0742996786161254	0.11796275985416838	8	E115	115	3
20190411	3	1	9	E115I	TRUE	644827	96877832	100470612	0.9642404885520156	668740.8459359825	1.2304950677144633	1.1162401547865373	2	1.0482783625055287	NA	3	E115	115	2
20190411	3	1	10	E115I	TRUE	592076	109238872	100470612	1.0872718880223402	544551.925348625	1.0019852418586113	1.1162401547865373	2	1.0482783625055287	NA	3	E115	115	2
20190411	3	1	11	WT	TRUE	543473	100470612	100470612	1	543473	1	1	16	1	0	51	WT	0	3
20190411	3	1	12	MAT-a	TRUE	772344	134075872	100470612	1.334478504022649	578760.9149730385	1.064930392076586	0.8158098484284588	18	1.0214609741798866	0.17878351166633716	55	MAT-a	1	3
20190411	3	2	3	N105V	TRUE	590818	92994191	93265608	0.9970898490255915	592542.3878072556	0.3141307855874147	0.30593940296532507	2	0.39972609676269605	NA	3	N105	105	2
20190411	3	2	4	N105V	TRUE	600627	99739818	93265608	1.0694169066050585	561639.7087892821	0.2977480203432354	0.30593940296532507	2	0.39972609676269605	NA	3	N105	105	2
20190411	3	2	12	K132H	TRUE	669783	76888664	93265608	0.8244053263449481	812443.8047598798	0.43070945789934956	0.4343308790158165	2	0.6103740196919147	0.32278423956168883	6	K132	132	3
20190411	3	2	13	K132H	TRUE	747864	84432261	93265608	0.9052882708918811	826105.9201211253	0.4379523001322835	0.4343308790158165	2	0.6103740196919147	0.32278423956168883	6	K132	132	3
20190411	3	2	14	WT	TRUE	1886292	93265608	93265608	1	1886292	1	1	16	1	0	51	WT	0	3
20190411	3	2	15	MAT-a	TRUE	1516212	111123051	93265608	1.1914686815744555	1272557.1586123568	0.6746342340487882	0.8158098484284588	18	1.0214609741798866	0.17878351166633716	55	MAT-a	1	3
20190411	1	3.1	3	E115A	TRUE	836978	93303208	111212708	0.8389617488677643	997635.4716166244	0.9420516010026642	0.8861145551061997	2	1.0742996786161254	0.11796275985416838	8	E115	115	3
20190411	1	3.1	4	E115A	TRUE	965073	122080536	111212708	1.097721098563664	879160.4727856372	0.8301775092097352	0.8861145551061997	2	1.0742996786161254	0.11796275985416838	8	E115	115	3
20190411	1	3.1	5	T137G	TRUE	1534913	125388464	111212708	1.1274652533413718	1361383.8612330717	1.2855335265651482	1.5372376209955874	4	1.2449035485764137	NA	6	T137	137	2
20190411	1	3.1	6	T137G	TRUE	1816926	158971352	111212708	1.42943513253899	1271079.714385319	1.2002607305034254	1.5372376209955874	4	1.2449035485764137	NA	6	T137	137	2
20190411	1	3.1	9	MAT-a	TRUE	1030370	77125804	111212708	0.6934981207363461	1485757.4508002535	1.4029775655028867	1.0108711376118122	21	1.0214609741798866	0.17878351166633716	55	MAT-a	1	3
20190411	1	3.1	10	WT	TRUE	1059003	111212708	111212708	1	1059003	1	1	22	1	0	51	WT	0	3
20190411	3	3.2	11	WT	TRUE	1804392	102015028	102015028	1	1804392	1	1	16	1	0	51	WT	0	3
20190411	3	3.2	13	MAT-a	TRUE	2136132	112002052	102015028	1.0978975764237402	1945656.9044975713	1.0782894761767794	0.8158098484284588	18	1.0214609741798866	0.17878351166633716	55	MAT-a	1	3
20190411	3	3.2	14	T139A	TRUE	2742137	116734580	102015028	1.1442880748902995	2396369.4634000994	1.3280758634487957	1.409688982836115	2	1.340321075650037	NA	5	T139	139	2
20190411	3	3.2	15	T139A	TRUE	3169542	120161168	102015028	1.1778771261034207	2690893.582835147	1.4913021022234343	1.409688982836115	2	1.340321075650037	NA	5	T139	139	2
20190411	1	4	3	N105L	TRUE	1727604	160805244	101622872	1.5823725588074307	1091780.8138065946	1.5179012245840846	1.1898013683826463	5	0.8712751729992234	NA	9	N105	105	2
20190411	1	4	4	N105L	TRUE	1712461	153246432	101622872	1.507991547414641	1135590.5826766132	1.5788098804018147	1.1898013683826463	5	0.8712751729992234	NA	9	N105	105	2
20190411	1	4	10	N102I	TRUE	684233	216676832	101622872	2.132165995072448	320909.8173319056	0.44616043673711625	0.7388888904653808	4	1.4162109618355507	0.6152211266955562	11	N102	102	3
20190411	1	4	11	N102I	TRUE	789837	222052776	101622872	2.185066920761696	361470.39365030953	0.502551745033589	0.7388888904653808	4	1.4162109618355507	0.6152211266955562	11	N102	102	3
20190411	1	4	14	WT	TRUE	719270	101622872	101622872	1	719270	1	1	22	1	0	51	WT	0	3
20190411	1	4	15	MAT-a	TRUE	1073633	82472916	101622872	0.8115586026736186	1322927.261768894	1.8392637837931431	1.0108711376118122	21	1.0214609741798866	0.17878351166633716	55	MAT-a	1	3
20190415	3	3	1	F58A	TRUE	1389690	169470969	80698536	2.1000501049981875	661741.3540241219	1.0030913261201602	1.617081508817837	4	1.2837175132769152	NA	8	F58	58	2
20190415	3	3	2	F58A	TRUE	1608081	210777888	80698536	2.6119171232548752	615670.759873142	0.9332558638190304	1.617081508817837	4	1.2837175132769152	NA	8	F58	58	2
20190415	3	3	10	N102M	TRUE	1064013	84417429	80698536	1.04608377282086	1017139.3798899988	1.5418164260378153	2.2566337451061766	6	1.9330966144827653	NA	10	N102	102	2
20190415	3	3	11	N102M	TRUE	953224	63470754	80698536	0.7865167962898361	1211956.3173940552	1.8371269412462827	2.2566337451061766	6	1.9330966144827653	NA	10	N102	102	2
20190415	3	3	14	WT	TRUE	659702	80698536	80698536	1	659702	1	1	16	1	0	51	WT	0	3
20190415	3	3	15	MAT-a	TRUE	729929	94384824	80698536	1.1695977235572155	624085.517010065	0.9460112550970969	0.8158098484284588	18	1.0214609741798866	0.17878351166633716	55	MAT-a	1	3
20190415	3	4	1	N105L	TRUE	853280	104242710	82095816	1.2697688515575507	671996.3235460782	0.5594915289405888	0.4731174287699447	4	0.8712751729992234	NA	9	N105	105	2
20190415	3	4	2	N105L	TRUE	992749	105059790	82095816	1.2797216121221087	775753.8753711957	0.6458781195746474	0.4731174287699447	4	0.8712751729992234	NA	9	N105	105	2
20190415	3	4	5	R108D	TRUE	834139	110211552	82095816	1.342474651814168	621344.3202616727	0.5173196214933117	0.3448862028987228	4	0.9799793050302386	0.6123608595079477	9	R108	108	3
20190415	3	4	6	R108D	TRUE	751349	137174928	82095816	1.670912534689953	449663.8719269749	0.37438170180185143	0.3448862028987228	4	0.9799793050302386	0.6123608595079477	9	R108	108	3
20190415	3	4	12	K169I	TRUE	2446614	64611228	82095816	0.787022179059649	3108697.6518543186	2.5882433300704353	3.9478678824056535	4	2.4832069640010532	1.389863037061653	9	K169	169	3
20190415	3	4	13	K169I	TRUE	2715648	88619190	82095816	1.0794604928465539	2515745.6136618718	2.0945625898453994	3.9478678824056535	4	2.4832069640010532	1.389863037061653	9	K169	169	3
20190415	3	4	14	WT	TRUE	1201084	82095816	82095816	1	1201084	1	1	16	1	0	51	WT	0	3
20190415	3	4	15	MAT-a	TRUE	1296335	93924996	82095816	1.1440899253623351	1133070.8987665009	0.9433735681821596	0.8158098484284588	18	1.0214609741798866	0.17878351166633716	55	MAT-a	1	3
20190418	2	1	4	T34S	TRUE	537404	91328760	92272940	0.9897675309792882	542959.8195328614	0.547637741117487	0.547637741117487	1	1.39022362660491	NA	5	T34	34	2
20190418	1	1	14	WT	TRUE	991458	92272940	92272940	1	991458	1	1	22	1	0	51	WT	0	3
20190418	1	1	15	MAT-a	TRUE	1441584	141439116	92272940	1.5328341765202236	940469.6359736864	0.9485723409097373	1.0108711376118122	21	1.0214609741798866	0.17878351166633716	55	MAT-a	1	3
20190418	1	2	1	N105L	TRUE	1917384	187033470	107576451	1.7386097818006656	1102825.9590338778	0.729794446753575	1.1898013683826463	5	0.8712751729992234	NA	9	N105	105	2
20190418	1	2	2	N105L	TRUE	1853450	204484605	107576451	1.900830554449133	975073.7621834661	0.6452545036571358	1.1898013683826463	5	0.8712751729992234	NA	9	N105	105	2
20190418	3	2	5	N105L	TRUE	620007	126128895	107576451	1.1724582269403925	528809.4584128165	0.3499393562321685	0.4731174287699447	4	0.8712751729992234	NA	9	N105	105	2
20190418	3	2	6	N105L	TRUE	560099	118260204	107576451	1.0993131201177104	509499.05877592607	0.33716071033237427	0.4731174287699447	4	0.8712751729992234	NA	9	N105	105	2
20190418	1	2	14	WT	TRUE	1511146	107576451	107576451	1	1511146	1	1	22	1	0	51	WT	0	3
20190418	1	2	15	MAT-a	TRUE	1167113	123153339	107576451	1.1447983072057286	1019492.2482447918	0.6746484113677909	1.0108711376118122	21	1.0214609741798866	0.17878351166633716	55	MAT-a	1	3
20190418	1	3	14	WT	TRUE	978656	122673768	122673768	1	978656	1	1	22	1	0	51	WT	0	3
20190418	1	3	15	MAT-a	TRUE	1178219	144736164	122673768	1.1798460776064204	998620.9407843087	1.020400366200492	1.0108711376118122	21	1.0214609741798866	0.17878351166633716	55	MAT-a	1	3
20190418	1	4	1	R108S	TRUE	577269	113039324	96451064	1.1719862831165864	492556.1060876125	0.1987466892119724	0.4423920136098196	6	0.7316234865720472	NA	12	R108	108	2
20190418	1	4	2	R108S	TRUE	508606	89903820	96451064	0.9321184886047499	545645.2223808065	0.2201681800148595	0.4423920136098196	6	0.7316234865720472	NA	12	R108	108	2
20190418	3	4	5	R108S	TRUE	1891063	78273644	96451064	0.8115373823144139	2330222.9092723983	0.9402463650737936	1.0208549595342749	6	0.7316234865720472	NA	12	R108	108	2
20190418	3	4	6	R108S	TRUE	2067580	91716768	96451064	0.9509150464115149	2174305.6940811523	0.8773336736515926	1.0208549595342749	6	0.7316234865720472	NA	12	R108	108	2
20190418	1	4	13	WT	TRUE	2478311	96451064	96451064	1	2478311	1	1	22	1	0	51	WT	0	3
20190418	1	4	14	MAT-a	TRUE	2343348	123320176	96451064	1.278577662969068	1832777.208510244	0.7395267214285229	1.0108711376118122	21	1.0214609741798866	0.17878351166633716	55	MAT-a	1	3
20190423	2	1	5	N102K	TRUE	1854122	123348943	77405234	1.5935478342459375	1163518.2579112006	1.4433812152635022	1.4905496761552188	4	1.4720559813976568	0.31554126687149286	10	N102	102	3
20190423	2	1	6	N102K	TRUE	1559155	124477022	77405234	1.6081215128165622	969550.4895455324	1.2027580610310957	1.4905496761552188	4	1.4720559813976568	0.31554126687149286	10	N102	102	3
20190423	2	1	7	N102I	TRUE	1006944	127122249	77405234	1.64229526132561	613132.135074923	0.7606098144349789	1.9497431210655727	6	1.4162109618355507	0.6152211266955562	11	N102	102	3
20190423	2	1	8	N102I	TRUE	897634	132621877	77405234	1.7133450820651224	523907.30238538247	0.6499235862099804	1.9497431210655727	6	1.4162109618355507	0.6152211266955562	11	N102	102	3
20190423	2	1	9	N102M	TRUE	1230535	128017972	77405234	1.6538671273831431	744034.9829959031	0.9229989393403636	1.4477909185476483	4	1.9330966144827653	NA	10	N102	102	2
20190423	2	1	10	N102M	TRUE	1213992	144548614	77405234	1.8674268719347842	650088.1069266289	0.8064548668867728	1.4477909185476483	4	1.9330966144827653	NA	10	N102	102	2
20190423	2	1	13	WT	TRUE	806106	77405234	77405234	1	806106	1	1	13	1	0	51	WT	0	3
20190423	2	1	15	MAT-a	TRUE	948940	87475267	77405234	1.1300949881502844	839699.326118776	1.0416735840184492	1.2667176511458402	16	1.0214609741798866	0.17878351166633716	55	MAT-a	1	3
20190423	2	2	12	E115A	TRUE	2797794	190517582	83019834	2.294844169406554	1219165.1343034366	1.0561787917040437	1.1527604871307089	4	1.0742996786161254	0.11796275985416838	8	E115	115	3
20190423	2	2	13	E115A	TRUE	2625498	205954784	83019834	2.4807901205873284	1058331.3671768461	0.916846383772262	1.1527604871307089	4	1.0742996786161254	0.11796275985416838	8	E115	115	3
20190423	2	2	14	WT	TRUE	1154317	83019834	83019834	1	1154317	1	1	13	1	0	51	WT	0	3
20190423	2	2	15	MAT-a	TRUE	1394408	94673010	83019834	1.1403661684026012	1222772.1574319017	1.0593036032839347	1.2667176511458402	16	1.0214609741798866	0.17878351166633716	55	MAT-a	1	3
20190423	2	3	1	K129T	TRUE	1912122	112009011	93635622	1.1962222133794338	1598467.223408338	0.6690585662843396	0.5792178199373439	2	1.202639284305104	0.4939277102729834	8	K129	129	3
20190423	2	3	2	K129T	TRUE	1535457	122968971	93635622	1.3132712569581693	1169184.9584498352	0.48937707359034827	0.5792178199373439	2	1.202639284305104	0.4939277102729834	8	K129	129	3
20190423	2	3	7	K132H	TRUE	1376422	143218539	93635622	1.5295304921453932	899898.3721268376	0.3766637850559085	0.37129668892749346	2	0.6103740196919147	0.32278423956168883	6	K132	132	3
20190423	2	3	8	K132H	TRUE	1118175	119760540	93635622	1.2790061884781414	874253.0021144694	0.36592959279907844	0.37129668892749346	2	0.6103740196919147	0.32278423956168883	6	K132	132	3
20190423	1	3	9	K132H	TRUE	2146050	69308223	93635622	0.7401907684235813	2899320.136848697	1.2135469189184414	1.0254944911324344	2	0.6103740196919147	0.32278423956168883	6	K132	132	3
20190423	1	3	10	K132H	TRUE	1951866	91347513	93635622	0.9755636909209617	2000757.1193607864	0.8374420633464272	1.0254944911324344	2	0.6103740196919147	0.32278423956168883	6	K132	132	3
20190423	2	3	12	K154M	TRUE	2140146	92613732	93635622	0.9890865252115268	2163760.14175535	0.905669029070992	1.810482461424673	6	2.9497120876681837	NA	8	K154	154	2
20190423	2	3	13	K154M	TRUE	2471936	95877777	93635622	1.0239455343181252	2414128.4054196626	1.01046381564983	1.810482461424673	6	2.9497120876681837	NA	8	K154	154	2
20190423	2	3	14	WT	TRUE	2389129	93635622	93635622	1	2389129	1	1	13	1	0	51	WT	0	3
20190423	2	3	15	MAT-a	TRUE	3007759	95613369	93635622	1.0211217371952739	2945543.993864477	1.232894495803482	1.2667176511458402	16	1.0214609741798866	0.17878351166633716	55	MAT-a	1	3
20190423	2	4	5	H141V	TRUE	1822961	141776853	102656682	1.3810776876657673	1319955.4350060374	1.318823884113468	1.3286155178448578	2	1.092923669577405	0.2715621889852007	6	H141	141	3
20190423	2	4	6	H141V	TRUE	1721304	131911934	102656682	1.284981468619841	1339555.5049123	1.3384071515762477	1.3286155178448578	2	1.092923669577405	0.2715621889852007	6	H141	141	3
20190423	2	4	8	K143W	TRUE	1218866	97866357	102656682	0.9533364520781998	1278526.5866452146	1.2774305512322572	0.9588456680065038	4	1.5214640505079915	0.7249383820139131	8	K143	143	3
20190423	2	4	9	K143W	TRUE	1231905	111124500	102656682	1.0824867688593325	1138032.3856504192	1.1370567909238065	0.9588456680065038	4	1.5214640505079915	0.7249383820139131	8	K143	143	3
20190423	2	4	10	K143Y	TRUE	2287520	152351310	102656682	1.4840856633180488	1541366.55082677	1.5400451920519893	1.5652697519770007	4	1.9950001998109934	0.6043426585626437	7	K143	143	3
20190423	2	4	11	K143Y	TRUE	1930420	159789717	102656682	1.5565447264309595	1240195.6508029862	1.2391324751393167	1.5652697519770007	4	1.9950001998109934	0.6043426585626437	7	K143	143	3
20190423	2	4	14	WT	TRUE	1000858	102656682	102656682	1	1000858	1	1	13	1	0	51	WT	0	3
20190423	2	4	15	MAT-a	TRUE	597567	94806966	102656682	0.9235342907342359	647043.6517575512	0.6464889642262451	1.2667176511458402	16	1.0214609741798866	0.17878351166633716	55	MAT-a	1	3
