date	round	gel	lane	sample	to_include	gsp1	total_protein	mean_WT_total_protein	total_protein_adjustment	adjusted_gsp1	relative_expression	avg_rel_expr_by_round	n_in_round	avg_rel_expr	std_rel_expr	n_sample	residue	resn	n_rounds	mutant_strength
20190219	1	1	1	D79A	TRUE	1740438	69096698	85312038	0.809929051278789	2148877.1112136794	0.9998125470919003	1.460750451810376	4	2.513179799055453	1.1305294123606926	9	D79	79	3	Strong Mutants
20190219	1	1	2	D79S	TRUE	1955844	63840615	85312038	0.7483189535338495	2613650.223295499	1.216058504846041	1.216058504846041	1	2.417981811173978	0.5893470493813229	6	D79	79	3	Strong Mutants
20190219	1	1	3	H141E	TRUE	2948249	51673750	85312038	0.6057029138138746	4867483.600889465	2.264704273472728	2.264704273472728	1	1.7734433328876487	NA	3	H141	141	2	Strong Mutants
20190219	1	1	4	K143H	TRUE	3376699	48566960	85312038	0.5692861305224006	5931461.911607439	2.75974368700562	2.75974368700562	1	2.5530331106124735	NA	3	K143	143	2	Weak Mutants
20190219	1	1	5	K169I	TRUE	2358270	68145432	85312038	0.7987786201989454	2952344.918060832	1.3736436937303804	1.3443142498014287	3	2.4832069640010532	1.389863037061653	9	K169	169	3	Weak Mutants
20190219	1	1	6	Q147E	TRUE	2115036	50184809	85312038	0.5882500310214134	3595471.1236096965	1.6728723682394553	1.6271276923460638	5	1.2216633768099086	0.5073317873229884	9	Q147	147	3	Strong Mutants
20190219	1	1	11	N105L	TRUE	1675826	45029092	85312038	0.5278163909294958	3175016.973324445	1.477246786516622	1.1898013683826463	5	0.8712751729992234	NA	9	N105	105	2	Weak Mutants
20190219	1	1	12	T139A	TRUE	2186824	47486652	85312038	0.5566231110315287	3928733.745796861	1.8279301653562408	1.2940758041926517	3	1.340321075650037	NA	5	T139	139	2	Weak Mutants
20190219	1	2	8	R108Y	TRUE	515338	68688936	163441408	0.4202664235491657	1226217.3971642826	0.6613288288056786	1.5995526185624112	3	1.6829400672758417	0.972893408248163	10	R108	108	3	Strong Mutants
20190219	1	2	10	E115I	TRUE	1056172	102042943	163441408	0.6243395982002309	1691662.6833290765	0.9123547779435115	0.9123547779435115	1	1.0482783625055287	NA	3	E115	115	2	Weak Mutants
20190219	1	2	11	R78K	TRUE	1984560	108162388	163441408	0.6617808138314618	2998817.6727429503	1.617335216335351	1.617335216335351	1	3.0967484898529034	0.8617453085864892	5	R78	78	3	Strong Mutants
20190219	1	2	12	K101R	TRUE	1352116	106694753	163441408	0.6528012350456501	2071252.2088066316	1.1170766297876527	1.218898103995363	3	1.1135627903925518	NA	5	K101	101	2	Strong Mutants
20190219	1	2	13	N105V	TRUE	540360	81102763	163441408	0.49621918944800086	1088954.2595099995	0.587299484357438	0.587299484357438	1	0.39972609676269605	NA	3	N105	105	2	Weak Mutants
20190225	1	1	4	F58A	TRUE	1550862	79458650	54440146.5	1.4595598121691316	1062554.605210169	0.4597022890543561	0.9503535177359933	4	1.2837175132769152	NA	8	F58	58	2	Weak Mutants
20190225	1	1	5	F58A	TRUE	1417533	44664545	54440146.5	0.8204339604413078	1727784.4023393611	0.7475064724703859	0.9503535177359933	4	1.2837175132769152	NA	8	F58	58	2	Weak Mutants
20190225	1	1	6	K169I	TRUE	2295618	41763847	54440146.5	0.7671516277054838	2992391.4870207477	1.2946244923178478	1.3443142498014287	3	2.4832069640010532	1.389863037061653	9	K169	169	3	Weak Mutants
20190225	1	1	7	K169I	TRUE	2322826	40089651	54440146.5	0.7363986612343154	3154305.0283478145	1.364674563356058	1.3443142498014287	3	2.4832069640010532	1.389863037061653	9	K169	169	3	Weak Mutants
20190225	1	1	8	K129F	TRUE	2716160	52223485	54440146.5	0.959282594876926	2831449.2668851954	1.2249946524592465	1.2439308041233728	2	2.628630265372589	NA	4	K129	129	2	Weak Mutants
20190225	1	1	9	K129F	TRUE	2572884	47985199	54440146.5	0.8814303796923103	2918987.2045233366	1.262866955787499	1.2439308041233728	2	2.628630265372589	NA	4	K129	129	2	Weak Mutants
20190225	1	1	10	T34A	TRUE	1338274	60094109	54440146.5	1.1038564894383596	1212362.306880047	0.5245149048370467	0.7188027230424717	4	0.9847165550811199	0.36766624543437715	8	T34	34	3	Strong Mutants
20190225	1	1	11	T34A	TRUE	1340450	63855891	54440146.5	1.172955899374738	1142796.5882728817	0.4944180797641369	0.7188027230424717	4	0.9847165550811199	0.36766624543437715	8	T34	34	3	Strong Mutants
20190225	1	2	8	F58L	TRUE	1021212	72751840	72721444	1.0004179784988867	1020785.3336785435	1.0664485266945507	1.1195968661025897	2	1.3286885532293482	0.4194734368586117	6	F58	58	3	Weak Mutants
20190225	1	2	9	F58L	TRUE	998442	64682552	72721444	0.8894563754812129	1122530.6013010743	1.1727452055106284	1.1195968661025897	2	1.3286885532293482	0.4194734368586117	6	F58	58	3	Weak Mutants
20190225	1	2	10	K129E	TRUE	1067202	65872620	72721444	0.9058211220338254	1178159.7647047893	1.2308628502257557	1.1102271874115521	2	1.6520513139372965	0.7697873804404325	6	K129	129	3	Weak Mutants
20190225	1	2	11	K129E	TRUE	989802	75990680	72721444	1.044955597966399	947219.1946971393	0.9895915245973486	1.1102271874115521	2	1.6520513139372965	0.7697873804404325	6	K129	129	3	Weak Mutants
20190225	1	3	1	T34E	TRUE	2893213	39564304	88077272	0.4491999252656236	6440813.627226603	2.26849279359415	1.6578840451881716	4	1.25180894715862	0.359984911799441	10	T34	34	3	Strong Mutants
20190225	1	3	2	T34E	TRUE	2468740	38074628	88077272	0.4322866403037551	5710886.64286569	2.0114081766952694	1.6578840451881716	4	1.25180894715862	0.359984911799441	10	T34	34	3	Strong Mutants
20190225	1	3	7	T34S	TRUE	2406962	35604052	88077272	0.4042365435659724	5954340.443263705	2.097154050390704	1.6008700979767656	4	1.39022362660491	NA	5	T34	34	2	Weak Mutants
20190225	1	3	8	T34S	TRUE	2193425	37208716	88077272	0.4224553639672219	5192086.992106903	1.8286838599893012	1.6008700979767656	4	1.39022362660491	NA	5	T34	34	2	Weak Mutants
20190225	1	3	9	T34Q	TRUE	1949509	37833160	88077272	0.4295450930859893	4538543.290051584	1.5985018885463982	1.3093674694850685	4	1.0561187398831287	0.27653123174304606	8	T34	34	3	Strong Mutants
20190225	1	3	10	T34Q	TRUE	1907927	40994480	88077272	0.46543766705217665	4099210.5604253057	1.4437662931964048	1.3093674694850685	4	1.0561187398831287	0.27653123174304606	8	T34	34	3	Strong Mutants
20190225	1	4	4	T34Y	TRUE	697927	40841710	57115198	0.7150760468343295	976017.8698332171	0.30940493575312	1.005340502598025	2	0.8168265374415902	NA	4	T34	34	2	Weak Mutants
20190225	1	4	5	R108A	TRUE	1324604	32887598	57115198	0.5758116780055634	2300411.8370576045	0.7292476896679678	1.3555180636417656	4	1.5386676224017026	NA	10	R108	108	2	Strong Mutants
20190225	1	4	6	R108A	TRUE	1881912	36388020	57115198	0.6370987280828476	2953878.130730279	0.9364013728737609	1.3555180636417656	4	1.5386676224017026	NA	10	R108	108	2	Strong Mutants
20190225	1	4	9	R108G	TRUE	2739173	39651050	57115198	0.6942294063306933	3945630.903879065	1.2507943901978333	1.019878177056884	9	1.7808342216299242	1.7724724117296946	16	R108	108	3	Strong Mutants
20190225	1	4	10	R108G	TRUE	2403101	39062010	57115198	0.6839162143848297	3513735.9656863026	1.1138804773137747	1.019878177056884	9	1.7808342216299242	1.7724724117296946	16	R108	108	3	Strong Mutants
20190227	1	2	1	R108L	TRUE	1823472	17592280	13504052	1.3027408366022286	1399719.6900313094	0.6224395668159528	1.0631793951324724	6	1.3611885287585603	0.25220531708783595	16	R108	108	3	Strong Mutants
20190227	1	2	2	R108L	TRUE	1645379	15499512	13504052	1.1477674997104572	1433547.2997929226	0.6374823235310253	1.0631793951324724	6	1.3611885287585603	0.25220531708783595	16	R108	108	3	Strong Mutants
20190227	1	2	3	K129I	TRUE	2640620	12617196	13504052	0.9343266746899375	2826227.776142972	1.256791631377491	1.1678516759041178	2	1.8797388435856353	0.9729242937970238	8	K129	129	3	Weak Mutants
20190227	1	2	4	K129I	TRUE	2534353	14105920	13504052	1.044569437380721	2426217.8360827225	1.0789117204307443	1.1678516759041178	2	1.8797388435856353	0.9729242937970238	8	K129	129	3	Weak Mutants
20190227	1	2	7	Y157A	TRUE	2065566	11157236	13504052	0.8262139393420582	2500037.704090153	1.1117385835464073	1.1305734540809529	2	0.8072946526047512	0.273348960810526	6	Y157	157	3	Strong Mutants
20190227	1	2	8	Y157A	TRUE	1820409	9510752	13504052	0.7042887571819184	2584748.0616956474	1.1494083246154987	1.1305734540809529	2	0.8072946526047512	0.273348960810526	6	Y157	157	3	Strong Mutants
20190227	1	2	9	A180T	TRUE	1458136	11367560	13504052	0.8417888201259889	1732187.414631812	0.7702842159656647	0.7973711640995642	2	1.1479655044974966	NA	4	A180	180	2	Weak Mutants
20190227	1	2	10	A180T	TRUE	1453734	10588552	13504052	0.7841018384704087	1854011.722298573	0.8244581122334638	0.7973711640995642	2	1.1479655044974966	NA	4	A180	180	2	Weak Mutants
20190227	1	3	1	D79A	TRUE	3379050	6912640	10762010	0.6423186746713672	5260706.458097051	2.572022334523859	1.460750451810376	4	2.513179799055453	1.1305294123606926	9	D79	79	3	Strong Mutants
20190227	1	3	3	N84Y	TRUE	2569860	6940990	10762010	0.6449529409469049	3984569.7830712907	1.9481038444474224	1.78664062702708	4	1.5590900958488767	NA	6	N84	84	2	Weak Mutants
20190227	1	3	4	N84Y	TRUE	2208864	7115080	10762010	0.6611292871870589	3341046.967376333	1.633477839760244	1.78664062702708	4	1.5590900958488767	NA	6	N84	84	2	Weak Mutants
20190227	1	3	5	T137G	TRUE	2486701	7342720	10762010	0.6822814697254509	3644684.943591748	1.7819300795223858	1.5372376209955874	4	1.2449035485764137	NA	6	T137	137	2	Weak Mutants
20190227	1	3	6	T137G	TRUE	2232215	6243370	10762010	0.5801304774851538	3847780.950376159	1.8812261473913903	1.5372376209955874	4	1.2449035485764137	NA	6	T137	137	2	Weak Mutants
20190227	1	3	7	Q147E	TRUE	2406350	7083370	10762010	0.6581828115751611	3656051.111758951	1.7874871351415993	1.6271276923460638	5	1.2216633768099086	0.5073317873229884	9	Q147	147	3	Strong Mutants
20190227	1	3	8	Q147E	TRUE	2232025	7197540	10762010	0.668791424650228	3337400.7466787263	1.6316951588322075	1.6271276923460638	5	1.2216633768099086	0.5073317873229884	9	Q147	147	3	Strong Mutants
20190227	1	3	9	Q147L	TRUE	2490197	7545160	10762010	0.7010920822411427	3551882.931040561	1.7365580651605053	1.7708393259253836	2	1.59054669495792	NA	4	Q147	147	2	Weak Mutants
20190227	1	3	10	Q147L	TRUE	2537507	7396480	10762010	0.6872768191072114	3692117.83295162	1.8051205866902618	1.7708393259253836	2	1.59054669495792	NA	4	Q147	147	2	Weak Mutants
20190227	1	3	11	Y148I	TRUE	1872659	5792780	10762010	0.538261904607039	3479085.1516180485	1.700966359736559	1.686639154112339	2	1.211203296908719	0.3985404263286702	6	Y148	148	3	Strong Mutants
20190227	1	3	12	Y148I	TRUE	1902895	5987170	10762010	0.5563245155877016	3420476.6223357613	1.6723119484881186	1.686639154112339	2	1.211203296908719	0.3985404263286702	6	Y148	148	3	Strong Mutants
20190227	1	4	1	T139R	TRUE	2652039	12219460	6706231	1.8221054419389968	1455480.5331012171	0.780473337859773	0.8876488516903861	2	0.8627075606646752	NA	4	T139	139	2	Weak Mutants
20190227	1	4	2	T139R	TRUE	2923200	10566771	6706231	1.5756646318923402	1855217.1197047802	0.9948243655209992	0.8876488516903861	2	0.8627075606646752	NA	4	T139	139	2	Weak Mutants
20190227	1	4	3	R112S	TRUE	2743182	7665001	6706231	1.1429670406521935	2400053.4594896985	1.2869823346785745	1.1905197112655004	2	1.1338680753075778	0.3489002175487326	6	R112	112	3	Strong Mutants
20190227	1	4	4	R112S	TRUE	2987446	9819520	6706231	1.4642382584196698	2040273.1473662662	1.0940570878524263	1.1905197112655004	2	1.1338680753075778	0.3489002175487326	6	R112	112	3	Strong Mutants
20190227	1	4	9	K129T	TRUE	1776994	5667865	6706231	0.8451639974823414	2102543.417956144	1.127448318330212	0.9373923354691048	2	1.202639284305104	0.4939277102729834	8	K129	129	3	Weak Mutants
20190227	1	4	10	K129T	TRUE	1339785	6446874	6706231	0.9613259668508287	1393684.396551724	0.7473363526079977	0.9373923354691048	2	1.202639284305104	0.4939277102729834	8	K129	129	3	Weak Mutants
20190304	1	1	1	T34A	TRUE	1982718	152852526	117351888	1.3025144171519423	1522223.4578680368	0.7199912298208737	0.7188027230424717	4	0.9847165550811199	0.36766624543437715	8	T34	34	3	Strong Mutants
20190304	1	1	2	T34A	TRUE	2544876	124313298	117351888	1.0593208180851765	2402365.701261405	1.1362866777478295	0.7188027230424717	4	0.9847165550811199	0.36766624543437715	8	T34	34	3	Strong Mutants
20190304	1	1	3	T34D	TRUE	1545164	87646008	117351888	0.7468649162252933	2068866.760818496	0.9785461626924741	0.9852547307269618	2	0.9852547307269618	NA	2	T34	34	1	Weak Mutants
20190304	1	1	4	T34D	TRUE	1402313	78467214	117351888	0.6686489270628522	2097233.6053239256	0.9919632987614495	0.9852547307269618	2	0.9852547307269618	NA	2	T34	34	1	Weak Mutants
20190304	1	1	5	T34E	TRUE	2144142	107341437	117351888	0.9146971457331815	2344100.459919276	1.1087280019483623	1.6578840451881716	4	1.25180894715862	0.359984911799441	10	T34	34	3	Strong Mutants
20190304	1	1	6	T34E	TRUE	2082415	92996682	117351888	0.7924600412053021	2627785.492922425	1.2429072085149049	1.6578840451881716	4	1.25180894715862	0.359984911799441	10	T34	34	3	Strong Mutants
20190304	1	1	7	T34Q	TRUE	1356107	66808974	117351888	0.5693046370076296	2382041.023111895	1.12667337824115	1.3093674694850685	4	1.0561187398831287	0.27653123174304606	8	T34	34	3	Strong Mutants
20190304	1	1	9	T34Q	TRUE	1657902	86121522	117351888	0.733874192122073	2259109.2830312033	1.0685283179563212	1.3093674694850685	4	1.0561187398831287	0.27653123174304606	8	T34	34	3	Strong Mutants
20190304	1	1	10	T34S	TRUE	1647776	66508065	117351888	0.5667404771536355	2907461.2921167985	1.3751901013926136	1.6008700979767656	4	1.39022362660491	NA	5	T34	34	2	Weak Mutants
20190304	1	1	11	T34S	TRUE	1517182	76386519	117351888	0.6509185348598737	2330832.3833897444	1.102452380134444	1.6008700979767656	4	1.39022362660491	NA	5	T34	34	2	Weak Mutants
20190304	1	1	12	T34Y	TRUE	2917728	95193849	117351888	0.8111829355485103	3596880.397917979	1.70127606944293	1.005340502598025	2	0.8168265374415902	NA	4	T34	34	2	Weak Mutants
20190304	1	2	3	T34L	TRUE	2720340	86669391	117381588	0.7383559251217491	3684320.674411108	1.6361669217564205	1.6296717744966047	2	1.1983239084285062	0.3354366643569669	6	T34	34	3	Weak Mutants
20190304	1	2	4	T34L	TRUE	2530501	81266377	117381588	0.6923264404976358	3655069.1292118016	1.6231766272367891	1.6296717744966047	2	1.1983239084285062	0.3354366643569669	6	T34	34	3	Weak Mutants
20190304	1	2	6	G80A	TRUE	3360526	70370301	117381588	0.5995003321986068	5605544.850451727	2.489361777445478	1.206323901740116	4	0.7238332965992934	0.3415528242398648	13	G80	80	3	Strong Mutants
20190304	1	2	7	F58A	TRUE	2792063	111358556	117381588	0.9486884433698409	2943076.854696679	1.3069885667895367	0.9503535177359933	4	1.2837175132769152	NA	8	F58	58	2	Weak Mutants
20190304	1	2	8	F58A	TRUE	3156169	127814091	117381588	1.0888768262361554	2898554.661053546	1.2872167426296943	0.9503535177359933	4	1.2837175132769152	NA	8	F58	58	2	Weak Mutants
20190304	1	2	9	N84Y	TRUE	2858227	85816012	117381588	0.7310857985666372	3909564.3843770786	1.7361952146625272	1.78664062702708	4	1.5590900958488767	NA	6	N84	84	2	Weak Mutants
20190304	1	2	10	N84Y	TRUE	2804670	79944601	117381588	0.6810659351447861	4118059.434882413	1.8287856092381265	1.78664062702708	4	1.5590900958488767	NA	6	N84	84	2	Weak Mutants
20190304	1	2	11	R108L	TRUE	2637882	59989321	117381588	0.5110624419223226	5161564.974482975	2.292195121450828	1.0631793951324724	6	1.3611885287585603	0.25220531708783595	16	R108	108	3	Strong Mutants
20190304	1	2	12	R108L	TRUE	2562858	63093498	117381588	0.5375076200195894	4768040.311515206	2.11743507927667	1.0631793951324724	6	1.3611885287585603	0.25220531708783595	16	R108	108	3	Strong Mutants
20190304	1	3	3	R108Y	TRUE	2571539	98257711	213494294	0.46023577098505497	5587438.356857978	2.1684271799610584	1.5995526185624112	3	1.6829400672758417	0.972893408248163	10	R108	108	3	Strong Mutants
20190304	1	3	4	R108Y	TRUE	2259878	95099733	213494294	0.44544390961568275	5073316.64260437	1.9689018469204966	1.5995526185624112	3	1.6829400672758417	0.972893408248163	10	R108	108	3	Strong Mutants
20190304	1	3	5	R108D	TRUE	2070617	129574181	213494294	0.6069210496089418	3411674.387194452	1.3240356309773387	1.5572690992603073	4	0.9799793050302386	0.6123608595079477	9	R108	108	3	Weak Mutants
20190304	1	3	6	R108D	TRUE	2137886	116326472	213494294	0.5448692319617685	3923668.055732697	1.522735091431095	1.5572690992603073	4	0.9799793050302386	0.6123608595079477	9	R108	108	3	Weak Mutants
20190304	1	3	7	R108D	TRUE	1696532	88214277	213494294	0.4131926682780571	4105910.2211811813	1.5934613956252905	1.5572690992603073	4	0.9799793050302386	0.6123608595079477	9	R108	108	3	Weak Mutants
20190304	1	3	8	R108D	TRUE	1821652	84374507	213494294	0.3952073164072479	4609357.985981334	1.788844279007505	1.5572690992603073	4	0.9799793050302386	0.6123608595079477	9	R108	108	3	Weak Mutants
20190304	1	3	9	R108Q	TRUE	1928378	76923035	213494294	0.3603048754080519	5352073.012656508	2.077084318171643	1.7286332193025782	6	1.137397468263413	0.578330486705135	14	R108	108	3	Strong Mutants
20190304	1	3	10	R108Q	TRUE	2053583	66477400	213494294	0.3113778769188089	6595147.414841766	2.559508668697837	1.7286332193025782	6	1.137397468263413	0.578330486705135	14	R108	108	3	Strong Mutants
20190304	1	3	11	R108Q	TRUE	2788170	87766918	213494294	0.4110972539622066	6782263.742039797	2.6321265847796647	1.7286332193025782	6	1.137397468263413	0.578330486705135	14	R108	108	3	Strong Mutants
20190304	1	3	12	R108Q	TRUE	2849421	91657541	213494294	0.42932079955261004	6637043.914409334	2.5757682679283205	1.7286332193025782	6	1.137397468263413	0.578330486705135	14	R108	108	3	Strong Mutants
20190304	1	4	1	R108S	TRUE	1821397	199295051	125430499	1.5888882894422671	1146334.2087059803	0.6222127101220019	0.4423920136098196	6	0.7316234865720472	NA	12	R108	108	2	Weak Mutants
20190304	1	4	2	R108S	TRUE	1449267	194281374	125430499	1.5489165358418928	935665.0061278288	0.5078646827492854	0.4423920136098196	6	0.7316234865720472	NA	12	R108	108	2	Weak Mutants
20190304	1	4	3	R108S	TRUE	1067940	154360764	125430499	1.2306477709221264	867786.8885260246	0.4710214766491427	0.4423920136098196	6	0.7316234865720472	NA	12	R108	108	2	Weak Mutants
20190304	1	4	4	R108S	TRUE	1174683	126075441	125430499	1.0051418275869253	1168673.8804016318	0.6343383429116557	0.4423920136098196	6	0.7316234865720472	NA	12	R108	108	2	Weak Mutants
20190304	1	4	5	R108G	TRUE	1249228	87258321	125430499	0.6956706837305973	1795717.4697960555	0.9746880316487224	1.019878177056884	9	1.7808342216299242	1.7724724117296946	16	R108	108	3	Strong Mutants
20190304	1	4	6	R108G	TRUE	1318248	72492861	125430499	0.5779524244737319	2280893.624073576	1.2380342421577517	1.019878177056884	9	1.7808342216299242	1.7724724117296946	16	R108	108	3	Strong Mutants
20190304	1	4	7	R108G	TRUE	1068671	121267722	125430499	0.966812082920917	1105355.4448464778	0.599970062624591	1.019878177056884	9	1.7808342216299242	1.7724724117296946	16	R108	108	3	Strong Mutants
20190304	1	4	8	R108G	TRUE	1065356	69151169	125430499	0.551310642557517	1932406.0117139018	1.0488804857021825	1.019878177056884	9	1.7808342216299242	1.7724724117296946	16	R108	108	3	Strong Mutants
20190304	1	4	11	R108A	TRUE	2205155	74854678	125430499	0.5967821111833415	3695075.570592195	2.0056306157687622	1.3555180636417656	4	1.5386676224017026	NA	10	R108	108	2	Strong Mutants
20190304	1	4	12	R108A	TRUE	2315808	90053092	125430499	0.7179521146607254	3225574.4536588704	1.7507925762565713	1.3555180636417656	4	1.5386676224017026	NA	10	R108	108	2	Strong Mutants
20190306	1	1	3	K101R	TRUE	1726282	132233276	205466420	0.6435760938454079	2682327.7255147183	1.3111842895685197	1.218898103995363	3	1.1135627903925518	NA	5	K101	101	2	Strong Mutants
20190306	1	1	4	K101R	TRUE	1636437	133795168	205466420	0.6511777836981829	2513041.8158714073	1.228433392629917	1.218898103995363	3	1.1135627903925518	NA	5	K101	101	2	Strong Mutants
20190306	1	1	5	N102I	TRUE	1676149	129722172	205466420	0.631354612593143	2654845.575793936	1.2977503744601244	0.7388888904653808	4	1.4162109618355507	0.6152211266955562	11	N102	102	3	Weak Mutants
20190306	1	1	6	N102I	TRUE	1030285	145930788	205466420	0.710241547012889	1450612.1253158725	0.7090930056306932	0.7388888904653808	4	1.4162109618355507	0.6152211266955562	11	N102	102	3	Weak Mutants
20190306	1	1	7	N102K	TRUE	2437871	121206804	205466420	0.5899105264986853	4132611.4562992686	2.02011676830082	2.0055645894299268	2	1.4720559813976568	0.31554126687149286	10	N102	102	3	Weak Mutants
20190306	1	1	8	N102K	TRUE	2450145	123597752	205466420	0.6015472114616102	4073071.827640522	1.9910124105590339	2.0055645894299268	2	1.4720559813976568	0.31554126687149286	10	N102	102	3	Weak Mutants
20190306	1	1	11	R112A	TRUE	2292372	113324992	205466420	0.5515499418347777	4156236.500314423	2.0316652402710345	1.788057717719687	2	1.2242785709329569	0.38621507904895824	7	R112	112	3	Strong Mutants
20190306	1	1	12	R112A	TRUE	2124847	138180420	205466420	0.6725206970559958	3159526.553311533	1.5444501951683398	1.788057717719687	2	1.2242785709329569	0.38621507904895824	7	R112	112	3	Strong Mutants
20190306	1	3	1	T139A	TRUE	2978262	168914973	148535985	1.1371989959200797	2618945.330311659	1.0445864365703261	1.2940758041926517	3	1.340321075650037	NA	5	T139	139	2	Weak Mutants
20190306	1	3	2	T139A	TRUE	2277065	133606643	148535985	0.8994900663297181	2531506.556032734	1.0097108106513881	1.2940758041926517	3	1.340321075650037	NA	5	T139	139	2	Weak Mutants
20190306	1	3	3	H141I	TRUE	2006442	135382545	148535985	0.911446105130686	2201383.042513863	0.878038514699446	1.0134187752837924	2	1.2185346996160433	0.3753383496161351	6	H141	141	3	Strong Mutants
20190306	1	3	4	H141I	TRUE	2081004	107319461	148535985	0.7225148909202036	2880222.9907671637	1.148799035868139	1.0134187752837924	2	1.2185346996160433	0.3753383496161351	6	H141	141	3	Strong Mutants
20190306	1	3	5	H141R	TRUE	2740893	167054048	148535985	1.1246705503720194	2437063.012891522	0.9720412789337426	1.33252047321433	2	1.2826724451665648	0.3588538616548373	6	H141	141	3	Strong Mutants
20190306	1	3	7	H141V	TRUE	2967095	161188064	148535985	1.0851785444449706	2734199.83761065	1.0905565809962865	1.1998432735018003	2	1.092923669577405	0.2715621889852007	6	H141	141	3	Weak Mutants
20190306	1	3	8	H141V	TRUE	3417048	154638613	148535985	1.041085182152998	3282198.285574897	1.309129966007314	1.1998432735018003	2	1.092923669577405	0.2715621889852007	6	H141	141	3	Weak Mutants
20190306	1	3	9	K143W	TRUE	3213831	120653265	148535985	0.8122830639322856	3956540.6970837875	1.5780966101420681	1.54872413023695	2	1.5214640505079915	0.7249383820139131	8	K143	143	3	Weak Mutants
20190306	1	3	10	K143W	TRUE	2955501	115245092	148535985	0.7758732134842611	3809257.6836459553	1.5193516503318318	1.54872413023695	2	1.5214640505079915	0.7249383820139131	8	K143	143	3	Weak Mutants
20190306	1	3	12	K143Y	TRUE	3493568	102997559	148535985	0.6934182245467319	5038183.128635894	2.009517991925483	2.009517991925483	1	1.9950001998109934	0.6043426585626437	7	K143	143	3	Weak Mutants
20190306	1	3	13	H141R	TRUE	2337279	81790585	148535985	0.5506449161124155	4244621.046356558	1.6929996674949177	1.33252047321433	2	1.2826724451665648	0.3588538616548373	6	H141	141	3	Strong Mutants
20190312	2	2	1	D79A	TRUE	3335955	100333530	137753088	0.7283577555807678	4580105.002575311	2.01348255149663	2.01348255149663	1	2.513179799055453	1.1305294123606926	9	D79	79	3	Strong Mutants
20190312	2	2	3	D79S	TRUE	3116646	71027748	137753088	0.5156163758739114	6044505.461483138	2.657254860375281	2.6380156758319924	3	2.417981811173978	0.5893470493813229	6	D79	79	3	Strong Mutants
20190312	2	2	4	D79S	TRUE	3170844	74157336	137753088	0.5383351986998651	5890092.283874274	2.589372521725451	2.6380156758319924	3	2.417981811173978	0.5893470493813229	6	D79	79	3	Strong Mutants
20190312	2	2	5	R108L	TRUE	3275980	70359102	137753088	0.5107624302404024	6413901.661596533	2.8196469459495783	1.6634092651354329	4	1.3611885287585603	0.25220531708783595	16	R108	108	3	Strong Mutants
20190312	2	2	6	R108L	TRUE	3275258	66772992	137753088	0.4847295474058629	6756877.144230769	2.970424089592982	1.6634092651354329	4	1.3611885287585603	0.25220531708783595	16	R108	108	3	Strong Mutants
20190312	2	2	7	R108Y	TRUE	2848746	44933856	137753088	0.32619127928369923	8733360.395948391	3.839315640861149	2.672367391732144	4	1.6829400672758417	0.972893408248163	10	R108	108	3	Strong Mutants
20190312	2	2	8	R108Y	TRUE	3039642	48063180	137753088	0.3489081856371888	8711867.835513504	3.829867190356565	2.672367391732144	4	1.6829400672758417	0.972893408248163	10	R108	108	3	Strong Mutants
20190312	2	2	9	K129I	TRUE	1102416	42258942	137753088	0.3067731011590826	3593587.5597786615	1.579794752483016	1.4540457822081596	4	1.8797388435856353	0.9729242937970238	8	K129	129	3	Weak Mutants
20190312	2	2	10	K129I	TRUE	1335078	47153898	137753088	0.34230737535263095	3900231.4765337957	1.714599997245283	1.4540457822081596	4	1.8797388435856353	0.9729242937970238	8	K129	129	3	Weak Mutants
20190312	2	2	11	K154M	TRUE	2703491	50899794	137753088	0.3695002031460812	7316615.733851654	3.216493531880283	1.810482461424673	6	2.9497120876681837	NA	8	K154	154	2	Weak Mutants
20190312	2	2	12	K154M	TRUE	2625174	50887122	137753088	0.36940821246780325	7106431.073805117	3.1240932167438413	1.810482461424673	6	2.9497120876681837	NA	8	K154	154	2	Weak Mutants
20190321	2	2	4	T34A	TRUE	886856	92679693	101089332	0.9168098271734548	967328.2001505119	0.8630786555089026	0.9421794397768983	2	0.9847165550811199	0.36766624543437715	8	T34	34	3	Strong Mutants
20190321	2	2	5	T34A	TRUE	1028840	90862519	101089332	0.8988339046498003	1144638.6197468287	1.021280224044894	0.9421794397768983	2	0.9847165550811199	0.36766624543437715	8	T34	34	3	Strong Mutants
20190321	2	2	6	F58L	TRUE	919598	84820191	101089332	0.8390617419452332	1095983.7089795754	0.9778688824109246	1.0006168346569144	2	1.3286885532293482	0.4194734368586117	6	F58	58	3	Weak Mutants
20190321	2	2	7	F58L	TRUE	995214	87713787	101089332	0.8676858899413837	1146974.9727833322	1.0233647869029043	1.0006168346569144	2	1.3286885532293482	0.4194734368586117	6	F58	58	3	Weak Mutants
20190321	2	2	10	K129I	TRUE	1249313	84328411	101089332	0.8341969358349306	1497623.5782376595	1.336223780266794	1.4540457822081596	4	1.8797388435856353	0.9729242937970238	8	K129	129	3	Weak Mutants
20190321	2	2	11	K129I	TRUE	1346876	102467053	101089332	1.0136287476902113	1328766.5756019352	1.1855645988375456	1.4540457822081596	4	1.8797388435856353	0.9729242937970238	8	K129	129	3	Weak Mutants
20190321	2	4	1	K143Y	TRUE	909007	101014452	105491496	0.9575601430469808	949294.9415245256	1.642489616988907	1.5652697519770007	4	1.9950001998109934	0.6043426585626437	7	K143	143	3	Weak Mutants
20190321	2	4	2	K143Y	TRUE	1107536	109900032	105491496	1.0417904396767679	1063108.2392574372	1.8394117237277898	1.5652697519770007	4	1.9950001998109934	0.6043426585626437	7	K143	143	3	Weak Mutants
20190321	2	4	3	N102K	TRUE	923536	96399204	105491496	0.9138101899701944	1010643.1402675898	1.7486355312340969	1.4905496761552188	4	1.4720559813976568	0.31554126687149286	10	N102	102	3	Weak Mutants
20190321	2	4	4	N102K	TRUE	840704	97898394	105491496	0.9280216672631129	905909.8829872939	1.5674238970921808	1.4905496761552188	4	1.4720559813976568	0.31554126687149286	10	N102	102	3	Weak Mutants
20190321	2	4	5	N102M	TRUE	919680	67824834	105491496	0.6429412471314275	1430426.1922893906	2.4749527948934107	1.4477909185476483	4	1.9330966144827653	NA	10	N102	102	2	Weak Mutants
20190321	2	4	6	N102M	TRUE	942956	108467568	105491496	1.028211487303204	917083.704708637	1.5867570730700462	1.4477909185476483	4	1.9330966144827653	NA	10	N102	102	2	Weak Mutants
20190321	2	4	8	N102I	TRUE	1964790	63186882	105491496	0.59897607291492	3280247.89110246	5.675552314260755	1.9497431210655727	6	1.4162109618355507	0.6152211266955562	11	N102	102	3	Weak Mutants
20190321	2	4	9	N102I	TRUE	1836027	86138118	105491496	0.8165408707446902	2248542.6826528995	3.890474759807149	1.9497431210655727	6	1.4162109618355507	0.6152211266955562	11	N102	102	3	Weak Mutants
20190321	2	4	10	E115A	TRUE	804236	94574898	105491496	0.8965167960078981	897067.4097587289	1.552124468188561	1.1527604871307089	4	1.0742996786161254	0.11796275985416838	8	E115	115	3	Weak Mutants
20190321	2	4	11	E115A	TRUE	760716	127865892	105491496	1.21209667933802	627603.4024080166	1.085892304857969	1.1527604871307089	4	1.0742996786161254	0.11796275985416838	8	E115	115	3	Weak Mutants
20190321	2	4	12	R108G	TRUE	2702807	104801664	105491496	0.9934607809524286	2720597.583539055	4.707233850621504	6.30547729134088	2	1.7808342216299242	1.7724724117296946	16	R108	108	3	Strong Mutants
20190321	2	4	13	R108G	TRUE	2938046	67849386	105491496	0.6431739862708934	4568042.338022278	7.903720732060256	6.30547729134088	2	1.7808342216299242	1.7724724117296946	16	R108	108	3	Strong Mutants
20190325	2	1	1	T34E	TRUE	1174207	9244602	11301948	0.8179653631391686	1435521.6649928251	0.8017667449670838	0.8316610765077055	2	1.25180894715862	0.359984911799441	10	T34	34	3	Strong Mutants
20190325	2	1	2	T34E	TRUE	1261312	9241254	11301948	0.8176691310205992	1542570.157229311	0.8615554080483271	0.8316610765077055	2	1.25180894715862	0.359984911799441	10	T34	34	3	Strong Mutants
20190325	2	1	3	K129E	TRUE	1751008	9126594	11301948	0.8075239772825004	2168366.5739468634	1.2110748672661051	1.2014817587284026	2	1.6520513139372965	0.7697873804404325	6	K129	129	3	Weak Mutants
20190325	2	1	4	K129E	TRUE	1602885	8489034	11301948	0.7511124630904337	2134014.649956638	1.1918886501906998	1.2014817587284026	2	1.6520513139372965	0.7697873804404325	6	K129	129	3	Weak Mutants
20190325	2	1	5	K143W	TRUE	924448	8617968	11301948	0.762520584946949	1212358.090062994	0.6771255518523822	0.9588456680065038	4	1.5214640505079915	0.7249383820139131	8	K143	143	3	Weak Mutants
20190325	2	1	6	K143W	TRUE	1210930	10277136	11301948	0.9093243040934182	1331681.111512001	0.7437697780175693	0.9588456680065038	4	1.5214640505079915	0.7249383820139131	8	K143	143	3	Weak Mutants
20190325	2	1	7	K154M	TRUE	1739848	8107218	11301948	0.717329260407144	2425452.4331162674	1.3546623153067094	1.810482461424673	6	2.9497120876681837	NA	8	K154	154	2	Weak Mutants
20190325	2	1	8	K154M	TRUE	1775973	8957620	11301948	0.7925731033269663	2240768.696975759	1.251512859896383	1.810482461424673	6	2.9497120876681837	NA	8	K154	154	2	Weak Mutants
20190325	2	1	9	Y157A	TRUE	1068060	8947020	11301948	0.7916352119121411	1349182.0271867057	0.7535443794998267	0.7682018975054685	2	0.8072946526047512	0.273348960810526	6	Y157	157	3	Strong Mutants
20190325	2	1	10	Y157A	TRUE	1149808	9271140	11301948	0.8203134539284732	1401669.0747830365	0.7828594155111104	0.7682018975054685	2	0.8072946526047512	0.273348960810526	6	Y157	157	3	Strong Mutants
20190325	2	1	11	K169I	TRUE	1452752	7398480	11301948	0.6546198938448486	2219229.836519934	1.239482987788494	1.2622241984912899	2	2.4832069640010532	1.389863037061653	9	K169	169	3	Weak Mutants
20190325	2	1	12	K169I	TRUE	1483424	7287280	11301948	0.6447808820214002	2300663.7469607317	1.2849654091940854	1.2622241984912899	2	2.4832069640010532	1.389863037061653	9	K169	169	3	Weak Mutants
20190325	2	2	3	Q147E	TRUE	684474	164580759	186592680	0.8820322372774752	776019.2553876848	0.4871998665178849	0.48593912667916267	2	1.2216633768099086	0.5073317873229884	9	Q147	147	3	Strong Mutants
20190325	2	2	4	Q147E	TRUE	612766	148105188	186592680	0.7937352526369201	772003.0047352562	0.48467838684044046	0.48593912667916267	2	1.2216633768099086	0.5073317873229884	9	Q147	147	3	Strong Mutants
20190325	2	2	5	Y148I	TRUE	893565	127138347	186592680	0.6813683527135148	1311427.2132561232	0.8233393164027983	0.8031514358783054	2	1.211203296908719	0.3985404263286702	6	Y148	148	3	Strong Mutants
20190325	2	2	6	Y148I	TRUE	853426	127689030	186592680	0.684319609965407	1247116.095420883	0.7829635553538126	0.8031514358783054	2	1.211203296908719	0.3985404263286702	6	Y148	148	3	Strong Mutants
20190325	2	2	7	H141R	TRUE	1961216	139851369	186592680	0.7495008325085422	2616696.2262548893	1.6428123958243044	1.656629990136763	2	1.2826724451665648	0.3588538616548373	6	H141	141	3	Strong Mutants
20190325	2	2	8	H141R	TRUE	2036400	142810290	186592680	0.7653584803005133	2660713.969224487	1.6704475844492217	1.656629990136763	2	1.2826724451665648	0.3588538616548373	6	H141	141	3	Strong Mutants
20190325	2	3	4	R108Q	TRUE	1092784	86353552	181470303	0.4758550053228268	2296464.233382687	1.0671743549722488	0.9850211197581695	4	1.137397468263413	0.578330486705135	14	R108	108	3	Strong Mutants
20190325	2	3	5	R108Q	TRUE	1165296	78112940	181470303	0.4304447543684324	2707190.616621113	1.258040233365187	0.9850211197581695	4	1.137397468263413	0.578330486705135	14	R108	108	3	Strong Mutants
20190325	2	3	8	R108Y	TRUE	1138710	66648356	181470303	0.3672686654410887	3100482.309408052	1.4408041547294717	2.672367391732144	4	1.6829400672758417	0.972893408248163	10	R108	108	3	Strong Mutants
20190325	2	3	9	R108Y	TRUE	1201140	64129824	181470303	0.35339018528006755	3398905.940322244	1.5794825809813902	2.672367391732144	4	1.6829400672758417	0.972893408248163	10	R108	108	3	Strong Mutants
20190325	2	3	10	G80A	TRUE	550564	66118083	181470303	0.36434657300373824	1511099.7077893503	0.7022129204178752	0.5966741699937124	4	0.7238332965992934	0.3415528242398648	13	G80	80	3	Strong Mutants
20190325	2	3	11	G80A	TRUE	529368	88431578	181470303	0.48730605800553495	1086315.2454262888	0.5048142071982944	0.5966741699937124	4	0.7238332965992934	0.3415528242398648	13	G80	80	3	Strong Mutants
20190325	2	3	12	N102I	TRUE	602560	115000860	181470303	0.6337172424294679	950834.1570287388	0.44185570733582324	1.9497431210655727	6	1.4162109618355507	0.6152211266955562	11	N102	102	3	Weak Mutants
20190325	2	3	13	N102I	TRUE	512680	154384473	181470303	0.850742355348357	602626.6316434555	0.28004254434475007	1.9497431210655727	6	1.4162109618355507	0.6152211266955562	11	N102	102	3	Weak Mutants
20190325	2	4	3	T34G	TRUE	563710	81015152	190711690	0.4248043316065208	1326987.410575987	0.9658368619655273	0.9658368619655273	1	1.133619724081384	NA	3	T34	34	2	Strong Mutants
20190325	2	4	13	R108I	TRUE	615034	116283108	190711690	0.6097324605534145	1008694.8617460413	0.7341702507386075	1.3620203787148928	5	2.484641890062491	1.0779223479018354	11	R108	108	3	Strong Mutants
20190328	2	1	3	R78K	TRUE	1826912	69899700	213358405	0.3276163411514067	5576376.299116592	2.8501110881142093	3.2244291605414372	2	3.0967484898529034	0.8617453085864892	5	R78	78	3	Strong Mutants
20190328	2	1	4	R78K	TRUE	2481269	75186865	213358405	0.35239701477895846	7041118.102423143	3.598747232968665	3.2244291605414372	2	3.0967484898529034	0.8617453085864892	5	R78	78	3	Strong Mutants
20190328	2	2	1	R112A	TRUE	1012680	34959738	83606556	0.41814589276946174	2421834.1433245298	0.8430063425863374	0.9829537374510764	4	1.2242785709329569	0.38621507904895824	7	R112	112	3	Strong Mutants
20190328	2	2	2	R112A	TRUE	1180065	36274128	83606556	0.4338670283225158	2719877.112032576	0.9467509006836323	0.9829537374510764	4	1.2242785709329569	0.38621507904895824	7	R112	112	3	Strong Mutants
20190328	2	2	3	T34L	TRUE	1352100	40697118	83606556	0.4867694586056146	2777700.9754744796	0.9668785728319224	1.0158382048219798	2	1.1983239084285062	0.3354366643569669	6	T34	34	3	Weak Mutants
20190328	2	2	4	T34L	TRUE	1470450	40189248	83606556	0.48069493497615184	3059008.7246768093	1.0647978368120374	1.0158382048219798	2	1.1983239084285062	0.3354366643569669	6	T34	34	3	Weak Mutants
20190328	2	2	5	T34Q	TRUE	675934	28730526	83606556	0.34363963036582923	1966985.004844812	0.6846797661297135	0.8773805842712465	2	1.0561187398831287	0.27653123174304606	8	T34	34	3	Strong Mutants
20190328	2	2	6	T34Q	TRUE	765585	20821086	83606556	0.24903652292530742	3074187.637247164	1.0700814024127796	0.8773805842712465	2	1.0561187398831287	0.27653123174304606	8	T34	34	3	Strong Mutants
20190328	2	2	9	G80A	TRUE	919830	48690048	83606556	0.5823711719449369	1579456.6151481306	0.5497865938011923	0.5966741699937124	4	0.7238332965992934	0.3415528242398648	13	G80	80	3	Strong Mutants
20190328	2	2	10	G80A	TRUE	920250	42517992	83606556	0.5085485401407995	1809561.7770237124	0.6298829585574875	0.5966741699937124	4	0.7238332965992934	0.3415528242398648	13	G80	80	3	Strong Mutants
20190328	2	2	12	R108D	TRUE	1687872	40555812	83606556	0.4850793279895419	3479579.323644956	1.2111925366360268	1.2111925366360268	1	0.9799793050302386	0.6123608595079477	9	R108	108	3	Weak Mutants
20190408	3	1	1	D79A	TRUE	2278272	76145190	127447716	0.5974621781374254	3813248.9107552557	5.004066651910366	3.6905334581902354	4	2.513179799055453	1.1305294123606926	9	D79	79	3	Strong Mutants
20190408	3	1	2	D79A	TRUE	2396031	71810838	127447716	0.5634533144556314	4252403.772466713	5.580362679247159	3.6905334581902354	4	2.513179799055453	1.1305294123606926	9	D79	79	3	Strong Mutants
20190408	3	1	3	F58A	TRUE	1016768	74991510	127447716	0.5884099955153375	1727992.3994314556	2.2676172846626192	1.617081508817837	4	1.2837175132769152	NA	8	F58	58	2	Weak Mutants
20190408	3	1	4	F58A	TRUE	983984	72677880	127447716	0.5702564336264763	1725511.4400770084	2.2643615606695384	1.617081508817837	4	1.2837175132769152	NA	8	F58	58	2	Weak Mutants
20190408	3	1	5	K169I	TRUE	2529464	74772654	127447716	0.586692773686113	4311394.50398837	5.657775289671497	3.9478678824056535	4	2.4832069640010532	1.389863037061653	9	K169	169	3	Weak Mutants
20190408	3	1	6	K169I	TRUE	2841958	87198738	127447716	0.6841922377016156	4153741.9505764865	5.450890320035283	3.9478678824056535	4	2.4832069640010532	1.389863037061653	9	K169	169	3	Weak Mutants
20190408	3	1	7	R108L	TRUE	1051360	63144378	127447716	0.49545319431224644	2122016.796075812	2.7846893115439184	1.457717171466733	6	1.3611885287585603	0.25220531708783595	16	R108	108	3	Strong Mutants
20190408	3	1	8	R108L	TRUE	1303380	79947978	127447716	0.6273002020687448	2077761.1671439644	2.7266133448079004	1.457717171466733	6	1.3611885287585603	0.25220531708783595	16	R108	108	3	Strong Mutants
20190408	3	1	9	T34E	TRUE	585312	75877032	127447716	0.5953581153231494	983125.9286392753	1.2901407144591095	1.055807784454526	4	1.25180894715862	0.359984911799441	10	T34	34	3	Strong Mutants
20190408	3	1	10	T34E	TRUE	513504	75555348	127447716	0.5928340685210867	866185.0377138625	1.1366810200567727	1.055807784454526	4	1.25180894715862	0.359984911799441	10	T34	34	3	Strong Mutants
20190408	3	1	11	K129F	TRUE	2058228	82773834	127447716	0.6494728708986829	3169074.6330204783	4.158726865110925	4.013329726621805	2	2.628630265372589	NA	4	K129	129	2	Weak Mutants
20190408	3	1	12	K129F	TRUE	2066814	89368092	127447716	0.7012137589032981	2947480.67013475	3.8679325881326854	4.013329726621805	2	2.628630265372589	NA	4	K129	129	2	Weak Mutants
20190408	3	2	1	K129T	TRUE	871686	128982810	131485134	0.9809687686822451	888597.0968993775	1.215732468069991	1.6469734909069833	4	1.202639284305104	0.4939277102729834	8	K129	129	3	Weak Mutants
20190408	3	2	2	K129T	TRUE	992188	98583408	131485134	0.7497684719247425	1323325.8494491486	1.8105058036148507	1.6469734909069833	4	1.202639284305104	0.4939277102729834	8	K129	129	3	Weak Mutants
20190408	3	2	3	T34A	TRUE	755136	93460884	131485134	0.71080951250352	1062360.5715972472	1.453466643313172	1.5590813344626375	2	0.9847165550811199	0.36766624543437715	8	T34	34	3	Strong Mutants
20190408	3	2	4	T34A	TRUE	690336	74599404	131485134	0.5673599876317577	1216751.29556027	1.6646960256121028	1.5590813344626375	2	0.9847165550811199	0.36766624543437715	8	T34	34	3	Strong Mutants
20190408	3	2	5	F58L	TRUE	807888	79469742	131485134	0.6044009659677573	1336675.5605799248	1.828770186109089	1.8658519589285403	2	1.3286885532293482	0.4194734368586117	6	F58	58	3	Weak Mutants
20190408	3	2	6	F58L	TRUE	787744	74468262	131485134	0.5663625973108108	1390882.8085405834	1.9029337317479917	1.8658519589285403	2	1.3286885532293482	0.4194734368586117	6	F58	58	3	Weak Mutants
20190408	3	2	7	K129E	TRUE	981088	74378238	131485134	0.5656779267533012	1734357.9333755125	2.3728585859853917	2.644444995671935	2	1.6520513139372965	0.7697873804404325	6	K129	129	3	Weak Mutants
20190408	3	2	8	K129E	TRUE	1064720	65683002	131485134	0.49954698300721967	2131371.0946475924	2.9160314053584786	2.644444995671935	2	1.6520513139372965	0.7697873804404325	6	K129	129	3	Weak Mutants
20190408	3	2	10	K129I	TRUE	1927569	83114856	131485134	0.6321235980943671	3049354.5974409916	4.171968830084198	3.443012134022104	2	1.8797388435856353	0.9729242937970238	8	K129	129	3	Weak Mutants
20190408	3	2	11	K129I	TRUE	1842698	122136432	131485134	0.9288991712173332	1983743.83043654	2.7140554379600093	3.443012134022104	2	1.8797388435856353	0.9729242937970238	8	K129	129	3	Weak Mutants
20190408	3	2	12	K154M	TRUE	3314512	94787286	131485134	0.7208973601532779	4597758.548172885	6.290414820017218	6.367400966398716	2	2.9497120876681837	NA	8	K154	154	2	Weak Mutants
20190408	3	2	13	K154M	TRUE	3200740	89346708	131485134	0.6795194656758687	4710299.20653775	6.4443871127802135	6.367400966398716	2	2.9497120876681837	NA	8	K154	154	2	Weak Mutants
20190408	3	3	1	T139R	TRUE	1415743	100033362	84860589	1.1787964610992743	1201007.1685147102	0.7481968247016403	0.8377662696389643	2	0.8627075606646752	NA	4	T139	139	2	Weak Mutants
20190408	3	3	2	T139R	TRUE	1676047	95548860	84860589	1.1259509405479144	1488561.3037317556	0.9273357145762883	0.8377662696389643	2	0.8627075606646752	NA	4	T139	139	2	Weak Mutants
20190408	3	3	4	R112S	TRUE	1584036	56364264	84860589	0.6641983594999559	2384883.9391782708	1.4857218485896713	1.4925269422509135	2	1.1338680753075778	0.3489002175487326	6	R112	112	3	Strong Mutants
20190408	3	3	5	R112S	TRUE	1480122	52188642	84860589	0.6149926911301546	2406731.041437292	1.4993320359121556	1.4925269422509135	2	1.1338680753075778	0.3489002175487326	6	R112	112	3	Strong Mutants
20190408	3	3	6	D79S	TRUE	2884620	59314332	84860589	0.6989620588186113	4127005.1265380518	2.571018901595625	2.6888926673509252	2	2.417981811173978	0.5893470493813229	6	D79	79	3	Strong Mutants
20190408	3	3	7	D79S	TRUE	3421919	64452498	84860589	0.759510377661885	4505427.576294886	2.8067664331062256	2.6888926673509252	2	2.417981811173978	0.5893470493813229	6	D79	79	3	Strong Mutants
20190408	3	3	8	N84Y	TRUE	1211120	57288198	84860589	0.6750860284507335	1794023.2043898464	1.1176306854400797	1.10398903349247	2	1.5590900958488767	NA	6	N84	84	2	Weak Mutants
20190408	3	3	9	N84Y	TRUE	1279600	62041980	84860589	0.7311047534680675	1750227.985702584	1.0903473815448605	1.10398903349247	2	1.5590900958488767	NA	6	N84	84	2	Weak Mutants
20190408	3	4	1	T137G	TRUE	3291820	147471324	62987232	2.3412891679380357	1405986.0888089673	0.8330614236656767	0.6602354037380662	2	1.2449035485764137	NA	6	T137	137	2	Weak Mutants
20190408	3	4	2	Q147E	TRUE	3082878	86719974	62987232	1.3767865525508407	2239183.695023894	1.326739696554015	0.9437268381002661	2	1.2216633768099086	0.5073317873229884	9	Q147	147	3	Strong Mutants
20190408	3	4	3	Q147L	TRUE	2563524	67526646	62987232	1.0720687964189313	2391193.5582520715	1.4168071261538082	1.4102540639904562	2	1.59054669495792	NA	4	Q147	147	2	Weak Mutants
20190408	3	4	4	Q147L	TRUE	2220272	59030994	62987232	0.9371898419031971	2369073.906617666	1.4037010018271043	1.4102540639904562	2	1.59054669495792	NA	4	Q147	147	2	Weak Mutants
20190408	3	4	5	Y148I	TRUE	1481856	51348528	62987232	0.8152212181668819	1817734.8270351975	1.0770268460759798	1.1438193007355129	2	1.211203296908719	0.3985404263286702	6	Y148	148	3	Strong Mutants
20190408	3	4	6	Y148I	TRUE	1582544	48786474	62987232	0.7745454507351586	2043190.6203799027	1.210611755395046	1.1438193007355129	2	1.211203296908719	0.3985404263286702	6	Y148	148	3	Strong Mutants
20190408	3	4	7	Y157A	TRUE	785520	47872968	62987232	0.7600424162154006	1033521.2657097008	0.6123721307443595	0.5231086062278323	2	0.8072946526047512	0.273348960810526	6	Y157	157	3	Strong Mutants
20190408	3	4	8	Y157A	TRUE	864368	74355402	62987232	1.1804837208912435	732215.0951369478	0.4338450817113051	0.5231086062278323	2	0.8072946526047512	0.273348960810526	6	Y157	157	3	Strong Mutants
20190408	3	4	9	A180T	TRUE	2600550	54400236	62987232	0.8636708468154308	3011042.933299039	1.7840743466085527	1.498559844895429	2	1.1479655044974966	NA	4	A180	180	2	Weak Mutants
20190408	3	4	10	A180T	TRUE	1931872	59436036	62987232	0.9436203832548158	2047297.8692304448	1.2130453431823052	1.498559844895429	2	1.1479655044974966	NA	4	A180	180	2	Weak Mutants
20190408	3	4	14	T137G	TRUE	1574658	120570450	62987232	1.914204612134726	822617.3889759555	0.4874093838104556	0.6602354037380662	2	1.2449035485764137	NA	6	T137	137	2	Weak Mutants
20190408	3	4	15	Q147E	TRUE	1656216	110236170	62987232	1.7501351702516472	946336.047724735	0.5607139796465171	0.9437268381002661	2	1.2216633768099086	0.5073317873229884	9	Q147	147	3	Strong Mutants
20190409	3	2	1	R108A	TRUE	1754964	104635575	129052184	0.81080049757236194	2164483.1314911395	2.8884423127617427	1.6607673282416606	6	1.5386676224017026	NA	10	R108	108	2	Strong Mutants
20190409	3	2	2	R108A	TRUE	1384434	102985499	129052184	0.7980143830808784	1734848.4304946272	2.315106798460856	1.6607673282416606	6	1.5386676224017026	NA	10	R108	108	2	Strong Mutants
20190409	3	2	5	R108I	TRUE	3259982	83459622	129052184	0.6467122013215987	5040854.32954259	6.726879376458031	3.4672794694720497	5	2.484641890062491	1.0779223479018354	11	R108	108	3	Strong Mutants
20190409	3	2	6	R108G	TRUE	1071034	91551614	129052184	0.709415456308744	1509741.5632482024	2.014707968464026	1.3406978739770141	5	1.7808342216299242	1.7724724117296946	16	R108	108	3	Strong Mutants
20190409	3	2	7	R108G	TRUE	1278298	105913734	129052184	0.8207047003559428	1557561.4462127453	2.078522267285077	1.3406978739770141	5	1.7808342216299242	1.7724724117296946	16	R108	108	3	Strong Mutants
20190409	3	2	8	R108S	TRUE	927466	76064832	129052184	0.589411427550889	1573546.0098793618	2.09985322125462	1.0208549595342749	6	0.7316234865720472	NA	12	R108	108	2	Weak Mutants
20190409	3	2	9	R108S	TRUE	723027	85389557	129052184	0.661666888179126	1092735.6543255986	1.4582252246258123	1.0208549595342749	6	0.7316234865720472	NA	12	R108	108	2	Weak Mutants
20190409	3	4	1	K143H	TRUE	2134998	104518584	122959518	0.8500243470375347	2511690.409152156	2.3328538342207903	2.4496778224159	2	2.5530331106124735	NA	3	K143	143	2	Weak Mutants
20190409	3	4	3	K143W	TRUE	2055861	93271996	122959518	0.7585585688453984	2710220.521441377	2.51724826912988	2.6194407357820078	2	1.5214640505079915	0.7249383820139131	8	K143	143	3	Weak Mutants
20190409	3	4	4	K143W	TRUE	2074918	87067268	122959518	0.70809701775181	2930273.603732737	2.721633202434136	2.6194407357820078	2	1.5214640505079915	0.7249383820139131	8	K143	143	3	Weak Mutants
20190409	3	4	5	K143Y	TRUE	2338236	93311776	122959518	0.7588820899574443	3081158.497403886	2.861774838299822	2.847202199421734	2	1.9950001998109934	0.6043426585626437	7	K143	143	3	Weak Mutants
20190409	3	4	6	K143Y	TRUE	2375171	95761000	122959518	0.7788010359637226	3049778.942654922	2.832629560543646	2.847202199421734	2	1.9950001998109934	0.6043426585626437	7	K143	143	3	Weak Mutants
20190409	3	4	8	N102K	TRUE	679782	93028828	122959518	0.7565809423553531	898492.1003742624	0.8345179540191541	1.18680798262396	4	1.4720559813976568	0.31554126687149286	10	N102	102	3	Weak Mutants
20190409	3	4	9	N102K	TRUE	620568	137924604	122959518	1.1217074224380092	553235.1730821283	0.5138438997289101	1.18680798262396	4	1.4720559813976568	0.31554126687149286	10	N102	102	3	Weak Mutants
20190409	3	4	10	N102M	TRUE	2285624	212777984	122959518	1.7304718452133165	1320809.7007312186	1.2267658320465316	2.2566337451061766	6	1.9330966144827653	NA	10	N102	102	2	Weak Mutants
20190409	3	4	11	N102M	TRUE	2451969	130892724	122959518	1.0645188443240319	2303358.9429382035	2.1393559182455033	2.2566337451061766	6	1.9330966144827653	NA	10	N102	102	2	Weak Mutants
20190409	3	4	13	N102I	TRUE	562071	69447856	122959518	0.5648026043823626	995163.6122759212	0.9243062919360997	0.9243062919360997	1	1.4162109618355507	0.6152211266955562	11	N102	102	3	Weak Mutants
20190410	3	1	1	R108L	TRUE	1399084	88921749	98152224	0.9059575562954131	1544315.172689822	1.0441137072060391	1.457717171466733	6	1.3611885287585603	0.25220531708783595	16	R108	108	3	Strong Mutants
20190410	3	1	2	R108L	TRUE	1442195	96683076	98152224	0.9850319438508087	1464109.8788755955	0.9898867928152022	1.457717171466733	6	1.3611885287585603	0.25220531708783595	16	R108	108	3	Strong Mutants
20190410	3	1	3	T34E	TRUE	1403460	99909585	98152224	1.0179044440195262	1378773.8213009294	0.9321909616737901	1.055807784454526	4	1.25180894715862	0.359984911799441	10	T34	34	3	Strong Mutants
20190410	3	1	4	T34E	TRUE	1457410	111910341	98152224	1.1401712201651182	1278237.8420224811	0.8642184416284316	1.055807784454526	4	1.25180894715862	0.359984911799441	10	T34	34	3	Strong Mutants
20190410	3	1	5	K129T	TRUE	2222244	82841400	98152224	0.8440094031898859	2632961.1869265367	1.7801488416533497	1.6469734909069833	4	1.202639284305104	0.4939277102729834	8	K129	129	3	Weak Mutants
20190410	3	1	6	K129T	TRUE	2797427	104203731	98152224	1.0616543034215913	2634969.774044348	1.7815068502897418	1.6469734909069833	4	1.202639284305104	0.4939277102729834	8	K129	129	3	Weak Mutants
20190410	3	1	7	T34G	TRUE	1575670	85790391	98152224	0.8740544788878141	1802713.718720317	1.2188173354574077	1.217511155139312	2	1.133619724081384	NA	3	T34	34	2	Strong Mutants
20190410	3	1	8	T34G	TRUE	1710828	93349410	98152224	0.9510677007176118	1798849.859698867	1.2162049748212165	1.217511155139312	2	1.133619724081384	NA	3	T34	34	2	Strong Mutants
20190410	3	1	9	T34L	TRUE	1117494	69323127	98152224	0.7062817751332868	1582221.2031297435	1.0697420288517792	0.9494617459669341	2	1.1983239084285062	0.3354366643569669	6	T34	34	3	Weak Mutants
20190410	3	1	10	T34L	TRUE	1190106	95246289	98152224	0.9703935898589522	1226415.7682378995	0.8291814630820892	0.9494617459669341	2	1.1983239084285062	0.3354366643569669	6	T34	34	3	Weak Mutants
20190410	3	1	11	T34Q	TRUE	992035	85990353	98152224	0.8760917429644793	1132341.4562077678	0.7655776855477692	0.7283594362911305	2	1.0561187398831287	0.27653123174304606	8	T34	34	3	Strong Mutants
20190410	3	1	12	T34Q	TRUE	1170433	112380714	98152224	1.1449635007761005	1022244.8132247318	0.6911411870344919	0.7283594362911305	2	1.0561187398831287	0.27653123174304606	8	T34	34	3	Strong Mutants
20190410	3	2	6	T34Y	TRUE	940729	121606712	108858344	1.117109699923416	842109.7767430469	0.6651793789227607	0.6283125722851552	2	0.8168265374415902	NA	4	T34	34	2	Weak Mutants
20190410	3	2	7	T34Y	TRUE	797232	115904844	108858344	1.0647309130478781	748763.833406376	0.5914457656475498	0.6283125722851552	2	0.8168265374415902	NA	4	T34	34	2	Weak Mutants
20190410	3	2	8	R108A	TRUE	923746	116242396	108858344	1.0678317502239425	865066.99187983	0.683313197729072	1.6607673282416606	6	1.5386676224017026	NA	10	R108	108	2	Strong Mutants
20190410	3	2	9	R108A	TRUE	1038088	124054100	108858344	1.1395920187799293	910929.5106431146	0.7195398306329001	1.6607673282416606	6	1.5386676224017026	NA	10	R108	108	2	Strong Mutants
20190410	3	2	10	R108I	TRUE	2610558	102106964	108858344	0.9379801331535964	2783169.8217562516	2.1984154852500706	3.4672794694720497	5	2.484641890062491	1.0779223479018354	11	R108	108	3	Strong Mutants
20190410	3	2	11	R108I	TRUE	3005895	96966436	108858344	0.8907579560460703	3374536.235794827	2.6655336150589197	3.4672794694720497	5	2.484641890062491	1.0779223479018354	11	R108	108	3	Strong Mutants
20190410	3	2	12	R108G	TRUE	885870	90745932	108858344	0.8336148490372038	1062685.0049793967	0.839410930884389	1.3406978739770141	5	1.7808342216299242	1.7724724117296946	16	R108	108	3	Strong Mutants
20190410	3	2	13	R108G	TRUE	897685	95840356	108858344	0.8804135032588775	1019617.4827818878	0.8053920553669011	1.3406978739770141	5	1.7808342216299242	1.7724724117296946	16	R108	108	3	Strong Mutants
20190410	3	3	1	R108S	TRUE	1201611	144148236	125232132	1.151048326798429	1043927.4981114025	0.38910486549469975	1.0208549595342749	6	0.7316234865720472	NA	12	R108	108	2	Weak Mutants
20190410	3	3	2	R108S	TRUE	867901	112418552	125232132	0.8976813714231104	966825.2317903187	0.36036640710513035	1.0208549595342749	6	0.7316234865720472	NA	12	R108	108	2	Weak Mutants
20190410	3	3	3	R108Q	TRUE	714408	85960772	125232132	0.6864114714584593	1040786.8016571093	0.38793422838281383	0.4029201902099088	4	1.137397468263413	0.578330486705135	14	R108	108	3	Strong Mutants
20190410	3	3	4	R108Q	TRUE	859163	104658664	125232132	0.8357173381029719	1028054.5357001309	0.38318850931554566	0.4029201902099088	4	1.137397468263413	0.578330486705135	14	R108	108	3	Strong Mutants
20190410	3	3	6	R108D	TRUE	557923	100371128	125232132	0.80148062958794	696115.3886985907	0.2594642685228422	0.3448862028987228	4	0.9799793050302386	0.6123608595079477	9	R108	108	3	Weak Mutants
20190410	3	3	7	R108D	TRUE	567052	115898656	125232132	0.9254705972745078	612717.4668433084	0.22837921977688594	0.3448862028987228	4	0.9799793050302386	0.6123608595079477	9	R108	108	3	Weak Mutants
20190410	3	3	8	R108Y	TRUE	929798	105667208	125232132	0.8437707344948818	1101955.7351163854	0.4107338286128922	0.4470910833808694	3	1.6829400672758417	0.972893408248163	10	R108	108	3	Strong Mutants
20190410	3	3	9	R108Y	TRUE	799799	106665208	125232132	0.8517399352428177	939017.8467703172	0.3500017133619904	0.4470910833808694	3	1.6829400672758417	0.972893408248163	10	R108	108	3	Strong Mutants
20190410	3	3	10	G80A	TRUE	613003	91482304	125232132	0.73050184915801	839153.2488337418	0.3127790125344979	0.43956811377110017	5	0.7238332965992934	0.3415528242398648	13	G80	80	3	Strong Mutants
20190410	3	3	11	G80A	TRUE	835346	87137308	125232132	0.69580631271214	1200543.8650649157	0.4474807493639951	0.43956811377110017	5	0.7238332965992934	0.3415528242398648	13	G80	80	3	Strong Mutants
20190410	3	3	12	H141R	TRUE	1570540	78709456	125232132	0.6285084725699631	2498836.6403050735	0.931395615670786	0.8588668721486015	2	1.2826724451665648	0.3588538616548373	6	H141	141	3	Strong Mutants
20190410	3	3	13	H141R	TRUE	1818846	107968904	125232132	0.8621501708523177	2109662.633601171	0.7863381286264169	0.8588668721486015	2	1.2826724451665648	0.3588538616548373	6	H141	141	3	Strong Mutants
20190410	3	4	1	H141V	TRUE	1447635	171515645	107139767	1.6008588575705975	904286.4667013029	0.8469195257079493	0.7503122173855568	2	1.092923669577405	0.2715621889852007	6	H141	141	3	Weak Mutants
20190410	3	4	2	H141V	TRUE	786641	120748472	107139767	1.1270182433754965	697984.2647834667	0.6537049090631643	0.7503122173855568	2	1.092923669577405	0.2715621889852007	6	H141	141	3	Weak Mutants
20190410	3	4	3	H141E	TRUE	2272552	137324473	107139767	1.2817320481945793	1773032.049250129	1.660552841947943	1.527812862595109	2	1.7734433328876487	NA	3	H141	141	2	Strong Mutants
20190410	3	4	4	H141E	TRUE	2390868	171967158	107139767	1.6050731004483143	1489569.540061574	1.3950728832422752	1.527812862595109	2	1.7734433328876487	NA	3	H141	141	2	Strong Mutants
20190410	3	4	5	H141I	TRUE	820352	101233918	107139767	0.9448771528502578	868210.2192072029	0.8131319157612021	0.9409029866794647	2	1.2185346996160433	0.3753383496161351	6	H141	141	3	Strong Mutants
20190410	3	4	6	H141I	TRUE	703494	66054429	107139767	0.616525785425686	1141061.763563167	1.0686740575977274	0.9409029866794647	2	1.2185346996160433	0.3753383496161351	6	H141	141	3	Strong Mutants
20190410	3	4	8	K143H	TRUE	2635632	103045732	107139767	0.9617879045788853	2740346.3772545573	2.56650181061101	2.4496778224159	2	2.5530331106124735	NA	3	K143	143	2	Weak Mutants
20190411	3	1	1	N102K	TRUE	1235798	123198184	100470612	1.2262111432146945	1007818.2757010119	1.854403577916496	1.18680798262396	4	1.4720559813976568	0.31554126687149286	10	N102	102	3	Weak Mutants
20190411	3	1	2	N102K	TRUE	1010395	120941060	100470612	1.2037456286222283	839375.8415193318	1.5444664988312793	1.18680798262396	4	1.4720559813976568	0.31554126687149286	10	N102	102	3	Weak Mutants
20190411	3	1	3	N102M	TRUE	2112642	111309744	100470612	1.1078836068003646	1906916.9243341717	3.5087611055823777	2.2566337451061766	6	1.9330966144827653	NA	10	N102	102	2	Weak Mutants
20190411	3	1	4	N102M	TRUE	2163682	121727888	100470612	1.2115770529993388	1785839.36914591	3.28597624747855	2.2566337451061766	6	1.9330966144827653	NA	10	N102	102	2	Weak Mutants
20190411	3	1	7	E115A	TRUE	511666	90442924	100470612	0.9001928245445544	568395.9992225815	1.0458587624823708	1.1055631850968841	2	1.0742996786161254	0.11796275985416838	8	E115	115	3	Weak Mutants
20190411	3	1	8	E115A	TRUE	525504	83370312	100470612	0.8297979910782269	633291.4825657364	1.1652676077113977	1.1055631850968841	2	1.0742996786161254	0.11796275985416838	8	E115	115	3	Weak Mutants
20190411	3	1	9	E115I	TRUE	644827	96877832	100470612	0.9642404885520156	668740.8459359825	1.2304950677144633	1.1162401547865373	2	1.0482783625055287	NA	3	E115	115	2	Weak Mutants
20190411	3	1	10	E115I	TRUE	592076	109238872	100470612	1.0872718880223402	544551.925348625	1.0019852418586113	1.1162401547865373	2	1.0482783625055287	NA	3	E115	115	2	Weak Mutants
20190411	3	1	14	R78K	TRUE	3189606	161848432	100470612	1.610903216156382	1980010.9454188102	3.6432554062829436	3.7087744559231455	2	3.0967484898529034	0.8617453085864892	5	R78	78	3	Strong Mutants
20190411	3	2	1	K101R	TRUE	1825444	95740923	93265608	1.0265404906811952	1778248.4145254374	0.9427217072041006	0.9555598199883351	2	1.1135627903925518	NA	5	K101	101	2	Strong Mutants
20190411	3	2	2	K101R	TRUE	1633496	83402069	93265608	0.8942424843249829	1826681.2734054355	0.9683979327725694	0.9555598199883351	2	1.1135627903925518	NA	5	K101	101	2	Strong Mutants
20190411	3	2	3	N105V	TRUE	590818	92994191	93265608	0.9970898490255915	592542.3878072556	0.3141307855874147	0.30593940296532507	2	0.39972609676269605	NA	3	N105	105	2	Weak Mutants
20190411	3	2	4	N105V	TRUE	600627	99739818	93265608	1.0694169066050585	561639.7087892821	0.2977480203432354	0.30593940296532507	2	0.39972609676269605	NA	3	N105	105	2	Weak Mutants
20190411	3	2	6	R112A	TRUE	1542222	71800416	93265608	0.7698487957104188	2003279.0966138137	1.062019611287019	1.062019611287019	1	1.2242785709329569	0.38621507904895824	7	R112	112	3	Strong Mutants
20190411	3	2	12	K132H	TRUE	669783	76888664	93265608	0.8244053263449481	812443.8047598798	0.43070945789934956	0.4343308790158165	2	0.6103740196919147	0.32278423956168883	6	K132	132	3	Weak Mutants
20190411	3	2	13	K132H	TRUE	747864	84432261	93265608	0.9052882708918811	826105.9201211253	0.4379523001322835	0.4343308790158165	2	0.6103740196919147	0.32278423956168883	6	K132	132	3	Weak Mutants
20190411	1	3.1	1	D79A	TRUE	1345323	125396420	111212708	1.1275367919284907	1193152.1965673661	1.1266749920135883	1.460750451810376	4	2.513179799055453	1.1305294123606926	9	D79	79	3	Strong Mutants
20190411	1	3.1	2	D79A	TRUE	1800915	165248568	111212708	1.4858784663349804	1212020.391171075	1.1444919336121568	1.460750451810376	4	2.513179799055453	1.1305294123606926	9	D79	79	3	Strong Mutants
20190411	1	3.1	3	E115A	TRUE	836978	93303208	111212708	0.8389617488677643	997635.4716166244	0.9420516010026642	0.8861145551061997	2	1.0742996786161254	0.11796275985416838	8	E115	115	3	Weak Mutants
20190411	1	3.1	4	E115A	TRUE	965073	122080536	111212708	1.097721098563664	879160.4727856372	0.8301775092097352	0.8861145551061997	2	1.0742996786161254	0.11796275985416838	8	E115	115	3	Weak Mutants
20190411	1	3.1	5	T137G	TRUE	1534913	125388464	111212708	1.1274652533413718	1361383.8612330717	1.2855335265651482	1.5372376209955874	4	1.2449035485764137	NA	6	T137	137	2	Weak Mutants
20190411	1	3.1	6	T137G	TRUE	1816926	158971352	111212708	1.42943513253899	1271079.714385319	1.2002607305034254	1.5372376209955874	4	1.2449035485764137	NA	6	T137	137	2	Weak Mutants
20190411	1	3.1	7	Q147E	TRUE	1381352	102105808	111212708	0.9181127753853453	1504555.9075465717	1.420728654731452	1.6271276923460638	5	1.2216633768099086	0.5073317873229884	9	Q147	147	3	Strong Mutants
20190411	1	3.1	8	Q147E	TRUE	1406209	90997056	111212708	0.8182253416578976	1718608.4668933905	1.6228551447856054	1.6271276923460638	5	1.2216633768099086	0.5073317873229884	9	Q147	147	3	Strong Mutants
20190411	3	3.2	14	T139A	TRUE	2742137	116734580	102015028	1.1442880748902995	2396369.4634000994	1.3280758634487957	1.409688982836115	2	1.340321075650037	NA	5	T139	139	2	Weak Mutants
20190411	3	3.2	15	T139A	TRUE	3169542	120161168	102015028	1.1778771261034207	2690893.582835147	1.4913021022234343	1.409688982836115	2	1.340321075650037	NA	5	T139	139	2	Weak Mutants
20190411	1	4	1	G80A	TRUE	950045	148563136	101622872	1.4619064889250521	649867.1475892917	0.9035093185998189	1.206323901740116	4	0.7238332965992934	0.3415528242398648	13	G80	80	3	Strong Mutants
20190411	1	4	2	G80A	TRUE	1066274	170072556	101622872	1.6735657303603857	637127.0519326351	0.8857967827556205	1.206323901740116	4	0.7238332965992934	0.3415528242398648	13	G80	80	3	Strong Mutants
20190411	1	4	3	N105L	TRUE	1727604	160805244	101622872	1.5823725588074307	1091780.8138065946	1.5179012245840846	1.1898013683826463	5	0.8712751729992234	NA	9	N105	105	2	Weak Mutants
20190411	1	4	4	N105L	TRUE	1712461	153246432	101622872	1.507991547414641	1135590.5826766132	1.5788098804018147	1.1898013683826463	5	0.8712751729992234	NA	9	N105	105	2	Weak Mutants
20190411	1	4	6	R108I	TRUE	3205072	142196092	101622872	1.3992528374911506	2290559.5858906163	3.1845615497526887	3.1845615497526887	1	2.484641890062491	1.0779223479018354	11	R108	108	3	Strong Mutants
20190411	1	4	7	R108G	TRUE	870111	127997828	101622872	1.2595375970086733	690817.8065239671	0.9604429581714337	1.019878177056884	9	1.7808342216299242	1.7724724117296946	16	R108	108	3	Strong Mutants
20190411	1	4	8	R108G	TRUE	927342	121163624	101622872	1.1922869489459027	777784.2413018614	1.081352261740183	1.019878177056884	9	1.7808342216299242	1.7724724117296946	16	R108	108	3	Strong Mutants
20190411	1	4	10	N102I	TRUE	684233	216676832	101622872	2.132165995072448	320909.8173319056	0.44616043673711625	0.7388888904653808	4	1.4162109618355507	0.6152211266955562	11	N102	102	3	Weak Mutants
20190411	1	4	11	N102I	TRUE	789837	222052776	101622872	2.185066920761696	361470.39365030953	0.502551745033589	0.7388888904653808	4	1.4162109618355507	0.6152211266955562	11	N102	102	3	Weak Mutants
20190415	3	3	1	F58A	TRUE	1389690	169470969	80698536	2.1000501049981875	661741.3540241219	1.0030913261201602	1.617081508817837	4	1.2837175132769152	NA	8	F58	58	2	Weak Mutants
20190415	3	3	2	F58A	TRUE	1608081	210777888	80698536	2.6119171232548752	615670.759873142	0.9332558638190304	1.617081508817837	4	1.2837175132769152	NA	8	F58	58	2	Weak Mutants
20190415	3	3	3	R78K	TRUE	3268360	105928317	80698536	1.3126423631774435	2489908.9742071517	3.7742935055633478	3.7087744559231455	2	3.0967484898529034	0.8617453085864892	5	R78	78	3	Strong Mutants
20190415	3	3	6	D79A	TRUE	2854764	168998830	80698536	2.0941994536307327	1363176.747587566	2.0663523039001945	3.6905334581902354	4	2.513179799055453	1.1305294123606926	9	D79	79	3	Strong Mutants
20190415	3	3	7	D79A	TRUE	2852892	165288448	80698536	2.0482211474071845	1392863.2675292105	2.1113521977032215	3.6905334581902354	4	2.513179799055453	1.1305294123606926	9	D79	79	3	Strong Mutants
20190415	3	3	8	G80A	TRUE	578952	123400842	80698536	1.5291583728359086	378608.26601387374	0.5739080160646379	0.43956811377110017	5	0.7238332965992934	0.3415528242398648	13	G80	80	3	Strong Mutants
20190415	3	3	9	G80A	TRUE	510034	109405779	80698536	1.355734371686743	376204.9636356412	0.5702650039497246	0.43956811377110017	5	0.7238332965992934	0.3415528242398648	13	G80	80	3	Strong Mutants
20190415	3	3	10	N102M	TRUE	1064013	84417429	80698536	1.04608377282086	1017139.3798899988	1.5418164260378153	2.2566337451061766	6	1.9330966144827653	NA	10	N102	102	2	Weak Mutants
20190415	3	3	11	N102M	TRUE	953224	63470754	80698536	0.7865167962898361	1211956.3173940552	1.8371269412462827	2.2566337451061766	6	1.9330966144827653	NA	10	N102	102	2	Weak Mutants
20190415	3	4	1	N105L	TRUE	853280	104242710	82095816	1.2697688515575507	671996.3235460782	0.5594915289405888	0.4731174287699447	4	0.8712751729992234	NA	9	N105	105	2	Weak Mutants
20190415	3	4	2	N105L	TRUE	992749	105059790	82095816	1.2797216121221087	775753.8753711957	0.6458781195746474	0.4731174287699447	4	0.8712751729992234	NA	9	N105	105	2	Weak Mutants
20190415	3	4	3	R108A	TRUE	2275994	82431162	82095816	1.0040848123124813	2266734.8137237714	1.887240870516776	1.6607673282416606	6	1.5386676224017026	NA	10	R108	108	2	Strong Mutants
20190415	3	4	4	R108A	TRUE	2683926	124714524	82095816	1.5191337400191016	1766747.6728982744	1.470960959348617	1.6607673282416606	6	1.5386676224017026	NA	10	R108	108	2	Strong Mutants
20190415	3	4	5	R108D	TRUE	834139	110211552	82095816	1.342474651814168	621344.3202616727	0.5173196214933117	0.3448862028987228	4	0.9799793050302386	0.6123608595079477	9	R108	108	3	Weak Mutants
20190415	3	4	6	R108D	TRUE	751349	137174928	82095816	1.670912534689953	449663.8719269749	0.37438170180185143	0.3448862028987228	4	0.9799793050302386	0.6123608595079477	9	R108	108	3	Weak Mutants
20190415	3	4	8	R108Y	TRUE	702036	82656420	82095816	1.006828654946313	697274.5526769245	0.5805377081677255	0.4470910833808694	3	1.6829400672758417	0.972893408248163	10	R108	108	3	Strong Mutants
20190415	3	4	10	R108Q	TRUE	786403	112854390	82095816	1.3746667674269784	572068.095798914	0.47629316167638064	0.4029201902099088	4	1.137397468263413	0.578330486705135	14	R108	108	3	Strong Mutants
20190415	3	4	11	R108Q	TRUE	509235	95553942	82095816	1.163931935337606	437512.6968677022	0.3642648614648952	0.4029201902099088	4	1.137397468263413	0.578330486705135	14	R108	108	3	Strong Mutants
20190415	3	4	12	K169I	TRUE	2446614	64611228	82095816	0.787022179059649	3108697.6518543186	2.5882433300704353	3.9478678824056535	4	2.4832069640010532	1.389863037061653	9	K169	169	3	Weak Mutants
20190415	3	4	13	K169I	TRUE	2715648	88619190	82095816	1.0794604928465539	2515745.6136618718	2.0945625898453994	3.9478678824056535	4	2.4832069640010532	1.389863037061653	9	K169	169	3	Weak Mutants
20190418	2	1	4	T34S	TRUE	537404	91328760	92272940	0.9897675309792882	542959.8195328614	0.547637741117487	0.547637741117487	1	1.39022362660491	NA	5	T34	34	2	Weak Mutants
20190418	1	1	7	G80A	TRUE	561986	95682800	92272940	1.0369540625886635	541958.4341056073	0.5466277281595462	1.206323901740116	4	0.7238332965992934	0.3415528242398648	13	G80	80	3	Strong Mutants
20190418	3	1	12	G80A	TRUE	502792	159483868	92272940	1.728392614346091	290901.4976265813	0.29340778694264535	0.43956811377110017	5	0.7238332965992934	0.3415528242398648	13	G80	80	3	Strong Mutants
20190418	1	2	1	N105L	TRUE	1917384	187033470	107576451	1.7386097818006656	1102825.9590338778	0.729794446753575	1.1898013683826463	5	0.8712751729992234	NA	9	N105	105	2	Weak Mutants
20190418	1	2	2	N105L	TRUE	1853450	204484605	107576451	1.900830554449133	975073.7621834661	0.6452545036571358	1.1898013683826463	5	0.8712751729992234	NA	9	N105	105	2	Weak Mutants
20190418	3	2	5	N105L	TRUE	620007	126128895	107576451	1.1724582269403925	528809.4584128165	0.3499393562321685	0.4731174287699447	4	0.8712751729992234	NA	9	N105	105	2	Weak Mutants
20190418	3	2	6	N105L	TRUE	560099	118260204	107576451	1.0993131201177104	509499.05877592607	0.33716071033237427	0.4731174287699447	4	0.8712751729992234	NA	9	N105	105	2	Weak Mutants
20190418	1	2	8	R108L	TRUE	720005	144156111	107576451	1.3400340842253664	537303.497333214	0.35556028162283065	1.0631793951324724	6	1.3611885287585603	0.25220531708783595	16	R108	108	3	Strong Mutants
20190418	1	2	9	R108L	TRUE	607053	122089497	107576451	1.1349091354575362	534891.2798690865	0.3539639980975276	1.0631793951324724	6	1.3611885287585603	0.25220531708783595	16	R108	108	3	Strong Mutants
20190418	2	2	10	R108L	TRUE	557175	86123730	107576451	0.8005816254339901	695962.7629449514	0.4605529597702349	1.6634092651354329	4	1.3611885287585603	0.25220531708783595	16	R108	108	3	Strong Mutants
20190418	2	2	11	R108L	TRUE	609569	107674914	107576451	1.0009152839593118	609011.5814684468	0.4030130652289367	1.6634092651354329	4	1.3611885287585603	0.25220531708783595	16	R108	108	3	Strong Mutants
20190418	3	2	12	R108L	TRUE	632060	70651446	107576451	0.6567556871717213	962397.4521209374	0.6368659627335396	1.457717171466733	6	1.3611885287585603	0.25220531708783595	16	R108	108	3	Strong Mutants
20190418	3	2	13	R108L	TRUE	577490	72874074	107576451	0.6774166030072882	852488.7010981437	0.5641339096937977	1.457717171466733	6	1.3611885287585603	0.25220531708783595	16	R108	108	3	Strong Mutants
20190418	2	3	3	R108I	TRUE	1472256	81566408	122673768	0.6649050512575762	2214234.9455992715	2.2625263070979704	1.3620203787148928	5	2.484641890062491	1.0779223479018354	11	R108	108	3	Strong Mutants
20190418	2	3	4	R108I	TRUE	1877724	95943172	122673768	0.7821001471153963	2400874.1168577583	2.453235985737336	1.3620203787148928	5	2.484641890062491	1.0779223479018354	11	R108	108	3	Strong Mutants
20190418	3	3	6	R108I	TRUE	2490211	111567260	122673768	0.90946305651914106	2738111.220846044	2.7978280630232115	3.4672794694720497	5	2.484641890062491	1.0779223479018354	11	R108	108	3	Strong Mutants
20190418	3	3	7	R108I	TRUE	2827797	120248752	122673768	0.9802319922218415	2884824.2277732412	2.9477408075700158	3.4672794694720497	5	2.484641890062491	1.0779223479018354	11	R108	108	3	Strong Mutants
20190418	1	3	8	R108G	TRUE	858415	118131844	122673768	0.9629755890436169	891419.273517139	0.9108606839554849	1.019878177056884	9	1.7808342216299242	1.7724724117296946	16	R108	108	3	Strong Mutants
20190418	3	3	12	R108G	TRUE	565556	73428508	122673768	0.5985673155486673	944849.4518642268	0.9654561478846774	1.3406978739770141	5	1.7808342216299242	1.7724724117296946	16	R108	108	3	Strong Mutants
20190418	1	4	1	R108S	TRUE	577269	113039324	96451064	1.1719862831165864	492556.1060876125	0.1987466892119724	0.4423920136098196	6	0.7316234865720472	NA	12	R108	108	2	Weak Mutants
20190418	1	4	2	R108S	TRUE	508606	89903820	96451064	0.9321184886047499	545645.2223808065	0.2201681800148595	0.4423920136098196	6	0.7316234865720472	NA	12	R108	108	2	Weak Mutants
20190418	3	4	5	R108S	TRUE	1891063	78273644	96451064	0.8115373823144139	2330222.9092723983	0.9402463650737936	1.0208549595342749	6	0.7316234865720472	NA	12	R108	108	2	Weak Mutants
20190418	3	4	6	R108S	TRUE	2067580	91716768	96451064	0.9509150464115149	2174305.6940811523	0.8773336736515926	1.0208549595342749	6	0.7316234865720472	NA	12	R108	108	2	Weak Mutants
20190418	1	4	7	R108Q	TRUE	924188	124785168	96451064	1.2937666296765788	714339.0305491434	0.28823623449564784	1.7286332193025782	6	1.137397468263413	0.578330486705135	14	R108	108	3	Strong Mutants
20190418	1	4	8	R108Q	TRUE	846413	137784048	96451064	1.4285383933141473	592502.8014377397	0.2390752417423559	1.7286332193025782	6	1.137397468263413	0.578330486705135	14	R108	108	3	Strong Mutants
20190418	2	4	9	R108Q	TRUE	989196	44296084	96451064	0.45925967182694843	2153892.581216525	0.8690969701609381	0.9850211197581695	4	1.137397468263413	0.578330486705135	14	R108	108	3	Strong Mutants
20190418	2	4	10	R108Q	TRUE	787882	41115520	96451064	0.4262837370047053	1848257.2324622916	0.745772920534304	0.9850211197581695	4	1.137397468263413	0.578330486705135	14	R108	108	3	Strong Mutants
20190423	2	1	4	D79S	TRUE	3450913	124228385	77405234	1.6049093656896638	2150222.9806709797	2.6674196453952455	2.6380156758319924	3	2.417981811173978	0.5893470493813229	6	D79	79	3	Strong Mutants
20190423	2	1	5	N102K	TRUE	1854122	123348943	77405234	1.5935478342459375	1163518.2579112006	1.4433812152635022	1.4905496761552188	4	1.4720559813976568	0.31554126687149286	10	N102	102	3	Weak Mutants
20190423	2	1	6	N102K	TRUE	1559155	124477022	77405234	1.6081215128165622	969550.4895455324	1.2027580610310957	1.4905496761552188	4	1.4720559813976568	0.31554126687149286	10	N102	102	3	Weak Mutants
20190423	2	1	7	N102I	TRUE	1006944	127122249	77405234	1.64229526132561	613132.135074923	0.7606098144349789	1.9497431210655727	6	1.4162109618355507	0.6152211266955562	11	N102	102	3	Weak Mutants
20190423	2	1	8	N102I	TRUE	897634	132621877	77405234	1.7133450820651224	523907.30238538247	0.6499235862099804	1.9497431210655727	6	1.4162109618355507	0.6152211266955562	11	N102	102	3	Weak Mutants
20190423	2	1	9	N102M	TRUE	1230535	128017972	77405234	1.6538671273831431	744034.9829959031	0.9229989393403636	1.4477909185476483	4	1.9330966144827653	NA	10	N102	102	2	Weak Mutants
20190423	2	1	10	N102M	TRUE	1213992	144548614	77405234	1.8674268719347842	650088.1069266289	0.8064548668867728	1.4477909185476483	4	1.9330966144827653	NA	10	N102	102	2	Weak Mutants
20190423	2	2	1	R108I	TRUE	1653000	169404877	83019834	2.0405350003470257	810081.6696204088	0.7017844055146106	1.3620203787148928	5	2.484641890062491	1.0779223479018354	11	R108	108	3	Strong Mutants
20190423	2	2	2	R108I	TRUE	1289070	140816446	83019834	1.6961783614262587	759984.9339641763	0.6583849444859396	1.3620203787148928	5	2.484641890062491	1.0779223479018354	11	R108	108	3	Strong Mutants
20190423	2	2	8	R112S	TRUE	1976760	178922227	83019834	2.155174473126506	917215.7635721804	0.7945960802554068	0.7185575724063196	2	1.1338680753075778	0.3489002175487326	6	R112	112	3	Strong Mutants
20190423	2	2	9	R112S	TRUE	1567825	175496450	83019834	2.1139099121783356	741670.6790425106	0.6425190645572322	0.7185575724063196	2	1.1338680753075778	0.3489002175487326	6	R112	112	3	Strong Mutants
20190423	2	2	10	R112A	TRUE	2224843	147093073	83019834	1.7717823068641645	1255709.006338198	1.0878372287146407	0.9829537374510764	4	1.2242785709329569	0.38621507904895824	7	R112	112	3	Strong Mutants
20190423	2	2	11	R112A	TRUE	2044641	139489779	83019834	1.6801982403385678	1216904.6192953966	1.0542204778196949	0.9829537374510764	4	1.2242785709329569	0.38621507904895824	7	R112	112	3	Strong Mutants
20190423	2	2	12	E115A	TRUE	2797794	190517582	83019834	2.294844169406554	1219165.1343034366	1.0561787917040437	1.1527604871307089	4	1.0742996786161254	0.11796275985416838	8	E115	115	3	Weak Mutants
20190423	2	2	13	E115A	TRUE	2625498	205954784	83019834	2.4807901205873284	1058331.3671768461	0.916846383772262	1.1527604871307089	4	1.0742996786161254	0.11796275985416838	8	E115	115	3	Weak Mutants
20190423	2	3	1	K129T	TRUE	1912122	112009011	93635622	1.1962222133794338	1598467.223408338	0.6690585662843396	0.5792178199373439	2	1.202639284305104	0.4939277102729834	8	K129	129	3	Weak Mutants
20190423	2	3	2	K129T	TRUE	1535457	122968971	93635622	1.3132712569581693	1169184.9584498352	0.48937707359034827	0.5792178199373439	2	1.202639284305104	0.4939277102729834	8	K129	129	3	Weak Mutants
20190423	2	3	7	K132H	TRUE	1376422	143218539	93635622	1.5295304921453932	899898.3721268376	0.3766637850559085	0.37129668892749346	2	0.6103740196919147	0.32278423956168883	6	K132	132	3	Weak Mutants
20190423	2	3	8	K132H	TRUE	1118175	119760540	93635622	1.2790061884781414	874253.0021144694	0.36592959279907844	0.37129668892749346	2	0.6103740196919147	0.32278423956168883	6	K132	132	3	Weak Mutants
20190423	1	3	9	K132H	TRUE	2146050	69308223	93635622	0.7401907684235813	2899320.136848697	1.2135469189184414	1.0254944911324344	2	0.6103740196919147	0.32278423956168883	6	K132	132	3	Weak Mutants
20190423	1	3	10	K132H	TRUE	1951866	91347513	93635622	0.9755636909209617	2000757.1193607864	0.8374420633464272	1.0254944911324344	2	0.6103740196919147	0.32278423956168883	6	K132	132	3	Weak Mutants
20190423	2	3	12	K154M	TRUE	2140146	92613732	93635622	0.9890865252115268	2163760.14175535	0.905669029070992	1.810482461424673	6	2.9497120876681837	NA	8	K154	154	2	Weak Mutants
20190423	2	3	13	K154M	TRUE	2471936	95877777	93635622	1.0239455343181252	2414128.4054196626	1.01046381564983	1.810482461424673	6	2.9497120876681837	NA	8	K154	154	2	Weak Mutants
20190423	2	4	3	H141I	TRUE	1966322	123137055	102656682	1.199503554965862	1639279.8436149377	1.6378745472533944	1.701282336884873	2	1.2185346996160433	0.3753383496161351	6	H141	141	3	Strong Mutants
20190423	2	4	4	H141I	TRUE	1999302	116204970	102656682	1.1319766793164034	1766204.2306449027	1.7646901265163517	1.701282336884873	2	1.2185346996160433	0.3753383496161351	6	H141	141	3	Strong Mutants
20190423	2	4	5	H141V	TRUE	1822961	141776853	102656682	1.3810776876657673	1319955.4350060374	1.318823884113468	1.3286155178448578	2	1.092923669577405	0.2715621889852007	6	H141	141	3	Weak Mutants
20190423	2	4	6	H141V	TRUE	1721304	131911934	102656682	1.284981468619841	1339555.5049123	1.3384071515762477	1.3286155178448578	2	1.092923669577405	0.2715621889852007	6	H141	141	3	Weak Mutants
20190423	2	4	8	K143W	TRUE	1218866	97866357	102656682	0.9533364520781998	1278526.5866452146	1.2774305512322572	0.9588456680065038	4	1.5214640505079915	0.7249383820139131	8	K143	143	3	Weak Mutants
20190423	2	4	9	K143W	TRUE	1231905	111124500	102656682	1.0824867688593325	1138032.3856504192	1.1370567909238065	0.9588456680065038	4	1.5214640505079915	0.7249383820139131	8	K143	143	3	Weak Mutants
20190423	2	4	10	K143Y	TRUE	2287520	152351310	102656682	1.4840856633180488	1541366.55082677	1.5400451920519893	1.5652697519770007	4	1.9950001998109934	0.6043426585626437	7	K143	143	3	Weak Mutants
20190423	2	4	11	K143Y	TRUE	1930420	159789717	102656682	1.5565447264309595	1240195.6508029862	1.2391324751393167	1.5652697519770007	4	1.9950001998109934	0.6043426585626437	7	K143	143	3	Weak Mutants
