date	round	gel	lane	sample	to_include	gsp1	total_protein	mean_WT_total_protein	total_protein_adjustment	adjusted_gsp1	relative_expression	avg_rel_expr_by_round	n_in_round	avg_rel_expr	std_rel_expr	n_sample	residue	resn	n_rounds
20190219	1	1	1	D79A	TRUE	1740438	69096698	85312038	0.809929051278789	2148877.1112136794	0.9998125470919003	1.460750451810376	4	2.513179799055453	1.1305294123606926	9	D79	79	3
20190219	1	1	2	D79S	TRUE	1955844	63840615	85312038	0.7483189535338495	2613650.223295499	1.216058504846041	1.216058504846041	1	2.417981811173978	0.5893470493813229	6	D79	79	3
20190219	1	1	3	H141E	TRUE	2948249	51673750	85312038	0.6057029138138746	4867483.600889465	2.264704273472728	2.264704273472728	1	1.7734433328876487	NA	3	H141	141	2
20190219	1	1	6	Q147E	TRUE	2115036	50184809	85312038	0.5882500310214134	3595471.1236096965	1.6728723682394553	1.6271276923460638	5	1.2216633768099086	0.5073317873229884	9	Q147	147	3
20190219	1	1	13	WT	TRUE	2149280	85312038	85312038	1	2149280	1	1	22	1	0	51	WT	0	3
20190219	1	1	14	MAT-a	TRUE	1656711	113050105	85312038	1.325136612021858	1250219.0226804123	0.5816920190391258	1.0108711376118122	21	1.0214609741798866	0.17878351166633716	55	MAT-a	1	3
20190219	1	2	8	R108Y	TRUE	515338	68688936	163441408	0.4202664235491657	1226217.3971642826	0.6613288288056786	1.5995526185624112	3	1.6829400672758417	0.972893408248163	10	R108	108	3
20190219	1	2	11	R78K	TRUE	1984560	108162388	163441408	0.6617808138314618	2998817.6727429503	1.617335216335351	1.617335216335351	1	3.0967484898529034	0.8617453085864892	5	R78	78	3
20190219	1	2	12	K101R	TRUE	1352116	106694753	163441408	0.6528012350456501	2071252.2088066316	1.1170766297876527	1.218898103995363	3	1.1135627903925518	NA	5	K101	101	2
20190219	1	2	14	WT	TRUE	1854172	163441408	163441408	1	1854172	1	1	22	1	0	51	WT	0	3
20190219	1	2	15	MAT-a	TRUE	1481676	172283264	163441408	1.0540980165809635	1405633.98914829	0.7580925551395933	1.0108711376118122	21	1.0214609741798866	0.17878351166633716	55	MAT-a	1	3
20190225	1	1	10	T34A	TRUE	1338274	60094109	54440146.5	1.1038564894383596	1212362.306880047	0.5245149048370467	0.7188027230424717	4	0.9847165550811199	0.36766624543437715	8	T34	34	3
20190225	1	1	11	T34A	TRUE	1340450	63855891	54440146.5	1.172955899374738	1142796.5882728817	0.4944180797641369	0.7188027230424717	4	0.9847165550811199	0.36766624543437715	8	T34	34	3
20190225	1	1	12	WT	TRUE	2249353	50478537	54440146.5	0.927229999280035	2425884.6259790473	1.0495316759026794	1	22	1	0	51	WT	0	3
20190225	1	1	13	WT	TRUE	2356779	58401756	54440146.5	1.072770000719965	2196909.8673698013	0.9504683240973207	1	22	1	0	51	WT	0	3
20190225	1	1	14	MAT-a	TRUE	2135358	50928442	54440146.5	0.9354942128967269	2282598.8344577085	0.9875406911303758	1.0108711376118122	21	1.0214609741798866	0.17878351166633716	55	MAT-a	1	3
20190225	1	1	15	MAT-a	TRUE	2035760	55662394	54440146.5	1.0224512162177961	1991058.3191739833	0.8614089689856057	1.0108711376118122	21	1.0214609741798866	0.17878351166633716	55	MAT-a	1	3
20190225	1	2	13	WT	TRUE	957182	72721444	72721444	1	957182	1	1	22	1	0	51	WT	0	3
20190225	1	2	14	MAT-a	TRUE	800565	55866352	72721444	0.7682239093052112	1042098.5214116004	1.0887151256622047	1.0108711376118122	21	1.0214609741798866	0.17878351166633716	55	MAT-a	1	3
20190225	1	3	1	T34E	TRUE	2893213	39564304	88077272	0.4491999252656236	6440813.627226603	2.26849279359415	1.6578840451881716	4	1.25180894715862	0.359984911799441	10	T34	34	3
20190225	1	3	2	T34E	TRUE	2468740	38074628	88077272	0.4322866403037551	5710886.64286569	2.0114081766952694	1.6578840451881716	4	1.25180894715862	0.359984911799441	10	T34	34	3
20190225	1	3	9	T34Q	TRUE	1949509	37833160	88077272	0.4295450930859893	4538543.290051584	1.5985018885463982	1.3093674694850685	4	1.0561187398831287	0.27653123174304606	8	T34	34	3
20190225	1	3	10	T34Q	TRUE	1907927	40994480	88077272	0.46543766705217665	4099210.5604253057	1.4437662931964048	1.3093674694850685	4	1.0561187398831287	0.27653123174304606	8	T34	34	3
20190225	1	3	11	WT	TRUE	2839248	88077272	88077272	1	2839248	1	1	22	1	0	51	WT	0	3
20190225	1	3	12	MAT-a	TRUE	2636421	112488388	88077272	1.277155677573665	2064291.0228521721	0.7270555523336363	1.0108711376118122	21	1.0214609741798866	0.17878351166633716	55	MAT-a	1	3
20190225	1	4	5	R108A	TRUE	1324604	32887598	57115198	0.5758116780055634	2300411.8370576045	0.7292476896679678	1.3555180636417656	4	1.5386676224017026	NA	10	R108	108	2
20190225	1	4	6	R108A	TRUE	1881912	36388020	57115198	0.6370987280828476	2953878.130730279	0.9364013728737609	1.3555180636417656	4	1.5386676224017026	NA	10	R108	108	2
20190225	1	4	9	R108G	TRUE	2739173	39651050	57115198	0.6942294063306933	3945630.903879065	1.2507943901978333	1.019878177056884	9	1.7808342216299242	1.7724724117296946	16	R108	108	3
20190225	1	4	10	R108G	TRUE	2403101	39062010	57115198	0.6839162143848297	3513735.9656863026	1.1138804773137747	1.019878177056884	9	1.7808342216299242	1.7724724117296946	16	R108	108	3
20190225	1	4	12	WT	TRUE	3154500	57115198	57115198	1	3154500	1	1	22	1	0	51	WT	0	3
20190225	1	4	13	MAT-a	TRUE	2926200	61093438	57115198	1.069652914448445	2735653.743821063	0.8672226165227653	1.0108711376118122	21	1.0214609741798866	0.17878351166633716	55	MAT-a	1	3
20190227	1	2	1	R108L	TRUE	1823472	17592280	13504052	1.3027408366022286	1399719.6900313094	0.6224395668159528	1.0631793951324724	6	1.3611885287585603	0.25220531708783595	16	R108	108	3
20190227	1	2	2	R108L	TRUE	1645379	15499512	13504052	1.1477674997104572	1433547.2997929226	0.6374823235310253	1.0631793951324724	6	1.3611885287585603	0.25220531708783595	16	R108	108	3
20190227	1	2	7	Y157A	TRUE	2065566	11157236	13504052	0.8262139393420582	2500037.704090153	1.1117385835464073	1.1305734540809529	2	0.8072946526047512	0.273348960810526	6	Y157	157	3
20190227	1	2	8	Y157A	TRUE	1820409	9510752	13504052	0.7042887571819184	2584748.0616956474	1.1494083246154987	1.1305734540809529	2	0.8072946526047512	0.273348960810526	6	Y157	157	3
20190227	1	2	11	WT	TRUE	2248764	13504052	13504052	1	2248764	1	1	22	1	0	51	WT	0	3
20190227	1	2	12	MAT-a	TRUE	2833820	14090008	13504052	1.0433911243825187	2715970.965995193	1.2077616708534968	1.0108711376118122	21	1.0214609741798866	0.17878351166633716	55	MAT-a	1	3
20190227	1	3	1	D79A	TRUE	3379050	6912640	10762010	0.6423186746713672	5260706.458097051	2.572022334523859	1.460750451810376	4	2.513179799055453	1.1305294123606926	9	D79	79	3
20190227	1	3	7	Q147E	TRUE	2406350	7083370	10762010	0.6581828115751611	3656051.111758951	1.7874871351415993	1.6271276923460638	5	1.2216633768099086	0.5073317873229884	9	Q147	147	3
20190227	1	3	8	Q147E	TRUE	2232025	7197540	10762010	0.668791424650228	3337400.7466787263	1.6316951588322075	1.6271276923460638	5	1.2216633768099086	0.5073317873229884	9	Q147	147	3
20190227	1	3	11	Y148I	TRUE	1872659	5792780	10762010	0.538261904607039	3479085.1516180485	1.700966359736559	1.686639154112339	2	1.211203296908719	0.3985404263286702	6	Y148	148	3
20190227	1	3	12	Y148I	TRUE	1902895	5987170	10762010	0.5563245155877016	3420476.6223357613	1.6723119484881186	1.686639154112339	2	1.211203296908719	0.3985404263286702	6	Y148	148	3
20190227	1	3	13	WT	TRUE	2045358	10762010	10762010	1	2045358	1	1	22	1	0	51	WT	0	3
20190227	1	3	14	MAT-a	TRUE	2069651	10528350	10762010	0.9782884424006296	2115583.6155247497	1.0343341437170166	1.0108711376118122	21	1.0214609741798866	0.17878351166633716	55	MAT-a	1	3
20190227	1	4	3	R112S	TRUE	2743182	7665001	6706231	1.1429670406521935	2400053.4594896985	1.2869823346785745	1.1905197112655004	2	1.1338680753075778	0.3489002175487326	6	R112	112	3
20190227	1	4	4	R112S	TRUE	2987446	9819520	6706231	1.4642382584196698	2040273.1473662662	1.0940570878524263	1.1905197112655004	2	1.1338680753075778	0.3489002175487326	6	R112	112	3
20190227	1	4	12	WT	TRUE	1864869	6706231	6706231	1	1864869	1	1	22	1	0	51	WT	0	3
20190227	1	4	13	MAT-a	TRUE	1678698	8355637	6706231	1.2459512653232494	1347322.3606097298	0.7224756058520624	1.0108711376118122	21	1.0214609741798866	0.17878351166633716	55	MAT-a	1	3
20190304	1	1	1	T34A	TRUE	1982718	152852526	117351888	1.3025144171519423	1522223.4578680368	0.7199912298208737	0.7188027230424717	4	0.9847165550811199	0.36766624543437715	8	T34	34	3
20190304	1	1	2	T34A	TRUE	2544876	124313298	117351888	1.0593208180851765	2402365.701261405	1.1362866777478295	0.7188027230424717	4	0.9847165550811199	0.36766624543437715	8	T34	34	3
20190304	1	1	5	T34E	TRUE	2144142	107341437	117351888	0.9146971457331815	2344100.459919276	1.1087280019483623	1.6578840451881716	4	1.25180894715862	0.359984911799441	10	T34	34	3
20190304	1	1	6	T34E	TRUE	2082415	92996682	117351888	0.7924600412053021	2627785.492922425	1.2429072085149049	1.6578840451881716	4	1.25180894715862	0.359984911799441	10	T34	34	3
20190304	1	1	7	T34Q	TRUE	1356107	66808974	117351888	0.5693046370076296	2382041.023111895	1.12667337824115	1.3093674694850685	4	1.0561187398831287	0.27653123174304606	8	T34	34	3
20190304	1	1	9	T34Q	TRUE	1657902	86121522	117351888	0.733874192122073	2259109.2830312033	1.0685283179563212	1.3093674694850685	4	1.0561187398831287	0.27653123174304606	8	T34	34	3
20190304	1	1	14	WT	TRUE	2114225	117351888	117351888	1	2114225	1	1	22	1	0	51	WT	0	3
20190304	1	1	15	MAT-a	TRUE	2028003	101047533	117351888	0.8610643997478762	2355228.0184778385	1.1139911875405117	1.0108711376118122	21	1.0214609741798866	0.17878351166633716	55	MAT-a	1	3
20190304	1	2	6	G80A	TRUE	3360526	70370301	117381588	0.5995003321986068	5605544.850451727	2.489361777445478	1.206323901740116	4	0.7238332965992934	0.3415528242398648	13	G80	80	3
20190304	1	2	11	R108L	TRUE	2637882	59989321	117381588	0.5110624419223226	5161564.974482975	2.292195121450828	1.0631793951324724	6	1.3611885287585603	0.25220531708783595	16	R108	108	3
20190304	1	2	12	R108L	TRUE	2562858	63093498	117381588	0.5375076200195894	4768040.311515206	2.11743507927667	1.0631793951324724	6	1.3611885287585603	0.25220531708783595	16	R108	108	3
20190304	1	2	13	WT	TRUE	2251800	117381588	117381588	1	2251800	1	1	22	1	0	51	WT	0	3
20190304	1	2	14	MAT-a	TRUE	2878360	125195061	117381588	1.0665647239326836	2698720.420254278	1.1984725198748902	1.0108711376118122	21	1.0214609741798866	0.17878351166633716	55	MAT-a	1	3
20190304	1	3	3	R108Y	TRUE	2571539	98257711	213494294	0.46023577098505497	5587438.356857978	2.1684271799610584	1.5995526185624112	3	1.6829400672758417	0.972893408248163	10	R108	108	3
20190304	1	3	4	R108Y	TRUE	2259878	95099733	213494294	0.44544390961568275	5073316.64260437	1.9689018469204966	1.5995526185624112	3	1.6829400672758417	0.972893408248163	10	R108	108	3
20190304	1	3	9	R108Q	TRUE	1928378	76923035	213494294	0.3603048754080519	5352073.012656508	2.077084318171643	1.7286332193025782	6	1.137397468263413	0.578330486705135	14	R108	108	3
20190304	1	3	10	R108Q	TRUE	2053583	66477400	213494294	0.3113778769188089	6595147.414841766	2.559508668697837	1.7286332193025782	6	1.137397468263413	0.578330486705135	14	R108	108	3
20190304	1	3	11	R108Q	TRUE	2788170	87766918	213494294	0.4110972539622066	6782263.742039797	2.6321265847796647	1.7286332193025782	6	1.137397468263413	0.578330486705135	14	R108	108	3
20190304	1	3	12	R108Q	TRUE	2849421	91657541	213494294	0.42932079955261004	6637043.914409334	2.5757682679283205	1.7286332193025782	6	1.137397468263413	0.578330486705135	14	R108	108	3
20190304	1	3	14	WT	TRUE	2576724	213494294	213494294	1	2576724	1	1	22	1	0	51	WT	0	3
20190304	1	4	5	R108G	TRUE	1249228	87258321	125430499	0.6956706837305973	1795717.4697960555	0.9746880316487224	1.019878177056884	9	1.7808342216299242	1.7724724117296946	16	R108	108	3
20190304	1	4	6	R108G	TRUE	1318248	72492861	125430499	0.5779524244737319	2280893.624073576	1.2380342421577517	1.019878177056884	9	1.7808342216299242	1.7724724117296946	16	R108	108	3
20190304	1	4	7	R108G	TRUE	1068671	121267722	125430499	0.966812082920917	1105355.4448464778	0.599970062624591	1.019878177056884	9	1.7808342216299242	1.7724724117296946	16	R108	108	3
20190304	1	4	8	R108G	TRUE	1065356	69151169	125430499	0.551310642557517	1932406.0117139018	1.0488804857021825	1.019878177056884	9	1.7808342216299242	1.7724724117296946	16	R108	108	3
20190304	1	4	11	R108A	TRUE	2205155	74854678	125430499	0.5967821111833415	3695075.570592195	2.0056306157687622	1.3555180636417656	4	1.5386676224017026	NA	10	R108	108	2
20190304	1	4	12	R108A	TRUE	2315808	90053092	125430499	0.7179521146607254	3225574.4536588704	1.7507925762565713	1.3555180636417656	4	1.5386676224017026	NA	10	R108	108	2
20190304	1	4	13	WT	TRUE	1842351	125430499	125430499	1	1842351	1	1	22	1	0	51	WT	0	3
20190304	1	4	15	MAT-a	TRUE	2020270	91805611	125430499	0.7319241470928055	2760217.7193148904	1.498204044351424	1.0108711376118122	21	1.0214609741798866	0.17878351166633716	55	MAT-a	1	3
20190306	1	1	3	K101R	TRUE	1726282	132233276	205466420	0.6435760938454079	2682327.7255147183	1.3111842895685197	1.218898103995363	3	1.1135627903925518	NA	5	K101	101	2
20190306	1	1	4	K101R	TRUE	1636437	133795168	205466420	0.6511777836981829	2513041.8158714073	1.228433392629917	1.218898103995363	3	1.1135627903925518	NA	5	K101	101	2
20190306	1	1	11	R112A	TRUE	2292372	113324992	205466420	0.5515499418347777	4156236.500314423	2.0316652402710345	1.788057717719687	2	1.2242785709329569	0.38621507904895824	7	R112	112	3
20190306	1	1	12	R112A	TRUE	2124847	138180420	205466420	0.6725206970559958	3159526.553311533	1.5444501951683398	1.788057717719687	2	1.2242785709329569	0.38621507904895824	7	R112	112	3
20190306	1	1	13	WT	TRUE	2045729	205466420	205466420	1	2045729	1	1	22	1	0	51	WT	0	3
20190306	1	1	14	MAT-a	TRUE	2158150	227842228	205466420	1.1089025058206592	1946203.5559229169	0.9513496440256343	1.0108711376118122	21	1.0214609741798866	0.17878351166633716	55	MAT-a	1	3
20190306	1	3	3	H141I	TRUE	2006442	135382545	148535985	0.911446105130686	2201383.042513863	0.878038514699446	1.0134187752837924	2	1.2185346996160433	0.3753383496161351	6	H141	141	3
20190306	1	3	4	H141I	TRUE	2081004	107319461	148535985	0.7225148909202036	2880222.9907671637	1.148799035868139	1.0134187752837924	2	1.2185346996160433	0.3753383496161351	6	H141	141	3
20190306	1	3	5	H141R	TRUE	2740893	167054048	148535985	1.1246705503720194	2437063.012891522	0.9720412789337426	1.33252047321433	2	1.2826724451665648	0.3588538616548373	6	H141	141	3
20190306	1	3	13	H141R	TRUE	2337279	81790585	148535985	0.5506449161124155	4244621.046356558	1.6929996674949177	1.33252047321433	2	1.2826724451665648	0.3588538616548373	6	H141	141	3
20190306	1	3	14	WT	TRUE	2507160	148535985	148535985	1	2507160	1	1	22	1	0	51	WT	0	3
20190306	1	3	15	MAT-a	TRUE	3117426	183847464	148535985	1.2377301298402539	2518663.741669072	1.0045883556171413	1.0108711376118122	21	1.0214609741798866	0.17878351166633716	55	MAT-a	1	3
20190312	2	2	1	D79A	TRUE	3335955	100333530	137753088	0.7283577555807678	4580105.002575311	2.01348255149663	2.01348255149663	1	2.513179799055453	1.1305294123606926	9	D79	79	3
20190312	2	2	3	D79S	TRUE	3116646	71027748	137753088	0.5156163758739114	6044505.461483138	2.657254860375281	2.6380156758319924	3	2.417981811173978	0.5893470493813229	6	D79	79	3
20190312	2	2	4	D79S	TRUE	3170844	74157336	137753088	0.5383351986998651	5890092.283874274	2.589372521725451	2.6380156758319924	3	2.417981811173978	0.5893470493813229	6	D79	79	3
20190312	2	2	5	R108L	TRUE	3275980	70359102	137753088	0.5107624302404024	6413901.661596533	2.8196469459495783	1.6634092651354329	4	1.3611885287585603	0.25220531708783595	16	R108	108	3
20190312	2	2	6	R108L	TRUE	3275258	66772992	137753088	0.4847295474058629	6756877.144230769	2.970424089592982	1.6634092651354329	4	1.3611885287585603	0.25220531708783595	16	R108	108	3
20190312	2	2	7	R108Y	TRUE	2848746	44933856	137753088	0.32619127928369923	8733360.395948391	3.839315640861149	2.672367391732144	4	1.6829400672758417	0.972893408248163	10	R108	108	3
20190312	2	2	8	R108Y	TRUE	3039642	48063180	137753088	0.3489081856371888	8711867.835513504	3.829867190356565	2.672367391732144	4	1.6829400672758417	0.972893408248163	10	R108	108	3
20190312	2	2	13	WT	TRUE	2274718	137753088	137753088	1	2274718	1	1	13	1	0	51	WT	0	3
20190312	2	2	14	MAT-a	TRUE	2353940	169436400	137753088	1.2300007387130225	1913771.2083514524	0.8413224005575427	1.2667176511458402	16	1.0214609741798866	0.17878351166633716	55	MAT-a	1	3
20190321	2	2	4	T34A	TRUE	886856	92679693	101089332	0.9168098271734548	967328.2001505119	0.8630786555089026	0.9421794397768983	2	0.9847165550811199	0.36766624543437715	8	T34	34	3
20190321	2	2	5	T34A	TRUE	1028840	90862519	101089332	0.8988339046498003	1144638.6197468287	1.021280224044894	0.9421794397768983	2	0.9847165550811199	0.36766624543437715	8	T34	34	3
20190321	2	2	14	WT	TRUE	1120788	101089332	101089332	1	1120788	1	1	13	1	0	51	WT	0	3
20190321	2	2	15	MAT-a	TRUE	3136539	126692913	101089332	1.253276784933152	2502670.6292714886	2.2329563033075734	1.2667176511458402	16	1.0214609741798866	0.17878351166633716	55	MAT-a	1	3
20190321	2	4	12	R108G	TRUE	2702807	104801664	105491496	0.9934607809524286	2720597.583539055	4.707233850621504	6.30547729134088	2	1.7808342216299242	1.7724724117296946	16	R108	108	3
20190321	2	4	13	R108G	TRUE	2938046	67849386	105491496	0.6431739862708934	4568042.338022278	7.903720732060256	6.30547729134088	2	1.7808342216299242	1.7724724117296946	16	R108	108	3
20190321	2	4	14	WT	TRUE	577961	105491496	105491496	1	577961	1	1	13	1	0	51	WT	0	3
20190321	2	4	15	MAT-a	TRUE	1693146	95202426	105491496	0.9024654082069327	1876133.959930979	3.2461255343024513	1.2667176511458402	16	1.0214609741798866	0.17878351166633716	55	MAT-a	1	3
20190325	2	1	1	T34E	TRUE	1174207	9244602	11301948	0.8179653631391686	1435521.6649928251	0.8017667449670838	0.8316610765077055	2	1.25180894715862	0.359984911799441	10	T34	34	3
20190325	2	1	2	T34E	TRUE	1261312	9241254	11301948	0.8176691310205992	1542570.157229311	0.8615554080483271	0.8316610765077055	2	1.25180894715862	0.359984911799441	10	T34	34	3
20190325	2	1	9	Y157A	TRUE	1068060	8947020	11301948	0.7916352119121411	1349182.0271867057	0.7535443794998267	0.7682018975054685	2	0.8072946526047512	0.273348960810526	6	Y157	157	3
20190325	2	1	10	Y157A	TRUE	1149808	9271140	11301948	0.8203134539284732	1401669.0747830365	0.7828594155111104	0.7682018975054685	2	0.8072946526047512	0.273348960810526	6	Y157	157	3
20190325	2	1	13	WT	TRUE	1790448	11301948	11301948	1	1790448	1	1	13	1	0	51	WT	0	3
20190325	2	1	14	MAT-a	TRUE	2301750	11550689	11301948	1.0220086838127374	2252182.429030857	1.2578876510408887	1.2667176511458402	16	1.0214609741798866	0.17878351166633716	55	MAT-a	1	3
20190325	2	2	3	Q147E	TRUE	684474	164580759	186592680	0.8820322372774752	776019.2553876848	0.4871998665178849	0.48593912667916267	2	1.2216633768099086	0.5073317873229884	9	Q147	147	3
20190325	2	2	4	Q147E	TRUE	612766	148105188	186592680	0.7937352526369201	772003.0047352562	0.48467838684044046	0.48593912667916267	2	1.2216633768099086	0.5073317873229884	9	Q147	147	3
20190325	2	2	5	Y148I	TRUE	893565	127138347	186592680	0.6813683527135148	1311427.2132561232	0.8233393164027983	0.8031514358783054	2	1.211203296908719	0.3985404263286702	6	Y148	148	3
20190325	2	2	6	Y148I	TRUE	853426	127689030	186592680	0.684319609965407	1247116.095420883	0.7829635553538126	0.8031514358783054	2	1.211203296908719	0.3985404263286702	6	Y148	148	3
20190325	2	2	7	H141R	TRUE	1961216	139851369	186592680	0.7495008325085422	2616696.2262548893	1.6428123958243044	1.656629990136763	2	1.2826724451665648	0.3588538616548373	6	H141	141	3
20190325	2	2	8	H141R	TRUE	2036400	142810290	186592680	0.7653584803005133	2660713.969224487	1.6704475844492217	1.656629990136763	2	1.2826724451665648	0.3588538616548373	6	H141	141	3
20190325	2	2	11	MAT-a	TRUE	1098112	105211134	186592680	0.5638545627834918	1947509.2913660642	1.222683922091432	1.2667176511458402	16	1.0214609741798866	0.17878351166633716	55	MAT-a	1	3
20190325	2	2	12	MAT-a	TRUE	1210575	96162389	186592680	0.5153599219433475	2348989.411972699	1.4747408907956663	1.2667176511458402	16	1.0214609741798866	0.17878351166633716	55	MAT-a	1	3
20190325	2	2	14	WT	TRUE	1592815	186592680	186592680	1	1592815	1	1	13	1	0	51	WT	0	3
20190325	2	2	15	MAT-a	TRUE	1995472	143857523	186592680	0.7709708816015719	2588258.5809916942	1.6249586932516922	1.2667176511458402	16	1.0214609741798866	0.17878351166633716	55	MAT-a	1	3
20190325	2	3	4	R108Q	TRUE	1092784	86353552	181470303	0.4758550053228268	2296464.233382687	1.0671743549722488	0.9850211197581695	4	1.137397468263413	0.578330486705135	14	R108	108	3
20190325	2	3	5	R108Q	TRUE	1165296	78112940	181470303	0.4304447543684324	2707190.616621113	1.258040233365187	0.9850211197581695	4	1.137397468263413	0.578330486705135	14	R108	108	3
20190325	2	3	8	R108Y	TRUE	1138710	66648356	181470303	0.3672686654410887	3100482.309408052	1.4408041547294717	2.672367391732144	4	1.6829400672758417	0.972893408248163	10	R108	108	3
20190325	2	3	9	R108Y	TRUE	1201140	64129824	181470303	0.35339018528006755	3398905.940322244	1.5794825809813902	2.672367391732144	4	1.6829400672758417	0.972893408248163	10	R108	108	3
20190325	2	3	10	G80A	TRUE	550564	66118083	181470303	0.36434657300373824	1511099.7077893503	0.7022129204178752	0.5966741699937124	4	0.7238332965992934	0.3415528242398648	13	G80	80	3
20190325	2	3	11	G80A	TRUE	529368	88431578	181470303	0.48730605800553495	1086315.2454262888	0.5048142071982944	0.5966741699937124	4	0.7238332965992934	0.3415528242398648	13	G80	80	3
20190325	2	3	14	WT	TRUE	2151911	181470303	181470303	1	2151911	1	1	13	1	0	51	WT	0	3
20190325	2	3	15	MAT-a	TRUE	2327584	151661931	181470303	0.8357396692063714	2785058.656136668	1.294225763117837	1.2667176511458402	16	1.0214609741798866	0.17878351166633716	55	MAT-a	1	3
20190325	2	4	3	T34G	TRUE	563710	81015152	190711690	0.4248043316065208	1326987.410575987	0.9658368619655273	0.9658368619655273	1	1.133619724081384	NA	3	T34	34	2
20190325	2	4	13	R108I	TRUE	615034	116283108	190711690	0.6097324605534145	1008694.8617460413	0.7341702507386075	1.3620203787148928	5	2.484641890062491	1.0779223479018354	11	R108	108	3
20190325	2	4	14	WT	TRUE	1373925	190711690	190711690	1	1373925	1	1	13	1	0	51	WT	0	3
20190325	2	4	15	MAT-a	TRUE	1655442	202437284	190711690	1.061483352174164	1559555.3115451797	1.135109494000895	1.2667176511458402	16	1.0214609741798866	0.17878351166633716	55	MAT-a	1	3
20190328	2	1	3	R78K	TRUE	1826912	69899700	213358405	0.3276163411514067	5576376.299116592	2.8501110881142093	3.2244291605414372	2	3.0967484898529034	0.8617453085864892	5	R78	78	3
20190328	2	1	4	R78K	TRUE	2481269	75186865	213358405	0.35239701477895846	7041118.102423143	3.598747232968665	3.2244291605414372	2	3.0967484898529034	0.8617453085864892	5	R78	78	3
20190328	2	1	14	WT	TRUE	1956547	213358405	213358405	1	1956547	1	1	13	1	0	51	WT	0	3
20190328	2	1	15	MAT-a	TRUE	1819630	201103370	213358405	0.9425612738340446	1930516.403032679	0.9866956444351601	1.2667176511458402	16	1.0214609741798866	0.17878351166633716	55	MAT-a	1	3
20190328	2	2	1	R112A	TRUE	1012680	34959738	83606556	0.41814589276946174	2421834.1433245298	0.8430063425863374	0.9829537374510764	4	1.2242785709329569	0.38621507904895824	7	R112	112	3
20190328	2	2	2	R112A	TRUE	1180065	36274128	83606556	0.4338670283225158	2719877.112032576	0.9467509006836323	0.9829537374510764	4	1.2242785709329569	0.38621507904895824	7	R112	112	3
20190328	2	2	5	T34Q	TRUE	675934	28730526	83606556	0.34363963036582923	1966985.004844812	0.6846797661297135	0.8773805842712465	2	1.0561187398831287	0.27653123174304606	8	T34	34	3
20190328	2	2	6	T34Q	TRUE	765585	20821086	83606556	0.24903652292530742	3074187.637247164	1.0700814024127796	0.8773805842712465	2	1.0561187398831287	0.27653123174304606	8	T34	34	3
20190328	2	2	9	G80A	TRUE	919830	48690048	83606556	0.5823711719449369	1579456.6151481306	0.5497865938011923	0.5966741699937124	4	0.7238332965992934	0.3415528242398648	13	G80	80	3
20190328	2	2	10	G80A	TRUE	920250	42517992	83606556	0.5085485401407995	1809561.7770237124	0.6298829585574875	0.5966741699937124	4	0.7238332965992934	0.3415528242398648	13	G80	80	3
20190328	2	2	13	MAT-a	TRUE	651675	54910878	83606556	0.6567771790528006	992231.4915689382	0.3453818020577928	1.2667176511458402	16	1.0214609741798866	0.17878351166633716	55	MAT-a	1	3
20190328	2	2	14	WT	TRUE	2872854	83606556	83606556	1	2872854	1	1	13	1	0	51	WT	0	3
20190328	2	2	15	MAT-a	TRUE	2586839	120446106	83606556	1.4406299190221399	1795630.4848617024	0.6250336720424019	1.2667176511458402	16	1.0214609741798866	0.17878351166633716	55	MAT-a	1	3
20190408	3	1	1	D79A	TRUE	2278272	76145190	127447716	0.5974621781374254	3813248.9107552557	5.004066651910366	3.6905334581902354	4	2.513179799055453	1.1305294123606926	9	D79	79	3
20190408	3	1	2	D79A	TRUE	2396031	71810838	127447716	0.5634533144556314	4252403.772466713	5.580362679247159	3.6905334581902354	4	2.513179799055453	1.1305294123606926	9	D79	79	3
20190408	3	1	7	R108L	TRUE	1051360	63144378	127447716	0.49545319431224644	2122016.796075812	2.7846893115439184	1.457717171466733	6	1.3611885287585603	0.25220531708783595	16	R108	108	3
20190408	3	1	8	R108L	TRUE	1303380	79947978	127447716	0.6273002020687448	2077761.1671439644	2.7266133448079004	1.457717171466733	6	1.3611885287585603	0.25220531708783595	16	R108	108	3
20190408	3	1	9	T34E	TRUE	585312	75877032	127447716	0.5953581153231494	983125.9286392753	1.2901407144591095	1.055807784454526	4	1.25180894715862	0.359984911799441	10	T34	34	3
20190408	3	1	10	T34E	TRUE	513504	75555348	127447716	0.5928340685210867	866185.0377138625	1.1366810200567727	1.055807784454526	4	1.25180894715862	0.359984911799441	10	T34	34	3
20190408	3	1	14	WT	TRUE	762030	127447716	127447716	1	762030	1	1	16	1	0	51	WT	0	3
20190408	3	1	15	MAT-a	TRUE	926262	160935390	127447716	1.2627561721074703	733524.0329525532	0.9625920671791836	0.8158098484284588	18	1.0214609741798866	0.17878351166633716	55	MAT-a	1	3
20190408	3	2	3	T34A	TRUE	755136	93460884	131485134	0.71080951250352	1062360.5715972472	1.453466643313172	1.5590813344626375	2	0.9847165550811199	0.36766624543437715	8	T34	34	3
20190408	3	2	4	T34A	TRUE	690336	74599404	131485134	0.5673599876317577	1216751.29556027	1.6646960256121028	1.5590813344626375	2	0.9847165550811199	0.36766624543437715	8	T34	34	3
20190408	3	2	14	WT	TRUE	730915	131485134	131485134	1	730915	1	1	16	1	0	51	WT	0	3
20190408	3	2	15	MAT-a	TRUE	765600	154140096	131485134	1.1723005583277575	653074.8403737856	0.8935031301502714	0.8158098484284588	18	1.0214609741798866	0.17878351166633716	55	MAT-a	1	3
20190408	3	3	4	R112S	TRUE	1584036	56364264	84860589	0.6641983594999559	2384883.9391782708	1.4857218485896713	1.4925269422509135	2	1.1338680753075778	0.3489002175487326	6	R112	112	3
20190408	3	3	5	R112S	TRUE	1480122	52188642	84860589	0.6149926911301546	2406731.041437292	1.4993320359121556	1.4925269422509135	2	1.1338680753075778	0.3489002175487326	6	R112	112	3
20190408	3	3	6	D79S	TRUE	2884620	59314332	84860589	0.6989620588186113	4127005.1265380518	2.571018901595625	2.6888926673509252	2	2.417981811173978	0.5893470493813229	6	D79	79	3
20190408	3	3	7	D79S	TRUE	3421919	64452498	84860589	0.759510377661885	4505427.576294886	2.8067664331062256	2.6888926673509252	2	2.417981811173978	0.5893470493813229	6	D79	79	3
20190408	3	3	10	WT	TRUE	1501632	81755388	84860589	0.9634082082555425	1558666.3961676508	0.9710093985733788	1	16	1	0	51	WT	0	3
20190408	3	3	11	WT	TRUE	1712178	87965790	84860589	1.0365917917444576	1651737.9489554062	1.028990601426621	1	16	1	0	51	WT	0	3
20190408	3	3	12	MAT-a	TRUE	968080	77208582	84860589	0.9098284952983299	1064024.7090552705	0.6628602472904301	0.8158098484284588	18	1.0214609741798866	0.17878351166633716	55	MAT-a	1	3
20190408	3	3	13	MAT-a	TRUE	1032944	97867572	84860589	1.1532747197877686	895661.7033884932	0.5579743902035877	0.8158098484284588	18	1.0214609741798866	0.17878351166633716	55	MAT-a	1	3
20190408	3	3	15	MAT-a	TRUE	987639	133724250	84860589	1.5758110045642035	626749.6528069591	0.39044904344155773	0.8158098484284588	18	1.0214609741798866	0.17878351166633716	55	MAT-a	1	3
20190408	3	4	2	Q147E	TRUE	3082878	86719974	62987232	1.3767865525508407	2239183.695023894	1.326739696554015	0.9437268381002661	2	1.2216633768099086	0.5073317873229884	9	Q147	147	3
20190408	3	4	5	Y148I	TRUE	1481856	51348528	62987232	0.8152212181668819	1817734.8270351975	1.0770268460759798	1.1438193007355129	2	1.211203296908719	0.3985404263286702	6	Y148	148	3
20190408	3	4	6	Y148I	TRUE	1582544	48786474	62987232	0.7745454507351586	2043190.6203799027	1.210611755395046	1.1438193007355129	2	1.211203296908719	0.3985404263286702	6	Y148	148	3
20190408	3	4	7	Y157A	TRUE	785520	47872968	62987232	0.7600424162154006	1033521.2657097008	0.6123721307443595	0.5231086062278323	2	0.8072946526047512	0.273348960810526	6	Y157	157	3
20190408	3	4	8	Y157A	TRUE	864368	74355402	62987232	1.1804837208912435	732215.0951369478	0.4338450817113051	0.5231086062278323	2	0.8072946526047512	0.273348960810526	6	Y157	157	3
20190408	3	4	12	WT	TRUE	1687734	62987232	62987232	1	1687734	1	1	16	1	0	51	WT	0	3
20190408	3	4	13	MAT-a	TRUE	1621664	55023474	62987232	0.8735655188022868	1856373.6378049848	1.0999207445041606	0.8158098484284588	18	1.0214609741798866	0.17878351166633716	55	MAT-a	1	3
20190408	3	4	15	Q147E	TRUE	1656216	110236170	62987232	1.7501351702516472	946336.047724735	0.5607139796465171	0.9437268381002661	2	1.2216633768099086	0.5073317873229884	9	Q147	147	3
20190409	3	2	1	R108A	TRUE	1754964	104635575	129052184	0.81080049757236194	2164483.1314911395	2.8884423127617427	1.6607673282416606	6	1.5386676224017026	NA	10	R108	108	2
20190409	3	2	2	R108A	TRUE	1384434	102985499	129052184	0.7980143830808784	1734848.4304946272	2.315106798460856	1.6607673282416606	6	1.5386676224017026	NA	10	R108	108	2
20190409	3	2	5	R108I	TRUE	3259982	83459622	129052184	0.6467122013215987	5040854.32954259	6.726879376458031	3.4672794694720497	5	2.484641890062491	1.0779223479018354	11	R108	108	3
20190409	3	2	6	R108G	TRUE	1071034	91551614	129052184	0.709415456308744	1509741.5632482024	2.014707968464026	1.3406978739770141	5	1.7808342216299242	1.7724724117296946	16	R108	108	3
20190409	3	2	7	R108G	TRUE	1278298	105913734	129052184	0.8207047003559428	1557561.4462127453	2.078522267285077	1.3406978739770141	5	1.7808342216299242	1.7724724117296946	16	R108	108	3
20190409	3	2	14	WT	TRUE	749360	129052184	129052184	1	749360	1	1	16	1	0	51	WT	0	3
20190409	3	2	15	MAT-a	TRUE	766878	132707972	129052184	1.0283279824229863	745752.3407979741	0.9951856795104811	0.8158098484284588	18	1.0214609741798866	0.17878351166633716	55	MAT-a	1	3
20190409	3	4	14	WT	TRUE	1076660	122959518	122959518	1	1076660	1	1	16	1	0	51	WT	0	3
20190409	3	4	15	MAT-a	TRUE	902600	108930668	122959518	0.8859067583527775	1018843.1135554956	0.9462997729603548	0.8158098484284588	18	1.0214609741798866	0.17878351166633716	55	MAT-a	1	3
20190410	3	1	1	R108L	TRUE	1399084	88921749	98152224	0.9059575562954131	1544315.172689822	1.0441137072060391	1.457717171466733	6	1.3611885287585603	0.25220531708783595	16	R108	108	3
20190410	3	1	2	R108L	TRUE	1442195	96683076	98152224	0.9850319438508087	1464109.8788755955	0.9898867928152022	1.457717171466733	6	1.3611885287585603	0.25220531708783595	16	R108	108	3
20190410	3	1	3	T34E	TRUE	1403460	99909585	98152224	1.0179044440195262	1378773.8213009294	0.9321909616737901	1.055807784454526	4	1.25180894715862	0.359984911799441	10	T34	34	3
20190410	3	1	4	T34E	TRUE	1457410	111910341	98152224	1.1401712201651182	1278237.8420224811	0.8642184416284316	1.055807784454526	4	1.25180894715862	0.359984911799441	10	T34	34	3
20190410	3	1	7	T34G	TRUE	1575670	85790391	98152224	0.8740544788878141	1802713.718720317	1.2188173354574077	1.217511155139312	2	1.133619724081384	NA	3	T34	34	2
20190410	3	1	8	T34G	TRUE	1710828	93349410	98152224	0.9510677007176118	1798849.859698867	1.2162049748212165	1.217511155139312	2	1.133619724081384	NA	3	T34	34	2
20190410	3	1	11	T34Q	TRUE	992035	85990353	98152224	0.8760917429644793	1132341.4562077678	0.7655776855477692	0.7283594362911305	2	1.0561187398831287	0.27653123174304606	8	T34	34	3
20190410	3	1	12	T34Q	TRUE	1170433	112380714	98152224	1.1449635007761005	1022244.8132247318	0.6911411870344919	0.7283594362911305	2	1.0561187398831287	0.27653123174304606	8	T34	34	3
20190410	3	1	13	WT	TRUE	1479068	98152224	98152224	1	1479068	1	1	16	1	0	51	WT	0	3
20190410	3	1	14	MAT-a	TRUE	881348	85220175	98152224	0.868244972217848	1015091.3949420076	0.6863047506551474	0.8158098484284588	18	1.0214609741798866	0.17878351166633716	55	MAT-a	1	3
20190410	3	1	15	MAT-a	TRUE	1062602	92585166	98152224	0.9432813870829865	1126495.2479196074	0.7616250557240151	0.8158098484284588	18	1.0214609741798866	0.17878351166633716	55	MAT-a	1	3
20190410	3	2	8	R108A	TRUE	923746	116242396	108858344	1.0678317502239425	865066.99187983	0.683313197729072	1.6607673282416606	6	1.5386676224017026	NA	10	R108	108	2
20190410	3	2	9	R108A	TRUE	1038088	124054100	108858344	1.1395920187799293	910929.5106431146	0.7195398306329001	1.6607673282416606	6	1.5386676224017026	NA	10	R108	108	2
20190410	3	2	10	R108I	TRUE	2610558	102106964	108858344	0.9379801331535964	2783169.8217562516	2.1984154852500706	3.4672794694720497	5	2.484641890062491	1.0779223479018354	11	R108	108	3
20190410	3	2	11	R108I	TRUE	3005895	96966436	108858344	0.8907579560460703	3374536.235794827	2.6655336150589197	3.4672794694720497	5	2.484641890062491	1.0779223479018354	11	R108	108	3
20190410	3	2	12	R108G	TRUE	885870	90745932	108858344	0.8336148490372038	1062685.0049793967	0.839410930884389	1.3406978739770141	5	1.7808342216299242	1.7724724117296946	16	R108	108	3
20190410	3	2	13	R108G	TRUE	897685	95840356	108858344	0.8804135032588775	1019617.4827818878	0.8053920553669011	1.3406978739770141	5	1.7808342216299242	1.7724724117296946	16	R108	108	3
20190410	3	2	14	WT	TRUE	1265989	108858344	108858344	1	1265989	1	1	16	1	0	51	WT	0	3
20190410	3	2	15	MAT-a	TRUE	749734	91752196	108858344	0.8428586420531989	889513.3330704805	0.7026232716638774	0.8158098484284588	18	1.0214609741798866	0.17878351166633716	55	MAT-a	1	3
20190410	3	3	3	R108Q	TRUE	714408	85960772	125232132	0.6864114714584593	1040786.8016571093	0.38793422838281383	0.4029201902099088	4	1.137397468263413	0.578330486705135	14	R108	108	3
20190410	3	3	4	R108Q	TRUE	859163	104658664	125232132	0.8357173381029719	1028054.5357001309	0.38318850931554566	0.4029201902099088	4	1.137397468263413	0.578330486705135	14	R108	108	3
20190410	3	3	8	R108Y	TRUE	929798	105667208	125232132	0.8437707344948818	1101955.7351163854	0.4107338286128922	0.4470910833808694	3	1.6829400672758417	0.972893408248163	10	R108	108	3
20190410	3	3	9	R108Y	TRUE	799799	106665208	125232132	0.8517399352428177	939017.8467703172	0.3500017133619904	0.4470910833808694	3	1.6829400672758417	0.972893408248163	10	R108	108	3
20190410	3	3	10	G80A	TRUE	613003	91482304	125232132	0.73050184915801	839153.2488337418	0.3127790125344979	0.43956811377110017	5	0.7238332965992934	0.3415528242398648	13	G80	80	3
20190410	3	3	11	G80A	TRUE	835346	87137308	125232132	0.69580631271214	1200543.8650649157	0.4474807493639951	0.43956811377110017	5	0.7238332965992934	0.3415528242398648	13	G80	80	3
20190410	3	3	12	H141R	TRUE	1570540	78709456	125232132	0.6285084725699631	2498836.6403050735	0.931395615670786	0.8588668721486015	2	1.2826724451665648	0.3588538616548373	6	H141	141	3
20190410	3	3	13	H141R	TRUE	1818846	107968904	125232132	0.8621501708523177	2109662.633601171	0.7863381286264169	0.8588668721486015	2	1.2826724451665648	0.3588538616548373	6	H141	141	3
20190410	3	3	14	WT	TRUE	2682895	125232132	125232132	1	2682895	1	1	16	1	0	51	WT	0	3
20190410	3	3	15	MAT-a	TRUE	1611648	127941184	125232132	1.021632243712021	1577522.6456676843	0.5879926891166759	0.8158098484284588	18	1.0214609741798866	0.17878351166633716	55	MAT-a	1	3
20190410	3	4	3	H141E	TRUE	2272552	137324473	107139767	1.2817320481945793	1773032.049250129	1.660552841947943	1.527812862595109	2	1.7734433328876487	NA	3	H141	141	2
20190410	3	4	4	H141E	TRUE	2390868	171967158	107139767	1.6050731004483143	1489569.540061574	1.3950728832422752	1.527812862595109	2	1.7734433328876487	NA	3	H141	141	2
20190410	3	4	5	H141I	TRUE	820352	101233918	107139767	0.9448771528502578	868210.2192072029	0.8131319157612021	0.9409029866794647	2	1.2185346996160433	0.3753383496161351	6	H141	141	3
20190410	3	4	6	H141I	TRUE	703494	66054429	107139767	0.616525785425686	1141061.763563167	1.0686740575977274	0.9409029866794647	2	1.2185346996160433	0.3753383496161351	6	H141	141	3
20190410	3	4	14	WT	TRUE	1067736	107139767	107139767	1	1067736	1	1	16	1	0	51	WT	0	3
20190410	3	4	15	MAT-a	TRUE	861135	118367024	107139767	1.1047907543050752	779455.2920038354	0.7300075037311052	0.8158098484284588	18	1.0214609741798866	0.17878351166633716	55	MAT-a	1	3
20190411	3	1	11	WT	TRUE	543473	100470612	100470612	1	543473	1	1	16	1	0	51	WT	0	3
20190411	3	1	12	MAT-a	TRUE	772344	134075872	100470612	1.334478504022649	578760.9149730385	1.064930392076586	0.8158098484284588	18	1.0214609741798866	0.17878351166633716	55	MAT-a	1	3
20190411	3	1	14	R78K	TRUE	3189606	161848432	100470612	1.610903216156382	1980010.9454188102	3.6432554062829436	3.7087744559231455	2	3.0967484898529034	0.8617453085864892	5	R78	78	3
20190411	3	2	1	K101R	TRUE	1825444	95740923	93265608	1.0265404906811952	1778248.4145254374	0.9427217072041006	0.9555598199883351	2	1.1135627903925518	NA	5	K101	101	2
20190411	3	2	2	K101R	TRUE	1633496	83402069	93265608	0.8942424843249829	1826681.2734054355	0.9683979327725694	0.9555598199883351	2	1.1135627903925518	NA	5	K101	101	2
20190411	3	2	6	R112A	TRUE	1542222	71800416	93265608	0.7698487957104188	2003279.0966138137	1.062019611287019	1.062019611287019	1	1.2242785709329569	0.38621507904895824	7	R112	112	3
20190411	3	2	14	WT	TRUE	1886292	93265608	93265608	1	1886292	1	1	16	1	0	51	WT	0	3
20190411	3	2	15	MAT-a	TRUE	1516212	111123051	93265608	1.1914686815744555	1272557.1586123568	0.6746342340487882	0.8158098484284588	18	1.0214609741798866	0.17878351166633716	55	MAT-a	1	3
20190411	1	3.1	1	D79A	TRUE	1345323	125396420	111212708	1.1275367919284907	1193152.1965673661	1.1266749920135883	1.460750451810376	4	2.513179799055453	1.1305294123606926	9	D79	79	3
20190411	1	3.1	2	D79A	TRUE	1800915	165248568	111212708	1.4858784663349804	1212020.391171075	1.1444919336121568	1.460750451810376	4	2.513179799055453	1.1305294123606926	9	D79	79	3
20190411	1	3.1	7	Q147E	TRUE	1381352	102105808	111212708	0.9181127753853453	1504555.9075465717	1.420728654731452	1.6271276923460638	5	1.2216633768099086	0.5073317873229884	9	Q147	147	3
20190411	1	3.1	8	Q147E	TRUE	1406209	90997056	111212708	0.8182253416578976	1718608.4668933905	1.6228551447856054	1.6271276923460638	5	1.2216633768099086	0.5073317873229884	9	Q147	147	3
20190411	1	3.1	9	MAT-a	TRUE	1030370	77125804	111212708	0.6934981207363461	1485757.4508002535	1.4029775655028867	1.0108711376118122	21	1.0214609741798866	0.17878351166633716	55	MAT-a	1	3
20190411	1	3.1	10	WT	TRUE	1059003	111212708	111212708	1	1059003	1	1	22	1	0	51	WT	0	3
20190411	3	3.2	11	WT	TRUE	1804392	102015028	102015028	1	1804392	1	1	16	1	0	51	WT	0	3
20190411	3	3.2	13	MAT-a	TRUE	2136132	112002052	102015028	1.0978975764237402	1945656.9044975713	1.0782894761767794	0.8158098484284588	18	1.0214609741798866	0.17878351166633716	55	MAT-a	1	3
20190411	1	4	1	G80A	TRUE	950045	148563136	101622872	1.4619064889250521	649867.1475892917	0.9035093185998189	1.206323901740116	4	0.7238332965992934	0.3415528242398648	13	G80	80	3
20190411	1	4	2	G80A	TRUE	1066274	170072556	101622872	1.6735657303603857	637127.0519326351	0.8857967827556205	1.206323901740116	4	0.7238332965992934	0.3415528242398648	13	G80	80	3
20190411	1	4	6	R108I	TRUE	3205072	142196092	101622872	1.3992528374911506	2290559.5858906163	3.1845615497526887	3.1845615497526887	1	2.484641890062491	1.0779223479018354	11	R108	108	3
20190411	1	4	7	R108G	TRUE	870111	127997828	101622872	1.2595375970086733	690817.8065239671	0.9604429581714337	1.019878177056884	9	1.7808342216299242	1.7724724117296946	16	R108	108	3
20190411	1	4	8	R108G	TRUE	927342	121163624	101622872	1.1922869489459027	777784.2413018614	1.081352261740183	1.019878177056884	9	1.7808342216299242	1.7724724117296946	16	R108	108	3
20190411	1	4	14	WT	TRUE	719270	101622872	101622872	1	719270	1	1	22	1	0	51	WT	0	3
20190411	1	4	15	MAT-a	TRUE	1073633	82472916	101622872	0.8115586026736186	1322927.261768894	1.8392637837931431	1.0108711376118122	21	1.0214609741798866	0.17878351166633716	55	MAT-a	1	3
20190415	3	3	3	R78K	TRUE	3268360	105928317	80698536	1.3126423631774435	2489908.9742071517	3.7742935055633478	3.7087744559231455	2	3.0967484898529034	0.8617453085864892	5	R78	78	3
20190415	3	3	6	D79A	TRUE	2854764	168998830	80698536	2.0941994536307327	1363176.747587566	2.0663523039001945	3.6905334581902354	4	2.513179799055453	1.1305294123606926	9	D79	79	3
20190415	3	3	7	D79A	TRUE	2852892	165288448	80698536	2.0482211474071845	1392863.2675292105	2.1113521977032215	3.6905334581902354	4	2.513179799055453	1.1305294123606926	9	D79	79	3
20190415	3	3	8	G80A	TRUE	578952	123400842	80698536	1.5291583728359086	378608.26601387374	0.5739080160646379	0.43956811377110017	5	0.7238332965992934	0.3415528242398648	13	G80	80	3
20190415	3	3	9	G80A	TRUE	510034	109405779	80698536	1.355734371686743	376204.9636356412	0.5702650039497246	0.43956811377110017	5	0.7238332965992934	0.3415528242398648	13	G80	80	3
20190415	3	3	14	WT	TRUE	659702	80698536	80698536	1	659702	1	1	16	1	0	51	WT	0	3
20190415	3	3	15	MAT-a	TRUE	729929	94384824	80698536	1.1695977235572155	624085.517010065	0.9460112550970969	0.8158098484284588	18	1.0214609741798866	0.17878351166633716	55	MAT-a	1	3
20190415	3	4	3	R108A	TRUE	2275994	82431162	82095816	1.0040848123124813	2266734.8137237714	1.887240870516776	1.6607673282416606	6	1.5386676224017026	NA	10	R108	108	2
20190415	3	4	4	R108A	TRUE	2683926	124714524	82095816	1.5191337400191016	1766747.6728982744	1.470960959348617	1.6607673282416606	6	1.5386676224017026	NA	10	R108	108	2
20190415	3	4	8	R108Y	TRUE	702036	82656420	82095816	1.006828654946313	697274.5526769245	0.5805377081677255	0.4470910833808694	3	1.6829400672758417	0.972893408248163	10	R108	108	3
20190415	3	4	10	R108Q	TRUE	786403	112854390	82095816	1.3746667674269784	572068.095798914	0.47629316167638064	0.4029201902099088	4	1.137397468263413	0.578330486705135	14	R108	108	3
20190415	3	4	11	R108Q	TRUE	509235	95553942	82095816	1.163931935337606	437512.6968677022	0.3642648614648952	0.4029201902099088	4	1.137397468263413	0.578330486705135	14	R108	108	3
20190415	3	4	14	WT	TRUE	1201084	82095816	82095816	1	1201084	1	1	16	1	0	51	WT	0	3
20190415	3	4	15	MAT-a	TRUE	1296335	93924996	82095816	1.1440899253623351	1133070.8987665009	0.9433735681821596	0.8158098484284588	18	1.0214609741798866	0.17878351166633716	55	MAT-a	1	3
20190418	1	1	7	G80A	TRUE	561986	95682800	92272940	1.0369540625886635	541958.4341056073	0.5466277281595462	1.206323901740116	4	0.7238332965992934	0.3415528242398648	13	G80	80	3
20190418	3	1	12	G80A	TRUE	502792	159483868	92272940	1.728392614346091	290901.4976265813	0.29340778694264535	0.43956811377110017	5	0.7238332965992934	0.3415528242398648	13	G80	80	3
20190418	1	1	14	WT	TRUE	991458	92272940	92272940	1	991458	1	1	22	1	0	51	WT	0	3
20190418	1	1	15	MAT-a	TRUE	1441584	141439116	92272940	1.5328341765202236	940469.6359736864	0.9485723409097373	1.0108711376118122	21	1.0214609741798866	0.17878351166633716	55	MAT-a	1	3
20190418	1	2	8	R108L	TRUE	720005	144156111	107576451	1.3400340842253664	537303.497333214	0.35556028162283065	1.0631793951324724	6	1.3611885287585603	0.25220531708783595	16	R108	108	3
20190418	1	2	9	R108L	TRUE	607053	122089497	107576451	1.1349091354575362	534891.2798690865	0.3539639980975276	1.0631793951324724	6	1.3611885287585603	0.25220531708783595	16	R108	108	3
20190418	2	2	10	R108L	TRUE	557175	86123730	107576451	0.8005816254339901	695962.7629449514	0.4605529597702349	1.6634092651354329	4	1.3611885287585603	0.25220531708783595	16	R108	108	3
20190418	2	2	11	R108L	TRUE	609569	107674914	107576451	1.0009152839593118	609011.5814684468	0.4030130652289367	1.6634092651354329	4	1.3611885287585603	0.25220531708783595	16	R108	108	3
20190418	3	2	12	R108L	TRUE	632060	70651446	107576451	0.6567556871717213	962397.4521209374	0.6368659627335396	1.457717171466733	6	1.3611885287585603	0.25220531708783595	16	R108	108	3
20190418	3	2	13	R108L	TRUE	577490	72874074	107576451	0.6774166030072882	852488.7010981437	0.5641339096937977	1.457717171466733	6	1.3611885287585603	0.25220531708783595	16	R108	108	3
20190418	1	2	14	WT	TRUE	1511146	107576451	107576451	1	1511146	1	1	22	1	0	51	WT	0	3
20190418	1	2	15	MAT-a	TRUE	1167113	123153339	107576451	1.1447983072057286	1019492.2482447918	0.6746484113677909	1.0108711376118122	21	1.0214609741798866	0.17878351166633716	55	MAT-a	1	3
20190418	2	3	3	R108I	TRUE	1472256	81566408	122673768	0.6649050512575762	2214234.9455992715	2.2625263070979704	1.3620203787148928	5	2.484641890062491	1.0779223479018354	11	R108	108	3
20190418	2	3	4	R108I	TRUE	1877724	95943172	122673768	0.7821001471153963	2400874.1168577583	2.453235985737336	1.3620203787148928	5	2.484641890062491	1.0779223479018354	11	R108	108	3
20190418	3	3	6	R108I	TRUE	2490211	111567260	122673768	0.90946305651914106	2738111.220846044	2.7978280630232115	3.4672794694720497	5	2.484641890062491	1.0779223479018354	11	R108	108	3
20190418	3	3	7	R108I	TRUE	2827797	120248752	122673768	0.9802319922218415	2884824.2277732412	2.9477408075700158	3.4672794694720497	5	2.484641890062491	1.0779223479018354	11	R108	108	3
20190418	1	3	8	R108G	TRUE	858415	118131844	122673768	0.9629755890436169	891419.273517139	0.9108606839554849	1.019878177056884	9	1.7808342216299242	1.7724724117296946	16	R108	108	3
20190418	3	3	12	R108G	TRUE	565556	73428508	122673768	0.5985673155486673	944849.4518642268	0.9654561478846774	1.3406978739770141	5	1.7808342216299242	1.7724724117296946	16	R108	108	3
20190418	1	3	14	WT	TRUE	978656	122673768	122673768	1	978656	1	1	22	1	0	51	WT	0	3
20190418	1	3	15	MAT-a	TRUE	1178219	144736164	122673768	1.1798460776064204	998620.9407843087	1.020400366200492	1.0108711376118122	21	1.0214609741798866	0.17878351166633716	55	MAT-a	1	3
20190418	1	4	7	R108Q	TRUE	924188	124785168	96451064	1.2937666296765788	714339.0305491434	0.28823623449564784	1.7286332193025782	6	1.137397468263413	0.578330486705135	14	R108	108	3
20190418	1	4	8	R108Q	TRUE	846413	137784048	96451064	1.4285383933141473	592502.8014377397	0.2390752417423559	1.7286332193025782	6	1.137397468263413	0.578330486705135	14	R108	108	3
20190418	2	4	9	R108Q	TRUE	989196	44296084	96451064	0.45925967182694843	2153892.581216525	0.8690969701609381	0.9850211197581695	4	1.137397468263413	0.578330486705135	14	R108	108	3
20190418	2	4	10	R108Q	TRUE	787882	41115520	96451064	0.4262837370047053	1848257.2324622916	0.745772920534304	0.9850211197581695	4	1.137397468263413	0.578330486705135	14	R108	108	3
20190418	1	4	13	WT	TRUE	2478311	96451064	96451064	1	2478311	1	1	22	1	0	51	WT	0	3
20190418	1	4	14	MAT-a	TRUE	2343348	123320176	96451064	1.278577662969068	1832777.208510244	0.7395267214285229	1.0108711376118122	21	1.0214609741798866	0.17878351166633716	55	MAT-a	1	3
20190423	2	1	4	D79S	TRUE	3450913	124228385	77405234	1.6049093656896638	2150222.9806709797	2.6674196453952455	2.6380156758319924	3	2.417981811173978	0.5893470493813229	6	D79	79	3
20190423	2	1	13	WT	TRUE	806106	77405234	77405234	1	806106	1	1	13	1	0	51	WT	0	3
20190423	2	1	15	MAT-a	TRUE	948940	87475267	77405234	1.1300949881502844	839699.326118776	1.0416735840184492	1.2667176511458402	16	1.0214609741798866	0.17878351166633716	55	MAT-a	1	3
20190423	2	2	1	R108I	TRUE	1653000	169404877	83019834	2.0405350003470257	810081.6696204088	0.7017844055146106	1.3620203787148928	5	2.484641890062491	1.0779223479018354	11	R108	108	3
20190423	2	2	2	R108I	TRUE	1289070	140816446	83019834	1.6961783614262587	759984.9339641763	0.6583849444859396	1.3620203787148928	5	2.484641890062491	1.0779223479018354	11	R108	108	3
20190423	2	2	8	R112S	TRUE	1976760	178922227	83019834	2.155174473126506	917215.7635721804	0.7945960802554068	0.7185575724063196	2	1.1338680753075778	0.3489002175487326	6	R112	112	3
20190423	2	2	9	R112S	TRUE	1567825	175496450	83019834	2.1139099121783356	741670.6790425106	0.6425190645572322	0.7185575724063196	2	1.1338680753075778	0.3489002175487326	6	R112	112	3
20190423	2	2	10	R112A	TRUE	2224843	147093073	83019834	1.7717823068641645	1255709.006338198	1.0878372287146407	0.9829537374510764	4	1.2242785709329569	0.38621507904895824	7	R112	112	3
20190423	2	2	11	R112A	TRUE	2044641	139489779	83019834	1.6801982403385678	1216904.6192953966	1.0542204778196949	0.9829537374510764	4	1.2242785709329569	0.38621507904895824	7	R112	112	3
20190423	2	2	14	WT	TRUE	1154317	83019834	83019834	1	1154317	1	1	13	1	0	51	WT	0	3
20190423	2	2	15	MAT-a	TRUE	1394408	94673010	83019834	1.1403661684026012	1222772.1574319017	1.0593036032839347	1.2667176511458402	16	1.0214609741798866	0.17878351166633716	55	MAT-a	1	3
20190423	2	3	14	WT	TRUE	2389129	93635622	93635622	1	2389129	1	1	13	1	0	51	WT	0	3
20190423	2	3	15	MAT-a	TRUE	3007759	95613369	93635622	1.0211217371952739	2945543.993864477	1.232894495803482	1.2667176511458402	16	1.0214609741798866	0.17878351166633716	55	MAT-a	1	3
20190423	2	4	3	H141I	TRUE	1966322	123137055	102656682	1.199503554965862	1639279.8436149377	1.6378745472533944	1.701282336884873	2	1.2185346996160433	0.3753383496161351	6	H141	141	3
20190423	2	4	4	H141I	TRUE	1999302	116204970	102656682	1.1319766793164034	1766204.2306449027	1.7646901265163517	1.701282336884873	2	1.2185346996160433	0.3753383496161351	6	H141	141	3
20190423	2	4	14	WT	TRUE	1000858	102656682	102656682	1	1000858	1	1	13	1	0	51	WT	0	3
20190423	2	4	15	MAT-a	TRUE	597567	94806966	102656682	0.9235342907342359	647043.6517575512	0.6464889642262451	1.2667176511458402	16	1.0214609741798866	0.17878351166633716	55	MAT-a	1	3
