residue number	Crm1	Cse1	Kap104	Kap95	Los1	Msn5	Mtr10	Ntf2	Nup1	Nup60	Pse1	Rna1	Srm1	Srp1	Yrb1	Yrb2
34	0	0	0	0.1	0	0	0	0	0	0	0	0	0	0	0.4	0.44
78	0.38	0.34	0.44	0.21	0.33	0.18	0.25	0.66	0	0	0	0	0.46	0	0	0
79	0.37	0.29	0.12	0.37	0.16	0.28	0.36	0.1	0	0	0.26	0	0	0	0	0
80	0.34	0.27	0.42	0.29	0.37	0.32	0.51	0.27	0.13	0.13	0.51	0	0	0	0	0
101	0.23	0	0	0	0.13	0	0	0	0	0	0	0.07	0.67	0.47	0	0
108	0.29	0.1	0.11	0.15	0.43	0.42	0.18	0	0	0	0.12	0	0.47	0	0	0
112	0.55	0.45	0.44	0.69	0.4	0.58	0.57	0	0	0	0.46	0	0.24	0	0	0
141	0.14	0	0.19	0.2	0	0	0.14	0	0	0	0	0	0	0	0.06	0
147	0.24	0	0.23	0.25	0.07	0.14	0.09	0	0	0	0.09	0	0	0	0.1	0
148	0.14	0	0.13	0	0	0	0	0	0	0	0	0	0	0	0	0
157	0.52	0.13	0.39	0.29	0	0	0	0	0	0	0	0	0	0	0	0
