sample	mutant	tag	GAP	GEF	difference	Rna1	Srm1	Yrb1	Kap95	Vps71
A180T-C-3xFL	A180T	C	-0.8482984214924693	-0.4924036294402399	-4.053817805963419	-3.43714235796212	0.616675448001299	-0.914289953393628	0.931894542847576	-4
N-3xFL-A180T	A180T	N	-0.8482984214924693	-0.4924036294402399	-5.46845862094448	-3.11701734962128	2.3514412713232	-1.75329214833311	0.873509030219422	2.0140652240848
N-3xFL-D79A	D79A	N	-1.9140768924493985	-0.9906104021937642	-1.691333613410714	0.234058014045156	1.92539162745587	1.31599747534859	-0.928340435084012	0.950497090724765
N-3xFL-D79S	D79S	N	-2.1668552124437976	-0.22333778417236408	0.6136600195626101	2.07429042177999	1.46063040221738	0.862278522006073	-1.12633737824126	2.66231246937618
F58A-C-3xFL	F58A	C	0.32158093411722305	-0.9835026027890258	-0.8395958344543302	-1.84529043215613	-1.0056945977018	-1.06434944132712	2.62374597156744	0.302345303726329
G80A-C-3xFL	G80A	C	0.10532561507242257	-0.9951802320233498	3.132970544347454	-0.867029455652546	-4	-0.542909201717999	-2.98077762858483	-1.31208386362909
N-3xFL-G80A	G80A	N	0.10532561507242257	-0.9951802320233498	1.09796609129091	3.02592809208006	1.92796200078915	0.7006753877642	0.884891052477877	0.738335480441149
N-3xFL-H141E	H141E	N	0.8531624337613632	NA	1.70936733362258	4	2.29063266637742	2.38087867700907	-0.50987183440584	1.46662983530032
N-3xFL-H141R	H141R	N	0.7744542406549393	-1.0009296598917676	1.8184428943942001	4	2.1815571056058	1.32855099941331	2.87372607315016	8.00555087909771e-4
H141V-C-3xFL	H141V	C	NA	-1.2221564768726247	3.9012304434888505	4	0.0987695565111497	1.34676072579989	2.28498618867177	-4
N-3xFL-H141V	H141V	N	NA	-1.2221564768726247	1.90753658323205	4	2.09246341676795	1.70093293228322	2.61530943306383	0.542147185012007
K101R-C-3xFL	K101R	C	0.544110887378659	-5.502905947592177	3.5878823031384792	3.9811302942346	0.393247991096121	1.33701160156428	1.91869280496696	-4
K132H-C-3xFL	K132H	C	-3.06927453467168	-1.050877663880886	-4.626452161597156	-3.86629694940906	0.760155212188096	2.81954561764726	1.45032165792293	0.0625309231406063
N-3xFL-K132H	K132H	N	-3.06927453467168	-1.050877663880886	-4.41999266849805	-2.71760981046985	1.7023828580282	1.34865115693883	2.67289439586686	1.61829490591121
K143W-C-3xFL	K143W	C	1.0182694464810933	-0.5695985759552781	4.43025530474317	1.483159448746	-2.94709585599717	0.0359926808892195	0.149320325537721	0.00239340519828019
N-3xFL-K143W	K143W	N	1.0182694464810933	-0.5695985759552781	1.68156165843439	3.95077392324691	2.26921226481252	1.27012426854487	2.14739549556762	1.6172828729569
N105L-C-3xFL	N105L	C	NA	-2.8228273574025264	7.95209327910207	4	-3.95209327910207	0.923660937450455	3.12771429439488	-4
N-3xFL-Q147E	Q147E	N	-0.8022647322644457	-0.8448487247965538	1.091015212359	2.7452573800067	1.6542421676477	-0.190146716103162	1.18079689775468	1.41966618131382
R108A-C-3xFL	R108A	C	0.4809112377911073	-0.01697236801765505	6.45589444024957	3.40927059203893	-3.04662384821064	0.434346176631619	-2.6374995165378	-4
N-3xFL-R108G	R108G	N	1.1541154649204914	-1.6262631942304553	2.62133719504486	4	1.37866280495514	1.02554672723341	-0.259062731135339	1.98165212774114
R108I-C-3xFL	R108I	C	-1.8041589581334203	-4.088627801921067	2.0149032843991703	-1.98509671560083	-4	-2.59434121327487	-3.23872693721481	0.723282010075709
N-3xFL-R108L	R108L	N	-0.29478256335558517	-3.8503214362698865	6.89357178298085	4	-2.89357178298085	1.3527318886	-1.87742426362421	0.900343120492019
N-3xFL-R108Y	R108Y	N	0.4350046425296952	-2.6429458462378412	4.23566893751845	4	-0.23566893751845	0.784896061326206	-1.40739984637444	-0.276027019939669
R112S-C-3xFL	R112S	C	-2.744880555603985	-2.840600950313998	1.31210462131543	-2.68789537868457	-4	1.82827204507818	-2.01986382735087	-4
N-3xFL-R112S	R112S	N	-2.744880555603985	-2.840600950313998	-2.1043592235576822	-1.68787770762165	0.416481515936032	1.3008552871557	-1.64870820328742	0.96769901579862
N-3xFL-R78K	R78K	N	-2.3904054473104757	-2.2475944821176643	-5.85342027302805	-3.55805616632189	2.29536410670616	-0.288228545881545	1.57096124451612	0.293413448689911
N-3xFL-T34A	T34A	N	-1.8581314879635416	-0.4211669611037314	-5.21351347588243	-2.27790823275483	2.9356052431276	-1.51372290447675	1.89007079051571	2.28425569228953
N-3xFL-T34E	T34E	N	-1.3872284464477618	-0.6683228306777738	-6.928299579094309	-4	2.92829957909431	-1.82490524411912	2.13831670875867	2.53403316473367
N-3xFL-T34G	T34G	N	-1.2958610255473484	-0.5762219482221674	-4.564910343174651	-2.43882984805579	2.12608049511886	-1.71042076622435	1.28554673496016	1.95283494631249
T34L-C-3xFL	T34L	C	-1.2401580804532604	-0.991367639605452	-4.89881307766028	-3.70481783980323	1.19399523785705	-1.39272867556948	-0.258330892395412	-4
N-3xFL-T34L	T34L	N	-1.2401580804532604	-0.991367639605452	-6.65919256527973	-4	2.65919256527973	-0.684879785528482	0.657373028366976	1.39946029469254
T34Q-C-3xFL	T34Q	C	-2.3401242879074635	-0.8851377691841902	-2.05967693452806	-2.88401324570866	-0.8243363111806	-0.445294016995504	-0.442638131031195	-4
Y157A-C-3xFL	Y157A	C	0.7988466074621584	-1.2313396108699175	4.329741507757599	4	-0.329741507757599	1.36462513561239	0.296138964706605	-0.874798625406051
